2022 01 01 00  -327  -359 10318   319     9 -9999 -9999 -9999
2022 01 01 03  -268  -321 10299   145    17 -9999 -9999 -9999
2022 01 01 06  -248  -298 10271   143    18 -9999 -9999 -9999
2022 01 01 09  -243  -293 10257   131    16 -9999 -9999 -9999
2022 01 01 12  -244  -278 10238   185    12 -9999 -9999     2
2022 01 01 15  -244  -276 10208   162    18 -9999 -9999     6
2022 01 01 18  -253  -283 10186   147    14 -9999 -9999     6
2022 01 01 21  -313  -343 10174   302    12 -9999 -9999     2
2022 01 02 00  -314  -345 10177   338    14 -9999 -9999 -9999
2022 01 02 03  -220  -287 10163   308    44 -9999 -9999 -9999
2022 01 02 06  -204  -284 10160   307    41 -9999 -9999 -9999
2022 01 02 09  -239  -289 10176   248     6 -9999 -9999 -9999
2022 01 02 12  -248  -277 10175   307    12 -9999 -9999 -9999
2022 01 02 15  -209  -265 10167   272    24 -9999 -9999 -9999
2022 01 02 18  -209  -283 10166   277    29 -9999 -9999 -9999
2022 01 02 21  -229  -296 10167   290    29 -9999 -9999 -9999
2022 01 03 00  -222  -294 10173   288    35 -9999 -9999 -9999
2022 01 03 03  -194  -269 10175   305    54 -9999 -9999 -9999
2022 01 03 06  -184  -265 10182   327    42 -9999 -9999 -9999
2022 01 03 09  -224  -285 10210   314    23 -9999 -9999 -9999
2022 01 03 12  -220  -289 10224   319    30 -9999 -9999 -9999
2022 01 03 15  -218  -292 10239   298    41 -9999 -9999 -9999
2022 01 03 18  -223  -293 10258   292    37 -9999 -9999 -9999
2022 01 03 21  -235  -296 10270   304    35 -9999 -9999 -9999
2022 01 04 00  -234  -300 10287   297    25 -9999 -9999 -9999
2022 01 04 03  -174  -281 10293   351    10 -9999 -9999 -9999
2022 01 04 06  -155  -273 10291   184    14 -9999 -9999 -9999
2022 01 04 09  -202  -282 10305   155    28 -9999 -9999 -9999
2022 01 04 12  -230  -291 10305   120     7 -9999 -9999 -9999
2022 01 04 15  -259  -296 10294   132    12 -9999 -9999 -9999
2022 01 04 18  -238  -292 10289   139    15 -9999 -9999 -9999
2022 01 04 21  -223  -268 10284   141    15 -9999 -9999 -9999
2022 01 05 00  -207  -237 10283   126     7 -9999 -9999     4
2022 01 05 03  -195  -232 10288     9    17 -9999 -9999     8
2022 01 05 06  -194  -234 10302   320    31 -9999 -9999     9
2022 01 05 09  -214  -253 10322   342    33 -9999 -9999     7
2022 01 05 12  -245  -273 10332   329    27 -9999 -9999     2
2022 01 05 15  -263  -289 10336   331    14 -9999 -9999 -9999
2022 01 05 18  -292  -324 10340   305     9 -9999 -9999 -9999
2022 01 05 21  -298  -328 10341   323    13 -9999 -9999 -9999
2022 01 06 00  -299  -331 10341   312    12 -9999 -9999 -9999
2022 01 06 03  -232  -270 10327   259     7 -9999 -9999 -9999
2022 01 06 06  -205  -253 10313   109    15 -9999 -9999 -9999
2022 01 06 09  -235  -269 10319   213    10 -9999 -9999 -9999
2022 01 06 12  -273  -300 10320   328    12 -9999 -9999 -9999
2022 01 06 15  -284  -311 10310   273     9 -9999 -9999 -9999
2022 01 06 21  -282  -313 10288   162     5 -9999 -9999 -9999
2022 01 07 00  -284  -313 10280   317    16 -9999 -9999 -9999
2022 01 07 03  -229  -266 10257   251     8 -9999 -9999 -9999
2022 01 07 06  -193  -244 10245   205    13 -9999 -9999 -9999
2022 01 07 09  -215  -243 10249   319    15 -9999 -9999 -9999
2022 01 07 12  -228  -260 10259   295    24 -9999 -9999 -9999
2022 01 07 15  -233  -265 10264   310    29 -9999 -9999 -9999
2022 01 07 18  -260  -294 10271   323    23 -9999 -9999 -9999
2022 01 07 21  -268  -296 10270   326    21 -9999 -9999 -9999
2022 01 08 00  -269  -297 10274   357    10 -9999 -9999 -9999
2022 01 08 03  -190  -247 10263   314    16 -9999 -9999 -9999
2022 01 08 06  -152  -235 10253   171    16 -9999 -9999 -9999
2022 01 08 09  -225  -267 10261     4     8 -9999 -9999 -9999
2022 01 08 12  -249  -276 10263   325    12 -9999 -9999 -9999
2022 01 08 15  -238  -267 10256   325    23 -9999 -9999 -9999
2022 01 08 18  -253  -280 10256   319    27 -9999 -9999 -9999
2022 01 08 21  -275  -305 10268   309    27 -9999 -9999 -9999
2022 01 09 00  -292  -321 10276   330    22 -9999 -9999 -9999
2022 01 09 03  -227  -264 10274   317    15 -9999 -9999 -9999
2022 01 09 06  -183  -238 10274   286    16 -9999 -9999 -9999
2022 01 09 09  -240  -270 10291   149    12 -9999 -9999 -9999
2022 01 09 12  -277  -300 10299   312    12 -9999 -9999 -9999
2022 01 09 15  -280  -309 10291   322    17 -9999 -9999 -9999
2022 01 09 18  -285  -318 10288   329    19 -9999 -9999 -9999
2022 01 09 21  -308  -341 10292   320    11 -9999 -9999 -9999
2022 01 10 00  -307  -340 10294   319    20 -9999 -9999 -9999
2022 01 10 03  -224  -261 10285   325    14 -9999 -9999 -9999
2022 01 10 06  -208  -277 10270   304    22 -9999 -9999 -9999
2022 01 10 09  -264  -305 10273   319    15 -9999 -9999 -9999
2022 01 10 12  -289  -320 10275   312    24 -9999 -9999 -9999
2022 01 10 15  -283  -316 10261   340    17 -9999 -9999 -9999
2022 01 10 18  -294  -329 10253   345    20 -9999 -9999 -9999
2022 01 10 21  -293  -330 10251   339    14 -9999 -9999 -9999
2022 01 11 00  -285  -324 10253   337    22 -9999 -9999 -9999
2022 01 11 03  -209  -284 10245   317    35 -9999 -9999 -9999
2022 01 11 06  -179  -277 10235   317    14 -9999 -9999 -9999
2022 01 11 09  -245  -303 10244   300     8 -9999 -9999 -9999
2022 01 11 12  -279  -316 10251   290    16 -9999 -9999 -9999
2022 01 11 15  -298  -329 10244   331    13 -9999 -9999 -9999
2022 01 11 18  -304  -341 10240   328    18 -9999 -9999 -9999
2022 01 11 21  -318  -350 10234   340    17 -9999 -9999 -9999
2022 01 12 00  -323  -355 10241   325    21 -9999 -9999 -9999
2022 01 12 03  -254  -305 10226   319    19 -9999 -9999 -9999
2022 01 12 06  -213  -288 10218   292    23 -9999 -9999 -9999
2022 01 12 09  -264  -304 10230   331    12 -9999 -9999 -9999
2022 01 12 12  -289  -323 10233   324    19 -9999 -9999 -9999
2022 01 12 15  -300  -331 10221   328    23 -9999 -9999 -9999
2022 01 12 18  -294  -329 10217   319    29 -9999 -9999 -9999
2022 01 12 21  -294  -328 10213   335    28 -9999 -9999 -9999
2022 01 13 00  -262  -300 10218   333    28 -9999 -9999 -9999
2022 01 13 03  -198  -256 10215   318    36 -9999 -9999 -9999
2022 01 13 06  -152  -236 10202   317    23 -9999 -9999 -9999
2022 01 13 09  -215  -258 10213   201     3 -9999 -9999 -9999
2022 01 13 12  -249  -278 10222   318    10 -9999 -9999 -9999
2022 01 13 15  -233  -266 10220   304     8 -9999 -9999 -9999
2022 01 13 18  -264  -299 10223   284     8 -9999 -9999 -9999
2022 01 13 21  -277  -306 10234   333    19 -9999 -9999 -9999
2022 01 14 00  -285  -316 10243   319    17 -9999 -9999 -9999
2022 01 14 03  -219  -267 10241   304     7 -9999 -9999 -9999
2022 01 14 06  -169  -244 10237   173    16 -9999 -9999 -9999
2022 01 14 09  -219  -260 10248   177    16 -9999 -9999 -9999
2022 01 14 12  -240  -277 10253   332    12 -9999 -9999 -9999
2022 01 14 15  -239  -272 10251   310    16 -9999 -9999 -9999
2022 01 14 18  -223  -264 10252   304    22 -9999 -9999 -9999
2022 01 14 21  -215  -250 10252   319    19 -9999 -9999 -9999
2022 01 15 00  -207  -235 10252   319    23 -9999 -9999     3
2022 01 15 03  -180  -213 10246   319    30 -9999 -9999     9
2022 01 15 06  -167  -202 10231   336    37 -9999 -9999     9
2022 01 15 09  -165  -194 10235   333    35 -9999 -9999     5
2022 01 15 12  -170  -202 10234   330    51 -9999 -9999     5
2022 01 15 15  -177  -209 10235   333    48 -9999 -9999     5
2022 01 15 18  -183  -218 10234   335    57 -9999 -9999     5
2022 01 15 21  -188  -223 10232   325    47 -9999 -9999     5
2022 01 16 00  -199  -233 10238   343    32 -9999 -9999     4
2022 01 16 03  -182  -233 10239   338    36 -9999 -9999     2
2022 01 16 06  -174  -219 10238   331    40 -9999 -9999     2
2022 01 16 09  -194  -220 10252   343    21 -9999 -9999     4
2022 01 16 12  -204  -232 10256   325    20 -9999 -9999     4
2022 01 16 15  -215  -240 10260   316    23 -9999 -9999     3
2022 01 16 18  -213  -244 10258   319    30 -9999 -9999     2
2022 01 16 21  -234  -268 10264   319    24 -9999 -9999     1
2022 01 17 00  -243  -273 10275   314    30 -9999 -9999 -9999
2022 01 17 03  -190  -249 10276   327    41 -9999 -9999 -9999
2022 01 17 06  -172  -237 10277   318    22 -9999 -9999 -9999
2022 01 17 09  -219  -261 10293   339    14 -9999 -9999 -9999
2022 01 17 12  -225  -261 10308   333    22 -9999 -9999 -9999
2022 01 17 15  -264  -292 10312   326    11 -9999 -9999 -9999
2022 01 17 18  -268  -296 10316   322    22 -9999 -9999 -9999
2022 01 17 21  -275  -303 10329   297    18 -9999 -9999 -9999
2022 01 18 00  -269  -301 10339   337    16 -9999 -9999 -9999
2022 01 18 03  -203  -259 10343   313    37 -9999 -9999 -9999
2022 01 18 06  -170  -244 10338   312    15 -9999 -9999 -9999
2022 01 18 09  -213  -258 10347   295    12 -9999 -9999 -9999
2022 01 18 12  -205  -246 10352   313     9 -9999 -9999 -9999
2022 01 18 15  -239  -266 10351   310    15 -9999 -9999 -9999
2022 01 18 18  -253  -277 10347   325    18 -9999 -9999 -9999
2022 01 18 21  -235  -265 10347   333    17 -9999 -9999 -9999
2022 01 19 00  -234  -267 10345   336    17 -9999 -9999 -9999
2022 01 19 03  -169  -251 10332   302    38 -9999 -9999 -9999
2022 01 19 06  -140  -244 10315   281    23 -9999 -9999 -9999
2022 01 19 09  -199  -256 10313   270     8 -9999 -9999 -9999
2022 01 19 12  -242  -280 10319   312    14 -9999 -9999 -9999
2022 01 19 15  -259  -289 10318   320    15 -9999 -9999 -9999
2022 01 19 18  -274  -306 10320   319    15 -9999 -9999 -9999
2022 01 19 21  -274  -307 10326   339    24 -9999 -9999 -9999
2022 01 20 00  -274  -309 10345   340    28 -9999 -9999 -9999
2022 01 20 03  -188  -266 10344   326    18 -9999 -9999 -9999
2022 01 20 06  -167  -261 10344   325    20 -9999 -9999 -9999
2022 01 20 09  -223  -283 10356   328    13 -9999 -9999 -9999
2022 01 20 12  -252  -288 10366   332    16 -9999 -9999 -9999
2022 01 20 15  -272  -301 10364   315    10 -9999 -9999 -9999
2022 01 20 18  -280  -313 10366   319    17 -9999 -9999 -9999
2022 01 20 21  -292  -324 10369   326    15 -9999 -9999 -9999
2022 01 21 00  -300  -334 10376   314    22 -9999 -9999 -9999
2022 01 21 03  -227  -287 10367   244     7 -9999 -9999 -9999
2022 01 21 06  -179  -263 10354   176    12 -9999 -9999 -9999
2022 01 21 09  -219  -270 10353   141    11 -9999 -9999 -9999
2022 01 21 12  -259  -289 10352   306     6 -9999 -9999 -9999
2022 01 21 15  -267  -298 10342   327    16 -9999 -9999 -9999
2022 01 21 18  -267  -299 10339   311     6 -9999 -9999 -9999
2022 01 21 21  -280  -312 10345   326    19 -9999 -9999 -9999
2022 01 22 00  -284  -315 10352   310    27 -9999 -9999 -9999
2022 01 22 03  -204  -259 10341   292     8 -9999 -9999 -9999
2022 01 22 06  -184  -254 10330   176    18 -9999 -9999 -9999
2022 01 22 09  -205  -262 10334   152    12 -9999 -9999 -9999
2022 01 22 12  -247  -276 10335   326    11 -9999 -9999 -9999
2022 01 22 15  -254  -285 10326   312    18 -9999 -9999 -9999
2022 01 22 18  -258  -289 10325   325    17 -9999 -9999 -9999
2022 01 22 21  -259  -293 10322   320    29 -9999 -9999 -9999
2022 01 23 00  -244  -278 10326   329    26 -9999 -9999 -9999
2022 01 23 03  -140  -212 10315   324    27 -9999 -9999 -9999
2022 01 23 06  -117  -204 10306   308    25 -9999 -9999 -9999
2022 01 23 09  -160  -212 10311   360     2 -9999 -9999 -9999
2022 01 23 12  -202  -229 10316   333    15 -9999 -9999 -9999
2022 01 23 15  -232  -257 10308   316    19 -9999 -9999 -9999
2022 01 23 18  -223  -245 10305   322    16 -9999 -9999 -9999
2022 01 23 21  -218  -245 10294   326    18 -9999 -9999 -9999
2022 01 24 00  -193  -220 10296   340    18 -9999 -9999 -9999
2022 01 24 03   -97  -185 10283   338    19 -9999 -9999 -9999
2022 01 24 06   -70  -180 10267   329    15 -9999 -9999 -9999
2022 01 24 09  -137  -189 10270   142    13 -9999 -9999 -9999
2022 01 24 12  -193  -226 10268   302     6 -9999 -9999 -9999
2022 01 24 15  -208  -231 10260   315    10 -9999 -9999 -9999
2022 01 24 18  -218  -242 10256   322    14 -9999 -9999 -9999
2022 01 24 21  -224  -250 10249   312    14 -9999 -9999 -9999
2022 01 25 00  -225  -255 10259   316    14 -9999 -9999 -9999
2022 01 25 03  -175  -216 10250   307     9 -9999 -9999 -9999
2022 01 25 06  -135  -201 10237   293    11 -9999 -9999 -9999
2022 01 25 09  -179  -212 10245   154    11 -9999 -9999 -9999
2022 01 25 12  -204  -229 10247   236     7 -9999 -9999 -9999
2022 01 25 15  -210  -235 10245   316    17 -9999 -9999 -9999
2022 01 25 18  -222  -248 10247   324    20 -9999 -9999 -9999
2022 01 25 21  -235  -261 10251   329    23 -9999 -9999 -9999
2022 01 26 00  -239  -265 10259   316    21 -9999 -9999 -9999
2022 01 26 03  -150  -201 10255   326    24 -9999 -9999 -9999
2022 01 26 06  -107  -194 10247   321    16 -9999 -9999 -9999
2022 01 26 09  -175  -217 10262   312    15 -9999 -9999 -9999
2022 01 26 12  -193  -223 10276   311    16 -9999 -9999 -9999
2022 01 26 15  -205  -229 10275   313    27 -9999 -9999 -9999
2022 01 26 18  -179  -229 10277   270    10 -9999 -9999 -9999
2022 01 26 21  -184  -235 10277   305    21 -9999 -9999 -9999
2022 01 27 00  -174  -234 10280   307    30 -9999 -9999 -9999
2022 01 27 03  -135  -224 10270   302    46 -9999 -9999 -9999
2022 01 27 06  -110  -220 10247   309    48 -9999 -9999 -9999
2022 01 27 09  -160  -232 10248   199    18 -9999 -9999 -9999
2022 01 27 12  -197  -243 10238   323    13 -9999 -9999 -9999
2022 01 27 15  -192  -241 10221   340     6 -9999 -9999 -9999
2022 01 27 18  -157  -228 10206   293    37 -9999 -9999 -9999
2022 01 27 21  -147  -181 10197   293    35 -9999 -9999 -9999
2022 01 28 00  -154  -195 10199   313    31 -9999 -9999 -9999
2022 01 28 03  -140  -236 10190   326    64 -9999 -9999 -9999
2022 01 28 06  -129  -237 10180   313    50 -9999 -9999 -9999
2022 01 28 09  -164  -244 10183   312     9 -9999 -9999 -9999
2022 01 28 12  -205  -258 10174   213    11 -9999 -9999 -9999
2022 01 28 15  -203  -247 10159   320    22 -9999 -9999 -9999
2022 01 28 18  -214  -259 10162   329    24 -9999 -9999 -9999
2022 01 28 21  -249  -275 10167   322    27 -9999 -9999 -9999
2022 01 29 00  -227  -267 10174   325    21 -9999 -9999 -9999
2022 01 29 03  -147  -248 10165   334    45 -9999 -9999 -9999
2022 01 29 06  -132  -208 10159   331    31 -9999 -9999 -9999
2022 01 29 09  -165  -204 10173   279    17 -9999 -9999 -9999
2022 01 29 12  -144  -171 10175   281    22 -9999 -9999 -9999
2022 01 29 15  -159  -192 10174   304    22 -9999 -9999 -9999
2022 01 29 18  -194  -231 10181   300    20 -9999 -9999 -9999
2022 01 29 21  -180  -229 10185   315    29 -9999 -9999 -9999
2022 01 30 00  -170  -232 10195   316    36 -9999 -9999 -9999
2022 01 30 03  -130  -223 10195   322    51 -9999 -9999 -9999
2022 01 30 06  -110  -220 10201   327    34 -9999 -9999 -9999
2022 01 30 09  -152  -229 10220   314    14 -9999 -9999 -9999
2022 01 30 12  -199  -249 10229   319    16 -9999 -9999 -9999
2022 01 30 15  -182  -239 10226   280    26 -9999 -9999 -9999
2022 01 30 18  -167  -231 10224   289    39 -9999 -9999 -9999
2022 01 30 21  -187  -242 10230   295    31 -9999 -9999 -9999
2022 01 31 00  -180  -236 10238   322    22 -9999 -9999 -9999
2022 01 31 03  -127  -212 10235   306    33 -9999 -9999 -9999
2022 01 31 06   -99  -204 10231   309    28 -9999 -9999 -9999
2022 01 31 09  -139  -214 10240   224     9 -9999 -9999 -9999
2022 01 31 12  -184  -227 10244   329    14 -9999 -9999 -9999
2022 01 31 15  -192  -231 10235   325    12 -9999 -9999 -9999
2022 01 31 18  -169  -230 10229   293    42 -9999 -9999 -9999
2022 01 31 21  -162  -232 10223   294    49 -9999 -9999 -9999
2022 02 01 00  -165  -230 10229   284    47 -9999 -9999 -9999
2022 02 01 03  -125  -217 10224   316    38 -9999 -9999 -9999
2022 02 01 06  -107  -215 10213   319    38 -9999 -9999 -9999
2022 02 01 09  -142  -227 10221   292    24 -9999 -9999 -9999
2022 02 01 12  -183  -242 10224   322    19 -9999 -9999 -9999
2022 02 01 15  -202  -251 10220   300    21 -9999 -9999 -9999
2022 02 01 18  -185  -246 10215   287    32 -9999 -9999 -9999
2022 02 01 21  -184  -247 10211   293    39 -9999 -9999 -9999
2022 02 02 00  -179  -244 10219   290    46 -9999 -9999 -9999
2022 02 02 03  -144  -235 10214   312    47 -9999 -9999 -9999
2022 02 02 06  -122  -230 10205   322    34 -9999 -9999 -9999
2022 02 02 09  -154  -237 10219   331    21 -9999 -9999 -9999
2022 02 02 12  -202  -260 10227   302    23 -9999 -9999 -9999
2022 02 02 15  -180  -256 10220   294    38 -9999 -9999 -9999
2022 02 02 18  -182  -257 10218   292    48 -9999 -9999 -9999
2022 02 02 21  -184  -258 10220   297    46 -9999 -9999 -9999
2022 02 03 00  -184  -259 10228   303    49 -9999 -9999 -9999
2022 02 03 03  -150  -248 10222   323    43 -9999 -9999 -9999
2022 02 03 06  -130  -241 10220   320    48 -9999 -9999 -9999
2022 02 03 09  -154  -249 10230   315    24 -9999 -9999 -9999
2022 02 03 12  -199  -264 10235   310    29 -9999 -9999 -9999
2022 02 03 15  -195  -268 10225   295    34 -9999 -9999 -9999
2022 02 03 18  -202  -271 10218   284    29 -9999 -9999 -9999
2022 02 03 21  -199  -269 10211   291    41 -9999 -9999 -9999
2022 02 04 00  -194  -268 10208   306    44 -9999 -9999 -9999
2022 02 04 03  -162  -256 10203   322    50 -9999 -9999 -9999
2022 02 04 06  -140  -251 10193   326    42 -9999 -9999 -9999
2022 02 04 09  -173  -259 10202   312    19 -9999 -9999 -9999
2022 02 04 12  -204  -267 10201   304    23 -9999 -9999 -9999
2022 02 04 15  -209  -265 10188   297    24 -9999 -9999 -9999
2022 02 04 18  -204  -256 10183   291    33 -9999 -9999 -9999
2022 02 04 21  -195  -243 10180   282    29 -9999 -9999 -9999
2022 02 05 00  -179  -229 10185   286    39 -9999 -9999 -9999
2022 02 05 03  -145  -218 10184   306    50 -9999 -9999 -9999
2022 02 05 06  -117  -219 10185   324    34 -9999 -9999 -9999
2022 02 05 09  -140  -223 10200   339    21 -9999 -9999 -9999
2022 02 05 12  -184  -226 10206   274    14 -9999 -9999 -9999
2022 02 05 15  -193  -235 10197   304    22 -9999 -9999 -9999
2022 02 05 18  -152  -218 10196   295    37 -9999 -9999 -9999
2022 02 05 21  -179  -238 10202   285    38 -9999 -9999 -9999
2022 02 06 00  -160  -228 10209   299    48 -9999 -9999 -9999
2022 02 06 06   -95  -210 10200   343    34 -9999 -9999 -9999
2022 02 06 12  -197  -241 10219   317    13 -9999 -9999 -9999
2022 02 06 15  -204  -243 10217   323    17 -9999 -9999 -9999
2022 02 07 00  -198  -237 10224   328    17 -9999 -9999 -9999
2022 02 07 03  -110  -209 10220   319    13 -9999 -9999 -9999
2022 02 07 06   -90  -193 10212   167    24 -9999 -9999 -9999
2022 02 07 09  -122  -189 10219   148    21 -9999 -9999 -9999
2022 02 07 12  -177  -220 10229   334    13 -9999 -9999 -9999
2022 02 07 15  -188  -218 10228   315    10 -9999 -9999 -9999
2022 02 07 18  -202  -235 10228   329    16 -9999 -9999 -9999
2022 02 07 21  -205  -236 10231   328    19 -9999 -9999 -9999
2022 02 08 00  -198  -231 10247   326    18 -9999 -9999 -9999
2022 02 08 03  -110  -185 10248   304    21 -9999 -9999 -9999
2022 02 08 06   -67  -181 10241   334    11 -9999 -9999 -9999
2022 02 08 09  -115  -174 10252   138    20 -9999 -9999 -9999
2022 02 08 12  -160  -200 10262   168    15 -9999 -9999 -9999
2022 02 08 15  -200  -221 10257   307     8 -9999 -9999 -9999
2022 02 08 18  -199  -223 10251   248     8 -9999 -9999 -9999
2022 02 08 21  -184  -213 10248   166    12 -9999 -9999 -9999
2022 02 09 00  -169  -201 10248   128    16 -9999 -9999 -9999
2022 02 09 03  -140  -172 10236   101    27 -9999 -9999     8
2022 02 09 06  -120  -150 10225   142    25 -9999 -9999    15
2022 02 09 09  -124  -145 10232   298     9 -9999 -9999     8
2022 02 09 12  -127  -146 10240   316    18 -9999 -9999     2
2022 02 09 15  -154  -172 10242   317    27 -9999 -9999     2
2022 02 09 18  -173  -195 10255   313    31 -9999 -9999     1
2022 02 09 21  -174  -196 10264   319    32 -9999 -9999 -9999
2022 02 10 00  -183  -206 10274   323    23 -9999 -9999 -9999
2022 02 10 03  -135  -176 10277   341    47 -9999 -9999     1
2022 02 10 06  -112  -171 10276   339    37 -9999 -9999     2
2022 02 10 09  -162  -198 10289   311    12 -9999 -9999     1
2022 02 10 12  -197  -218 10296   323    21 -9999 -9999 -9999
2022 02 10 15  -190  -217 10296   333     6 -9999 -9999 -9999
2022 02 10 18  -214  -244 10300   318    13 -9999 -9999 -9999
2022 02 10 21  -229  -256 10305   322    17 -9999 -9999 -9999
2022 02 11 00  -225  -254 10313   322    19 -9999 -9999 -9999
2022 02 11 03  -162  -211 10308   318    34 -9999 -9999 -9999
2022 02 11 06  -130  -208 10298   324    35 -9999 -9999 -9999
2022 02 11 09  -152  -212 10304   323    19 -9999 -9999 -9999
2022 02 11 12  -174  -221 10311   320    22 -9999 -9999 -9999
2022 02 11 15  -175  -224 10307   320    28 -9999 -9999 -9999
2022 02 11 18  -179  -228 10304   323    24 -9999 -9999 -9999
2022 02 11 21  -170  -213 10304   314    47 -9999 -9999 -9999
2022 02 12 00  -180  -221 10314   324    34 -9999 -9999 -9999
2022 02 12 03  -147  -225 10313   315    50 -9999 -9999 -9999
2022 02 12 06  -132  -201 10309   316    46 -9999 -9999 -9999
2022 02 12 09  -145  -193 10319   353    22 -9999 -9999 -9999
2022 02 12 12  -173  -201 10329   329    21 -9999 -9999 -9999
2022 02 12 15  -160  -192 10327   307    35 -9999 -9999 -9999
2022 02 12 18  -165  -199 10323   308    35 -9999 -9999 -9999
2022 02 12 21  -184  -217 10329   326    24 -9999 -9999 -9999
2022 02 13 00  -182  -227 10335   316    37 -9999 -9999 -9999
2022 02 13 03  -155  -203 10331   325    42 -9999 -9999     2
2022 02 13 06  -129  -188 10324   311    37 -9999 -9999     3
2022 02 13 09  -145  -201 10331   333    18 -9999 -9999     1
2022 02 13 12  -165  -200 10341   318    16 -9999 -9999 -9999
2022 02 13 15  -189  -216 10334   300    17 -9999 -9999 -9999
2022 02 13 18  -213  -238 10330   305    21 -9999 -9999 -9999
2022 02 13 21  -209  -231 10323   325    18 -9999 -9999 -9999
2022 02 14 00  -189  -216 10322   316    20 -9999 -9999     2
2022 02 14 03  -155  -202 10312   324    36 -9999 -9999     5
2022 02 14 06  -125  -181 10294   306    33 -9999 -9999     3
2022 02 14 09  -144  -166 10292   330    13 -9999 -9999 -9999
2022 02 14 12  -149  -167 10289   327    12 -9999 -9999     1
2022 02 14 15  -170  -191 10278   310    15 -9999 -9999     3
2022 02 14 18  -203  -227 10271   324    13 -9999 -9999     2
2022 02 14 21  -179  -199 10262   313    18 -9999 -9999     1
2022 02 15 00  -167  -190 10261   321    15 -9999 -9999     2
2022 02 15 03  -125  -167 10254   332    34 -9999 -9999     3
2022 02 15 06  -105  -157 10242   332    35 -9999 -9999     3
2022 02 15 09  -137  -178 10243   289    17 -9999 -9999     1
2022 02 15 12  -147  -181 10245   328    19 -9999 -9999 -9999
2022 02 15 15  -150  -183 10242   324    24 -9999 -9999 -9999
2022 02 15 18  -155  -179 10242   316    26 -9999 -9999     1
2022 02 15 21  -174  -196 10246   318    22 -9999 -9999     1
2022 02 16 00  -174  -198 10257   326    21 -9999 -9999     1
2022 02 16 03  -125  -180 10258   332    35 -9999 -9999     2
2022 02 16 06  -100  -187 10254   331    35 -9999 -9999     2
2022 02 16 09  -137  -199 10264   318    18 -9999 -9999     1
2022 02 16 12  -174  -212 10277   338    11 -9999 -9999 -9999
2022 02 16 15  -213  -234 10283   324    13 -9999 -9999 -9999
2022 02 16 18  -228  -254 10291   330    20 -9999 -9999     0
2022 02 16 21  -222  -254 10295   320    20 -9999 -9999     0
2022 02 17 00  -204  -239 10306   318    16 -9999 -9999 -9999
2022 02 17 03  -109  -205 10303   310    20 -9999 -9999     0
2022 02 17 06   -92  -193 10290   168    29 -9999 -9999 -9999
2022 02 17 09  -125  -206 10294   146    21 -9999 -9999 -9999
2022 02 17 12  -194  -229 10302   320    10 -9999 -9999     0
2022 02 17 15  -223  -248 10301   322    21 -9999 -9999 -9999
2022 02 17 18  -232  -258 10302   310    10 -9999 -9999     0
2022 02 17 21  -238  -263 10299   310    10 -9999 -9999     0
2022 02 18 00  -234  -263 10305   323    13 -9999 -9999 -9999
2022 02 18 03  -147  -209 10294   219    13 -9999 -9999 -9999
2022 02 18 06  -119  -195 10278   180    20 -9999 -9999     0
2022 02 18 09  -155  -206 10280   170    10 -9999 -9999     0
2022 02 18 12  -214  -243 10284   322    14 -9999 -9999 -9999
2022 02 18 15  -222  -248 10276   326    16 -9999 -9999 -9999
2022 02 18 18  -231  -257 10268   320    30 -9999 -9999     0
2022 02 18 21  -244  -273 10267   320    30 -9999 -9999     0
2022 02 19 00  -237  -267 10271   320    20 -9999 -9999     0
2022 02 19 03  -142  -225 10263   304    33 -9999 -9999 -9999
2022 02 19 06  -112  -219 10246   316    36 -9999 -9999 -9999
2022 02 19 09  -150  -229 10250   330    20 -9999 -9999     0
2022 02 19 12  -199  -248 10253   320    23 -9999 -9999 -9999
2022 02 19 15  -224  -258 10245   330    10 -9999 -9999     0
2022 02 19 18  -259  -289 10239   320    20 -9999 -9999     0
2022 02 19 21  -260  -288 10233   330    20 -9999 -9999     0
2022 02 20 00  -230  -266 10234   323    16 -9999 -9999 -9999
2022 02 20 03  -146  -232 10228   310    30 -9999 -9999     0
2022 02 20 06  -119  -222 10218   318    22 -9999 -9999 -9999
2022 02 20 09  -157  -234 10226   322    16 -9999 -9999 -9999
2022 02 20 12  -212  -252 10236   321    14 -9999 -9999 -9999
2022 02 20 15  -240  -269 10231   310    20 -9999 -9999     0
2022 02 20 18  -201  -231 10228   300    30 -9999 -9999     0
2022 02 20 21  -212  -242 10238   315    20 -9999 -9999 -9999
2022 02 21 00  -204  -238 10255   301    32 -9999 -9999 -9999
2022 02 21 03  -139  -208 10255   324    41 -9999 -9999 -9999
2022 02 21 06  -117  -208 10253   337    41 -9999 -9999 -9999
2022 02 21 09  -157  -221 10272   286    17 -9999 -9999 -9999
2022 02 21 12  -208  -247 10284   320    20 -9999 -9999     0
2022 02 21 15  -232  -264 10279   310    20 -9999 -9999     0
2022 02 21 18  -237  -267 10281   311    18 -9999 -9999 -9999
2022 02 21 21  -251  -280 10284   310    20 -9999 -9999     0
2022 02 22 00  -214  -253 10290   304    29 -9999 -9999 -9999
2022 02 22 03  -123  -226 10285   320    30 -9999 -9999     0
2022 02 22 06   -91  -214 10268   270    30 -9999 -9999     0
2022 02 22 09  -131  -233 10271   250    30 -9999 -9999     0
2022 02 22 12  -142  -236 10272   250    15 -9999 -9999 -9999
2022 02 22 15  -141  -232 10251   280    40 -9999 -9999     0
2022 02 22 18  -147  -231 10243   280    40 -9999 -9999     0
2022 02 22 21  -156  -237 10235   310    30 -9999 -9999     0
2022 02 23 00  -125  -221 10232   307    34 -9999 -9999 -9999
2022 02 23 03   -47  -172 10211   306    32 -9999 -9999 -9999
2022 02 23 06   -22  -146 10193   293    34 -9999 -9999 -9999
2022 02 23 09   -65  -165 10190   251    24 -9999 -9999 -9999
2022 02 23 12   -77  -176 10192   291    18 -9999 -9999 -9999
2022 02 23 15  -126  -182 10183   300    20 -9999 -9999     0
2022 02 23 18  -138  -184 10175   320    20 -9999 -9999     0
2022 02 23 21  -157  -196 10173   320    20 -9999 -9999     0
2022 02 24 00  -104  -173 10169   305    24 -9999 -9999 -9999
2022 02 24 03   -24  -139 10155   300    20 -9999 -9999     0
2022 02 24 06    18  -128 10136   310    20 -9999 -9999     0
2022 02 24 09   -30  -103 10138   170    20 -9999 -9999     0
2022 02 24 12   -39  -138 10135   270    30 -9999 -9999     0
2022 02 24 15   -56  -137 10122   280    40 -9999 -9999     0
2022 02 24 18   -88  -146 10111   340    10 -9999 -9999     0
2022 02 24 21  -127  -158 10097   308     7 -9999 -9999 -9999
2022 02 25 00  -108  -149 10094     0 -9999 -9999 -9999     0
2022 02 25 03   -38  -122 10072   170    10 -9999 -9999     0
2022 02 25 06   -21  -119 10049   220    30 -9999 -9999     0
2022 02 25 09   -39  -130 10045   220    30 -9999 -9999     0
2022 02 25 12   -68  -141 10042   250    40 -9999 -9999     0
2022 02 25 15   -97  -147 10027   300    30 -9999 -9999     0
2022 02 25 18   -54   -71 10027   300    40 -9999 -9999     1
2022 02 25 21   -57   -87 10029   312    43 -9999 -9999     7
2022 02 26 00   -62  -127 10045   310    80 -9999 -9999     6
2022 02 26 03   -50  -181 10047   309    68 -9999 -9999 -9999
2022 02 26 06   -45  -203 10046   300    70 -9999 -9999     0
2022 02 26 09   -62  -217 10053   300    40 -9999 -9999     0
2022 02 26 12  -140  -229 10058   334    12 -9999 -9999 -9999
2022 02 26 15  -167  -228 10058   317    11 -9999 -9999 -9999
2022 02 26 18  -188  -232 10065   319    12 -9999 -9999 -9999
2022 02 26 21  -199  -238 10073   340    10 -9999 -9999     0
2022 02 27 00  -149  -230 10087   304    30 -9999 -9999 -9999
2022 02 27 03   -82  -217 10088   310    36 -9999 -9999 -9999
2022 02 27 06   -55  -192 10077   280    50 -9999 -9999     0
2022 02 27 09   -68  -207 10094   330    30 -9999 -9999     0
2022 02 27 12  -136  -218 10114     0 -9999 -9999 -9999     0
2022 02 27 15  -174  -231 10121   287    16 -9999 -9999 -9999
2022 02 27 18  -199  -243 10121   324    19 -9999 -9999 -9999
2022 02 27 21  -197  -239 10126   321    20 -9999 -9999 -9999
2022 02 28 00  -157  -229 10133   340    20 -9999 -9999     0
2022 02 28 03   -59  -207 10125   312    18 -9999 -9999 -9999
2022 02 28 06   -64  -172 10121   170    30 -9999 -9999     0
2022 02 28 09   -80  -171 10127   170    20 -9999 -9999     0
2022 02 28 12  -145  -209 10132   360     0 -9999 -9999 -9999
2022 02 28 15  -166  -218 10123   300    20 -9999 -9999     0
2022 02 28 18  -195  -234 10111   320    20 -9999 -9999     0
2022 02 28 21  -205  -243 10110   312    29 -9999 -9999 -9999
2022 03 01 00  -170  -231 10105   335    14 -9999 -9999 -9999
2022 03 01 03   -73  -189 10090   140    30 -9999 -9999     0
2022 03 01 06   -65  -170 10072   140    40 -9999 -9999     0
2022 03 01 09   -79  -170 10071   110    20 -9999 -9999     0
2022 03 01 12  -151  -188 10079   300    10 -9999 -9999     0
2022 03 01 15  -174  -197 10069   307     9 -9999 -9999 -9999
2022 03 01 18  -177  -196 10059   320    10 -9999 -9999     0
2022 03 01 21  -183  -201 10067   322    20 -9999 -9999 -9999
2022 03 02 00  -147  -168 10080   320    20 -9999 -9999     0
2022 03 02 03   -56  -165 10077   310    40 -9999 -9999     0
2022 03 02 06   -40  -169 10077   326    34 -9999 -9999 -9999
2022 03 02 09   -65  -179 10090   330    20 -9999 -9999     0
2022 03 02 12  -119  -183 10110   300    10 -9999 -9999     0
2022 03 02 15  -150  -198 10111   299    12 -9999 -9999 -9999
2022 03 02 18  -138  -203 10114   300    30 -9999 -9999     0
2022 03 02 21  -151  -211 10113   310    10 -9999 -9999     0
2022 03 03 00  -112  -196 10111   340    10 -9999 -9999     0
2022 03 03 03   -26  -160 10095   240    70 -9999 -9999     0
2022 03 03 06   -20  -147 10079   240    60 -9999 -9999     0
2022 03 03 09   -29  -152 10071   210    30 -9999 -9999     0
2022 03 03 12   -47  -149 10071   135    18 -9999 -9999 -9999
2022 03 03 15   -87  -134 10060   150    20 -9999 -9999     0
2022 03 03 18  -105  -141 10044   133    13 -9999 -9999 -9999
2022 03 03 21  -103  -152 10024   180    20 -9999 -9999     0
2022 03 04 00  -100  -144 10005    12    16 -9999 -9999 -9999
2022 03 04 03   -67  -124  9989    40    20 -9999 -9999     0
2022 03 04 06   -42  -106  9971    10    30 -9999 -9999     0
2022 03 04 09   -50   -60  9974   353    22 -9999 -9999    22
2022 03 04 12   -47   -63  9984    45    39 -9999 -9999    41
2022 03 04 15   -53   -70  9988   360    30 -9999 -9999    30
2022 03 04 18   -66   -81  9992   340    50 -9999 -9999    20
2022 03 04 21   -75   -93 10004   340    50 -9999 -9999    10
2022 03 05 00   -72   -94 10027   333    67 -9999 -9999     9
2022 03 05 03   -59  -101 10047   340    80 -9999 -9999     2
2022 03 05 06   -42  -113 10060   337    72 -9999 -9999 -9999
2022 03 05 09   -46  -118 10093   320    50 -9999 -9999     0
2022 03 05 12   -59  -149 10113   326    39 -9999 -9999 -9999
2022 03 05 15   -89  -172 10131   319    29 -9999 -9999 -9999
2022 03 05 18   -93  -180 10147   310    40 -9999 -9999     0
2022 03 05 21  -104  -193 10167   300    50 -9999 -9999     0
2022 03 06 00   -93  -193 10182   310    50 -9999 -9999     0
2022 03 06 03   -44  -183 10191   310    40 -9999 -9999     0
2022 03 06 06   -14  -180 10178   300    30 -9999 -9999     0
2022 03 06 09   -46  -156 10182   150    30 -9999 -9999     0
2022 03 06 12  -120  -164 10187     0 -9999 -9999 -9999     0
2022 03 06 15  -122  -185 10182   288    22 -9999 -9999 -9999
2022 03 06 18  -121  -173 10174   140    10 -9999 -9999     0
2022 03 06 21  -150  -191 10167   123     9 -9999 -9999 -9999
2022 03 07 00  -132  -179 10166   325     8 -9999 -9999 -9999
2022 03 07 03   -35  -129 10152   150    20 -9999 -9999     0
2022 03 07 06   -12   -93 10128   120    30 -9999 -9999     0
2022 03 07 09   -16  -125 10123   230    40 -9999 -9999     0
2022 03 07 12   -59  -128 10134   230    40 -9999 -9999     0
2022 03 07 15   -75  -139 10130   298    13 -9999 -9999 -9999
2022 03 07 18  -121  -155 10122   150    20 -9999 -9999     0
2022 03 07 21  -109  -138 10117   140    20 -9999 -9999     0
2022 03 08 00   -87  -130 10123   161    12 -9999 -9999 -9999
2022 03 08 03   -30   -90 10127   160    20 -9999 -9999     0
2022 03 08 06    12   -70 10127   186    21 -9999 -9999 -9999
2022 03 08 09    -6   -81 10150    20    10 -9999 -9999     0
2022 03 08 12   -67   -97 10168   180    10 -9999 -9999     0
2022 03 08 15   -82   -98 10167   320    10 -9999 -9999     0
2022 03 08 18   -74  -103 10161   132    13 -9999 -9999 -9999
2022 03 08 21   -72  -109 10151   150    30 -9999 -9999     0
2022 03 09 00   -57   -99 10144   140    20 -9999 -9999     0
2022 03 09 03     8   -59 10120   140    30 -9999 -9999     0
2022 03 09 06    80   -81 10088   210    60 -9999 -9999     0
2022 03 09 09    46   -44 10083   142    34 -9999 -9999 -9999
2022 03 09 12    12   -48 10077   160    30 -9999 -9999     0
2022 03 09 15     5   -53 10051   140    30 -9999 -9999     0
2022 03 09 18     1   -45 10018   140    30 -9999 -9999     0
2022 03 09 21   -19   -57 10009   150    30 -9999 -9999     0
2022 03 10 00     4   -48 10006   140    20 -9999 -9999     0
2022 03 10 03    63   -42  9992   200    40 -9999 -9999     0
2022 03 10 06    66   -51  9978   230    70 -9999 -9999     0
2022 03 10 09    41  -100  9994   250    50 -9999 -9999     0
2022 03 10 12    26   -44 10014   290    60 -9999 -9999 -9999
2022 03 10 15    -2   -79 10017   260    40 -9999 -9999     3
2022 03 10 18   -12   -63 10037   260    30 -9999 -9999     3
2022 03 10 21   -20   -73 10056   320    70 -9999 -9999     0
2022 03 11 00   -29   -82 10083   300    80 -9999 -9999 -9999
2022 03 11 03   -21   -82 10107   300    70 -9999 -9999     0
2022 03 11 06   -15   -94 10127   310    80 -9999 -9999     0
2022 03 11 09   -20  -108 10154   340    50 -9999 -9999     0
2022 03 11 12   -63  -114 10175   310    20 -9999 -9999     0
2022 03 11 15   -61  -146 10182   280    30 -9999 -9999     0
2022 03 11 18   -77  -169 10190   279    26 -9999 -9999 -9999
2022 03 11 21  -105  -182 10189   280    30 -9999 -9999     0
2022 03 12 00   -66  -171 10195   300    40 -9999 -9999     0
2022 03 12 03   -21  -148 10188   300    30 -9999 -9999     0
2022 03 12 06    -2  -165 10170   300    20 -9999 -9999     0
2022 03 12 09   -30  -133 10175   120    30 -9999 -9999     0
2022 03 12 12   -45  -104 10177   182    14 -9999 -9999 -9999
2022 03 12 15   -55  -109 10179   331     8 -9999 -9999 -9999
2022 03 12 18   -64  -106 10180   330    10 -9999 -9999     0
2022 03 12 21   -72  -105 10186   321    12 -9999 -9999 -9999
2022 03 13 00   -67  -116 10199   320    10 -9999 -9999     0
2022 03 13 03   -22  -110 10202   260    20 -9999 -9999     0
2022 03 13 06     0  -120 10199   320    20 -9999 -9999     0
2022 03 13 09   -16   -95 10207   160    30 -9999 -9999     0
2022 03 13 12   -44  -102 10215   160    20 -9999 -9999     0
2022 03 13 15   -80  -113 10214    13    12 -9999 -9999 -9999
2022 03 13 18   -97  -118 10215   318     6 -9999 -9999 -9999
2022 03 13 21  -122  -141 10214   330    20 -9999 -9999     0
2022 03 14 00  -100  -123 10216   300    10 -9999 -9999     0
2022 03 14 03   -25  -105 10202   150    20 -9999 -9999     0
2022 03 14 06    -7   -97 10180    40    13 -9999 -9999 -9999
2022 03 14 09   -19  -104 10177    80    20 -9999 -9999     0
2022 03 14 12   -54   -96 10168   330    10 -9999 -9999     0
2022 03 14 15   -97  -122 10153   320    20 -9999 -9999     0
2022 03 14 18  -116  -136 10143   330    10 -9999 -9999     0
2022 03 14 21  -140  -161 10144   327    17 -9999 -9999 -9999
2022 03 15 00  -103  -136 10152   320    10 -9999 -9999     0
2022 03 15 03   -24   -91 10138   156    25 -9999 -9999 -9999
2022 03 15 06   -12   -92 10124   116    34 -9999 -9999 -9999
2022 03 15 09   -16   -60 10127   120    30 -9999 -9999     0
2022 03 15 12   -25   -61 10125   160    20 -9999 -9999     0
2022 03 15 15   -30   -70 10117   171     6 -9999 -9999 -9999
2022 03 15 18   -45   -65 10111   320    10 -9999 -9999     0
2022 03 15 21   -45   -62 10108   130    20 -9999 -9999     1
2022 03 16 00   -40   -55 10110   159    23 -9999 -9999     6
2022 03 16 03   -17   -36 10105   150    30 -9999 -9999     8
2022 03 16 06   -42   -80 10128   320    50 -9999 -9999    20
2022 03 16 09   -52  -100 10161   284    37 -9999 -9999    22
2022 03 16 12   -66  -127 10186   290    30 -9999 -9999     3
2022 03 16 15   -96  -170 10204   280    30 -9999 -9999     1
2022 03 16 18  -117  -204 10216   270    36 -9999 -9999 -9999
2022 03 16 21  -140  -226 10222   273    22 -9999 -9999 -9999
2022 03 17 00  -110  -220 10231   283    40 -9999 -9999 -9999
2022 03 17 03   -80  -211 10235   289    35 -9999 -9999 -9999
2022 03 17 06   -57  -192 10233   305    38 -9999 -9999 -9999
2022 03 17 09   -61  -201 10240   300    30 -9999 -9999     0
2022 03 17 12  -117  -164 10253   180    20 -9999 -9999     0
2022 03 17 15  -164  -213 10256   329    20 -9999 -9999 -9999
2022 03 17 18  -172  -226 10252   320    20 -9999 -9999     0
2022 03 17 21  -190  -233 10248   320    20 -9999 -9999     0
2022 03 18 00  -140  -214 10255   320    25 -9999 -9999 -9999
2022 03 18 03   -54  -199 10241   320    20 -9999 -9999     0
2022 03 18 06   -40  -159 10221   139    26 -9999 -9999 -9999
2022 03 18 09   -60  -181 10221   137    26 -9999 -9999 -9999
2022 03 18 12  -100  -163 10224   140    10 -9999 -9999     0
2022 03 18 15  -154  -187 10221   320    10 -9999 -9999     0
2022 03 18 18  -173  -202 10216   310    20 -9999 -9999     0
2022 03 18 21  -196  -223 10219   320    20 -9999 -9999     0
2022 03 19 00  -149  -190 10226   268    10 -9999 -9999 -9999
2022 03 19 03   -53  -165 10212   140    20 -9999 -9999     0
2022 03 19 06   -35  -190 10196   130    40 -9999 -9999     0
2022 03 19 09   -52  -177 10196   120    29 -9999 -9999 -9999
2022 03 19 12   -77  -171 10198   150    10 -9999 -9999     0
2022 03 19 15  -114  -167 10191    82     8 -9999 -9999 -9999
2022 03 19 18  -146  -180 10187   320    10 -9999 -9999     0
2022 03 19 21  -150  -180 10189   310    10 -9999 -9999     0
2022 03 20 00  -117  -162 10189   317     8 -9999 -9999 -9999
2022 03 20 03   -37  -129 10172   107    24 -9999 -9999 -9999
2022 03 20 06   -12  -122 10157   154    28 -9999 -9999 -9999
2022 03 20 09   -20  -110 10155   103    20 -9999 -9999 -9999
2022 03 20 12   -67  -136 10177   320    20 -9999 -9999     0
2022 03 20 15  -101  -152 10186   320    10 -9999 -9999     0
2022 03 20 18  -140  -168 10183   333    13 -9999 -9999 -9999
2022 03 20 21  -151  -179 10181   320    20 -9999 -9999     0
2022 03 21 00   -98  -151 10178   320    10 -9999 -9999     0
2022 03 21 03   -12  -147 10161   286    56 -9999 -9999 -9999
2022 03 21 06     2  -149 10145   280    37 -9999 -9999 -9999
2022 03 21 09   -10  -139 10145   264    23 -9999 -9999 -9999
2022 03 21 12   -48  -146 10145   210    20 -9999 -9999     0
2022 03 21 15   -57  -134 10129   249    31 -9999 -9999 -9999
2022 03 21 18   -65  -150 10126   290    20 -9999 -9999     0
2022 03 21 21   -64  -146 10119   270    40 -9999 -9999     0
2022 03 22 00   -18  -127 10120   280    40 -9999 -9999     0
2022 03 22 03    21  -111 10112   310    40 -9999 -9999     0
2022 03 22 06    42  -106 10107   290    34 -9999 -9999 -9999
2022 03 22 09    35  -116 10108   309    17 -9999 -9999 -9999
2022 03 22 12   -14  -107 10111   180    10 -9999 -9999     0
2022 03 22 15   -59   -89 10107   340    10 -9999 -9999     0
2022 03 22 18   -84  -115 10102   327    13 -9999 -9999 -9999
2022 03 22 21   -97  -124 10097   328    12 -9999 -9999 -9999
2022 03 23 00   -63  -103 10107   310    10 -9999 -9999     0
2022 03 23 03     6   -74 10101   100    20 -9999 -9999     0
2022 03 23 06    21   -58 10092    70    30 -9999 -9999     0
2022 03 23 09    20   -59 10093   124    32 -9999 -9999 -9999
2022 03 23 12   -36   -58 10109   330    10 -9999 -9999     0
2022 03 23 15   -52   -69 10113   323    13 -9999 -9999 -9999
2022 03 23 18   -72   -86 10118   308    19 -9999 -9999 -9999
2022 03 23 21   -96  -111 10127   330    20 -9999 -9999     0
2022 03 24 00   -47   -70 10140   320    20 -9999 -9999     0
2022 03 24 03    27   -98 10139    72    20 -9999 -9999 -9999
2022 03 24 06    46  -103 10133   103    30 -9999 -9999 -9999
2022 03 24 09    35   -63 10135   100    33 -9999 -9999 -9999
2022 03 24 12   -17   -44 10144   270    10 -9999 -9999     0
2022 03 24 15   -41   -62 10130   320    20 -9999 -9999     0
2022 03 24 18   -22  -100 10115    13    14 -9999 -9999 -9999
2022 03 24 21   -24   -79 10107    50    20 -9999 -9999     0
2022 03 25 00    -7   -68 10115    16    25 -9999 -9999 -9999
2022 03 25 03    29   -60 10115    30    30 -9999 -9999     0
2022 03 25 06    42   -53 10122    60    30 -9999 -9999     0
2022 03 25 09    25   -16 10138   171    25 -9999 -9999 -9999
2022 03 25 12   -17   -31 10143   100    10 -9999 -9999     0
2022 03 25 15   -31   -41 10137   320    20 -9999 -9999     0
2022 03 25 18   -27   -37 10123   300    10 -9999 -9999     0
2022 03 25 21   -22   -49 10107   320    30 -9999 -9999     0
2022 03 26 00   -11   -48 10102   300    10 -9999 -9999 -9999
2022 03 26 03     7   -21 10084    13    22 -9999 -9999     3
2022 03 26 06     5   -14 10065    13    20 -9999 -9999     6
2022 03 26 09     4   -21 10061   350    30 -9999 -9999     8
2022 03 26 12    -4   -29 10055   320    20 -9999 -9999     9
2022 03 26 15    -5   -39 10036   320    30 -9999 -9999     4
2022 03 26 18   -15   -74 10029   320    30 -9999 -9999     0
2022 03 26 21   -34   -92 10039   320    30 -9999 -9999     0
2022 03 27 00   -10   -96 10051   322    51 -9999 -9999 -9999
2022 03 27 03    27   -59 10057   320    50 -9999 -9999     0
2022 03 27 06    44   -97 10063   340    60 -9999 -9999     0
2022 03 27 09    32  -108 10077   336    44 -9999 -9999 -9999
2022 03 27 12   -21   -76 10097   300    10 -9999 -9999     0
2022 03 27 15   -47   -91 10104   330    15 -9999 -9999 -9999
2022 03 27 18   -60  -108 10105   330    20 -9999 -9999     0
2022 03 27 21   -68  -105 10103   310    10 -9999 -9999     0
2022 03 28 00     1   -72 10106   110     8 -9999 -9999 -9999
2022 03 28 03    61   -82 10092   218    59 -9999 -9999 -9999
2022 03 28 06    75  -104 10076   204    48 -9999 -9999 -9999
2022 03 28 09    67  -105 10070   210    40 -9999 -9999     0
2022 03 28 12    22   -61 10067   160    30 -9999 -9999     0
2022 03 28 15    11   -54 10051   140    20 -9999 -9999     0
2022 03 28 18     6   -37 10057   330    50 -9999 -9999     0
2022 03 28 21    -5   -32 10071   310    20 -9999 -9999     0
2022 03 29 00     4  -133 10082   320    40 -9999 -9999     1
2022 03 29 03    24  -130 10079   310    40 -9999 -9999     1
2022 03 29 06    35  -120 10083   310    60 -9999 -9999     0
2022 03 29 09    22  -124 10110   300    70 -9999 -9999     0
2022 03 29 12     1  -122 10147   310    50 -9999 -9999     0
2022 03 29 15    -7  -133 10170   289    56 -9999 -9999 -9999
2022 03 29 18   -17  -146 10190   288    56 -9999 -9999 -9999
2022 03 29 21   -30  -150 10212   300    48 -9999 -9999 -9999
2022 03 30 00    -7  -144 10232   310    63 -9999 -9999 -9999
2022 03 30 03    27  -154 10235   320    70 -9999 -9999     0
2022 03 30 06    35  -162 10238   313    71 -9999 -9999 -9999
2022 03 30 09    20  -160 10241   320    50 -9999 -9999     0
2022 03 30 12   -29  -129 10258   300    20 -9999 -9999     0
2022 03 30 15   -59  -128 10268   290    20 -9999 -9999     0
2022 03 30 18   -57  -145 10267   280    30 -9999 -9999     0
2022 03 30 21   -65  -150 10272   290    20 -9999 -9999     0
2022 03 31 00   -12  -144 10278   320    50 -9999 -9999     0
2022 03 31 03    17  -153 10273   329    62 -9999 -9999 -9999
2022 03 31 06    25  -142 10262   342    66 -9999 -9999 -9999
2022 03 31 09    17  -140 10259   310    50 -9999 -9999     0
2022 03 31 12   -32  -124 10271   290    10 -9999 -9999     0
2022 03 31 15   -37  -129 10267   299    25 -9999 -9999 -9999
2022 03 31 18   -25  -137 10261   290    40 -9999 -9999     0
2022 03 31 21   -41  -140 10256   300    20 -9999 -9999     0
2022 04 01 00    13  -136 10262   300    40 -9999 -9999     0
2022 04 01 03    57  -138 10246   320    30 -9999 -9999     0
2022 04 01 06    82  -141 10219   330    30 -9999 -9999     0
2022 04 01 09    77  -144 10208   296    17 -9999 -9999 -9999
2022 04 01 12    17   -73 10206   150    30 -9999 -9999     0
2022 04 01 15   -43   -84 10195   330    20 -9999 -9999     0
2022 04 01 18   -42  -108 10187   318    20 -9999 -9999 -9999
2022 04 01 21   -50  -111 10181   310    20 -9999 -9999     0
2022 04 02 00    47  -110 10180   311    17 -9999 -9999 -9999
2022 04 02 03    99  -133 10158   260    40 -9999 -9999     0
2022 04 02 06   105  -103 10132   253    62 -9999 -9999 -9999
2022 04 02 12    35   -71 10109   176    19 -9999 -9999 -9999
2022 04 02 15    54   -59 10102   280    30 -9999 -9999     0
2022 04 02 18    45   -53 10097   250    50 -9999 -9999     0
2022 04 02 21    36   -56 10086   270    30 -9999 -9999     0
2022 04 03 00    84   -58 10085   240    50 -9999 -9999     0
2022 04 03 03   144   -59 10061   220    60 -9999 -9999     0
2022 04 03 06   152   -70 10036   223    60 -9999 -9999 -9999
2022 04 03 09   151   -28 10025   220    70 -9999 -9999     0
2022 04 03 12   124   -30 10034   210    60 -9999 -9999     0
2022 04 03 15   101   -19 10024   210    60 -9999 -9999     0
2022 04 03 18    83   -29 10021   240    50 -9999 -9999     0
2022 04 03 21    64   -44 10055   340    50 -9999 -9999     0
2022 04 04 00    77   -23 10089   330    50 -9999 -9999     0
2022 04 04 03    85   -24 10112   340    40 -9999 -9999     0
2022 04 04 06    86   -46 10113     4    31 -9999 -9999 -9999
2022 04 04 09    74   -86 10124    50    30 -9999 -9999     0
2022 04 04 12    39   -98 10138    40    40 -9999 -9999     0
2022 04 04 15    21  -125 10126   355    20 -9999 -9999 -9999
2022 04 04 18     1   -76 10105    20    53 -9999 -9999 -9999
2022 04 04 21   -30   -43 10079   350    50 -9999 -9999    20
2022 04 05 00   -20   -97 10073   354    69 -9999 -9999    22
2022 04 05 03    -6  -128 10064   330   100 -9999 -9999     4
2022 04 05 06     8  -133 10074   320    80 -9999 -9999     0
2022 04 05 09     5  -128 10096   320    60 -9999 -9999     0
2022 04 05 12    -7  -117 10111   307    62 -9999 -9999 -9999
2022 04 05 18   -34  -154 10117   311    62 -9999 -9999 -9999
2022 04 05 21   -45  -155 10116   300    70 -9999 -9999     0
2022 04 06 00   -26  -153 10117   300    90 -9999 -9999     0
2022 04 06 03    11  -150 10112   294    79 -9999 -9999 -9999
2022 04 06 06    25  -160 10102   299    92 -9999 -9999 -9999
2022 04 06 09    15  -170 10099   292    75 -9999 -9999 -9999
2022 04 06 12   -19  -143 10110   290    30 -9999 -9999     0
2022 04 06 15   -25  -149 10093   270    40 -9999 -9999     0
2022 04 06 18   -27  -151 10081   290    50 -9999 -9999     0
2022 04 06 21   -32  -149 10084   310    50 -9999 -9999     0
2022 04 07 00   -11  -139 10088   320    60 -9999 -9999     0
2022 04 07 03    16  -150 10082   295    67 -9999 -9999 -9999
2022 04 07 06    49  -150 10063   290    60 -9999 -9999     0
2022 04 07 09    47  -183 10056   270    35 -9999 -9999 -9999
2022 04 07 12     6  -158 10058   190    10 -9999 -9999     0
2022 04 07 15    -4  -155 10041   240    32 -9999 -9999 -9999
2022 04 07 18     3  -117 10009   130    20 -9999 -9999     0
2022 04 07 21   -11   -27  9988   140    20 -9999 -9999     4
2022 04 08 00   -14   -27  9969   150    30 -9999 -9999    20
2022 04 08 03    11   -10  9965   240    10 -9999 -9999    10
2022 04 08 06    52    -8  9978   359    36 -9999 -9999 -9999
2022 04 08 09    17   -19 10013    54    23 -9999 -9999 -9999
2022 04 08 12   -20   -39 10036   270    10 -9999 -9999 -9999
2022 04 08 15   -23   -36 10046    40    10 -9999 -9999     0
2022 04 08 18   -39   -44 10049   280    10 -9999 -9999     0
2022 04 08 21   -25   -30 10057   180    20 -9999 -9999     0
2022 04 09 00    16   -11 10061   166    37 -9999 -9999 -9999
2022 04 09 03    62    -2 10057   147    47 -9999 -9999 -9999
2022 04 09 06   102     8 10047   200    60 -9999 -9999     0
2022 04 09 09   102   -12 10050   210    30 -9999 -9999     0
2022 04 09 12    48   -28 10067     0     0 -9999 -9999     0
2022 04 09 15    37    -3 10070    71    15 -9999 -9999 -9999
2022 04 09 18    12   -15 10061    60    20 -9999 -9999     0
2022 04 09 21    11   -20 10051    68    27 -9999 -9999 -9999
2022 04 10 00    25    -3 10044    80    20 -9999 -9999 -9999
2022 04 10 03    57    -4 10002    95    61 -9999 -9999 -9999
2022 04 10 06    26     2  9986    99    43 -9999 -9999 -9999
2022 04 10 09    30     8  9979    98    20 -9999 -9999 -9999
2022 04 10 12    15     9  9990   300    20 -9999 -9999    20
2022 04 10 15     7     3 10004   290    30 -9999 -9999     0
2022 04 10 18    20    -3 10039   270    40 -9999 -9999     0
2022 04 10 21    17   -11 10066   299    63 -9999 -9999 -9999
2022 04 11 00    22   -18 10089   313    63 -9999 -9999 -9999
2022 04 11 03    32   -19 10115   310    50 -9999 -9999     0
2022 04 11 06    63   -36 10117   340    60 -9999 -9999     0
2022 04 11 09    52   -54 10134   343    53 -9999 -9999 -9999
2022 04 11 12     0   -52 10158   284    13 -9999 -9999 -9999
2022 04 11 15   -15   -58 10160   322     9 -9999 -9999 -9999
2022 04 11 18   -20   -79 10157   300    20 -9999 -9999     0
2022 04 11 21   -13   -99 10157   280    30 -9999 -9999     0
2022 04 12 00    32  -100 10159   310    57 -9999 -9999 -9999
2022 04 12 03    73  -105 10163   310    50 -9999 -9999     0
2022 04 12 06    72  -125 10162   302    52 -9999 -9999 -9999
2022 04 12 09    66  -131 10173   350    39 -9999 -9999 -9999
2022 04 12 12     7   -82 10196   284    13 -9999 -9999 -9999
2022 04 12 18   -55   -87 10201   328     9 -9999 -9999 -9999
2022 04 12 21   -55   -94 10208   312    19 -9999 -9999 -9999
2022 04 13 00    31   -83 10217    40    10 -9999 -9999     0
2022 04 13 03    70   -94 10214    88    21 -9999 -9999 -9999
2022 04 13 06    77   -91 10210    97    16 -9999 -9999 -9999
2022 04 13 09    63   -73 10214   150    20 -9999 -9999     0
2022 04 13 12    12   -97 10242   295    23 -9999 -9999 -9999
2022 04 13 15   -33   -78 10252   300    10 -9999 -9999     0
2022 04 13 18   -54   -93 10249   300    10 -9999 -9999     0
2022 04 13 21   -42  -110 10267   306     6 -9999 -9999 -9999
2022 04 14 00    22  -123 10278   326    36 -9999 -9999 -9999
2022 04 14 03    56  -175 10266   312    34 -9999 -9999 -9999
2022 04 14 06    80  -188 10240   317    35 -9999 -9999 -9999
2022 04 14 09    80  -179 10218   279    21 -9999 -9999 -9999
2022 04 14 12    30  -110 10211   147    31 -9999 -9999 -9999
2022 04 14 15     7   -80 10189   120    20 -9999 -9999     0
2022 04 14 18    27   -91 10155   266    24 -9999 -9999 -9999
2022 04 14 21    20   -90 10140   260    30 -9999 -9999     0
2022 04 15 00    80   -99 10126   307    25 -9999 -9999 -9999
2022 04 15 03   113   -91 10103   250    60 -9999 -9999     0
2022 04 15 06   112   -97 10074   260    50 -9999 -9999     0
2022 04 15 09    95   -65 10069   285    55 -9999 -9999 -9999
2022 04 15 12    52   -61 10065   200    10 -9999 -9999     0
2022 04 15 15    40   -40 10054   230    20 -9999 -9999     0
2022 04 15 18    22   -37 10052   310    40 -9999 -9999     0
2022 04 15 21    11   -27 10061   312    38 -9999 -9999 -9999
2022 04 16 00    44   -77 10069   310    80 -9999 -9999     0
2022 04 16 03    58   -88 10073   310    80 -9999 -9999     0
2022 04 16 06    70   -91 10080   323    60 -9999 -9999 -9999
2022 04 16 09    60   -69 10094   342    55 -9999 -9999 -9999
2022 04 16 12    27   -69 10115   290    40 -9999 -9999 -9999
2022 04 16 15    10   -68 10113   300    20 -9999 -9999 -9999
2022 04 16 21    17   -24 10120   320    40 -9999 -9999 -9999
2022 04 17 03    84   -62 10138   330    60 -9999 -9999     0
2022 04 17 09    93  -102 10134   360    30 -9999 -9999     0
2022 04 17 18   -37   -95 10143   330    10 -9999 -9999     0
2022 04 18 00    75   -66 10124   350    20 -9999 -9999     0
2022 04 18 03   100  -107 10102   240    50 -9999 -9999     0
2022 04 18 06   104   -73 10072   230    60 -9999 -9999    -1
2022 04 18 09    99   -56 10056   200    40 -9999 -9999 -9999
2022 04 18 15    66   -36 10034   150    20 -9999 -9999     0
2022 04 18 21    53   -43  9985   140    20 -9999 -9999 -9999
2022 04 19 03   217   -22  9922   230    80 -9999 -9999 -9999
2022 04 19 12   168   -23  9899   230    40 -9999 -9999    -1
2022 04 19 15   154   -21  9888   210    30 -9999 -9999 -9999
2022 04 19 18   148    -1  9871   220    50 -9999 -9999 -9999
2022 04 20 06   129    22  9906   330    50 -9999 -9999     0
2022 04 20 09    89    18  9939   350    70 -9999 -9999     0
2022 04 20 18    42     0 10002   310    30 -9999 -9999     0
2022 04 21 12    18   -92 10055   310    20 -9999 -9999     0
2022 04 21 15   -22   -93 10059   320    20 -9999 -9999     0
2022 04 21 21   -32   -99 10054   320    30 -9999 -9999     0
2022 04 22 03    99  -126 10042   330    30 -9999 -9999     0
2022 04 22 06   126  -134 10018   320    20 -9999 -9999     0
2022 04 22 09   116  -126 10011   140    20 -9999 -9999     0
2022 04 22 12    78  -100 10018   160    20 -9999 -9999     0
2022 04 22 15    63   -73 10012   140    30 -9999 -9999     0
2022 04 23 00    92   -66  9986   290    20 -9999 -9999     0
2022 04 23 03   109   -56  9970    90    30 -9999 -9999     0
2022 04 23 06   113   -65  9943    50    20 -9999 -9999     0
2022 04 23 09    62    30  9947    80    20 -9999 -9999    20
2022 04 23 12    46    31  9947   360    30 -9999 -9999    70
2022 04 23 15    46    -2  9938   330    50 -9999 -9999    70
2022 04 24 09   121  -102 10044   300    30 -9999 -9999     0
2022 04 24 12    73   -91 10064   230    30 -9999 -9999     0
2022 04 24 21    22   -29 10083   270    10 -9999 -9999     0
2022 04 25 00    88   -40 10098   110    20 -9999 -9999     0
2022 04 25 03   108   -74 10099    60    30 -9999 -9999     0
2022 04 25 06   115  -135 10090   100    40 -9999 -9999     0
2022 04 25 09   106   -97 10073    50    30 -9999 -9999     0
2022 04 25 18    51    -1 10034    70    20 -9999 -9999 -9999
2022 04 25 21    21    -6 10020    20    40 -9999 -9999     6
2022 04 26 06    26   -12 10006   360    80 -9999 -9999    20
2022 04 26 12    30   -27 10033    50    10 -9999 -9999     0
2022 04 26 21    16   -88 10077   310    50 -9999 -9999     0
2022 04 27 00    51   -80 10087   310    70 -9999 -9999     0
2022 04 27 09    96  -105 10114   320    50 -9999 -9999     0
2022 04 28 00    68   -76 10199   310    40 -9999 -9999     0
2022 04 28 03   110   -99 10194   300    20 -9999 -9999     0
2022 04 28 09   131  -138 10174   280    10 -9999 -9999     0
2022 04 28 12    73   -71 10180   160    20 -9999 -9999     0
2022 04 28 15    50   -65 10182   270    20 -9999 -9999     0
2022 04 29 00    91   -71 10188    60    10 -9999 -9999     0
2022 04 29 06   142   -61 10151    70    40 -9999 -9999     0
2022 04 29 09   136   -55 10141    70    40 -9999 -9999     0
2022 04 29 18    32   -70 10149   320    30 -9999 -9999     0
2022 04 30 03    95   -90 10111   360    50 -9999 -9999     0
2022 04 30 15    61   -55 10102   320    40 -9999 -9999     0
2022 04 30 18    37   -63 10106   320    30 -9999 -9999     0
2022 05 01 03   115   -64 10128   320    30 -9999 -9999     0
2022 05 01 09   138   -75 10120   340    30 -9999 -9999     0
2022 05 01 18     1   -74 10124   330    20 -9999 -9999     0
2022 05 01 21    -1   -76 10115   340    10 -9999 -9999     0
2022 05 02 00   107   -53 10095   150    20 -9999 -9999     0
2022 05 02 03   155   -80 10056   220    60 -9999 -9999     0
2022 05 02 12    77    50 10026   140    30 -9999 -9999     7
2022 05 02 15    73    39 10021   250    20 -9999 -9999     7
2022 05 02 18    70    38 10017   290    30 -9999 -9999     0
2022 05 03 00    65    -9 10038   320    50 -9999 -9999     0
2022 05 03 03   120   -64 10030   330    60 -9999 -9999     0
2022 05 03 06   132  -137 10032   340    60 -9999 -9999     0
2022 05 03 12    84  -121 10062    60    10 -9999 -9999     0
2022 05 03 15    13   -96 10072   340    10 -9999 -9999     0
2022 05 04 03   115    -6 10057   120    40 -9999 -9999     0
2022 05 04 12   116    34 10022    70    20 -9999 -9999     0
2022 05 04 15   106    32 10023   120    30 -9999 -9999     0
2022 05 04 18    93    33 10039   360    20 -9999 -9999     0
2022 05 04 21    79    15 10053   340    50 -9999 -9999     0
2022 05 05 06    71    44 10067    50    10 -9999 -9999    70
2022 05 05 09    76    51 10061   300    10 -9999 -9999    20
2022 05 05 21    67   -30 10052   320    50 -9999 -9999     1
2022 05 06 00    86   -53 10065   320    70 -9999 -9999     1
2022 05 06 06   134   -79 10088   310    70 -9999 -9999     0
2022 05 06 21    41   -86 10151   290    40 -9999 -9999     0
2022 05 07 00    88   -62 10149   310    50 -9999 -9999     0
2022 05 07 06   103   -14 10142   350    40 -9999 -9999    -1
2022 05 07 12    44   -29 10162   230    20 -9999 -9999     0
2022 05 07 15     8   -46 10171   330    20 -9999 -9999     0
2022 05 08 00   104   -56 10189   310    30 -9999 -9999     0
2022 05 08 03   156   -86 10174   330    20 -9999 -9999     0
2022 05 08 06   188   -68 10147   360    30 -9999 -9999     0
2022 05 08 12   129   -30 10134   160    10 -9999 -9999     0
2022 05 08 15   108   -37 10129   150    20 -9999 -9999     0
2022 05 08 21    61    -4 10104    80    10 -9999 -9999     0
2022 05 09 03   250   -64 10072   240    70 -9999 -9999     0
2022 05 09 06   260   -56 10045   220    70 -9999 -9999     0
2022 05 09 12   200   -17 10024   170    30 -9999 -9999     0
2022 05 09 15   172   -30 10016   190    30 -9999 -9999     0
2022 05 09 21   131    -2  9996   130    30 -9999 -9999     0
2022 05 10 00   178     9 10011   190    40 -9999 -9999     0
2022 05 10 03   221    22 10015   220    60 -9999 -9999     0
2022 05 10 12   127    -5 10070   240    40 -9999 -9999     0
2022 05 11 06    39    29 10090   320    40 -9999 -9999    20
2022 05 11 18   -11   -14 10104   310    20 -9999 -9999     0
2022 05 11 21    -8   -11 10103   340    10 -9999 -9999     0
2022 05 12 00    66    19 10104   190    20 -9999 -9999     0
2022 05 12 18    24    17 10106   170    10 -9999 -9999     0
2022 05 13 00    84    30 10098   180    20 -9999 -9999     0
2022 05 13 03   104    12 10096   300    80 -9999 -9999 -9999
2022 05 13 09   124   -30 10078   140    20 -9999 -9999     0
2022 05 13 15    39     4 10093   330    20 -9999 -9999     0
2022 05 13 18    13    -5 10090   330    20 -9999 -9999     0
2022 05 13 21    15    -1 10090   320    30 -9999 -9999     0
2022 05 14 03   135    12 10065   340    30 -9999 -9999     0
2022 05 14 09   140    10 10041   320    50 -9999 -9999     0
2022 05 14 21    63   -70 10028   310    60 -9999 -9999     0
2022 05 15 03   112   -45 10003   330    90 -9999 -9999     0
2022 05 15 09   127   -49  9996   340    60 -9999 -9999     0
2022 05 15 12    95   -64 10001   270    20 -9999 -9999     0
2022 05 15 15    53  -117 10003   290    20 -9999 -9999     0
2022 05 15 18    43  -122 10006   290    30 -9999 -9999     0
2022 05 15 21    52  -123 10008   300    40 -9999 -9999     0
2022 05 16 00    92  -126 10009   320    80 -9999 -9999     0
2022 05 16 03   130  -115  9999   280    80 -9999 -9999     0
2022 05 16 15   128   -52  9970   240    60 -9999 -9999     0
2022 05 17 03   132   -49 10032   310    20 -9999 -9999     0
2022 05 17 06   158   -85 10037   300    40 -9999 -9999     0
2022 05 17 09   158   -85 10049    10    30 -9999 -9999     0
2022 05 17 21    41   -54 10094   360    10 -9999 -9999     0
2022 05 18 03   193   -12 10084   230    70 -9999 -9999     0
2022 05 18 06   212   -20 10056   200    40 -9999 -9999     0
2022 05 18 12   177    25 10035   230    40 -9999 -9999     0
2022 05 18 15   179    30 10021   200    30 -9999 -9999 -9999
2022 05 18 18   141    11 10046   330    40 -9999 -9999     0
2022 05 19 06   231   -58 10046   340    40 -9999 -9999     0
2022 05 19 09   228   -43 10042   350    30 -9999 -9999     0
2022 05 19 12   188   -33 10045   130    20 -9999 -9999     0
2022 05 19 15   147   -31 10040   150    20 -9999 -9999     0
2022 05 20 00   169    49  9975    70    10 -9999 -9999     0
2022 05 20 03   177    91  9979   240    80 -9999 -9999 -9999
2022 05 20 15   130    70 10008   310    30 -9999 -9999     0
2022 05 20 21   100    79 10030   310    30 -9999 -9999 -9999
2022 05 21 00   139    81 10032   320    30 -9999 -9999     0
2022 05 21 03   195    52 10026   340    50 -9999 -9999     0
2022 05 21 09   197    54 10036   360    50 -9999 -9999 -9999
2022 05 21 12   127    93 10057   350    10 -9999 -9999     4
2022 05 21 18    65    56 10069   320    20 -9999 -9999     0
2022 05 22 03   195    19 10074   130    30 -9999 -9999     0
2022 05 22 06   213    16 10044   150    40 -9999 -9999     0
2022 05 22 12   191    20 10015   140    30 -9999 -9999     0
2022 05 22 15   136    98 10022   340    20 -9999 -9999     8
2022 05 22 18   130   102 10000   160    20 -9999 -9999    20
2022 05 23 03   167   125  9980   310    50 -9999 -9999     2
2022 05 23 09   174    85 10007   340    40 -9999 -9999     0
2022 05 23 12   124    44 10041   340    50 -9999 -9999     0
2022 05 24 06   162    29 10098    10    50 -9999 -9999     0
2022 05 24 12   110    45 10122   280    10 -9999 -9999     0
2022 05 25 00   137    20 10143   320    30 -9999 -9999     0
2022 05 25 03   187     8 10127    80    30 -9999 -9999     0
2022 05 25 09   213    -1 10084    70    20 -9999 -9999     0
2022 05 25 12   151    29 10087   320    10 -9999 -9999     0
2022 05 25 15   103    51 10077   320    30 -9999 -9999     0
2022 05 25 18    75    43 10068   320    20 -9999 -9999     0
2022 05 26 06   248    40 10013   150    20 -9999 -9999     0
2022 05 26 15   129    67  9979   330    20 -9999 -9999     0
2022 05 26 21    98    60  9966   340    20 -9999 -9999     0
2022 05 27 00   200    74  9964   100    20 -9999 -9999     0
2022 05 27 03   226    91  9956   130    60 -9999 -9999     0
2022 05 27 06   229    82  9944    90    50 -9999 -9999     0
2022 05 27 09   227    80  9932   170    40 -9999 -9999     0
2022 05 27 18   144   102  9927   140    20 -9999 -9999     0
2022 05 27 21   125   117  9930   130    30 -9999 -9999    90
2022 05 28 00   131   120  9923   130    30 -9999 -9999   150
2022 05 28 03   137   128  9925   150    30 -9999 -9999   100
2022 05 28 06   132   111  9926   120    20 -9999 -9999   160
2022 05 28 15    98    86  9967    50    10 -9999 -9999    40
2022 05 28 21    94    89  9992   310    20 -9999 -9999     0
2022 05 29 00   112    98  9999    20    10 -9999 -9999     0
2022 05 29 03   122   101 10005   100    20 -9999 -9999     0
2022 05 29 06   142   104  9993     0     0 -9999 -9999    -1
2022 05 29 09   132   106  9975    30    20 -9999 -9999     1
2022 05 29 12   122   114  9946    80    30 -9999 -9999    60
2022 05 29 15   127   121  9915   110    30 -9999 -9999   100
2022 05 29 21   122    96  9916   160    40 -9999 -9999     2
2022 05 30 00   129    69  9935   190    60 -9999 -9999     0
2022 05 30 06   173    65  9972   180    40 -9999 -9999     0
2022 05 30 09   184    72  9976   160    40 -9999 -9999     0
2022 05 30 12   148    81  9994   150    30 -9999 -9999 -9999
2022 05 30 15   127    80  9993   360    10 -9999 -9999     0
2022 05 30 18   106    94  9988   290    10 -9999 -9999     5
2022 05 31 09   168    77  9989   120    20 -9999 -9999     0
2022 05 31 12   125    88  9997   240    10 -9999 -9999     0
2022 05 31 21    86    78  9994     0     0 -9999 -9999     0
2022 06 01 00   121    95  9996   330    20 -9999 -9999     0
2022 06 01 12   119   103  9996   320    10 -9999 -9999    40
2022 06 01 15   109    98 10001     0     0 -9999 -9999     0
2022 06 01 18   112   101 10005   130    10 -9999 -9999     5
2022 06 01 21   112   104 10020   130    20 -9999 -9999     5
2022 06 02 03   159   111 10044    90    20 -9999 -9999     1
2022 06 02 09   147   124 10065   350    20 -9999 -9999    20
2022 06 02 12   132   118 10084     0     0 -9999 -9999    30
2022 06 02 15   119   113 10099   290    10 -9999 -9999     1
2022 06 03 06   206   113 10128    80    20 -9999 -9999    -1
2022 06 03 12   185    96 10136   100    20 -9999 -9999     0
2022 06 03 15   113    99 10141   310    10 -9999 -9999     0
2022 06 03 18    93    87 10151   310    10 -9999 -9999     0
2022 06 03 21    99    93 10156   320    10 -9999 -9999     0
2022 06 04 06   212    95 10143   100    30 -9999 -9999    -1
2022 06 04 09   211    80 10135   110    40 -9999 -9999 -9999
2022 06 04 21    97    76 10170   360    20 -9999 -9999     0
2022 06 05 00   154    82 10169   110    40 -9999 -9999     0
2022 06 05 03   187    65 10155    70    50 -9999 -9999     0
2022 06 05 06   204    64 10139    80    30 -9999 -9999     0
2022 06 05 09   212    51 10134   110    30 -9999 -9999     0
2022 06 05 15   107    85 10140   310    20 -9999 -9999     0
2022 06 05 21    92    73 10143   300    20 -9999 -9999     0
2022 06 06 03   225    71 10123   170    20 -9999 -9999     0
2022 06 06 06   244    67 10106   150    30 -9999 -9999     0
2022 06 06 09   241    68 10096   170    30 -9999 -9999     0
2022 06 06 12   190    86 10098     0     0 -9999 -9999     0
2022 06 06 21   116    79 10111   330    20 -9999 -9999     0
20