1962 01 01 00  -211  -278 10431   360    21     0 -9999 -9999
1962 01 01 06  -128  -189 10412    70    10     0 -9999 -9999
1962 01 01 12  -200  -272 10411     0     0     1 -9999 -9999
1962 01 01 15  -150  -228 10385   360    10     0 -9999 -9999
1962 01 01 18  -172  -239 10372   140    10     0 -9999 -9999
1962 01 02 00  -139  -211 10362    40    51     1 -9999 -9999
1962 01 02 03  -128  -222 10356     0     0     7 -9999 -9999
1962 01 02 06  -100  -200 10360     0     0     7 -9999 -9999
1962 01 02 12  -128  -189 10374     0     0     7 -9999 -9999
1962 01 02 15  -111  -272 10381   110    21     8 -9999 -9999
1962 01 02 18  -122  -261 10385     0     0     5 -9999 -9999
1962 01 03 00  -150  -178 10384     0     0     1 -9999 -9999
1962 01 03 06  -128  -178 10387   320    10     7 -9999 -9999
1962 01 03 12  -150  -200 10385     0     0     7 -9999 -9999
1962 01 03 15   -78  -211 10391     0     0     2 -9999 -9999
1962 01 03 18  -172  -211 10376     0     0     1 -9999 -9999
1962 01 04 00  -122  -161 10366     0     0     7 -9999 -9999
1962 01 04 06  -100  -172 10368     0     0     7 -9999 -9999
1962 01 04 12  -139  -161 10346     0     0     7 -9999 -9999
1962 01 04 15  -150  -178 10342    20    10     3 -9999 -9999
1962 01 04 18  -128  -161 10321     0     0     2 -9999 -9999
1962 01 05 00  -172  -189 10328     0     0     2 -9999 -9999
1962 01 05 06  -128  -161 10326     0     0     7 -9999 -9999
1962 01 05 12  -139  -161 10338     0     0     7 -9999 -9999
1962 01 05 15  -139  -161 10344     0     0     7 -9999 -9999
1962 01 05 18  -139  -161 10346     0     0     7 -9999 -9999
1962 01 06 00  -161  -178 10365     0     0     3 -9999     6
1962 01 06 06  -139  -161 10385     0     0     7 -9999     6
1962 01 06 12  -161  -189 10404     0     0     1 -9999     6
1962 01 06 15  -161  -189 10421     0     0     1 -9999 -9999
1962 01 06 18  -178  -211 10409   360    21     0 -9999 -9999
1962 01 07 00  -128  -161 10389    70    41     7 -9999 -9999
1962 01 07 06   -72  -139 10385     0     0     8 -9999 -9999
1962 01 07 12   -89  -122 10392     0     0     8 -9999     6
1962 01 07 15  -100  -111 10392     0     0     8 -9999 -9999
1962 01 07 18  -111  -128 10375     0     0     8 -9999    10
1962 01 08 00  -111  -122 10387     0     0     8 -9999     6
1962 01 08 06  -111  -128 10394     0     0     7 -9999    10
1962 01 08 12  -150  -172 10437   110    10     7 -9999    20
1962 01 08 15  -139  -161 10437     0     0     8 -9999 -9999
1962 01 08 18  -139  -172 10434     0     0     7 -9999     6
1962 01 09 00  -211  -239 10423    40    41     0 -9999     6
1962 01 09 06  -161  -200 10375   140    10     1 -9999 -9999
1962 01 09 12  -172  -200 10349   140    21     1 -9999 -9999
1962 01 09 18  -161  -211 10311    20    21     1 -9999 -9999
1962 01 10 00  -139  -200 10277     0     0     2 -9999 -9999
1962 01 10 06   -78  -139 10279    40    21     7 -9999 -9999
1962 01 10 12  -122  -178 10285     0     0     7 -9999 -9999
1962 01 10 15  -111  -150 10291     0     0     8 -9999 -9999
1962 01 10 18  -100  -139 10288     0     0     8 -9999 -9999
1962 01 11 00  -100  -128 10318     0     0     8 -9999 -9999
1962 01 11 06  -111  -150 10340     0     0     7 -9999 -9999
1962 01 11 12  -161  -178 10360     0     0     7 -9999 -9999
1962 01 11 15  -150  -178 10363     0     0     7 -9999 -9999
1962 01 11 18  -172  -189 10364     0     0     1 -9999 -9999
1962 01 12 06  -122  -139 -9999     0     0     7 -9999 -9999
1962 01 12 12  -172  -200 10399    90    21     7 -9999     6
1962 01 12 15  -172  -200 10398   320    21     4 -9999 -9999
1962 01 12 18  -178  -211 10396    70    31     3 -9999 -9999
1962 01 13 00  -211  -239 10425    70    21     0 -9999 -9999
1962 01 13 06  -122  -161 10422   110    10     1 -9999     6
1962 01 13 12  -139  -172 10439     0     0     7 -9999 -9999
1962 01 13 15  -150  -178 10464    70    21     7 -9999 -9999
1962 01 13 18  -139  -172 10446     0     0     7 -9999 -9999
1962 01 14 00  -122  -139 10444     0     0     7 -9999     5
1962 01 14 06  -100  -128 10447     0     0     8 -9999     5
1962 01 14 12  -128  -150 10452     0     0     7 -9999     3
1962 01 14 15  -161  -178 10456     0     0     1 -9999 -9999
1962 01 14 18  -200  -222 10455     0     0     2 -9999     6
1962 01 15 00  -211  -228 10442    70    31     9 -9999 -9999
1962 01 15 06  -150  -172 10443     0     0     6 -9999 -9999
1962 01 15 12  -200  -228 10454     0     0     1 -9999 -9999
1962 01 15 15  -211  -239 10462     0     0     9 -9999 -9999
1962 01 15 18  -200  -228 10459     0     0     9 -9999 -9999
1962 01 16 00  -228  -261 10487     0     0     9 -9999 -9999
1962 01 16 06  -178  -200 10480     0     0     1 -9999 -9999
1962 01 16 09  -178  -200 10480     0     0     0 -9999 -9999
1962 01 16 12  -228  -261 10488   110    10     0 -9999 -9999
1962 01 16 15  -200  -228 10473    90    10     0 -9999 -9999
1962 01 16 18  -200  -228 10457     0     0     0 -9999 -9999
1962 01 17 00  -239  -272 10458    40    31     0 -9999 -9999
1962 01 17 03  -200  -228 10445     0     0     0 -9999 -9999
1962 01 17 06  -139  -172 10420    20    10     1 -9999 -9999
1962 01 17 12  -172  -239 10433     0     0     1 -9999 -9999
1962 01 17 15  -189  -228 10431     0     0     0 -9999 -9999
1962 01 17 18  -239  -261 10437     0     0     0 -9999 -9999
1962 01 18 00  -200  -250 10446   140    21     0 -9999 -9999
1962 01 18 06  -150  -200 10462     0     0     7 -9999 -9999
1962 01 18 12  -222  -250 10484   360    21     7 -9999 -9999
1962 01 18 15  -200  -228 10475     0     0     3 -9999 -9999
1962 01 19 00  -172  -200 10466     0     0     7 -9999     3
1962 01 19 06  -139  -178 10468     0     0     7 -9999     3
1962 01 19 12  -189  -211 10478     0     0     1 -9999     6
1962 01 19 15  -178  -200 10481     0     0     0 -9999 -9999
1962 01 19 18  -222  -250 10485     0     0     0 -9999 -9999
1962 01 20 06  -150  -150 -9999     0     0     3 -9999 -9999
1962 01 20 12  -189  -200 -9999     0     0     1 -9999 -9999
1962 01 20 15  -200  -211 -9999     0     0     2 -9999 -9999
1962 01 20 18  -200  -211 -9999     0     0     6 -9999 -9999
1962 01 21 00  -211  -228 -9999     0     0     7 -9999 -9999
1962 01 21 06  -139  -161 10487     0     0     8 -9999 -9999
1962 01 21 12  -211  -239 10498   140    10     5 -9999 -9999
1962 01 21 15  -189  -222 10495     0     0     2 -9999 -9999
1962 01 21 18  -222  -250 10474   140    21     0 -9999 -9999
1962 01 22 00  -200  -228 10476    70    10     1 -9999 -9999
1962 01 22 03  -189  -222 10476     0     0     7 -9999 -9999
1962 01 22 06  -150  -178 10475     0     0     2 -9999 -9999
1962 01 22 12  -128  -189 10453     0     0     1 -9999 -9999
1962 01 22 15  -139  -200 10455   320    10     0 -9999 -9999
1962 01 22 18  -172  -228 10450   320    10     0 -9999 -9999
1962 01 23 00  -172  -222 10437   320    10     0 -9999 -9999
1962 01 23 03  -161  -222 10451     0     0     0 -9999 -9999
1962 01 23 06  -111  -189 10447     0     0     0 -9999 -9999
1962 01 23 12  -178  -239 10448   110    21     0 -9999 -9999
1962 01 23 15  -172  -228 10440   320    21     0 -9999 -9999
1962 01 23 18  -172  -228 10444    40    21     0 -9999 -9999
1962 01 24 00  -161  -228 10456     0     0     0 -9999 -9999
1962 01 24 03  -172  -228 10479   320    31     1 -9999 -9999
1962 01 24 06  -100  -172 10477     0     0     1 -9999 -9999
1962 01 24 12  -178  -239 10497   110    21     2 -9999 -9999
1962 01 24 15  -172  -228 -9999     0     0     3 -9999 -9999
1962 01 24 18  -172 -9999 -9999    90    21     6 -9999 -9999
1962 01 25 00  -200  -239 -9999     0     0     5 -9999 -9999
1962 01 25 06  -150  -200 -9999     0     0     6 -9999 -9999
1962 01 25 12  -200  -239 -9999     0     0     6 -9999 -9999
1962 01 25 15  -189  -222 -9999     0     0     1 -9999 -9999
1962 01 25 18  -200  -239 -9999    70    21     7 -9999 -9999
1962 01 26 00  -111  -239 -9999     0     0     1 -9999 -9999
1962 01 26 03  -178  -211 -9999     0     0     0 -9999 -9999
1962 01 26 06  -139  -189 10487     0     0     0 -9999 -9999
1962 01 26 12  -178  -211 10476     0     0     1 -9999 -9999
1962 01 26 15  -178  -222 10458     0     0     1 -9999 -9999
1962 01 26 18  -178  -228 10440     0     0     0 -9999 -9999
1962 01 27 00  -211  -261 10436    70    21     0 -9999 -9999
1962 01 27 06   -89  -161 10404     0     0     0 -9999 -9999
1962 01 27 12  -150  -211 10409    40    41     1 -9999 -9999
1962 01 27 15  -172  -222 10413   140    10     0 -9999 -9999
1962 01 27 18  -150  -222 10386   340    10     0 -9999 -9999
1962 01 28 00  -139  -222 10380     0     0     1 -9999 -9999
1962 01 28 03  -172  -239 10386   110    21     6 -9999 -9999
1962 01 28 06  -100  -161 10366    20    41     7 -9999 -9999
1962 01 28 12  -128  -178 10353    40    10     7 -9999 -9999
1962 01 28 15  -139  -189 10359     0     0     2 -9999 -9999
1962 01 28 18  -150  -228 10358     0     0     1 -9999 -9999
1962 01 29 00  -139  -211 10377    40    21     1 -9999 -9999
1962 01 29 03  -150  -222 10394     0     0     7 -9999 -9999
1962 01 29 06   -50  -211 10378     0     0     1 -9999 -9999
1962 01 29 12  -111  -189 10393   250    21     0 -9999 -9999
1962 01 29 15  -139  -200 10405    40    51     0 -9999 -9999
1962 01 29 18  -139  -200 10394    40    41     0 -9999 -9999
1962 01 30 00  -122  -189 10406    40    21     0 -9999 -9999
1962 01 30 03  -161  -228 10430   360    21     0 -9999 -9999
1962 01 30 06  -111  -172 10415    70    21     1 -9999 -9999
1962 01 30 12  -139  -211 10408     0     0     6 -9999 -9999
1962 01 30 15  -172  -222 10421     0     0     1 -9999 -9999
1962 01 30 18  -139  -200 10405     0     0     1 -9999 -9999
1962 01 31 00  -161  -211 10404     0     0     7 -9999 -9999
1962 01 31 03  -150  -211 10413     0     0     7 -9999 -9999
1962 01 31 06   -78  -200 10389     0     0     7 -9999 -9999
1962 01 31 12  -150  -211 10397     0     0     1 -9999 -9999
1962 01 31 15  -128  -222 10404     0     0     0 -9999 -9999
1962 01 31 18  -139  -222 10389     0     0     0 -9999 -9999
1962 02 01 00  -139  -200 10403     0     0     0 -9999 -9999
1962 02 01 03  -150  -211 10414   110    21     7 -9999 -9999
1962 02 01 06   -78  -189 10395     0     0     5 -9999 -9999
1962 02 01 12  -128  -178 10390    90    31     7 -9999 -9999
1962 02 01 15  -122  -172 10403     0     0     7 -9999 -9999
1962 02 01 18  -111  -172 10376     0     0     7 -9999 -9999
1962 02 02 00  -150  -211 10404    70    21     2 -9999 -9999
1962 02 02 03  -111  -150 10413    40    31     7 -9999 -9999
1962 02 02 06   -78  -150 10407     0     0     8 -9999 -9999
1962 02 02 12  -100  -122 10419   140    10     8 -9999     3
1962 02 02 18  -111  -122 10404     0     0     3 -9999    10
1962 02 03 00  -128  -139 10409     0     0     5 -9999     5
1962 02 03 03  -122  -139 10409     0     0     7 -9999 -9999
1962 02 03 06  -111  -128 10407     0     0     7 -9999     6
1962 02 03 12  -172  -189 10412   340    21     5 -9999 -9999
1962 02 03 15  -139  -161 10400     0     0     3 -9999 -9999
1962 02 03 18  -161  -178 10401     0     0     2 -9999 -9999
1962 02 04 00  -189  -211 10415     0     0     9 -9999 -9999
1962 02 04 06  -111  -128 10418     0     0     7 -9999     6
1962 02 04 12  -172  -189 10428   320    21     1 -9999     6
1962 02 04 15  -172  -189 10423     0     0     0 -9999 -9999
1962 02 04 18  -178  -211 10431     0     0     0 -9999 -9999
1962 02 05 00  -178  -200 10417     0     0     0 -9999 -9999
1962 02 05 03  -172  -189 10422     0     0     0 -9999 -9999
1962 02 05 06   -89  -111 10393     0     0     0 -9999 -9999
1962 02 05 12  -139  -172 10378    70    21     0 -9999 -9999
1962 02 05 18   -78  -222 10328     0     0     0 -9999 -9999
1962 02 06 00  -122  -189 10319     0     0     0 -9999 -9999
1962 02 06 03   -78  -172 10287    40    62     1 -9999 -9999
1962 02 06 06  -100  -150 10260    20    41     1 -9999 -9999
1962 02 06 12   -78  -161 10200    40    51     7 -9999 -9999
1962 02 06 15   -61  -161 10184     0     0     7 -9999 -9999
1962 02 06 18   -50  -122 10203   320    31     8 -9999 -9999
1962 02 07 00   -39  -100 10258    90    10     8 -9999 -9999
1962 02 07 03  -111  -128 10304   140    10     7 -9999 -9999
1962 02 07 06  -100  -139 10304     0     0     7 -9999     6
1962 02 07 12  -111  -139 10331     0     0     8 -9999     6
1962 02 07 15  -128  -150 10355    70    21     7 -9999 -9999
1962 02 07 18  -111  -122 10347   360    10     8 -9999 -9999
1962 02 08 00  -122  -139 10321     0     0     8 -9999     6
1962 02 08 03  -111  -128 10334   180    10     8 -9999 -9999
1962 02 08 06   -89  -128 10317   270    21     8 -9999     5
1962 02 08 12  -161  -172 10316   200    10     1 -9999     3
1962 02 08 15  -178  -200 10312     0     0     9 -9999 -9999
1962 02 08 18  -189  -211 10306     0     0     1 -9999 -9999
1962 02 09 00  -211  -228 10325     0     0     9 -9999 -9999
1962 02 09 03  -222  -250 10356     0     0     9 -9999 -9999
1962 02 09 06  -178  -200 10354     0     0     7 -9999     6
1962 02 09 12  -222  -239 10372     0     0     1 -9999 -9999
1962 02 09 15  -222  -250 10385   140    10     2 -9999 -9999
1962 02 09 18  -189  -222 10379     0     0     1 -9999 -9999
1962 02 10 00  -200  -228 10405     0     0     7 -9999     3
1962 02 10 03  -178  -211 10413     0     0     7 -9999 -9999
1962 02 10 06  -161  -178 10408     0     0     2 -9999     3
1962 02 10 12  -211  -239 10407     0     0     7 -9999 -9999
1962 02 10 15  -172  -200 10400     0     0     8 -9999 -9999
1962 02 10 18  -189  -222 10403     0     0     8 -9999 -9999
1962 02 11 00  -228  -261 10446   110    21     2 -9999 -9999
1962 02 11 03  -211  -239 10471   110    41     7 -9999 -9999
1962 02 11 06  -200  -228 10496   110    31     5 -9999     6
1962 02 11 12  -239  -272 -9999    90    21     0 -9999     6
1962 02 11 15  -250  -278 -9999    70    31     0 -9999 -9999
1962 02 11 18  -261  -289 -9999    40    41     0 -9999 -9999
1962 02 12 00  -250  -278 -9999    70    21     0 -9999 -9999
1962 02 12 03  -211  -239 -9999    90    21     0 -9999 -9999
1962 02 12 06  -161  -189 -9999     0     0     0 -9999 -9999
1962 02 12 12  -189  -228 -9999    40    10     0 -9999 -9999
1962 02 12 15  -211  -239 -9999    40    21     0 -9999 -9999
1962 02 12 18  -178  -239 -9999    70    21     0 -9999 -9999
1962 02 13 00  -200  -272 -9999     0     0     0 -9999 -9999
1962 02 13 03  -150  -228 -9999     0     0     0 -9999 -9999
1962 02 13 06   -89 -9999 10483     0     0     0 -9999 -9999
1962 02 13 12  -150  -211 10474    20    10     1 -9999 -9999
1962 02 13 15  -172  -239 10468     0     0     0 -9999 -9999
1962 02 13 18  -172  -228 10452     0     0     0 -9999 -9999
1962 02 14 00  -178  -239 10476     0     0     0 -9999 -9999
1962 02 14 03  -178  -222 10497     0     0     0 -9999 -9999
1962 02 14 06  -128  -178 10495   320    21     0 -9999 -9999
1962 02 14 12  -150  -211 -9999    20    10     0 -9999 -9999
1962 02 14 15  -172  -228 -9999     0     0     0 -9999 -9999
1962 02 14 18  -172  -200 -9999     0     0     1 -9999 -9999
1962 02 15 00  -222  -250 -9999     0     0     1 -9999 -9999
1962 02 15 03  -178  -200 -9999   340    10     2 -9999 -9999
1962 02 15 06  -128  -161 -9999   340    10     1 -9999 -9999
1962 02 15 12  -150  -178 -9999     0     0     1 -9999 -9999
1962 02 15 18  -178  -211 -9999     0     0     1 -9999 -9999
1962 02 16 00  -178  -222 -9999     0     0     0 -9999 -9999
1962 02 16 03  -139  -189 -9999     0     0     1 -9999 -9999
1962 02 16 06   -61  -172 10484     0     0     1 -9999 -9999
1962 02 16 12  -111  -178 10458    40    10     1 -9999 -9999
1962 02 16 15  -100  -172 10437     0     0     0 -9999 -9999
1962 02 16 18  -128  -178 10410     0     0     6 -9999 -9999
1962 02 17 00  -150  -211 10385     0     0     1 -9999 -9999
1962 02 17 03  -100  -172 10376     0     0     1 -9999 -9999
1962 02 17 06   -50  -150 10362     0     0     1 -9999 -9999
1962 02 17 12  -100  -172 10369     0     0     1 -9999 -9999
1962 02 17 15  -128  -178 10376    90    21     0 -9999 -9999
1962 02 17 18  -122  -178 10368    70    10     0 -9999 -9999
1962 02 18 00  -100  -161 10387     0     0     0 -9999 -9999
1962 02 18 03  -100  -161 10397     0     0     0 -9999 -9999
1962 02 18 06   -28   -89 10380     0     0     0 -9999 -9999
1962 02 18 12   -39  -128 10351   200    10     1 -9999 -9999
1962 02 18 15   -11  -122 10335    20    72     0 -9999 -9999
1962 02 19 00     0   -89 10277    20    82     0 -9999 -9999
1962 02 19 03   -72  -139 10280     0     0     0 -9999 -9999
1962 02 19 06   -11   -61 10254     0     0     0 -9999 -9999
1962 02 19 12   -28 -9999 10240    70    51     1 -9999 -9999
1962 02 19 15   -50  -111 10262   270    31     0 -9999 -9999
1962 02 19 18  -122  -161 10278    90    10     0 -9999 -9999
1962 02 20 00  -172  -189 10325   360    21     1 -9999 -9999
1962 02 20 03  -122  -150 10342   290    10     1 -9999 -9999
1962 02 20 06   -78  -128 10357   110    21     1 -9999 -9999
1962 02 20 12  -122  -150 10366     0     0     1 -9999 -9999
1962 02 20 18  -100  -122 10351     0     0     7 -9999 -9999
1962 02 21 00   -89  -122 10347    90    21     7 -9999 -9999
1962 02 21 03   -89  -128 10356   200    10     7 -9999 -9999
1962 02 21 06   -50  -100 10340     0     0     1 -9999     6
1962 02 21 12   -61   -78 10321    90    21     7 -9999 -9999
1962 02 21 15   -72   -89 10321    70    31     8 -9999 -9999
1962 02 21 18   -72   -89 10307    70    10     8 -9999     6
1962 02 22 00   -61   -89 10299     0     0     8 -9999 -9999
1962 02 22 03   -72  -100 10306   320    21     7 -9999 -9999
1962 02 22 06   -39  -100 10301   250    10     7 -9999     6
1962 02 22 12  -100  -122 10300   270    10     2 -9999 -9999
1962 02 22 15  -100  -122 10295    70    10     7 -9999 -9999
1962 02 22 18  -100  -122 10290    90    21     7 -9999     6
1962 02 23 00  -150  -172 10298   110    21     8 -9999     3
1962 02 23 03  -139  -161 10298     0     0     7 -9999 -9999
1962 02 23 06  -122  -161 10305   110    21     1 -9999     6
1962 02 23 12  -161  -178 10343   110    21     1 -9999 -9999
1962 02 23 15  -172  -189 10366   110    21     0 -9999 -9999
1962 02 23 18  -178  -256 10405     0     0     0 -9999 -9999
1962 02 24 00  -150  -172 10423    90    21     8 -9999     6
1962 02 24 03  -161  -178 10433    90    21     2 -9999 -9999
1962 02 24 06  -122  -150 10426    70    10     1 -9999     6
1962 02 24 12  -100  -139 10384     0     0     7 -9999 -9999
1962 02 24 15  -122  -189 10372    70    21     1 -9999 -9999
1962 02 24 18  -128  -189 10353     0     0     0 -9999 -9999
1962 02 25 03  -139  -172 10361     0     0     0 -9999 -9999
1962 02 25 06  -100  -161 10358   140    31     0 -9999 -9999
1962 02 25 12  -100  -161 10389     0     0     0 -9999 -9999
1962 02 25 15  -172  -200 10380     0     0     0 -9999 -9999
1962 02 25 18  -161  -189 10377   320    10     0 -9999 -9999
1962 02 26 00  -139  -200 10361     0     0     0 -9999 -9999
1962 02 26 03  -139  -200 10374     0     0     1 -9999 -9999
1962 02 26 06   -78  -189 10351     0     0     1 -9999 -9999
1962 02 26 12  -122  -161 10330     0     0     2 -9999 -9999
1962 02 26 15  -150  -189 10337     0     0     5 -9999 -9999
1962 02 26 18  -139  -172 10325     0     0     1 -9999 -9999
1962 02 27 00  -189  -222 10347   360    21     1 -9999 -9999
1962 02 27 03  -150  -178 10358     0     0     1 -9999 -9999
1962 02 27 06  -111  -172 10349     0     0     1 -9999 -9999
1962 02 27 12  -139  -178 10356     0     0     2 -9999 -9999
1962 02 27 15  -150  -200 10358    90    10     0 -9999 -9999
1962 02 27 18  -161  -200 10351    40    10     0 -9999 -9999
1962 02 28 00  -128  -178 10373     0     0     1 -9999 -9999
1962 02 28 03   -89  -178 10377     0     0     1 -9999 -9999
1962 02 28 06   -22  -111 10369     0     0     6 -9999 -9999
1962 02 28 12   -61  -128 10349    70    41     7 -9999 -9999
1962 02 28 15   -22  -111 10323    40    41     7 -9999 -9999
1962 02 28 18   -22  -111 10299   180    21     7 -9999 -9999
1962 03 01 00   -39  -111 10309     0     0     7 -9999 -9999
1962 03 01 03   -28  -100 10310   340    31     7 -9999 -9999
1962 03 01 06    11  -111 10302   320    10     7 -9999 -9999
1962 03 01 12   -28   -72 10295   320    21     7 -9999 -9999
1962 03 01 15   -78  -128 10306     0     0     3 -9999 -9999
1962 03 01 18  -100  -139 10300    90    21     1 -9999 -9999
1962 03 02 00   -89  -139 10309     0     0     2 -9999 -9999
1962 03 02 03   -78  -139 10321    90    10     1 -9999 -9999
1962 03 02 06   -28   -89 10310     0     0     1 -9999 -9999
1962 03 02 12   -50   -89 10297     0     0     1 -9999 -9999
1962 03 02 15   -50  -100 10299     0     0     1 -9999 -9999
1962 03 02 18   -28  -111 10288    20    62     0 -9999 -9999
1962 03 03 00   -28  -122 10294    20    62     1 -9999 -9999
1962 03 03 03   -11   -78 10294    40    31     7 -9999 -9999
1962 03 03 06    39   -61 10287   140    21     7 -9999 -9999
1962 03 03 12    22   -28 10293     0     0     8 -9999 -9999
1962 03 03 18    11   -28 10316     0     0     8 -9999 -9999
1962 03 04 00   -39   -50 10351    90    31     7 -9999 -9999
1962 03 04 03   -28   -50 10369    90    21     7 -9999 -9999
1962 03 04 06   -11   -39 10369   110    21     7 -9999 -9999
1962 03 04 12   -22   -50 10367    90    10     1 -9999 -9999
1962 03 04 15   -39   -61 10369    90    31     1 -9999 -9999
1962 03 04 18   -72   -78 10360    90    21     0 -9999 -9999
1962 03 05 00   -89  -111 10357     0     0     1 -9999 -9999
1962 03 05 03   -61   -89 10362     0     0     1 -9999 -9999
1962 03 05 06   -28   -61 10355     0     0     3 -9999 -9999
1962 03 05 12   -28   -39 10313     0     0     1 -9999 -9999
1962 03 05 15   -61   -78 10315    40    21     0 -9999 -9999
1962 03 05 18   -50   -78 10302    70    31     0 -9999 -9999
1962 03 06 00   -39  -100 10277    40    41     1 -9999 -9999
1962 03 06 03     0   -50 10285    70    21     7 -9999 -9999
1962 03 06 06   -11   -50 10294   290    31     8 -9999 -9999
1962 03 06 12   -11   -50 10285   340    21     2 -9999 -9999
1962 03 06 15   -22   -50 10289     0     0     7 -9999 -9999
1962 03 06 18   -28   -39 10303     0     0     8 -9999     5
1962 03 07 00   -39   -50 10323   270    21     8 -9999     5
1962 03 07 03   -28   -72 10338     0     0     7 -9999 -9999
1962 03 07 06   -28   -50 10341    90    21     7 -9999     6
1962 03 07 12   -39   -61 10313    90    31     7 -9999 -9999
1962 03 07 15   -22   -61 10297    70    41     8 -9999 -9999
1962 03 07 18   -22   -50 10260   140    21     8 -9999     6
1962 03 08 00   -28   -50 10248     0     0     8 -9999    30
1962 03 08 03   -39   -61 10257   270    72     8 -9999 -9999
1962 03 08 06   -39   -78 10264   320    98     6 -9999     5
1962 03 08 12   -72  -111 10289   290    72     2 -9999 -9999
1962 03 08 15  -100  -128 10333   160    41     1 -9999 -9999
1962 03 08 18  -111  -139 10351    90    62     1 -9999 -9999
1962 03 09 00  -139  -161 10403    90    10     1 -9999 -9999
1962 03 09 03  -122  -139 10420    90    21     5 -9999 -9999
1962 03 09 06   -78  -111 10424   110    21     7 -9999     6
1962 03 09 12   -78  -122 10427   110    10     3 -9999 -9999
1962 03 09 15  -100  -128 10425    70    41     1 -9999 -9999
1962 03 09 18  -111  -139 10406     0     0     1 -9999 -9999
1962 03 10 00  -100  -139 10376    90    10     0 -9999 -9999
1962 03 10 03   -78  -128 10371    70    10     0 -9999 -9999
1962 03 10 06   -22  -100 10346   110    21     0 -9999 -9999
1962 03 10 12   -28   -72 10298   110    21     0 -9999 -9999
1962 03 10 15   -28   -78 10287    40    31     0 -9999 -9999
1962 03 10 18   -50  -100 10267    70    21     0 -9999 -9999
1962 03 11 00   -50  -122 10241    40    41     0 -9999 -9999
1962 03 11 03     0   -78 10228    40    31     0 -9999 -9999
1962 03 11 06    61   -72 10219   160    10     0 -9999 -9999
1962 03 11 12    22   -39 10194    70    10     0 -9999 -9999
1962 03 11 15   -11   -50 10191    90    21     0 -9999 -9999
1962 03 11 18   -22   -50 10182    70    21     0 -9999 -9999
1962 03 12 00   -22   -89 10193     0     0     0 -9999 -9999
1962 03 12 03     0   -39 10203     0     0     7 -9999 -9999
1962 03 12 06    22   -22 10209    20    10     7 -9999 -9999
1962 03 12 12    22   -22 10213     0     0     3 -9999 -9999
1962 03 12 15   -11   -22 10230     0     0     1 -9999 -9999
1962 03 12 18   -28   -39 10224   160    31     0 -9999 -9999
1962 03 13 00   -39   -50 10245   110    31     9 -9999 -9999
1962 03 13 03   -50   -61 10267     0     0     9 -9999 -9999
1962 03 13 06   -39   -39 10275   160    21     9 -9999 -9999
1962 03 13 12   -28   -28 10273     0     0     1 -9999     6
1962 03 13 15   -28   -39 10284     0     0     0 -9999 -9999
1962 03 13 18   -22   -39 10285    40    41     1 -9999 -9999
1962 03 14 00   -22   -78 10292    40    31     7 -9999 -9999
1962 03 14 03   -11   -61 10304   340    21     7 -9999 -9999
1962 03 14 06    61   -22 10290   180    21     7 -9999 -9999
1962 03 14 12    50     0 10267   340    10     2 -9999 -9999
1962 03 14 15    39   -72 10268    20    62     0 -9999 -9999
1962 03 14 18    28   -89 10260    20    62     1 -9999 -9999
1962 03 15 00   -28   -50 10287   140    21     7 -9999 -9999
1962 03 15 03   -22   -39 10307   110    41     8 -9999 -9999
1962 03 15 06     0   -22 10326   110    31     8 -9999 -9999
1962 03 15 12    22   -11 10344     0     0     8 -9999     6
1962 03 15 15     0   -11 10352     0     0     7 -9999 -9999
1962 03 15 18   -11   -11 10348    90    31     7 -9999     6
1962 03 16 00   -11   -22 10351     0     0     8 -9999     6
1962 03 16 03   -11   -11 10364     0     0     8 -9999 -9999
1962 03 16 06    22   -39 10354   290    62     7 -9999     6
1962 03 16 12    28   -39 10329   250    41     7 -9999 -9999
1962 03 16 15   -11   -28 10319   160    31     7 -9999 -9999
1962 03 16 18   -11   -28 10302    90    41     8 -9999 -9999
1962 03 17 00   -22   -28 10278     0     0     8 -9999     5
1962 03 17 06   -22   -39 10250   250    51     8 -9999    20
1962 03 17 12   -22   -72 10232   270    98     8 -9999     6
1962 03 17 15   -39   -89 10237   290   118     7 -9999 -9999
1962 03 17 18   -61   -89 10242   250    82     7 -9999     6
1962 03 18 00   -78  -122 10242   350    72     7 -9999 -9999
1962 03 18 03   -72  -122 10251   290    21     2 -9999 -9999
1962 03 18 06   -39  -128 10249   290    41     1 -9999     6
1962 03 18 12   -28  -100 10279   320   118     1 -9999 -9999
1962 03 18 15   -50  -122 10317   320    10     0 -9999 -9999
1962 03 18 18   -78  -111 10343     0     0     0 -9999 -9999
1962 03 19 00  -100  -161 10368     0     0     1 -9999 -9999
1962 03 19 03   -61  -128 10382   180    21     0 -9999 -9999
1962 03 19 06   -11  -100 10389     0     0     0 -9999 -9999
1962 03 19 12     0  -122 10380     0     0     0 -9999 -9999
1962 03 19 15   -22  -122 10381    20    51     0 -9999 -9999
1962 03 19 18   -28  -189 10372    20    72     0 -9999 -9999
1962 03 20 00   -28  -172 10369    20    72     0 -9999 -9999
1962 03 20 03    11  -200 10370    20    41     0 -9999 -9999
1962 03 20 06    28  -172 10374   110    21     0 -9999 -9999
1962 03 20 12    22  -161 10367    70    51     0 -9999 -9999
1962 03 20 15   -11  -150 10370    20    21     0 -9999 -9999
1962 03 20 18   -11  -161 10371    40    82     0 -9999 -9999
1962 03 21 00   -39  -200 10387    70    41     1 -9999 -9999
1962 03 21 03     0  -239 10399    20    41     1 -9999 -9999
1962 03 21 06    22  -228 10397    90    72     1 -9999 -9999
1962 03 21 12    22  -150 10403     0     0     0 -9999 -9999
1962 03 21 15   -22  -128 10420    20    41     0 -9999 -9999
1962 03 21 18   -39  -122 10425    40    21     0 -9999 -9999
1962 03 22 00   -39  -189 10428    20    62     0 -9999 -9999
1962 03 22 03   -11  -128 10440     0     0     0 -9999 -9999
1962 03 22 06    22  -161 10434     0     0     0 -9999 -9999
1962 03 22 12    28  -111 10413   320    21     0 -9999 -9999
1962 03 22 15   -22   -89 10410    20    10     0 -9999 -9999
1962 03 22 18   -22   -89 10400    40    21     0 -9999 -9999
1962 03 23 00   -39  -100 10393   340    10     1 -9999 -9999
1962 03 23 03    11   -89 10395     0     0     0 -9999 -9999
1962 03 23 06    72  -122 10378    90    10     0 -9999 -9999
1962 03 23 12    78  -111 10347     0     0     0 -9999 -9999
1962 03 23 15    39   -89 10338    20    72     0 -9999 -9999
1962 03 23 18    39  -139 10313   360    72     0 -9999 -9999
1962 03 24 00    11  -122 10309    20    51     1 -9999 -9999
1962 03 24 03    61  -150 10303    20    51     0 -9999 -9999
1962 03 24 06    89  -139 10292   110    31     0 -9999 -9999
1962 03 24 12    61   -61 10267   320    10     0 -9999 -9999
1962 03 24 15    39   -89 10262    20    72     0 -9999 -9999
1962 03 24 18    50  -122 10251    20    82     0 -9999 -9999
1962 03 25 00    28  -128 10254    20    62     0 -9999 -9999
1962 03 25 03    61   -78 10269   220    21     0 -9999 -9999
1962 03 25 06   111  -111 10262     0     0     0 -9999 -9999
1962 03 25 12   111   -50 10234    70    31     0 -9999 -9999
1962 03 25 15    72  -122 10231    20    82     0 -9999 -9999
1962 03 25 18    50  -111 10222    20    72     0 -9999 -9999
1962 03 26 00    39  -122 10227    20    72     0 -9999 -9999
1962 03 26 03   100  -111 10226    40    41     0 -9999 -9999
1962 03 26 06   128  -122 10224   160    51     0 -9999 -9999
1962 03 26 12   128   -61 10214     0     0     0 -9999 -9999
1962 03 26 18    61  -128 10219    20    72     0 -9999 -9999
1962 03 27 00    50  -139 10232    20    72     0 -9999 -9999
1962 03 27 03   100  -128 10249    40    62     7 -9999 -9999
1962 03 27 06   122   -78 10246   180    21     3 -9999 -9999
1962 03 27 12   122   -72 10238     0     0     7 -9999 -9999
1962 03 27 15    78   -89 10237    20    62     7 -9999 -9999
1962 03 27 18    72  -139 10232    20    62     6 -9999 -9999
1962 03 28 00    50  -161 10240    20    72     1 -9999 -9999
1962 03 28 03    72   -61 10247   290    31     7 -9999 -9999
1962 03 28 06   139  -139 10233   110    41     3 -9999 -9999
1962 03 28 09   161  -139 10209   110    51     7 -9999 -9999
1962 03 28 12   128  -128 10216    90    21     7 -9999 -9999
1962 03 28 18    89  -111 10198    20    62     2 -9999 -9999
1962 03 28 21    89  -122 10183    20    62     6 -9999 -9999
1962 03 29 00    78  -111 10190    40    41     7 -9999 -9999
1962 03 29 03   139  -100 10182    70    21     7 -9999 -9999
1962 03 29 06   150  -111 10177   180    21     7 -9999 -9999
1962 03 29 09    89    22 10193   140    72     7 -9999 -9999
1962 03 29 12   111     0 10183   320    41     1 -9999     3
1962 03 29 15    50   -11 10181     0     0     1 -9999 -9999
1962 03 29 18    11   -11 10171     0     0     1 -9999 -9999
1962 03 29 21     0   -22 10165   140    31     7 -9999 -9999
1962 03 30 00     0   -11 10159    90    21     6 -9999 -9999
1962 03 30 03     0     0 10176   110    21     9 -9999 -9999
1962 03 30 06    50    28 10163     0     0     1 -9999 -9999
1962 03 30 09   111   -22 10137   270    41     0 -9999 -9999
1962 03 30 12    78   -22 10133   290    98     1 -9999 -9999
1962 03 30 15    50   -22 10152   320   118     0 -9999 -9999
1962 03 30 18    28   -72 10159   320    82     0 -9999 -9999
1962 03 30 21    39  -161 10186    40    98     0 -9999 -9999
1962 03 31 00    39  -122 10221   320    82     1 -9999 -9999
1962 03 31 03    39  -172 10255    90    62     7 -9999 -9999
1962 03 31 06    78  -150 10264   250    10     7 -9999 -9999
1962 03 31 09   100  -128 10254   220    31     7 -9999 -9999
1962 03 31 12    89   -78 10250     0     0     7 -9999 -9999
1962 03 31 15    28   -72 10267   360    10     1 -9999 -9999
1962 03 31 18    11   -72 10264   320    10     0 -9999 -9999
1962 03 31 21    11  -100 10255    40    31     0 -9999 -9999
1962 04 01 00   -28   -89 10283     0     0     1 -9999 -9999
1962 04 01 03    50   -39 10295     0     0     2 -9999 -9999
1962 04 01 06   111   -89 10282   110    10     3 -9999 -9999
1962 04 01 09   139   -89 10280    90    21     7 -9999 -9999
1962 04 01 12   139   -78 10290    90    21     6 -9999 -9999
1962 04 01 15    78   -61 10287    20    51     0 -9999 -9999
1962 04 01 18    72   -61 10278    20    62     0 -9999 -9999
1962 04 01 21    61 -9999 10265    70    51     0 -9999 -9999
1962 04 02 00    39  -100 10280    40    41     1 -9999 -9999
1962 04 02 03   111  -161 10273     0     0     0 -9999 -9999
1962 04 02 06   128  -111 10248   220    31     0 -9999 -9999
1962 04 02 09   150  -111 10219     0     0     1 -9999 -9999
1962 04 02 12   139   -39 10202     0     0     7 -9999 -9999
1962 04 02 15    89   -50 10195   360    31     7 -9999 -9999
1962 04 02 18    89   -89 10179    20    31     7 -9999 -9999
1962 04 02 21    61   -72 10168     0     0     2 -9999 -9999
1962 04 03 00    72  -100 10168    20    10     7 -9999 -9999
1962 04 03 03   100  -100 10169   110    62     7 -9999 -9999
1962 04 03 06   128  -161 10148   160    31     7 -9999 -9999
1962 04 03 09   122  -122 10126   250    21     8 -9999 -9999
1962 04 03 12    72   -11 10126   270    72     7 -9999 -9999
1962 04 03 15    61   -22 10121   270    72     7 -9999 -9999
1962 04 03 18    39     0 10119   290    82     1 -9999 -9999
1962 04 03 21    22   -28 10114   290    98     8 -9999 -9999
1962 04 04 00     0   -50 10134   290   139     8 -9999 -9999
1962 04 04 03     0  -111 10150   320   118     6 -9999 -9999
1962 04 04 06    11  -122 10155   320   118     5 -9999 -9999
1962 04 04 09    11   -89 10151   320   139     6 -9999 -9999
1962 04 04 12     0  -111 10167   340   159     1 -9999     6
1962 04 04 15   -28  -122 10197   290   139     1 -9999 -9999
1962 04 04 18   -39  -122 10204   290    98     2 -9999 -9999
1962 04 04 21   -50  -111 10227   320    51     1 -9999 -9999
1962 04 05 00   -72  -111 10250     0     0     2 -9999 -9999
1962 04 05 03   -22  -111 10259   140 -9999 -9999 -9999 -9999
1962 04 05 06    11  -122 10261   200    10     7 -9999 -9999
1962 04 05 12    22  -139 10281   270    62     5 -9999     6
1962 04 05 15   -22  -122 10301   270    31     1 -9999 -9999
1962 04 05 18   -22  -139 10301   360    31     0 -9999 -9999
1962 04 05 21   -22  -200 10302    20    62     0 -9999 -9999
1962 04 06 00   -50  -178 10331   220    10     0 -9999 -9999
1962 04 06 03     0  -139 10341   220    21     0 -9999 -9999
1962 04 06 06    50  -161 10327   250    21     1 -9999 -9999
1962 04 06 09    61  -211 10309   270    41     2 -9999 -9999
1962 04 06 12    39  -139 10313   220    21     6 -9999 -9999
1962 04 06 15     0  -172 10305   320    10     1 -9999 -9999
1962 04 06 18   -11  -172 10286    20    51     1 -9999 -9999
1962 04 06 21   -11  -161 10273    20    51 -9999 -9999 -9999
1962 04 07 00   -22  -139 10279    20    41     2 -9999 -9999
1962 04 07 03    50  -211 10270   110    21     7 -9999 -9999
1962 04 07 06    78  -228 10260   180    41     3 -9999 -9999
1962 04 07 09   100  -211 10247   110    21     7 -9999 -9999
1962 04 07 12    89  -189 10243   110    41     7 -9999 -9999
1962 04 07 15    50  -122 10247    20    62     1 -9999 -9999
1962 04 07 18    39  -128 10244    40    62     0 -9999 -9999
1962 04 07 21    39  -150 10248    40    51     0 -9999 -9999
1962 04 08 00    28  -122 10261    20    62     6 -9999 -9999
1962 04 08 03    78  -122 10269   220    21     7 -9999 -9999
1962 04 08 06   122  -161 10262   180    41     7 -9999 -9999
1962 04 08 09   128  -178 10252    20    31     7 -9999 -9999
1962 04 08 12   122  -139 10245    20    21     7 -9999 -9999
1962 04 08 15    89  -122 10253    20    62     5 -9999 -9999
1962 04 08 18    89  -122 10243    20    51     5 -9999 -9999
1962 04 09 00    39   -89 10270   290    21     7 -9999 -9999
1962 04 09 03    28   -89 10260    20    31     5 -9999 -9999
1962 04 09 06   150  -122 10247   110    31     1 -9999 -9999
1962 04 09 09   172   -78 10209   220    10     1 -9999 -9999
1962 04 09 18   100   -78 10231    20    72     1 -9999 -9999
1962 04 10 00    78   -89 10240     0     0     1 -9999 -9999
1962 04 10 03   139   -50 10251     0     0     1 -9999 -9999
1962 04 10 06   172  -122 10244   200    31     1 -9999 -9999
1962 04 10 12   172  -128 10227    70    41     1 -9999 -9999
1962 04 10 15   122  -111 10224    20    72     6 -9999 -9999
1962 04 10 18   111  -111 10218    40    62     7 -9999 -9999
1962 04 10 21   111  -122 10208    20    72     1 -9999 -9999
1962 04 11 00   100  -111 10205    20    98     2 -9999 -9999
1962 04 11 03   161  -111 10209   360    41     2 -9999 -9999
1962 04 11 06   172   -89 10201   200    10     1 -9999 -9999
1962 04 11 12   178  -128 10178    70    31     7 -9999 -9999
1962 04 11 15   139  -128 10179    20    72     6 -9999 -9999
1962 04 11 18   128  -139 10185    20    98     3 -9999 -9999
1962 04 12 00   122  -128 10197    20    62     7 -9999 -9999
1962 04 12 06   189  -111 10201   220    10     7 -9999 -9999
1962 04 12 09   200  -100 10182   280    31     7 -9999 -9999
1962 04 12 12   189   -78 10178   250    21     8 -9999 -9999
1962 04 12 15   150  -111 10179    20    72     7 -9999 -9999
1962 04 12 18   139  -111 10178    20    62     7 -9999 -9999
1962 04 13 00    78   -39 10191     0     0     7 -9999 -9999
1962 04 13 06   189   -72 10183   120    21     5 -9999 -9999
1962 04 13 09   200   -72 10168   120    31     1 -9999 -9999
1962 04 13 12   189  -122 10162   290    72     1 -9999 -9999
1962 04 13 15   128   -78 10170   360    21     0 -9999 -9999
1962 04 13 18   111   -72 10166   360    31     0 -9999 -9999
1962 04 14 00    61   -61 10176    70    10     1 -9999 -9999
1962 04 14 06   150   -39 10165   270   118     1 -9999 -9999
1962 04 14 12   161   -89 10153   270    82     2 -9999 -9999
1962 04 14 15    72   -89 10180   290    41     2 -9999 -9999
1962 04 14 18    50  -128 10194   290    51     2 -9999 -9999
1962 04 15 00    11  -100 10219   220    21     1 -9999 -9999
1962 04 15 06   139  -161 10235   180    10     0 -9999 -9999
1962 04 15 12   150  -222 10233   360    62     0 -9999 -9999
1962 04 15 15    78  -161 10244    20    51     0 -9999 -9999
1962 04 15 18    78  -172 10246   340    31     0 -9999 -9999
1962 04 16 00    11  -128 10274     0     0     0 -9999 -9999
1962 04 16 06   139  -200 10276   110    21     0 -9999 -9999
1962 04 16 09   161  -161 10267     0     0     0 -9999 -9999
1962 04 16 12   150  -222 10264   110    21     0 -9999 -9999
1962 04 16 15    89  -139 10263    20    51     0 -9999 -9999
1962 04 16 18    78  -161 10245    40    62     0 -9999 -9999
1962 04 17 00    61  -178 10228    40    51     3 -9999 -9999
1962 04 17 06   172  -172 10187   140    72     3 -9999 -9999
1962 04 17 09   178  -200 10156   140    82     7 -9999 -9999
1962 04 17 12   161  -172 10139   140    41     7 -9999 -9999
1962 04 17 15   122   -89 10140     0     0     7 -9999 -9999
1962 04 17 18   128   -50 10141     0     0     8 -9999 -9999
1962 04 18 00    61    11 10181   340    21     1 -9999 -9999
1962 04 18 06   150   -22 10174   290    41     2 -9999 -9999
1962 04 18 12   139     0 10154   220    41     7 -9999 -9999
1962 04 18 15   100     0 10146   220    10     8 -9999 -9999
1962 04 18 18   122   -22 10133    40    41     8 -9999 -9999
1962 04 18 21   111   -11 10105    70    62     8 -9999 -9999
1962 04 19 06   122    39 10147    70    31     7 -9999 -9999
1962 04 19 09   150 -9999 10117   170    21     7 -9999 -9999
1962 04 19 12   150    22 10109   110    41     7 -9999 -9999
1962 04 19 15   128    22 10115    90    31     8 -9999 -9999
1962 04 19 18    72    22 10168   290   139     8 -9999 -9999
1962 04 19 21    28   -50 10209   290   159     8 -9999 -9999
1962 04 20 00    22   -50 10253   290    98 -9999 -9999 -9999
1962 04 20 03     0   -11 10330   170   118     7 -9999 -9999
1962 04 20 06    11  -100 10342   290    82     7 -9999 -9999
1962 04 20 12    39   -72 10346   290    51     2 -9999 -9999
1962 04 20 15    28   -61 10370   290    62     1 -9999 -9999
1962 04 20 18     0   -50 10361   360    21     0 -9999 -9999
1962 04 20 21 -9999 -9999 10351   190    41     1 -9999 -9999
1962 04 21 00   -11   -78 10386    40    31     1 -9999 -9999
1962 04 21 06    78   -61 10363   140    31     1 -9999 -9999
1962 04 21 09   111   -50 10346   220    21     1 -9999 -9999
1962 04 21 12   111   -50 10330   220    21     1 -9999 -9999
1962 04 21 15    61   -39 10330     0     0     1 -9999 -9999
1962 04 21 18    72   -78 10313    20    62     0 -9999 -9999
1962 04 21 21    50   -89 10306 -9999    62 -9999 -9999 -9999
1962 04 22 00    50   -89 10310    20    72     2 -9999 -9999
1962 04 22 03   111   -61 10311   140    31     5 -9999 -9999
1962 04 22 06   122   -61 10302   200    31     7 -9999 -9999
1962 04 22 09   139   -61 10283   140    41     7 -9999 -9999
1962 04 22 12   139   -61 10267     0     0     2 -9999 -9999
1962 04 22 15    78   -39 10257    40    41     1 -9999 -9999
1962 04 22 18    72   -61 10241    40    41     1 -9999 -9999
1962 04 22 21    78   -72 10211    40    62     1 -9999 -9999
1962 04 23 00    78   -61 10199    70    51     1 -9999 -9999
1962 04 23 06   172   -89 10165   180    72     8 -9999 -9999
1962 04 23 15   161    22 10134    20    51     8 -9999 -9999
1962 04 23 18   111    50 10129    20    41     8 -9999 -9999
1962 04 24 00    28    22 10172   270    82     8 -9999    10
1962 04 24 03    28     0 10209   270    82     8 -9999 -9999
1962 04 24 06   139   -28 10221   270    82     7 -9999    10
1962 04 24 09   161   -39 10236   290   118     7 -9999 -9999
1962 04 24 12    61   -50 10260   270    62     7 -9999 -9999
1962 04 24 15    28   -72 10287   320    72     1 -9999 -9999
1962 04 24 18     0   -72 10289   290    72     1 -9999 -9999
1962 04 24 21   -11   -89 10301   290    62     6 -9999 -9999
1962 04 25 00   -22   -78 10315     0     0     1 -9999 -9999
1962 04 25 03   128   -11 10322     0     0     1 -9999 -9999
1962 04 25 06    72   -89 10315     0     0     1 -9999 -9999
1962 04 25 12    89  -122 10303   220    31     1 -9999 -9999
1962 04 25 15   128   -89 10309     0     0     0 -9999 -9999
1962 04 25 18    28  -111 10298    40    41     0 -9999 -9999
1962 04 26 00    28  -122 10277    20    41     0 -9999 -9999
1962 04 26 06   128  -111 10247   140    51     1 -9999 -9999
1962 04 26 09   161  -111 10211   140    41     1 -9999 -9999
1962 04 26 12   161  -100 10193   140    21     6 -9999 -9999
1962 04 26 15   122   -89 10197    20    62     3 -9999 -9999
1962 04 26 18   111  -111 10186   100    21     6 -9999 -9999
1962 04 26 21   111  -150 10178   200    21     6 -9999 -9999
1962 04 27 00   111  -122 10181    20    51     7 -9999 -9999
1962 04 27 06   178   -89 10184   140    31     7 -9999 -9999
1962 04 27 12   178   -39 10163   250    21     7 -9999 -9999
1962 04 27 15   139   -72 10166   360    21     7 -9999 -9999
1962 04 27 18   111   -39 10168   340    21     7 -9999 -9999
1962 04 27 21   100   -28 10162     0     0     7 -9999 -9999
1962 04 28 00    78   -22 10179   140    21     7 -9999 -9999
1962 04 28 06   172   -11 10192   180    21     6 -9999 -9999
1962 04 28 09   178     0 10189   180    31     2 -9999 -9999
1962 04 28 12   189   -11 10189   250    31     2 -9999 -9999
1962 04 28 15   128     0 10191    10    41     2 -9999 -9999
1962 04 28 18   122   -22 10185    20    51     1 -9999 -9999
1962 04 29 00   111   -28 10176    20    72     7 -9999 -9999
1962 04 29 03   172   -11 10172   160    31     6 -9999 -9999
1962 04 29 06   200     0 10153   140    31     6 -9999 -9999
1962 04 29 09   200    11 10133   200    21     6 -9999 -9999
1962 04 29 12   200     0 10117     0     0     7 -9999 -9999
1962 04 29 15   172     0 10114    20    51     7 -9999 -9999
1962 04 29 18   161   -11 10102    20    62     5 -9999 -9999
1962 04 29 21   150   -11 10096    20    62     7 -9999 -9999
1962 04 30 00   150     0 10099    20    41     7 -9999 -9999
1962 04 30 06   211     0 10090   180    21     7 -9999 -9999
1962 04 30 15   150    39 10101    40    31     7 -9999 -9999
1962 04 30 18   150    39 10096   360    51     7 -9999 -9999
1962 05 01 00 -9999 -9999 10110     0     0     1 -9999 -9999
1962 05 01 06   200    39 10102   200    41     7 -9999 -9999
1962 05 01 09   200    28 10105   360    62     7 -9999 -9999
1962 05 01 12   189     0 10108   360    98     7 -9999 -9999
1962 05 01 15   161    22 10115   270    31     7 -9999 -9999
1962 05 01 18   139 -9999 10125   290    10     7 -9999 -9999
1962 05 02 06   211   -39 10161   140    21     1 -9999 -9999
1962 05 02 12   211   -11 10153   220    10     1 -9999 -9999
1962 05 02 15   150   -50 10164   360    21     0 -9999 -9999
1962 05 02 18   139  -100 10165    20    98     0 -9999 -9999
1962 05 03 00   139  -111 10173    20    82     2 -9999 -9999
1962 05 03 06   111   -28 10175   110    21     8 -9999 -9999
1962 05 03 12   222   -72 10161    40    51     7 -9999 -9999
1962 05 03 15   178   -89 10168    20    72 -9999 -9999 -9999
1962 05 03 18   161  -100 10159    20    62     2 -9999 -9999
1962 05 04 00   139   -89 10181   340    31     7 -9999 -9999
1962 05 04 06   228  -122 10177   250    31     1 -9999 -9999
1962 05 04 12   239  -100 10154   290    21     1 -9999 -9999
1962 05 04 15   178  -100 10159    20    72     1 -9999 -9999
1962 05 04 18   161  -122 10160    40    62     0 -9999 -9999
1962 05 05 00   161   -89 10161    20    31     0 -9999 -9999
1962 05 05 06   228  -100 10148   250    31     0 -9999 -9999
1962 05 05 12   239   -89 10111    20    72     1 -9999 -9999
1962 05 05 15   178   -72 10128    40    72     1 -9999 -9999
1962 05 05 18   161  -122 10132    40    62     1 -9999 -9999
1962 05 06 06   211   -89 10185   180    21     7 -9999 -9999
1962 05 06 12   200  -150 10194    90    62     7 -9999 -9999
1962 05 06 15   122  -128 10212    70    41     7 -9999 -9999
1962 05 06 18   100  -139 10233    40    41     2 -9999 -9999
1962 05 07 00   100  -139 10277    20    51     1 -9999 -9999
1962 05 07 12   189   -89 10273   270    10     0 -9999 -9999
1962 05 07 15   128  -111 10279   340    21     0 -9999 -9999
1962 05 07 18   122  -111 10276    20    72     0 -9999 -9999
1962 05 08 00   111  -100 10287    40    21     0 -9999 -9999
1962 05 08 06   200  -122 10269   180    31     0 -9999 -9999
1962 05 08 12   211  -122 10220     0     0     1 -9999 -9999
1962 05 08 15   139  -128 10221   360    21     1 -9999 -9999
1962 05 08 18   139   -89 10205   200    62     1 -9999 -9999
1962 05 09 00   128   -78 10193    20    51     2 -9999 -9999
1962 05 09 06   222  -172 10176   180    21     1 -9999 -9999
1962 05 09 09   228  -139 10150     0     0     1 -9999 -9999
1962 05 09 12   228  -111 10135   250    31     1 -9999 -9999
1962 05 09 15   172   -89 10131   360    41     1 -9999 -9999
1962 05 09 18   161   -89 10122    20    62     0 -9999 -9999
1962 05 09 21   139  -100 10116    10 -9999     0 -9999 -9999
1962 05 10 00   161   -89 10125   100    21     6 -9999 -9999
1962 05 10 03   200   -50 10136   190    21     1 -9999 -9999
1962 05 10 06   239   -61 10135   200    10     1 -9999 -9999
1962 05 10 09   261  -111 10111   270    21     1 -9999 -9999
1962 05 10 12   250   -89 10106     0     0     1 -9999 -9999
1962 05 10 15   189   -61 10116    20    51     0 -9999 -9999
1962 05 10 18   178   -89 10112    20    72     0 -9999 -9999
1962 05 11 00   161   -72 10130    20    62     1 -9999 -9999
1962 05 11 03   189   -61 10138   110    41     6 -9999 -9999
1962 05 11 06   261   -39 10123   160    10     1 -9999 -9999
1962 05 11 12   261   -50 10097   220    21     1 -9999 -9999
1962 05 11 15   200   -61 10100    20    62     1 -9999 -9999
1962 05 11 18   178   -61 10090    20    87     0 -9999 -9999
1962 05 12 00   189   -61 10079    20    82 -9999 -9999 -9999
1962 05 12 06   161  -111 10062   180    21     1 -9999 -9999
1962 05 12 12   272   -39 10034   200    21     2 -9999 -9999
1962 05 12 15   222   -61 10043    20    72     1 -9999 -9999
1962 05 12 21   161   -22 10067     0     0     0 -9999 -9999
1962 05 13 00   172   -22 10091    20    10     0 -9999 -9999
1962 05 13 06   272   -28 10110   270    21     1 -9999 -9999
1962 05 13 12   278   -28 10098   270    62     1 -9999 -9999
1962 05 13 18   178   -28 10120   340    31     0 -9999 -9999
1962 05 14 00   172     0 10139     0     0     0 -9999 -9999
1962 05 14 06   278    28 10136   220    10     1 -9999 -9999
1962 05 14 12   278   -22 10107   290    31     5 -9999 -9999
1962 05 14 15   222    22 10119   320    41     6 -9999 -9999
1962 05 14 18   211     0 10115   360    21     1 -9999 -9999
1962 05 15 00   189   -28 10138    40    31     7 -9999 -9999
1962 05 15 06   278    11 10138   190    21     7 -9999 -9999
1962 05 15 09 -9999     0 10121   290    41 -9999 -9999 -9999
1962 05 15 12   278    11 10119   290    82     7 -9999 -9999
1962 05 15 15   200    50 10142   270    72     7 -9999 -9999
1962 05 15 18   172   100 10143   320    51     5 -9999 -9999
1962 05 15 21   128   100 10150     0     0     6 -9999 -9999
1962 05 16 00 -9999 -9999 -9999    90    41 -9999 -9999 -9999
1962 05 16 06   250   100 10161   180    21     7 -9999 -9999
1962 05 16 12   239    78 10152   270    62     7 -9999 -9999
1962 05 16 15   200   100 10157   290    31     8 -9999 -9999
1962 05 16 18   161    78 10160    70    10     6 -9999 -9999
1962 05 17 00   150    72 10164   320    21     7 -9999 -9999
1962 05 17 03   211    89 10173   220    31     6 -9999 -9999
1962 05 17 06   272    50 10158   220    41     7 -9999    10
1962 05 17 12   250    39 10144   320    41     7 -9999     6
1962 05 17 15   189    72 10146   340    21     8 -9999 -9999
1962 05 17 18   178    50 10142     0     0     7 -9999 -9999
1962 05 17 21   172    11 10149    40    41     7 -9999 -9999
1962 05 18 03   222    72 10169    90    21     7 -9999 -9999
1962 05 18 06   261    39 10151   220    51     6 -9999 -9999
1962 05 18 15   178    72 10167   250    21     2 -9999 -9999
1962 05 18 18   150    28 10168   290    51     1 -9999 -9999
1962 05 19 00   128    39 10180    70    21     7 -9999 -9999
1962 05 19 03   178 -9999 10118   140    21     6 -9999 -9999
1962 05 19 06   239    22 10165   320    31     6 -9999 -9999
1962 05 19 12   261    61 10134   250    87     5 -9999 -9999
1962 05 19 15   211    61 10142   290    41     3 -9999 -9999
1962 05 19 18   178    61 10138     0     0     2 -9999 -9999
1962 05 20 00   161    61 10135     0     0     1 -9999 -9999
1962 05 20 03   222 -9999 10118   220    21 -9999 -9999 -9999
1962 05 20 06   272   -11 -9999   270    82 -9999 -9999 -9999
1962 05 20 12   250    39 10113   290    98     5 -9999 -9999
1962 05 20 15   200    11 10133   290    98     7 -9999 -9999
1962 05 20 18   161   -11 10133   270    41     7 -9999 -9999
1962 05 20 21   150     0 10126   320    41     7 -9999 -9999
1962 05 21 06   239   -11 10134   270    21     7 -9999 -9999
1962 05 21 12   250   -61 10122   270    62     2 -9999 -9999
1962 05 21 18   161     0 10134    20    10     0 -9999 -9999
1962 05 22 00   172   -11 10141 -9999    21     1 -9999 -9999
1962 05 22 06   261   -50 10138   320    21     7 -9999 -9999
1962 05 22 12   272    22 10094   220    21     2 -9999 -9999
1962 05 22 15   222    22 10107     0     0     7 -9999 -9999
1962 05 22 18   211   -11 10103    20    51     1 -9999 -9999
1962 05 22 21   200   -11 10095    20    51 -9999 -9999 -9999
1962 05 23 00   200    22 10106   320    41 -9999 -9999 -9999
1962 05 23 06   189    89 10134   360    82     7 -9999 -9999
1962 05 23 12   228    89 10098   290   118     7 -9999 -9999
1962 05 23 18   161    72 10115   320    31     6 -9999 -9999
1962 05 24 00   150    72 10108    40    31     8 -9999 -9999
1962 05 24 06   222    61 10118    70    21     7 -9999 -9999
1962 05 24 09   239    22 10104   220    31     7 -9999 -9999
1962 05 24 15   172    28 10106   290    41     7 -9999 -9999
1962 05 24 18   111    39 10102   320    41     6 -9999 -9999
1962 05 24 21   150    11 -9999    40 -9999     5 -9999 -9999
1962 05 25 06   239    39 10097   200    21     7 -9999 -9999
1962 05 25 12   261    28 10077   250    31     7 -9999 -9999
1962 05 25 15   211    22 10085   320    41     7 -9999 -9999
1962 05 25 18   178    22 10086     0     0     7 -9999 -9999
1962 05 25 21   172 -9999 10087     0     0     6 -9999 -9999
1962 05 26 00   189 -9999 10094    40    41     1 -9999 -9999
1962 05 26 06   272    50 10091     0     0     7 -9999 -9999
1962 05 26 12   272    72 10071   150    31     7 -9999 -9999
1962 05 26 15   222    28 10083   290    21     5 -9999 -9999
1962 05 26 18   211    39 10087    20    41     0 -9999 -9999
1962 05 27 06   250    89 10119   180    21     7 -9999 -9999
1962 05 27 09   261    89 10103   220    51     6 -9999 -9999
1962 05 27 12   250   111 10103   270    62     7 -9999 -9999
1962 05 27 15   200   100 10104   270    51     7 -9999 -9999
1962 05 27 18   178    78 -9999   360    10     7 -9999 -9999
1962 05 27 21   172    72 10099   320    72     6 -9999 -9999
1962 05 28 00   150   100 10129     0     0     8 -9999 -9999
1962 05 28 12   200    78 10137   220    51     8 -9999 -9999
1962 05 28 15   161    78 10153    90    21     6 -9999 -9999
1962 05 28 18   150    78 10151    20    51     8 -9999    20
1962 05 28 21   139    72 10135    20    41 -9999 -9999 -9999
1962 05 29 00   128    72 10157     0     0     2 -9999 -9999
1962 05 29 06   222    61 10136   220    62     4 -9999 -9999
1962 05 29 09   222    39 10120   220    41     7 -9999 -9999
1962 05 29 12   189    61 10131   320    98     7 -9999     5
1962 05 29 15   172    61 10129   320    31     7 -9999 -9999
1962 05 29 18   139   100 10143   360    21     8 -9999    10
1962 05 30 00   100    22 10173   220 -9999     6 -9999    10
1962 05 30 03    11   -11 10119   220   118     7 -9999 -9999
1962 05 30 06   139   -50 10193   220 -9999     6 -9999 -9999
1962 05 30 12   150   -61 10193   290   118     1 -9999 -9999
1962 05 30 15   111   -50 10211   290    82     1 -9999 -9999
1962 05 30 18    89   -39 10213   290    72     1 -9999 -9999
1962 05 31 00    78     0 10221     0     0     8 -9999 -9999
1962 05 31 06   128   -22 10227   320    21     7 -9999 -9999
1962 05 31 09   150 -9999 10220   250    51     2 -9999 -9999
1962 05 31 12   150    22 10218   250    98     3 -9999     6
1962 05 31 15   122    28 10231   290    51     1 -9999 -9999
1962 05 31 18   100    28 10231     0     0     1 -9999 -9999
1962 05 31 21    78    28 10224     0     0     7 -9999 -9999
1962 06 01 06   189    28 10204   270    31     3 -9999 -9999
1962 06 01 12   228    28 10156   270    82     6 -9999 -9999
1962 06 01 15   189    39 10159   290    51     7 -9999 -9999
1962 06 01 18   178    50 10151   220    82     2 -9999 -9999
1962 06 01 21   139    50 10143   230    41     6 -9999 -9999
1962 06 02 06   239    72 10132   220    10     1 -9999 -9999
1962 06 02 09   278    39 10113   320    41     1 -9999 -9999
1962 06 02 12   278    50 10102   270    72     1 -9999 -9999
1962 06 02 18   178    39 10133   320    31     0 -9999 -9999
1962 06 03 00   172    50 10142     0     0     1 -9999 -9999
1962 06 03 06   278    28 10132     0     0     1 -9999 -9999
1962 06 03 12   289    78 10100   250    41     1 -9999 -9999
1962 06 03 15   211    78 10112   290    31     3 -9999 -9999
1962 06 03 18   200    50 10106   320    31     0 -9999 -9999
1962 06 03 21   200    39 10102     0     0     0 -9999 -9999
1962 06 04 00   172    72 10118   170    10     1 -9999 -9999
1962 06 04 06   300    72 10109   220    31     1 -9999 -9999
1962 06 04 12   300    50 10093   270    21     6 -9999 -9999
1962 06 04 15   250    39 10109   360    21     7 -9999 -9999
1962 06 04 18   222    39 10109     0     0     1 -9999 -9999
1962 06 04 21   211    22 10099   120    72     1 -9999 -9999
1962 06 05 00   228    28 10111   360    51     1 -9999 -9999
1962 06 05 06   300    72 10106   200    10     2 -9999 -9999
1962 06 05 15   261    28 10089   320    51 -9999 -9999 -9999
1962 06 05 21   222    39 10081    20    51     1 -9999 -9999
1962 06 06 00   211    78 10093   340    10     1 -9999 -9999
1962 06 06 06   311    78 10088   120    31     2 -9999 -9999
1962 06 06 12   322   150 10066   250    31     6 -9999 -9999
1962 06 06 15   272    28 10096   110    62     7 -9999 -9999
1962 06 07 00   228    61 10093     0     0     2 -9999 -9999
1962 06 07 06   339    39 10065    90    62     2 -9999 -9999
1962 06 07 12   300   111 10037   250    41     4 -9999 -9999
1962 06 07 15   289    72 10038    20    10     7 -9999 -9999
1962 06 07 18   261    78 10030    20    51     7 -9999     6
1962 06 08 00   200 -9999 10061    90    10 -9999 -9999 -9999
1962 06 08 12   272    78 10031   320    82     6 -9999 -9999
1962 06 08 15   228    78 10035   360    31     2 -9999 -9999
1962 06 08 18   200    89 10039     0     0     1 -9999 -9999
1962 06 09 00   228     0 10032    20    51 -9999 -9999 -9999
1962 06 09 06   289    61 10027   220    31     2 -9999 -9999
1962 06 09 12   311   111  9990   250    10     5 -9999 -9999
1962 06 09 15   261    22  9993    20    21     7 -9999 -9999
1962 06 09 18   211    39 10006   290    21     3 -9999 -9999
1962 06 09 21 -9999 -9999 10000   220    41 -9999 -9999 -9999
1962 06 10 00   211   111 10023    10    41     7 -9999 -9999
1962 06 10 06   278    72 10026   290    98     6 -9999     6
1962 06 10 12   272    89 10024   270    98     3 -9999 -9999
1962 06 10 15   222   111 10020   270    51     2 -9999 -9999
1962 06 10 18   189   100 10028   340    21     1 -9999 -9999
1962 06 11 00   211    89 10035    40    21     2 -9999 -9999
1962 06 11 09   322   100 10005   220    51     6 -9999 -9999
1962 06 11 12   311    78  9990   270    82     2 -9999 -9999
1962 06 11 15   261    78 10005   290    62     1 -9999 -9999
1962 06 11 18   250    61 10015    40    31     0 -9999 -9999
1962 06 11 21   178    72 10029    70    31     1 -9999 -9999
1962 06 12 00   250    61 10040    70    51 -9999 -9999 -9999
1962 06 12 06   322    61 10038   160    21     3 -9999 -9999
1962 06 12 12   350    50 10015     0     0     7 -9999 -9999
1962 06 12 15   278    22 10020    20    41     6 -9999 -9999
1962 06 12 18   239    72 10030   270    31     7 -9999 -9999
1962 06 12 21   211   128 10041   270    72     1 -9999 -9999
1962 06 13 00   189   128 10053   270    82     2 -9999 -9999
1962 06 13 06   239   111 10095   270    98     7 -9999 -9999
1962 06 13 09   250   100 10094   270    82     7 -9999 -9999
1962 06 13 12   222    78 10100   270   118     8 -9999 -9999
1962 06 13 15   189    72 10112   270   139     7 -9999 -9999
1962 06 13 18   161    72 10127   270   139     7 -9999 -9999
1962 06 13 21   150    78 10135     0     0     8 -9999 -9999
1962 06 14 00   150   100 10151   250    31     8 -9999 -9999
1962 06 14 06   189   100 10156   250    31     8 -9999     6
1962 06 14 09   211    78 10134   270    82     8 -9999 -9999
1962 06 14 15   178    72 10132   270    82     8 -9999 -9999
1962 06 14 18   172    78 10125   290    72     7 -9999 -9999
1962 06 14 21   150    89 10139   270    21     8 -9999 -9999
1962 06 15 00   161    72 10155   320    41     8 -9999 -9999
1962 06 15 09   178   100 10158   220    21     8 -9999 -9999
1962 06 15 12   178   100 10146    90    51     7 -9999     6
1962 06 15 15   161   122 10157    90    21     7 -9999 -9999
1962 06 15 18   150   122 10161     0     0     8 -9999     6
1962 06 16 03   172   100 10171   160    10     7 -9999 -9999
1962 06 16 06   200    78 10159   180    21     7 -9999 -9999
1962 06 16 12   222    78 10141     0     0     7 -9999 -9999
1962 06 16 15   211    72 10144   270    21     7 -9999 -9999
1962 06 16 18   178    50 10151    20    31     5 -9999 -9999
1962 06 17 00   172    61 10144     0     0     7 -9999 -9999
1962 06 17 06   239    61 10125   180    21     7 -9999 -9999
1962 06 17 12   239    72 10109   250    62     7 -9999 -9999
1962 06 17 15   211    50 10152   360    31     7 -9999 -9999
1962 06 17 18   161    28 10126   360    10     2 -9999 -9999
1962 06 17 21   172    39 10114    20    51     1 -9999 -9999
1962 06 18 00   161    61 10128     0     0     3 -9999 -9999
1962 06 18 06   250    78 10115   290    21     2 -9999 -9999
1962 06 18 12   272    61 10078   270    51     1 -9999 -9999
1962 06 18 15   222    50 10090   320    21     1 -9999 -9999
1962 06 18 18   200    61 10092     0     0     0 -9999 -9999
1962 06 19 00 -9999 -9999 -9999    20    62 -9999 -9999 -9999
1962 06 19 06   189    28 10070   140    10     0 -9999 -9999
1962 06 19 12   211    72 10036   270    31     1 -9999 -9999
1962 06 19 15   239   100 10062   270   118     1 -9999 -9999
1962 06 19 18   178    78 10076   270   139     7 -9999 -9999
1962 06 20 06   150   122 10173   250    62     7 -9999    30
1962 06 20 09   178    72 10161   250    31     7 -9999 -9999
1962 06 20 12   172    78 10162    20    82     7 -9999     6
1962 06 20 15   150   111 10175   270    21     7 -9999 -9999
1962 06 20 18   139   100 10171   290    10     1 -9999    10
1962 06 21 00   128    89 10163    40    10     1 -9999 -9999
1962 06 21 03   172    89 10159   140    21     1 -9999 -9999
1962 06 21 06   200    78 10139   290    10     1 -9999 -9999
1962 06 21 12   261    72 10092   250    31     1 -9999 -9999
1962 06 21 15   228    61 10096   290    72     1 -9999 -9999
1962 06 21 18   178    78 10105   340    21     1 -9999 -9999
1962 06 22 00   150    78 10108   220    21     0 -9999 -9999
1962 06 22 06   272    39 10088   200    21     1 -9999 -9999
1962 06 22 09   289    28 10074   200    10     1 -9999 -9999
1962 06 22 12   289   111 10059     0     0     1 -9999 -9999
1962 06 22 15   239    78 10057     0     0     2 -9999 -9999
1962 06 22 18   228    28 10059    20    82     3 -9999 -9999
1962 06 22 21   211    28 10062    20    82     1 -9999 -9999
1962 06 23 00   228    28 10065    20    62     1 -9999 -9999
1962 06 23 03   272 -9999 10076   110    10     1 -9999 -9999
1962 06 23 06   289    78 10067   220    62     7 -9999 -9999
1962 06 23 12   200    50 10100   270   159     7 -9999 -9999
1962 06 23 15   172    50 10133   250    87     8 -9999 -9999
1962 06 23 18   139    78 10160   270    62     8 -9999     6
1962 06 23 21   128   100 10174    90    41     7 -9999 -9999
1962 06 24 06   200 -9999 10191   250    51     6 -9999 -9999
1962 06 24 09   211    22 10183   250    51     2 -9999 -9999
1962 06 24 15   150     0 10185   270    51     1 -9999 -9999
1962 06 24 18   111    11 10178   320    10     0 -9999 -9999
1962 06 25 03   178    22 10170   140    31     1 -9999 -9999
1962 06 25 06   222    22 10151   200    10     1 -9999 -9999
1962 06 25 12   261    39 10106     0     0     1 -9999 -9999
1962 06 25 15   200    28 10107   290    21     2 -9999 -9999
1962 06 25 18   189    11 10102    20    41     1 -9999 -9999
1962 06 26 00   189    22 10095    20    41     1 -9999 -9999
1962 06 26 03   228    39 10103   160    10     1 -9999 -9999
1962 06 26 06   272    39 10088   200    10     2 -9999 -9999
1962 06 26 12   278   100 10056   250    21     7 -9999 -9999
1962 06 26 15   239    11 10059   340    21     7 -9999 -9999
1962 06 26 18   200    50 10064     0     0     8 -9999 -9999
1962 06 26 21   222    50 10070    40    31     8 -9999 -9999
1962 06 27 00   211    50 10068    40    51     7 -9999     6
1962 06 27 06   228   111 10077   200    21     7 -9999 -9999
1962 06 27 09   239    72 10068   320    41     6 -9999 -9999
1962 06 27 12   239    89 10066   270    41     5 -9999 -9999
1962 06 27 15   189    72 10081   290    21     1 -9999 -9999
1962 06 27 18   189    50 10078   360    31     0 -9999 -9999
1962 06 28 06   261    72 10074   220    31     7 -9999 -9999
1962 06 28 12   272   100 10042   270    41     4 -9999 -9999
1962 06 28 15   228    78 10058   270    51     7 -9999 -9999
1962 06 28 18   189    89 10068   270    51     2 -9999 -9999
1962 06 29 00   178   122 10080   270    31     7 -9999 -9999
1962 06 29 06   272   111 10073   250    21     8 -9999 -9999
1962 06 29 12   250   122 10077   200    31     7 -9999 -9999
1962 06 29 15   222    89 10082     0     0     7 -9999 -9999
1962 06 29 18   200    78 10083    90    41     2 -9999 -9999
1962 06 30 00   178   111 10097    70    31     1 -9999 -9999
1962 06 30 12   261    22 10066   250    72     1 -9999 -9999
1962 06 30 15   211    22 10075   290    41     1 -9999 -9999
1962 06 30 18   178    11 10062   320    21     1 -9999 -9999
1962 07 01 00   172   -11 10067    30    21     1 -9999 -9999
1962 07 01 06   250    50 10056   220    10     1 -9999 -9999
1962 07 01 09   278    72 10030   220    41     1 -9999 -9999
1962 07 01 12   278    50 10023   270    87     1 -9999 -9999
1962 07 01 15   228    22 10037   290    82     1 -9999 -9999
1962 07 01 18   200    28 10036   270    82     1 -9999 -9999
1962 07 01 21   172    22 10040    20    31     1 -9999 -9999
1962 07 02 00   278    61 10038    90    10     1 -9999 -9999
1962 07 02 03   228    28 10037   110    31     1 -9999 -9999
1962 07 02 06   272    61 10025   200    31     1 -9999 -9999
1962 07 02 12   278    89  9992   270    51     1 -9999 -9999
1962 07 02 15   250    50 10001   290    62     1 -9999 -9999
1962 07 02 18   211    50 10003   270    51     0 -9999 -9999
1962 07 03 00   200    72 10018     0     0     1 -9999 -9999
1962 07 03 03   228   100 10018   250    62     1 -9999 -9999
1962 07 03 06   261   111 10012   250    31     1 -9999 -9999
1962 07 03 09   278    72 10003   250    72     1 -9999 -9999
1962 07 03 12   272    61  9992   250    51     1 -9999 -9999
1962 07 03 15   222    61 10010   270    41     1 -9999 -9999
1962 07 03 18   200    28 10015   360    31     1 -9999 -9999
19