1964 01 01 00  -122  -200 10363    20    21     4 -9999 -9999
1964 01 01 06  -100  -161 10359     0     0     7 -9999 -9999
1964 01 01 12  -128  -161 10326     0     0     7 -9999 -9999
1964 01 01 15  -122  -161 10326     0     0     8 -9999 -9999
1964 01 01 18  -161  -189 10316    20    10     7 -9999 -9999
1964 01 02 00  -150  -172 10311     0     0     7 -9999 -9999
1964 01 02 06  -122  -161 10320   320    21     6 -9999 -9999
1964 01 02 12  -128  -172 10332     0     0     1 -9999 -9999
1964 01 02 15  -161  -178 10344    70    21     3 -9999 -9999
1964 01 02 18  -111  -150 10323     0     0     0 -9999 -9999
1964 01 03 00  -178  -200 10334    70    31     2 -9999 -9999
1964 01 03 06  -111  -150 10310   360    10     7 -9999 -9999
1964 01 03 12  -122  -172 10313   340    21     7 -9999 -9999
1964 01 03 18  -139  -172 10338   270    10     7 -9999 -9999
1964 01 04 00  -161  -172 10356     0     0     8 -9999 -9999
1964 01 04 06  -150  -178 10384   110    10     7 -9999 -9999
1964 01 04 12  -178  -200 10397    40    21     3 -9999 -9999
1964 01 04 15  -172  -189 10391     0     0     2 -9999 -9999
1964 01 04 18  -200  -211 10368     0     0     1 -9999 -9999
1964 01 05 00  -211  -222 10371     0     0     0 -9999 -9999
1964 01 05 03  -200  -211 10375    20    21     1 -9999 -9999
1964 01 05 06  -139  -172 10355     0     0     1 -9999 -9999
1964 01 05 12  -161  -189 10347     0     0     1 -9999 -9999
1964 01 05 18  -178  -211 10332    40    31     1 -9999 -9999
1964 01 05 21  -172  -200 10315    40    31     1 -9999 -9999
1964 01 06 00  -161  -189 10320     0     0     3 -9999 -9999
1964 01 06 03  -100  -161 10291    40    10     7 -9999 -9999
1964 01 06 06   -89  -139 10297    40    21     7 -9999 -9999
1964 01 06 09   -78  -122 10283    40    21     8 -9999 -9999
1964 01 06 12  -111  -122 10284     0     0     7 -9999 -9999
1964 01 06 15  -111  -150 10269     0     0     7 -9999 -9999
1964 01 06 18  -111  -128 10265    70    21     8 -9999 -9999
1964 01 06 21  -122  -150 10287     0     0     8 -9999 -9999
1964 01 07 00  -128  -150 10290     0     0     7 -9999 -9999
1964 01 07 03  -128  -139 10313     0     0     7 -9999 -9999
1964 01 07 06  -111  -139 10317     0     0     6 -9999 -9999
1964 01 07 12  -172  -178 10361     0     0     1 -9999 -9999
1964 01 07 15  -139  -161 10372     0     0     8 -9999 -9999
1964 01 07 18  -139  -161 10373   340    41     2 -9999 -9999
1964 01 08 00  -161  -172 10390     0     0     6 -9999 -9999
1964 01 08 06  -122  -150 10348     0     0     6 -9999 -9999
1964 01 08 12  -150  -178 10318    40    31     2 -9999 -9999
1964 01 08 15  -122  -161 10305    70    51     1 -9999 -9999
1964 01 08 18  -111  -150 10294   360    31     4 -9999 -9999
1964 01 09 00  -111  -150 10303   290    10     7 -9999 -9999
1964 01 09 03  -111  -139 10312     0     0     8 -9999 -9999
1964 01 09 06  -100  -122 10300   200    10     8 -9999     6
1964 01 09 12  -139  -150 10318     0     0     7 -9999     5
1964 01 09 15  -150  -161 10318   360    10     3 -9999 -9999
1964 01 09 18  -122  -128 10316     0     0     8 -9999     6
1964 01 10 00  -111  -122 10324     0     0     9 -9999     6
1964 01 10 06  -111  -122 10331    90    21     7 -9999     6
1964 01 10 12  -139  -150 10329    40    41     7 -9999     6
1964 01 10 15  -111  -128 10325    70    31     8 -9999 -9999
1964 01 10 18  -111  -122 10313    70    21     8 -9999     6
1964 01 11 00  -111  -122 10325     0     0     8 -9999    10
1964 01 11 03  -172  -178 10344    70    21     7 -9999 -9999
1964 01 11 06  -111  -128 10342    70    21     8 -9999     3
1964 01 11 12  -200  -211 10370    70    41     7 -9999     6
1964 01 11 15  -178  -189 10389    40    51     2 -9999 -9999
1964 01 11 18  -178  -189 10376    40    41     5 -9999     6
1964 01 12 00  -100  -150 10351     0     0     8 -9999     6
1964 01 12 06   -78  -122 10340   340    31     7 -9999     6
1964 01 12 12   -78  -122 10299   320    31     7 -9999 -9999
1964 01 12 15  -111  -128 10301    70    21     2 -9999 -9999
1964 01 12 18  -111  -139 10287     0     0     7 -9999 -9999
1964 01 13 00  -128  -150 10269   200    21     8 -9999 -9999
1964 01 13 06  -111  -150 10288     0     0     7 -9999 -9999
1964 01 13 09  -111  -128 10288   220    31     8 -9999 -9999
1964 01 13 12  -139  -161 10293     0     0     7 -9999 -9999
1964 01 13 15  -139  -161 10296     0     0     8 -9999 -9999
1964 01 13 18  -128  -139 10291   290    21     8 -9999 -9999
1964 01 14 00  -189  -200 10320   250    10     3 -9999 -9999
1964 01 14 03  -172  -178 10346     0     0     7 -9999 -9999
1964 01 14 06  -111  -122 10343     0     0     8 -9999     6
1964 01 14 12  -139  -150 10392     0     0     7 -9999     6
1964 01 14 15  -128  -139 10404     0     0     8 -9999 -9999
1964 01 14 18  -122  -128 10398    20    31     8 -9999     6
1964 01 15 00  -172  -178 10435   340    10     8 -9999     6
1964 01 15 03  -189  -211 10446    20    41     1 -9999 -9999
1964 01 15 06  -139  -172 10436     0     0     1 -9999     6
1964 01 15 12  -189  -200 10457    40    10     1 -9999     6
1964 01 15 15  -222  -228 10468    40    41     1 -9999 -9999
1964 01 15 18  -239  -250 10460    70    31     0 -9999 -9999
1964 01 16 00  -200  -211 10450     0     0     0 -9999 -9999
1964 01 16 06  -139  -150 10436    40    21     2 -9999 -9999
1964 01 16 09  -128  -172 10413    40    21     1 -9999 -9999
1964 01 16 12  -178  -211 10414   360    21     0 -9999 -9999
1964 01 16 15  -189  -250 10408     0     0     0 -9999 -9999
1964 01 16 18  -172  -222 10384     0     0     0 -9999 -9999
1964 01 16 21  -150  -211 10376     0     0     0 -9999 -9999
1964 01 17 00  -150  -211 10373   320    21     0 -9999 -9999
1964 01 17 06  -128  -172 10377    20    31     0 -9999 -9999
1964 01 17 12  -178  -211 10380    40    10     1 -9999 -9999
1964 01 17 15  -178  -200 10395     0     0     0 -9999 -9999
1964 01 17 18  -211  -239 10387   320    41     0 -9999 -9999
1964 01 18 00  -228  -239 10404   340    10     0 -9999 -9999
1964 01 18 03  -178  -189 10398     0     0     0 -9999 -9999
1964 01 18 06  -161  -189 10403    90    10     0 -9999 -9999
1964 01 18 12  -200  -222 10409     0     0     1 -9999 -9999
1964 01 18 15  -178  -189 10390     0     0     0 -9999 -9999
1964 01 18 18  -200  -211 10377     0     0     0 -9999 -9999
1964 01 19 00  -200  -222 10367     0     0     0 -9999 -9999
1964 01 19 06  -139  -172 10339     0     0     0 -9999 -9999
1964 01 19 12  -161  -189 10308    20    31     1 -9999 -9999
1964 01 19 15  -150  -189 10291    40    51     1 -9999 -9999
1964 01 19 18  -139  -189 10265     0     0     1 -9999 -9999
1964 01 20 00  -161  -200 10246     0     0     0 -9999 -9999
1964 01 20 03  -161  -222 10238   340    31     0 -9999 -9999
1964 01 20 06  -128  -172 10226    70    21     0 -9999 -9999
1964 01 20 09  -111  -172 10198   340    31     0 -9999 -9999
1964 01 20 12  -172  -211 10234     0     0     0 -9999 -9999
1964 01 20 15  -111  -178 10239    20    51     0 -9999 -9999
1964 01 20 18  -128  -222 10255     0     0     0 -9999 -9999
1964 01 21 00  -161  -211 10331   250    21     0 -9999 -9999
1964 01 21 06  -128  -161 10359    40    41     7 -9999 -9999
1964 01 21 12  -178  -200 10377    70    21     6 -9999 -9999
1964 01 21 15  -178  -189 10392   320    51     0 -9999 -9999
1964 01 21 18  -189  -211 10373   320    21     1 -9999 -9999
1964 01 22 00  -150  -172 10410   360    10     1 -9999 -9999
1964 01 22 03  -139  -189 10434     0     0     7 -9999 -9999
1964 01 22 06  -122  -150 10459     0     0     8 -9999 -9999
1964 01 22 12  -139  -161 10468     0     0     8 -9999 -9999
1964 01 22 18  -150  -161 10457     0     0     7 -9999 -9999
1964 01 23 00  -200  -211 10454    20    10     2 -9999 -9999
1964 01 23 03  -172  -172 10455    70    10     7 -9999 -9999
1964 01 23 06  -111  -128 10425   290    21     7 -9999 -9999
1964 01 23 12  -111  -150 10410    20    41     7 -9999 -9999
1964 01 23 15   -89  -161 10394    40    62     7 -9999 -9999
1964 01 23 18   -89  -150 10381    20    51     7 -9999 -9999
1964 01 24 00  -122  -150 10389    40    21     7 -9999 -9999
1964 01 24 06  -150  -178 10399     0     0     7 -9999 -9999
1964 01 24 12  -178  -189 10413     0     0     7 -9999 -9999
1964 01 24 18  -200  -211 10422     0     0     7 -9999 -9999
1964 01 25 00  -200  -211 10425     0     0     1 -9999 -9999
1964 01 25 06  -161  -172 10422     0     0     2 -9999 -9999
1964 01 25 12  -200  -211 10420    40    21     3 -9999 -9999
1964 01 25 15  -222  -228 10418   360    10     6 -9999 -9999
1964 01 25 18  -222  -228 10404   360    10     1 -9999 -9999
1964 01 26 00  -211  -222 10391     0     0     1 -9999 -9999
1964 01 26 03  -222  -239 10399   360    10     1 -9999 -9999
1964 01 26 06  -128  -139 10378     0     0     0 -9999 -9999
1964 01 26 12  -172  -200 10366     0     0     1 -9999 -9999
1964 01 26 15  -200  -228 10372   360    10     0 -9999 -9999
1964 01 26 18  -211  -239 10353   360    21     0 -9999 -9999
1964 01 27 00  -189  -211 10355     0     0     0 -9999 -9999
1964 01 27 03  -189  -211 10367     0     0     0 -9999 -9999
1964 01 27 06  -150  -178 10370   340    10     1 -9999 -9999
1964 01 27 12  -222  -228 10390    20    31     1 -9999 -9999
1964 01 27 18  -189  -211 10381     0     0     0 -9999 -9999
1964 01 28 00  -228  -250 10397    40    10     1 -9999 -9999
1964 01 28 06  -139  -200 10396     0     0     0 -9999 -9999
1964 01 28 12  -200  -228 10415    20    10     1 -9999 -9999
1964 01 28 15  -211  -239 10411    20    10     1 -9999 -9999
1964 01 28 18  -200  -250 10398     0     0     0 -9999 -9999
1964 01 29 00  -222  -250 10417    20    10     1 -9999 -9999
1964 01 29 03  -178  -222 10425   360    10     7 -9999 -9999
1964 01 29 06  -128  -172 10413     0     0     7 -9999 -9999
1964 01 29 12  -189  -222 10439    20    10     1 -9999 -9999
1964 01 29 15  -200  -228 10442    20    21     0 -9999 -9999
1964 01 29 18  -211  -239 10446    20    10     0 -9999 -9999
1964 01 30 00  -178  -228 10440     0     0     0 -9999 -9999
1964 01 30 06  -122  -172 10429   320    21     0 -9999 -9999
1964 01 30 12  -178  -239 10404   340    21     1 -9999 -9999
1964 01 30 15  -139  -200 10394    20    21     0 -9999 -9999
1964 01 30 18  -172  -228 10388     0     0     1 -9999 -9999
1964 01 31 00  -150  -222 10409   320    41     1 -9999 -9999
1964 01 31 06  -122  -189 10433   140    21     1 -9999 -9999
1964 01 31 09  -111  -178 10441   250    10     1 -9999 -9999
1964 01 31 12  -178  -222 10461   320    21     1 -9999 -9999
1964 01 31 15  -200  -228 10469   110    31     0 -9999 -9999
1964 01 31 18  -228  -250 10461   290    10     0 -9999 -9999
1964 02 01 00  -228  -239 10467     0     0     0 -9999 -9999
1964 02 01 06  -189  -200 10462   290    10     7 -9999 -9999
1964 02 01 09  -172  -200 10452     0     0     7 -9999 -9999
1964 02 01 12  -211  -239 10455     0     0     7 -9999 -9999
1964 02 01 18  -222  -239 10439   360    31     7 -9999 -9999
1964 02 02 00  -222  -239 10421    20    10     1 -9999 -9999
1964 02 02 03  -222  -239 10427     0     0     6 -9999 -9999
1964 02 02 06  -172  -200 10414     0     0     7 -9999 -9999
1964 02 02 12  -189  -211 10411     0     0     7 -9999 -9999
1964 02 02 15  -178  -211 10403     0     0     7 -9999 -9999
1964 02 02 18  -172  -189 10377   320    10     8 -9999     6
1964 02 03 00  -189  -200 10364     0     0     8 -9999    10
1964 02 03 03  -172  -189 10377   320    10     8 -9999 -9999
1964 02 03 06  -178  -211 10347   160    31     8 -9999     5
1964 02 03 09  -178  -211 10347   160    10     1 -9999 -9999
1964 02 03 12  -222  -228 10369     0     0     1 -9999     6
1964 02 03 15  -272  -289 10382   340    31     0 -9999 -9999
1964 02 03 18  -250  -261 10388     0     0     0 -9999 -9999
1964 02 04 00  -272  -289 10406    80    21     7 -9999     6
1964 02 04 06  -228  -239 10424    70    31     7 -9999     6
1964 02 04 09  -222  -239 10404   110    21     3 -9999 -9999
1964 02 04 12  -272  -289 10404    70    21     1 -9999     6
1964 02 04 18  -300  -322 10381   110    10     1 -9999 -9999
1964 02 05 00  -278  -300 10352     0     0     1 -9999 -9999
1964 02 05 03  -272  -289 10350     0     0     1 -9999 -9999
1964 02 05 06  -222  -228 10345     0     0     1 -9999 -9999
1964 02 05 12  -300  -322 10360    90    21     7 -9999 -9999
1964 02 05 15  -278  -311 10366    70    21     1 -9999 -9999
1964 02 05 18  -278  -300 10360     0     0     0 -9999 -9999
1964 02 06 00  -289  -311 10394     0     0     0 -9999 -9999
1964 02 06 06  -250  -278 10402     0     0     1 -9999 -9999
1964 02 06 12  -278  -300 10434     0     0     6 -9999 -9999
1964 02 06 15  -289  -311 10444    20    10     1 -9999 -9999
1964 02 06 18  -322  -339 10447    20    10     0 -9999 -9999
1964 02 07 00  -300  -322 10471    20    10     0 -9999 -9999
1964 02 07 06  -250  -272 10487     0     0     1 -9999 -9999
1964 02 07 12  -289  -311 -9999     0     0     0 -9999 -9999
1964 02 07 15  -328  -350 -9999    90    21     0 -9999 -9999
1964 02 07 18  -311  -328 10485     0     0     0 -9999 -9999
1964 02 08 00  -339  -361 -9999   360    21     0 -9999 -9999
1964 02 08 06  -261  -278 10494    90    31     0 -9999 -9999
1964 02 08 09  -261  -272 10487    90    21     0 -9999 -9999
1964 02 08 12  -300  -322 10490    70    31     0 -9999 -9999
1964 02 08 18  -300  -322 10463    40    41     0 -9999 -9999
1964 02 09 00  -289  -311 10457     0     0     0 -9999 -9999
1964 02 09 06  -200  -239 10441   340    31     1 -9999 -9999
1964 02 09 09  -178  -239 10437   340    10     1 -9999 -9999
1964 02 09 12  -250  -289 10451   340    21     3 -9999 -9999
1964 02 09 15  -222  -261 10441     0     0     1 -9999 -9999
1964 02 09 18  -222  -278 10426     0     0     1 -9999 -9999
1964 02 10 00  -239  -278 10444     0     0     1 -9999 -9999
1964 02 10 06  -189  -250 10416     0     0     7 -9999 -9999
1964 02 10 12  -200  -272 10408   320    10     7 -9999 -9999
1964 02 10 15  -222  -278 10412     0     0     1 -9999 -9999
1964 02 10 18  -200  -278 10395   360    10     2 -9999 -9999
1964 02 11 00  -178  -222 10391     0     0     2 -9999     6
1964 02 11 03  -178  -200 10398   360    21     7 -9999 -9999
1964 02 11 06  -139  -172 10384     0     0     7 -9999     6
1964 02 11 12  -200  -211 10384     0     0     2 -9999     6
1964 02 11 15  -228  -228 10385     0     0     1 -9999 -9999
1964 02 11 18  -211  -222 10371     0     0     1 -9999 -9999
1964 02 12 00  -239  -250 10377     0     0     9 -9999     6
1964 02 12 03  -228  -239 10385     0     0     7 -9999 -9999
1964 02 12 06  -178  -200 10375   110    10     7 -9999     6
1964 02 12 12  -211  -222 10389    90    21     7 -9999 -9999
1964 02 12 18  -261  -272 10405    40    10     1 -9999 -9999
1964 02 12 21  -272  -278 10422     0     0     1 -9999 -9999
1964 02 13 00  -272  -289 10439     0     0     1 -9999 -9999
1964 02 13 06  -222  -228 10476     0     0     0 -9999 -9999
1964 02 13 09  -200  -222 10478    70    10     0 -9999 -9999
1964 02 13 12  -261  -272 -9999   340    21     0 -9999 -9999
1964 02 13 15  -228  -239 -9999   340    31     0 -9999 -9999
1964 02 13 18  -228  -239 10490     0     0     0 -9999 -9999
1964 02 14 00  -239  -250 -9999     0     0     0 -9999 -9999
1964 02 14 06  -161  -172 10491    90    21     0 -9999 -9999
1964 02 14 12  -228  -278 10497     0     0     1 -9999 -9999
1964 02 14 15  -228  -272 -9999    20    31     0 -9999 -9999
1964 02 14 18  -211  -250 10487    20    62     0 -9999 -9999
1964 02 15 00  -239  -300 -9999    40    41     0 -9999 -9999
1964 02 15 06  -111  -222 10492   360    21     0 -9999 -9999
1964 02 15 12  -222  -272 -9999   340    31     0 -9999 -9999
1964 02 15 15  -200  -272 -9999     0     0     0 -9999 -9999
1964 02 15 18  -178  -239 10481    20    62     0 -9999 -9999
1964 02 16 00  -228  -289 -9999   340    10     0 -9999 -9999
1964 02 16 06  -150  -211 10469   140    10     0 -9999 -9999
1964 02 16 09  -139  -200 10433   360    10     0 -9999 -9999
1964 02 16 12  -178  -239 10443     0     0     0 -9999 -9999
1964 02 16 18  -222  -300 10411    40    21     0 -9999 -9999
1964 02 16 21  -239  -311 10401    40    21     0 -9999 -9999
1964 02 17 00  -200  -289 10393     0     0     0 -9999 -9999
1964 02 17 06  -172  -228 10415   140    21     0 -9999 -9999
1964 02 17 12  -211  -278 10417   110    10     0 -9999 -9999
1964 02 17 15  -222  -261 10437    70    21     0 -9999 -9999
1964 02 17 18  -261  -300 10439   340    31     0 -9999 -9999
1964 02 18 00  -228  -272 10460     0     0     0 -9999 -9999
1964 02 18 06  -172  -228 10487     0     0     0 -9999 -9999
1964 02 18 12  -222  -278 10485     0     0     0 -9999 -9999
1964 02 18 15  -211  -272 10482     0     0     0 -9999 -9999
1964 02 18 18  -222  -261 10472   110    21     0 -9999 -9999
1964 02 19 00  -211  -261 10466    90    21     0 -9999 -9999
1964 02 19 06  -128  -211 10442     0     0     2 -9999 -9999
1964 02 19 12  -172  -211 10424    90    21     6 -9999 -9999
1964 02 19 15  -178  -239 10413   320    31     1 -9999 -9999
1964 02 19 18  -178  -239 10396   250    10     1 -9999 -9999
1964 02 20 00  -161  -228 10384   360    41     1 -9999 -9999
1964 02 20 06  -100  -189 10374   320    41     7 -9999 -9999
1964 02 20 12  -100  -178 10352   340    41     7 -9999 -9999
1964 02 20 15  -128  -161 10357     0     0     7 -9999 -9999
1964 02 20 18  -161  -211 10346   320    31     6 -9999 -9999
1964 02 21 00  -150  -211 10338    40    31     2 -9999 -9999
1964 02 21 06   -89  -150 10337     0     0     8 -9999 -9999
1964 02 21 12   -78   -89 10314   320    21     8 -9999     3
1964 02 21 15   -72   -78 10307     0     0     8 -9999 -9999
1964 02 21 18   -72   -72 10301     0     0     8 -9999    20
1964 02 22 00   -72   -89 10306    70    21     8 -9999    20
1964 02 22 06   -50   -78 10317    70    31     7 -9999     5
1964 02 22 12   -89  -111 10329    90    21     8 -9999     6
1964 02 22 15   -89  -100 10333     0     0     8 -9999 -9999
1964 02 22 18   -78   -89 10329     0     0     8 -9999    30
1964 02 23 00  -128  -139 10356     0     0     8 -9999    30
1964 02 23 06  -139  -161 10379   180    10     8 -9999    20
1964 02 23 12  -150  -161 10401     0     0     7 -9999     3
1964 02 23 18  -211  -222 10425     0     0     1 -9999     6
1964 02 24 00  -211  -222 10422     0     0     9 -9999     6
1964 02 24 06  -122  -128 10418     0     0     1 -9999     6
1964 02 24 09  -122  -161 10401     0     0     0 -9999 -9999
1964 02 24 12  -161  -189 10404     0     0     1 -9999 -9999
1964 02 24 15  -128  -189 10387    20    51     0 -9999 -9999
1964 02 24 18  -128  -222 10360    20    51     0 -9999 -9999
1964 02 25 00  -111  -211 10337    40    21     2 -9999 -9999
1964 02 25 06   -72  -150 10310     0     0     7 -9999 -9999
1964 02 25 12   -61  -139 10283    40    51     7 -9999 -9999
1964 02 25 15   -78  -139 10289    70    10     7 -9999 -9999
1964 02 25 18   -78  -122 10276   220    10     8 -9999 -9999
1964 02 26 00   -50  -139 10269    70    21     8 -9999 -9999
1964 02 26 06   -50   -72 10295    70    10     8 -9999    10
1964 02 26 12   -61   -72 10290   290    10     8 -9999     5
1964 02 26 18   -89  -100 10297     0     0     7 -9999     6
1964 02 27 00   -89  -161 10310     0     0     7 -9999     6
1964 02 27 03  -100  -111 10327     0     0     8 -9999 -9999
1964 02 27 06   -78  -100 10348   110    21     7 -9999     3
1964 02 27 12   -89  -100 10354     0     0     8 -9999     6
1964 02 27 15   -78   -89 10360    70    21     8 -9999 -9999
1964 02 27 18  -100  -111 10362    90    31     8 -9999     6
1964 02 27 21  -128  -139 10361     0     0     9 -9999 -9999
1964 02 28 00  -161  -172 10366    40    31     9 -9999     6
1964 02 28 03  -178  -189 10379    40    41     5 -9999 -9999
1964 02 28 06  -122  -128 10358     0     0     1 -9999     6
1964 02 28 09   -89  -150 10347     0     0     0 -9999 -9999
1964 02 28 12  -172  -178 10369     0     0     1 -9999     6
1964 02 28 15  -161  -172 10377   360    10     1 -9999 -9999
1964 02 28 18  -211  -222 10380    10    10     1 -9999 -9999
1964 02 28 21  -211  -222 10383     0     0     0 -9999 -9999
1964 02 29 00  -228  -250 10408     0     0     1 -9999 -9999
1964 02 29 06  -122  -150 10420     0     0     1 -9999 -9999
1964 02 29 12  -161  -172 10418     0     0     1 -9999 -9999
1964 02 29 18  -211  -228 10399     0     0     0 -9999 -9999
1964 03 01 03  -172  -200 10367    40    21     1 -9999 -9999
1964 03 01 06  -111  -161 10340     0     0     7 -9999 -9999
1964 03 01 09   -72  -100 10302    40    10     7 -9999 -9999
1964 03 01 12  -128  -161 10307    40    31     7 -9999 -9999
1964 03 01 15  -161  -189 10300    40    21     3 -9999 -9999
1964 03 01 18  -172  -211 10277     0     0     7 -9999 -9999
1964 03 01 21  -178  -272 10259    40    10     3 -9999 -9999
1964 03 02 00  -189  -222 10267    40    10     1 -9999 -9999
1964 03 02 03  -161  -222 10266     0     0     1 -9999 -9999
1964 03 02 06  -128  -178 10255     0     0     1 -9999 -9999
1964 03 02 12  -128  -161 10237     0     0     6 -9999 -9999
1964 03 02 15  -128  -161 10232     0     0     8 -9999 -9999
1964 03 02 18  -128  -139 10260   200    10     8 -9999     6
1964 03 03 00  -222  -239 10318    90    41     2 -9999     3
1964 03 03 03  -178  -189 10320    40    62     0 -9999 -9999
1964 03 03 06  -161  -178 10312   110    31     0 -9999     6
1964 03 03 12  -178  -211 10294     0     0     7 -9999 -9999
1964 03 03 15  -150  -178 10266   320    41     8 -9999 -9999
1964 03 03 18  -122  -178 10242    70    21     8 -9999 -9999
1964 03 04 00  -100  -189 10226   320    21     8 -9999 -9999
1964 03 04 03   -78  -139 10224    20    41     8 -9999 -9999
1964 03 04 06   -78  -139 10222   360    21     8 -9999 -9999
1964 03 04 09   -61  -150 10214     0     0     8 -9999 -9999
1964 03 04 12   -78  -128 10228     0     0     8 -9999 -9999
1964 03 04 15  -100  -161 10243   320    21     7 -9999 -9999
1964 03 04 18  -139  -172 10258     0     0     8 -9999 -9999
1964 03 05 00  -178  -200 10264     0     0     1 -9999 -9999
1964 03 05 03  -150  -178 10265   360    10     4 -9999 -9999
1964 03 05 06   -72  -150 10236     0     0     3 -9999 -9999
1964 03 05 12   -61  -100 10207    20    21     7 -9999 -9999
1964 03 05 15   -11   -89 10193    20    41     8 -9999 -9999
1964 03 05 18    11   -50 10171    20    82     8 -9999 -9999
1964 03 06 00   -39   -61 10160   200    31     6 -9999 -9999
1964 03 06 06   -28   -61 10166   220    21     8 -9999 -9999
1964 03 06 12   -61   -78 10223    90    41     8 -9999     6
1964 03 06 15   -72   -78 10255   220    51     8 -9999 -9999
1964 03 06 18   -72   -78 10255    90    51     8 -9999     6
1964 03 07 00   -61   -72 10269     0     0     8 -9999    10
1964 03 07 06   -39   -72 10298     0     0     7 -9999     6
1964 03 07 12   -61   -78 10294     0     0     8 -9999     6
1964 03 07 15   -61   -89 10294    20    41     7 -9999 -9999
1964 03 07 18   -61   -89 10288   360    72     8 -9999 -9999
1964 03 08 00   -89  -161 10292   340    31     2 -9999 -9999
1964 03 08 06   -39   -89 10275    40    21     1 -9999 -9999
1964 03 08 12   -28   -89 10249    40    31     8 -9999 -9999
1964 03 08 15   -11  -100 10239    70    41     8 -9999 -9999
1964 03 08 18   -22   -61 10211    20    82     8 -9999     6
1964 03 09 00   -11   -39 10221    20    82     8 -9999     6
1964 03 09 06   -11   -61 10251   200    31     8 -9999     6
1964 03 09 12   -39   -61 10262     0     0     7 -9999     6
1964 03 09 18   -61   -78 10289    90    41     2 -9999 -9999
1964 03 10 00   -89  -100 10307    90    51     6 -9999 -9999
1964 03 10 06   -61   -89 10338    90    62     7 -9999 -9999
1964 03 10 12   -78  -111 10355    40    51     1 -9999 -9999
1964 03 10 15  -139  -150 10371     0     0     0 -9999 -9999
1964 03 10 18  -161  -172 10383    40    31     0 -9999 -9999
1964 03 10 21  -150  -161 10380   340    21     0 -9999 -9999
1964 03 11 00  -139  -150 10394    20    21     0 -9999 -9999
1964 03 11 03  -128  -128 10416    40    21     3 -9999 -9999
1964 03 11 06   -61  -100 10409    40    10     8 -9999 -9999
1964 03 11 12   -72  -100 10378    20    21     7 -9999 -9999
1964 03 11 15   -89  -128 10384   340    21     8 -9999 -9999
1964 03 11 18   -61  -128 10360     0     0     6 -9999 -9999
1964 03 12 00   -39  -161 10353    40    51     2 -9999 -9999
1964 03 12 06     0   -72 10356     0     0     7 -9999 -9999
1964 03 12 12   -11   -28 10344    20    21     7 -9999 -9999
1964 03 12 18   -11   -50 10328    70    31     8 -9999 -9999
1964 03 13 00   -22   -39 10314    90    21     7 -9999 -9999
1964 03 13 06    28   -39 10315    70    41     8 -9999     6
1964 03 13 12    22     0 10315     0     0     8 -9999     3
1964 03 13 15     0     0 10314     0     0     7 -9999 -9999
1964 03 13 18   -22   -22 10307     0     0     3 -9999     6
1964 03 14 00   -50   -61 10282     0     0     9 -9999 -9999
1964 03 14 06   -11   -22 10270     0     0     7 -9999 -9999
1964 03 14 12     0   -22 10230     0     0     6 -9999 -9999
1964 03 14 18    39   -50 10193    20    41     8 -9999 -9999
1964 03 15 00    28    11 10162    20    82     8 -9999     3
1964 03 15 06    11    11 10174   200    31     8 -9999    30
1964 03 15 12    11     0 10182    80    21     7 -9999     6
1964 03 15 15     0     0 10202     0     0     9 -9999 -9999
1964 03 15 18     0     0 10200     0     0     9 -9999     6
1964 03 15 21     0     0 10193     0     0     9 -9999 -9999
1964 03 16 00     0     0 10203     0     0     9 -9999     6
1964 03 16 06    22    22 10220     0     0     8 -9999 -9999
1964 03 16 12    11    11 10225    90    10     8 -9999     5
1964 03 16 18    11    11 10235     0     0     8 -9999 -9999
1964 03 17 00     0     0 10238    90    21     8 -9999    70
1964 03 17 06     0   -11 10260   270    31     7 -9999     6
1964 03 17 12     0   -11 10262    70    21     7 -9999 -9999
1964 03 17 15   -11   -22 10278    90    21     7 -9999 -9999
1964 03 17 18   -11   -22 10270   290    10     8 -9999     6
1964 03 18 00   -22   -61 10276     0     0     7 -9999     6
1964 03 18 03   -22   -22 10292     0     0     7 -9999 -9999
1964 03 18 06   -11   -28 10288    90    21     7 -9999 -9999
1964 03 18 09    11   -28 10274    90    21     1 -9999 -9999
1964 03 18 12     0   -28 10265    90    10     7 -9999 -9999
1964 03 18 18   -11  -100 10260    20    62     8 -9999 -9999
1964 03 19 00   -28   -39 10269     0     0     8 -9999 -9999
1964 03 19 06     0   -50 10296   290    98     8 -9999     6
1964 03 19 12   -39   -89 10333   290   118     7 -9999     6
1964 03 19 15   -61  -122 10354   290    82     1 -9999 -9999
1964 03 19 18   -78  -111 10362    90    31     1 -9999     6
1964 03 20 00  -100  -128 10358    70    51     2 -9999     6
1964 03 20 06   -72  -111 10354    90    21     1 -9999     6
1964 03 20 09   -50   -89 10333     0     0     2 -9999 -9999
1964 03 20 12   -61   -89 10325     0     0     1 -9999 -9999
1964 03 20 18   -89  -111 10330    70    21     5 -9999 -9999
1964 03 21 00  -111  -128 10333    90    31     1 -9999     6
1964 03 21 06   -78  -111 10356    90    21     3 -9999     6
1964 03 21 12   -61  -111 10364     0     0     1 -9999     6
1964 03 21 15   -72  -111 10377   360    21     0 -9999 -9999
1964 03 21 18   -89  -111 10389     0     0     0 -9999 -9999
1964 03 21 21  -111  -139 10394    70    21     0 -9999 -9999
1964 03 22 00  -122  -139 10409   340    31     1 -9999 -9999
1964 03 22 06   -11  -100 10423     0     0     6 -9999 -9999
1964 03 22 09   -39   -78 10429   290    21     3 -9999 -9999
1964 03 22 12   -39   -78 10442   320    21     0 -9999 -9999
1964 03 22 15   -50   -72 10450   320    21     0 -9999 -9999
1964 03 22 18   -61   -72 10448     0     0     0 -9999 -9999
1964 03 23 00   -50  -122 10451    40    21     0 -9999 -9999
1964 03 23 03   -28   -89 10452     0     0     0 -9999 -9999
1964 03 23 06   -11   -78 10446    90    31     0 -9999 -9999
1964 03 23 12   -11   -61 10407    70    31     0 -9999 -9999
1964 03 23 18   -11  -100 10360    20    62     0 -9999 -9999
1964 03 24 00   -11  -139 10340    20    82     1 -9999 -9999
1964 03 24 06    61   -22 10330   160    31     0 -9999 -9999
1964 03 24 09    61   -61 10320    40    31     0 -9999 -9999
1964 03 24 12    28   -39 10315    40    51     0 -9999 -9999
1964 03 24 15    22   -61 10312    20    62     2 -9999 -9999
1964 03 24 18    22  -100 10312    20    72     5 -9999 -9999
1964 03 25 00    22  -122 10315    20    82     7 -9999 -9999
1964 03 25 06    78   -72 10296   140    21     7 -9999 -9999
1964 03 25 12    50    11 10284    70    10     7 -9999 -9999
1964 03 25 15    28   -39 10284    20    51     8 -9999 -9999
1964 03 25 18     0   -22 10282   290    21     5 -9999 -9999
1964 03 26 00     0   -11 10292     0     0     8 -9999     6
1964 03 26 06    50     0 10296   290    21     3 -9999 -9999
1964 03 26 12    72   -11 10283   270    21     1 -9999 -9999
1964 03 26 15    11   -11 10291    40    31     0 -9999 -9999
1964 03 26 18    11   -22 10282    40    41     0 -9999 -9999
1964 03 26 21    11   -39 10266    10    41     0 -9999 -9999
1964 03 27 00    11   -61 10257    20    41     1 -9999 -9999
1964 03 27 03    39   -39 10253    20    31     2 -9999 -9999
1964 03 27 06    72   -28 10234    90    21     2 -9999 -9999
1964 03 27 12    78    11 10188    70    21     7 -9999 -9999
1964 03 27 18    39     0 10135    10    31     1 -9999 -9999
1964 03 28 00   -22   -28 10161   270   139     8 -9999     6
1964 03 28 06    11   -72 10181   290    98     1 -9999     6
1964 03 28 12    11   -61 10201   290    82     1 -9999 -9999
1964 03 28 18   -22   -50 10216    90    21     0 -9999 -9999
1964 03 29 00   -39   -61 10214    70    21     2 -9999 -9999
1964 03 29 06    28   -61 10189   110    51     7 -9999 -9999
1964 03 29 12    28   -61 10143    70    31     8 -9999 -9999
1964 03 29 15    22   -61 10129    40    41     8 -9999 -9999
1964 03 29 18     0   -11 10116    90    21     8 -9999     5
1964 03 29 21     0   -11 10099   340    31     8 -9999 -9999
1964 03 30 00   -11   -22 10099   290    21     8 -9999     6
1964 03 30 06    11   -11 10129   270   139     2 -9999     6
1964 03 30 12    11   -39 10141   270    98     1 -9999 -9999
1964 03 30 15   -11   -28 10160    70    62     1 -9999 -9999
1964 03 30 18   -11   -50 10154    40    10     0 -9999 -9999
1964 03 31 00   -28   -39 10157   340    21     7 -9999 -9999
1964 03 31 03     0   -50 10160     0     0     8 -9999 -9999
1964 03 31 06    11   -50 10165   270    10     8 -9999 -9999
1964 03 31 09    28   -50 10156     0     0     8 -9999 -9999
1964 03 31 12    22   -28 10159   220    21     7 -9999 -9999
1964 03 31 15     0   -28 10175     0     0     5 -9999 -9999
1964 03 31 18   -11   -28 10184    90    10     8 -9999 -9999
1964 04 01 00   -11   -28 10187    90    10     8 -9999     6
1964 04 01 06     0   -11 10202    90    21     8 -9999    10
1964 04 01 12     0     0 10199   220    21     8 -9999    20
1964 04 01 18   -22   -39 10216   320    21     5 -9999     5
1964 04 01 21   -22   -39 10212    40    31     7 -9999 -9999
1964 04 02 00   -22   -39 10216    40    31     7 -9999 -9999
1964 04 02 03   -11   -22 10223    70    21     8 -9999 -9999
1964 04 02 06     0   -11 10217   200    21     8 -9999     3
1964 04 02 12    22   -22 10175   290    10     6 -9999     6
1964 04 02 15     0   -22 10179   340    21     6 -9999 -9999
1964 04 02 18     0  -100 10161   360    62     2 -9999 -9999
1964 04 02 21   -11   -89 10156    20    41     7 -9999 -9999
1964 04 03 00   -22  -111 10160    20    41     7 -9999 -9999
1964 04 03 03     0   -61 10172   270    21     7 -9999 -9999
1964 04 03 06    39   -28 10166   290    10     7 -9999 -9999
1964 04 03 09    50   -50 10159   290    41     7 -9999 -9999
1964 04 03 12    39   -39 10166   260    31     7 -9999 -9999
1964 04 03 15    11   -22 10189   290    41     8 -9999 -9999
1964 04 03 18    11   -22 10182    20    31     8 -9999     6
1964 04 03 21   -22   -22 10193   270    51     8 -9999 -9999
1964 04 04 00   -28   -61 10205   270    51     7 -9999     5
1964 04 04 03   -28   -50 10237    70    31     2 -9999 -9999
1964 04 04 06    11   -61 10228   110    21     6 -9999 -9999
1964 04 04 12    22   -72 10240   250    10     2 -9999 -9999
1964 04 04 15   -11   -39 10258     0     0     2 -9999 -9999
1964 04 04 18   -28   -50 10259     0     0     1 -9999 -9999
1964 04 05 00   -39   -61 10281     0     0     1 -9999 -9999
1964 04 05 03     0   -39 10291   250    10     0 -9999 -9999
1964 04 05 06    39   -61 10284   140    31     1 -9999 -9999
1964 04 05 18    11   -72 10217    40    51     3 -9999 -9999
1964 04 06 00    28   -39 10201    40    41     7 -9999 -9999
1964 04 06 06    89   -61 10205   160    41     7 -9999     6
1964 04 06 12    89   -39 10169    20    41     7 -9999 -9999
1964 04 06 15    61   -39 10154    20    62     7 -9999 -9999
1964 04 06 18    61   -50 10136    20    62     7 -9999 -9999
1964 04 07 00    39   -50 10104    20    72     7 -9999 -9999
1964 04 07 03   122   -50 10089    70    51     7 -9999 -9999
1964 04 07 06   139   -61 10078   110    41     7 -9999 -9999
1964 04 07 15    72    50 10070   320    10     8 -9999 -9999
1964 04 07 18    72    39 10065   360    21     8 -9999     3
1964 04 08 00    11     0 10079   270    41     8 -9999    40
1964 04 08 06    28     0 10092   270    31     7 -9999     6
1964 04 08 09    50   -61 10093   250    21     7 -9999 -9999
1964 04 08 12    28   -61 10118   270    51     1 -9999     6
1964 04 08 15   -11   -28 10135    90    41     1 -9999 -9999
1964 04 08 18   -11   -39 10150    90    41     2 -9999 -9999
1964 04 09 00   -22   -39 10159   340    41     8 -9999 -9999
1964 04 09 03    11   -39 10160     0     0     7 -9999 -9999
1964 04 09 06    61   -72 10151   110    31     8 -9999 -9999
1964 04 09 09    78   -28 10144   160    21     8 -9999 -9999
1964 04 09 12    61   -28 10153   250    21     7 -9999 -9999
1964 04 09 15    50   -11 10155     0     0     8 -9999 -9999
1964 04 09 18    28   -11 10155     0     0     7 -9999 -9999
1964 04 10 00    22   -11 10147     0     0     6 -9999 -9999
1964 04 10 06   128     0 10124   140    31     7 -9999 -9999
1964 04 10 12   128    22 10085    90    41     7 -9999 -9999
1964 04 10 15   100    11 10075    20    41     8 -9999 -9999
1964 04 10 18   100    11 10058    20    41     7 -9999 -9999
1964 04 11 00   139    22 10038    20    41     7 -9999 -9999
1964 04 11 06   178    39 10047   140    41     7 -9999     6
1964 04 11 12   122    50 10059   170    82     8 -9999     6
1964 04 11 15    89    78 10086   180    21     8 -9999 -9999
1964 04 11 18    61    50 10107   140    31     8 -9999    10
1964 04 12 00    22    22 10131   110    41     8 -9999     6
1964 04 12 06    39    28 10183   110    41     7 -9999    10
1964 04 12 12    28    11 10201   290    51     8 -9999     6
1964 04 12 15     0   -11 10217   340    41     7 -9999 -9999
1964 04 12 18     0     0 10207     0     0     8 -9999     6
1964 04 12 21     0     0 10194     0     0     7 -9999 -9999
1964 04 13 00   -11   -22 10211     0     0     8 -9999 -9999
1964 04 13 06    50    28 10199   200    10     7 -9999 -9999
1964 04 13 12   111    28 10171   220    31     7 -9999 -9999
1964 04 13 15    50    28 10196   320    41     1 -9999 -9999
1964 04 13 18    39    22 10190   180    21     7 -9999 -9999
1964 04 14 00    28    22 10171    90    31     6 -9999 -9999
1964 04 14 06   122    22 10169   270    31     7 -9999 -9999
1964 04 14 12   122    11 10147   270    41     7 -9999 -9999
1964 04 14 15    72    11 10157   340    21     1 -9999 -9999
1964 04 14 18    61   -11 10144     0     0     0 -9999 -9999
1964 04 15 00    61   -39 10119    20    62     8 -9999 -9999
1964 04 15 12   150    11 10067     0     0     7 -9999 -9999
1964 04 15 18   100   -22 10059    20    51     8 -9999 -9999
1964 04 16 00    72     0 10056     0     0     7 -9999 -9999
1964 04 16 06   150    50 10058   290    21     7 -9999 -9999
1964 04 16 12   139    28 10069   290    62     7 -9999 -9999
1964 04 16 15    89    28 10085   270    82     2 -9999 -9999
1964 04 16 18    72    22 10089     0     0     2 -9999 -9999
1964 04 17 00    61    22 10119    70    21     8 -9999 -9999
1964 04 17 06    89   -11 10143   270    62     8 -9999 -9999
1964 04 17 12    89     0 10126   270    82     8 -9999 -9999
1964 04 17 15    72   -11 10141   260    31     8 -9999 -9999
1964 04 17 18    61   -11 10151   250    10     8 -9999 -9999
1964 04 18 00    28   -11 10152   160    31     8 -9999 -9999
1964 04 18 06    39    22 10169     0     0     8 -9999     3
1964 04 18 09    39     0 10162   320    51     8 -9999 -9999
1964 04 18 12    22    11 10171    90    62     8 -9999     3
1964 04 18 15    22    11 10190    90    51     8 -9999 -9999
1964 04 18 18    22     0 10186    70    41     8 -9999     3
1964 04 19 00    11     0 10191    40    21     7 -9999     6
1964 04 19 06    72   -50 10182   270    41     7 -9999 -9999
1964 04 19 12    78  -111 10180   290    62     7 -9999 -9999
1964 04 19 18    28   -61 10184   340    31     7 -9999 -9999
1964 04 20 00   -22   -39 10204    40    10     1 -9999 -9999
1964 04 20 06    72   -28 10194   200    31     1 -9999 -9999
1964 04 20 12   100   -50 10181   270    41     2 -9999 -9999
1964 04 20 15    50   -11 10184     0     0     2 -9999 -9999
1964 04 20 18    28   -22 10194     0     0     2 -9999 -9999
1964 04 21 00    11   -39 10212   220    10     6 -9999 -9999
1964 04 21 03    61   -28 10227   140    21     0 -9999 -9999
1964 04 21 06   100   -78 10220   200    31     1 -9999 -9999
1964 04 21 09   122   -72 10208   270    31     1 -9999 -9999
1964 04 21 12   128   -72 10208   270    10     1 -9999 -9999
1964 04 21 15    78   -39 10221   290    21     1 -9999 -9999
1964 04 21 18    72   -72 10226    20    62     1 -9999 -9999
1964 04 22 00    78   -89 10228    20    62     5 -9999 -9999
1964 04 22 03   111   -72 10233    90    10     7 -9999 -9999
1964 04 22 06   139   -72 10213   140    31     7 -9999 -9999
1964 04 22 09   150   -61 10190    40    21     7 -9999 -9999
1964 04 22 12   150   -78 10178    20    21     7 -9999 -9999
1964 04 22 15   122   -50 10176    20    51     7 -9999 -9999
1964 04 22 18   111   -50 10166    20    72     7 -9999 -9999
1964 04 23 00    78    11 10166     0     0     1 -9999 -9999
1964 04 23 03   111    22 10161   270    21     1 -9999 -9999
1964 04 23 06   139   -11 10141   270    21     2 -9999 -9999
1964 04 23 12   161   -22 10119   140    21     7 -9999 -9999
1964 04 23 15   122    22 10124    70    31     7 -9999 -9999
1964 04 23 18   111   -11 10118    20    62     4 -9999 -9999
1964 04 24 00   139   -61 10126    20    72     8 -9999 -9999
1964 04 24 03   161   -22 10140    20    31     8 -9999 -9999
1964 04 24 06   172     0 10133    40    21     7 -9999 -9999
1964 04 24 12   139    39 10156   320    82     8 -9999     6
1964 04 24 15   100    78 10173   290    31     8 -9999 -9999
1964 04 24 18    89    61 10184   270    51     8 -9999     3
1964 04 25 00    61     0 10238   340    41     2 -9999 -9999
1964 04 25 06   128   -39 10252   320    82     6 -9999 -9999
1964 04 25 12   139   -50 10246   290    62     1 -9999 -9999
1964 04 25 15    78   -28 10259   320    51     1 -9999 -9999
1964 04 25 18    78   -50 10253   360    41     1 -9999 -9999
1964 04 26 00    72   -72 10249   300    62     1 -9999 -9999
1964 04 26 06   161   -50 10239   250    31     3 -9999 -9999
1964 04 26 12   161   -22 10221   270    41     2 -9999 -9999
1964 04 26 15   122   -11 10225   290    21     7 -9999 -9999
1964 04 26 18   100   -39 10224   340    21     7 -9999 -9999
1964 04 27 00   100   -39 10218    20    51     7 -9999 -9999
1964 04 27 06   139   -11 10228   250    21     7 -9999 -9999
1964 04 27 12   161     0 10206     0     0     7 -9999 -9999
1964 04 27 15   111    28 10223    20    82     8 -9999 -9999
1964 04 27 18   111    28 10227    20    51     8 -9999     6
1964 04 28 00    89    39 10222   360    82     7 -9999     6
1964 04 28 06   161    11 10220   290    62     7 -9999     6
1964 04 28 09   172    11 10213   250    82     3 -9999 -9999
1964 04 28 12   172   -61 10213   320    51     1 -9999 -9999
1964 04 28 15   128   -39 10224   360    41     1 -9999 -9999
1964 04 28 18   111   -39 10237    40    31     7 -9999 -9999
1964 04 28 21   100   -61 10239    20    21     7 -9999 -9999
1964 04 29 00    72   -22 10256     0     0     2 -9999 -9999
1964 04 29 03   150   -22 10250   110    21     1 -9999 -9999
1964 04 29 06   178   -28 10237   200    31     1 -9999 -9999
1964 04 29 12   200   -22 10202   290    10     6 -9999 -9999
1964 04 29 18   139   -61 10174    20    72     2 -9999 -9999
1964 04 29 21   128   -78 10157    20    82     1 -9999 -9999
1964 04 30 00   122   -61 10164    20    62     3 -9999 -9999
1964 04 30 03   150   -11 10169   220    31     2 -9999 -9999
1964 04 30 06   189    22 10142   270   118     5 -9999 -9999
1964 04 30 09   178     0 10157   320    98     7 -9999 -9999
1964 04 30 12   150   -89 10156   320    98     6 -9999 -9999
1964 04 30 15   122  -111 10167   320    72     2 -9999 -9999
1964 04 30 18    78   -78 10173   290    51     1 -9999 -9999
1964 05 01 00    39   -72 10199    90    21     1 -9999 -9999
1964 05 01 03   100   -72 10197    40    10     5 -9999 -9999
1964 05 01 06   161  -128 10180   270    62     6 -9999 -9999
1964 05 01 09   178  -128 10163   270    82     3 -9999 -9999
1964 05 01 12   172  -128 10163   290    98     1 -9999 -9999
1964 05 01 15   100   -89 10173   340    41     1 -9999 -9999
1964 05 01 18   111  -139 10164   360    41     1 -9999 -9999
1964 05 01 21    89  -161 10164    20    62     1 -9999 -9999
1964 05 02 00    78  -111 10179   320    10     0 -9999 -9999
1964 05 02 06   189  -189 10172    90    21     1 -9999 -9999
1964 05 02 09   211  -150 10156   140    31     1 -9999 -9999
1964 05 02 12   211  -122 10147   110    10     1 -9999 -9999
1964 05 02 15   161  -139 10148    20    62     1 -9999 -9999
1964 05 02 18   139  -150 10131    20    82     0 -9999 -9999
1964 05 03 00   150  -178 10127    20    72     2 -9999 -9999
1964 05 03 06   239  -139 10119   110    21     7 -9999 -9999
1964 05 03 12   250  -100 10089    40    21     7 -9999 -9999
1964 05 03 15   189  -100 10089    20    72     7 -9999 -9999
1964 05 03 18   189  -100 10080    20    82     7 -9999 -9999
1964 05 04 00   150   -28 10086     0     0     7 -9999 -9999
1964 05 04 06   172    61 10085   270    31     7 -9999 -9999
1964 05 04 12   172    50 10102   320    72     7 -9999     6
1964 05 04 18   122    61 10134   290    31     1 -9999 -9999
1964 05 04 21   100    50 10136   320    41     7 -9999 -9999
1964 05 05 00    89    61 10155     0     0     6 -9999 -9999
1964 05 05 03   150    50 10155   250    21     6 -9999 -9999
1964 05 05 06   178    28 10161   250    51     7 -9999     6
1964 05 05 12   178   -28 10139   320    62     4 -9999 -9999
1964 05 05 15   139    11 10157   290   118     7 -9999 -9999
1964 05 05 18   100    22 10163   290    72     1 -9999     6
1964 05 06 00    78    22 10178    40    31     1 -9999 -9999
1964 05 06 06   172   -11 10186   250    62     1 -9999 -9999
1964 05 06 12   189   -39 10177   290    87     1 -9999 -9999
1964 05 06 15   139   -22 10197   340    72     0 -9999 -9999
1964 05 06 18   100   -22 10203   340    21     0 -9999 -9999
1964 05 07 00    89   -22 10220   290    21     1 -9999 -9999
1964 05 07 03   139   -39 10228   110    21     1 -9999 -9999
1964 05 07 06   189   -50 10216   260    21     1 -9999 -9999
1964 05 07 12   211   -61 10183   270    31     0 -9999 -9999
1964 05 07 15   150   -78 10184   360    31     0 -9999 -9999
1964 05 07 18   150  -122 10181    20    82     0 -9999 -9999
1964 05 08 00   150  -111 10184    20    62     1 -9999 -9999
1964 05 08 06   222   -39 10180   200    31     4 -9999 -9999
1964 05 08 12   228   -61 10154   140    21     7 -9999 -9999
1964 05 08 15   161   -50 10169    90    31     7 -9999 -9999
1964 05 08 18   161   -72 10163    20    72     1 -9999 -9999
1964 05 09 00   161   -72 10161    20    62     6 -9999 -9999
1964 05 09 03   200   -39 10177   140    21     4 -9999 -9999
1964 05 09 06   222   -22 10165   200    31     6 -9999 -9999
1964 05 09 09   250   -11 10150   270    31     7 -9999 -9999
1964 05 09 12   239    39 10145   270    51     7 -9999 -9999
1964 05 09 15   178    22 10154   320    41     5 -9999 -9999
1964 05 09 18   172   -28 10146    20    62     3 -9999 -9999
1964 05 10 00   178   -50 10145    20    62     7 -9999 -9999
1964 05 10 06   239    22 10134   250    31     7 -9999 -9999
1964 05 10 09   250    11 10122    20    31     7 -9999 -9999
1964 05 10 12   228    22 10112    70    41     7 -9999     6
1964 05 10 15   200    11 10112    20    72     7 -9999 -9999
1964 05 10 18   200    11 10097    20    62     6 -9999     6
1964 05 11 00   161    28 10091    20    31     2 -9999 -9999
1964 05 11 03   200    22 10087   160    31     7 -9999 -9999
1964 05 11 06   222    22 10071   200    21     7 -9999 -9999
1964 05 11 09   222    22 10056   290    51     7 -9999 -9999
1964 05 11 12   172    50 10078   290   118     8 -9999     6
1964 05 11 15   128    72 10089   270    41     8 -9999 -9999
1964 05 11 18   100    72 10103   270    82     7 -9999     3
1964 05 12 00    39    28 10151   290    21     6 -9999 -9999
1964 05 12 06   128    22 10128   290    31     7 -9999 -9999
1964 05 12 12   139   -28 10111   220    51     7 -9999 -9999
1964 05 12 15   111   -39 10107     0     0     7 -9999 -9999
1964 05 12 18   111   -11 10101     0     0     8 -9999     6
1964 05 13 00    89    61 10116   140    31     8 -9999     3
1964 05 13 06   139    50 10122    90    21     7 -9999 -9999
1964 05 13 09   161    39 10100   140    10     8 -9999 -9999
1964 05 13 12   161    28 10086   320    21     7 -9999 -9999
1964 05 13 15   139    11 10093   360    82     7 -9999 -9999
1964 05 13 18   111    72 10103    20    51     7 -9999    10
1964 05 14 00    89    72 10093     0     0     7 -9999     6
1964 05 14 03   139    78 10097   200    82     1 -9999 -9999
1964 05 14 06   178    50 10094   250    10     7 -9999 -9999
1964 05 14 09   172    50 10094   250    51     8 -9999 -9999
1964 05 14 12   172    78 10093   250    21     8 -9999 -9999
1964 05 14 15   139    61 10103   270    21     8 -9999 -9999
1964 05 14 18   128    78 10121   320    51     8 -9999     5
1964 05 15 00    89    39 10159   270    87     7 -9999 -9999
1964 05 15 03   111    22 10185   270    87     7 -9999 -9999
1964 05 15 06   139   -22 10181   270    72     7 -9999     6
1964 05 15 12   139   -39 10176   290   118     7 -9999 -9999
1964 05 15 15   111   -61 10204   290    82     5 -9999 -9999
1964 05 15 18    89   -50 10221   270    98     7 -9999 -9999
1964 05 16 00    61   -61 10243   270    98     7 -9999 -9999
1964 05 16 03    78   -39 10267   290    82     7 -9999 -9999
1964 05 16 06   111   -61 10258   270    72     7 -9999 -9999
1964 05 16 12   122   -39 10254   280    82     7 -9999 -9999
1964 05 16 15   100   -28 10266   290    62     7 -9999 -9999
1964 05 16 18    78   -22 10256   270    72     2 -9999 -9999
1964 05 17 00    61   -11 10245    70    31     1 -9999 -9999
1964 05 17 06   139   -39 10226   290    31     2 -9999 -9999
1964 05 17 09   150   -50 10212   270    41     2 -9999 -9999
1964 05 17 12   150   -61 10206   250    87     2 -9999 -9999
1964 05 17 15   111   -61 10215   290    41     1 -9999 -9999
1964 05 17 18    78   -61 10208   340    41     0 -9999 -9999
1964 05 18 00    89   -28 10196    40    21     7 -9999 -9999
1964 05 18 03   122   -28 10197   250    21     2 -9999 -9999
1964 05 18 06   150   -61 10179   220    72     4 -9999 -9999
1964 05 18 12   150   -28 10165   270    72     7 -9999 -9999
1964 05 18 15   100   -22 10176   320    41     6 -9999 -9999
1964 05 18 18   100   -39 10170   340    10     7 -9999 -9999
1964 05 19 00    72   -22 10169   320    10     7 -9999 -9999
1964 05 19 03   128   -11 10166   200    21     6 -9999 -9999
1964 05 19 06   161   -22 10149   250    21     5 -9999 -9999
1964 05 19 12   161   -28 10139   270    31     6 -9999     6
1964 05 19 18   122   -50 10130    20    72     1 -9999 -9999
1964 05 20 00    89   -11 10129     0     0     7 -9999 -9999
1964 05 20 03   139   -22 10130   290    31     7 -9999 -9999
1964 05 20 06   128    11 10144   250    51     8 -9999     6
1964 05 20 09   161   -11 10129   110    31     7 -9999 -9999
1964 05 20 12   161   -11 10126   270    31     7 -9999     6
1964 05 20 15   100    28 10136   290    41     7 -9999 -9999
1964 05 20 18    61    11 10150    70    21     7 -9999 -9999
1964 05 20 21    72    22 10154    40    10     1 -9999 -9999
1964 05 21 00    72    22 10158    90    31     1 -9999 -9999
1964 05 21 06   161     0 10162   270    21     1 -9999 -9999
1964 05 21 12   172   -11 10148   320    62     6 -9999 -9999
1964 05 21 15   128    28 10166   290    72     1 -9999 -9999
1964 05 21 18    89    28 10182   320    31     1 -9999 -9999
1964 05 22 00   100    28 10191   320    21     2 -9999 -9999
1964 05 22 06   200   -11 10183   200    31     2 -9999 -9999
1964 05 22 12   178    22 10189   320    51     7 -9999     6
1964 05 22 15   172     0 10190    20    82     7 -9999 -9999
1964 05 22 18   161    11 10202    90    41     7 -9999     6
1964 05 23 00   139    22 10204    50    21     1 -9999     6
1964 05 23 06   222     0 10190   200    21     4 -9999 -9999
1964 05 23 12   228   -11 10178   220    21     2 -9999 -9999
1964 05 23 15   161   -28 10191     0     0     7 -9999 -9999
1964 05 23 18   172   -28 10190    20    62     7 -9999 -9999
1964 05 24 00   161   -39 10192    20    51     6 -9999 -9999
1964 05 24 03   211    11 10203   160    21     7 -9999 -9999
1964 05 24 06   239   -28 10185   200    31     7 -9999 -9999
1964 05 24 09   250   -28 10170   290    41     7 -9999 -9999
1964 05 24 12   228   -39 10167   340    21     7 -9999 -9999
1964 05 24 15   178   -22 10175    20    41     7 -9999 -9999
1964 05 24 18   178   -22 10169   320    21     7 -9999 -9999
1964 05 25 00   178   -78 10166   320    82     7 -9999 -9999
1964 05 25 06   239   -28 10161     0     0     7 -9999 -9999
1964 05 25 09   261   -11 10141   250    41     7 -9999 -9999
1964 05 25 12   239    28 10134   290    41     7 -9999 -9999
1964 05 25 15   200   -11 10140   360    21     7 -9999 -9999
1964 05 25 18   172    22 10140     0     0     7 -9999 -9999
1964 05 26 00   178   -22 10138   340    41     4 -9999 -9999
1964 05 26 06   250    11 10130   270    21     7 -9999 -9999
1964 05 26 12   250    22 10108   270    41     4 -9999 -9999
1964 05 26 15   211    22 10119   320    41     7 -9999 -9999
1964 05 26 18   200    22 10109   340    31     6 -9999 -9999
1964 05 27 00   161    72 10124   290    31     7 -9999     6
1964 05 27 06   139   100 10164   270    10     7 -9999    30
1964 05 27 09   150    78 10156   270    82     7 -9999 -9999
1964 05 27 12   150    61 10162   270    72     7 -9999     6
1964 05 27 15   122    61 10188     0     0     7 -9999 -9999
1964 05 27 18   100    72 10199    70    21     7 -9999     6
1964 05 28 00   111    61 10195    70    21     7 -9999 -9999
1964 05 28 03   150    72 10198   110    31     7 -9999 -9999
1964 05 28 06   178    22 10183   140    31     7 -9999 -9999
1964 05 28 12   189    11 10144     0     0     7 -9999 -9999
1964 05 28 15   178    11 10132    90    31     7 -9999 -9999
1964 05 28 18   172    22 10118    70    31     7 -9999 -9999
1964 05 29 00   122    78 10139   270    41     7 -9999     5
1964 05 29 03   128   100 10142   110    51     7 -9999 -9999
1964 05 29 06   172    89 10138   140    21     7 -9999 -9999
1964 05 29 09   178    61 10130   200    21     7 -9999 -9999
1964 05 29 12   178    39 10133   270    72     6 -9999     6
1964 05 29 15   139    22 10140   290    62     7 -9999 -9999
1964 05 29 18   122    11 10150   290    41     6 -9999 -9999
1964 05 29 21    89    11 10153     0     0     1 -9999 -9999
1964 05 30 00    89    11 10162    90    41     1 -9999 -9999
1964 05 30 06   150    22 10158   270    31     1 -9999 -9999
1964 05 30 09   211    22 10156   290    72     4 -9999 -9999
1964 05 30 12   228   -61 10150   360    62     1 -9999 -9999
1964 05 30 15   150   -28 10172    40    31     1 -9999 -9999
1964 05 30 18   150   -50 10180    40    51     0 -9999 -9999
1964 05 31 00   161   -61 10181   320    10     0 -9999 -9999
1964 05 31 06   228   -50 10178   140    21     1 -9999 -9999
1964 05 31 12   250   -28 10146     0     0     1 -9999 -9999
1964 05 31 15   178   -11 10158   340    21     1 -9999 -9999
1964 05 31 18   178   -39 10151    20    82     1 -9999 -9999
1964 06 01 00   189   -50 10149    20    72     1 -9999 -9999
1964 06 01 06   261   -28 10153   160    21     1 -9999 -9999
1964 06 01 09   278   -50 10132   160    31     1 -9999 -9999
1964 06 01 12   278   -28 10121     0     0     1 -9999 -9999
1964 06 01 15   228   -39 10131   360    31     1 -9999 -9999
1964 06 01 18   211   -61 10127    20    87     0 -9999 -9999
1964 06 01 21   200   -61 10127    20    51     0 -9999 -9999
1964 06 02 00   161    11 10145   220    31     1 -9999 -9999
1964 06 02 03   261   -22 10140   140    31     1 -9999 -9999
1964 06 02 06   289   -28 10127   200    41     1 -9999 -9999
1964 06 02 12   300    11 10098     0     0     2 -9999 -9999
1964 06 02 15   239   -28 10098    20    51     1 -9999 -9999
1964 06 02 18   228   -28 10090    20    72     2 -9999 -9999
1964 06 03 00   222     0 10110   180    21     7 -9999 -9999
1964 06 03 03   211    28 10136    20    21     8 -9999 -9999
1964 06 03 06   222    89 10144     0     0     8 -9999     6
1964 06 03 12   222   100 10140   110    10     7 -9999     6
1964 06 03 15   189    89 10141     0     0     7 -9999 -9999
1964 06 03 18   172    39 10148   290    31     7 -9999 -9999
1964 06 04 00   139    39 10152    70    10     7 -9999 -9999
1964 06 04 03   211    61 10147   110    21     2 -9999 -9999
1964 06 04 06   239    28 10131   270    51     3 -9999 -9999
1964 06 04 12   239    61 10104   270    82     1 -9999 -9999
1964 06 04 15   189    50 10111   290    51     1 -9999 -9999
1964 06 04 18   161    39 10106   320    41     1 -9999 -9999
1964 06 05 00   178    39 10096    40    21     2 -9999 -9999
1964 06 05 06   250    50 10074   200    31     3 -9999 -9999
1964 06 05 12   189   122 10106   270    98     7 -9999    20
1964 06 05 15   128    50 10106   290   118     7 -9999 -9999
1964 06 05 18   122    28 10100   290    98     8 -9999     6
1964 06 05 21   100     0 10096   290    98     7 -9999 -9999
1964 06 06 00    89     0 10126   290    72     2 -9999 -9999
1964 06 06 06   150     0 10128   250    41     5 -9999 -9999
1964 06 06 12   161   -39 10121   290   118     2 -9999 -9999
1964 06 06 15   128   -28 10148   290    72     2 -9999 -9999
1964 06 06 18   100     0 10151   270    62     1 -9999 -9999
1964 06 07 00    78    11 10152   290    31     5 -9999 -9999
1964 06 07 03   122    22 10158   110    10     1 -9999 -9999
1964 06 07 06   161    11 10154   220    21     1 -9999 -9999
1964 06 07 09   189    72 10144   270    62     2 -9999 -9999
1964 06 07 12   189   -11 10137   270    82     1 -9999 -9999
1964 06 07 15   161   -28 10150   290    82     1 -9999 -9999
1964 06 07 18   100   -22 10155    90    21     0 -9999 -9999
1964 06 08 00   122   -22 10161    70    21     1 -9999 -9999
1964 06 08 06   200   -39 10155   200    21     3 -9999 -9999
1964 06 08 12   200     0 10125   270    31     7 -9999 -9999
1964 06 08 15   178   -22 10136   320    31     7 -9999 -9999
1964 06 08 18   150   -11 10121    40    21     1 -9999 -9999
1964 06 08 21   139    11 10113     0     0     2 -9999 -9999
1964 06 09 00   128    28 10120   250    21     1 -9999 -9999
1964 06 09 06   228    28 10114   200    31     1 -9999 -9999
1964 06 09 12   261   100 10083   270    21     1 -9999 -9999
1964 06 09 15   211    72 10085   320    31     1 -9999 -9999
1964 06 09 18   178    78 10081     0     0     0 -9999 -9999
1964 06 10 00   200    50 10070    20    41     1 -9999 -9999
1964 06 10 06   272    61 10069   200    31     1 -9999 -9999
1964 06 10 09   289    61 10051   250    21     1 -9999 -9999
1964 06 10 12   289    72 10032   200    21     1 -9999 -9999
1964 06 10 15   222    28 10035    20    10     1 -9999 -9999
1964 06 10 18   222    22 10032    20    62     1 -9999 -9999
1964 06 11 00   228    11 10011    90    72     1 -9999 -9999
1964 06 11 06   311    28 10012   160    10     7 -9999 -9999
1964 06 11 12   250    89 10021   270    98     7 -9999 -9999
1964 06 11 18   172    72 10063   290   118     7 -9999 -9999
1964 06 11 21   172    72 10092   290   118     7 -9999 -9999
1964 06 12 00   139    22 10121   290    87     7 -9999 -9999
1964 06 12 03   128    50 10144   340    31     8 -9999 -9999
1964 06 12 06   178    72 10138   160    21     7 -9999     6
1964 06 12 09   189    50 10128   220    31     7 -9999 -9999
1964 06 12 12   200    50 10126   270    31     6 -9999 -9999
1964 06 12 15   161    22 10133   290    41     1 -9999 -9999
1964 06 12 18   128    22 10123   200    10     3 -9999 -9999
1964 06 13 00   122    28 10113    40    31     7 -9999 -9999
1964 06 13 06   189    50 10119   290    41     7 -9999     6
1964 06 13 09   172    39 10124   300    72     7 -9999 -9999
1964 06 13 12   172    61 10120   270    41     6 -9999     6
1964 06 13 15   122    50 10130   260    31     1 -9999 -9999
1964 06 13 18    89    39 10133    90    41     1 -9999 -9999
1964 06 13 21    78    28 10137    70    21     1 -9999 -9999
1964 06 14 00   122    39 10133     0     0     1 -9999 -9999
1964 06 14 06   189    39 10123   220    10     1 -9999 -9999
1964 06 14 12   222    61 10075   250    31     1 -9999 -9999
1964 06 14 15   178    50 10080   280    21     1 -9999 -9999
1964 06 14 18   139    22 10084   260    10     1 -9999 -9999
1964 06 15 00   128    50 10087     0     0     3 -9999 -9999
1964 06 15 03   200    78 10087   270    51     3 -9999 -9999
1964 06 15 06   222   -11 10084   290    98     1 -9999 -9999
1964 06 15 12   239    28 10064   270    82     1 -9999 -9999
1964 06 15 15   178   -11 10071   280    51     1 -9999 -9999
1964 06 15 18   150     0 10078   360    10     0 -9999 -9999
1964 06 16 00   128    39 10082   320    10     1 -9999 -9999
1964 06 16 03   200    11 10081   140    21     1 -9999 -9999
1964 06 16 06   250    22 10063   250    31     1 -9999 -9999
1964 06 16 12   272    50 10039   270    31     1 -9999 -9999
1964 06 16 15   211   -22 10044     0     0     1 -9999 -9999
1964 06 16 18   178    11 10047     0     0     0 -9999 -9999
1964 06 16 21   172    11 10042     0     0     0 -9999 -9999
1964 06 17 00   189    11 10049    70    10     1 -9999 -9999
1964 06 17 06   289   -22 10064   180    21     1 -9999 -9999
1964 06 17 09   300   -11 10054   270    21     1 -9999 -9999
1964 06 17 12   300     0 10043   360    10     1 -9999 -9999
1964 06 17 15   239   -22 10048   340    10     1 -9999 -9999
1964 06 17 18   239   -22 10046    20    72     0 -9999 -9999
1964 06 18 00   239    11 10048    20    62     1 -9999 -9999
1964 06 18 06   311    22 10042   290    21     1 -9999 -9999
1964 06 18 12   311    78 10012   270    21     1 -9999 -9999
1964 06 18 15   272   -39 10025   340    41     4 -9999 -9999
1964 06 18 18   261   -39 10019   320    82     1 -9999 -9999
1964 06 19 00   261   -50 10025   300    82     1 -9999 -9999
1964 06 19 06   322    39 10031   220    21     1 -9999 -9999
1964 06 19 12   322   100 10008   270    21     1 -9999 -9999
1964 06 19 15   261   -28 10022   360    31     2 -9999 -9999
1964 06 19 18   272   -61 10004    20    72     6 -9999 -9999
1964 06 19 21   200    11 10020   320    31     4 -9999 -9999
1964 06 20 00   200    39 10034    90    31     7 -9999 -9999
1964 06 20 06   228   100 10060   270    82     8 -9999 -9999
1964 06 20 12   250   150 10072   250    21     7 -9999     3
1964 06 20 18   189   100 10082   290    31     7 -9999 -9999
1964 06 21 00   250   100 10100     0     0     7 -9999 -9999
1964 06 21 03   211    78 10110   270    21     7 -9999 -9999
1964 06 21 06   250    50 10104   250    21     7 -9999 -9999
1964 06 21 09   272    28 10085   320    31     2 -9999 -9999
1964 06 21 12   261    61 10077   270    41     1 -9999 -9999
1964 06 21 15   222    61 10089   290    31     1 -9999 -9999
1964 06 21 18   200    22 10083    20    41     1 -9999 -9999
1964 06 22 00   211    28 10069    20    62     1 -9999 -9999
1964 06 22 06   272    72 10050   270    31     1 -9999 -9999
1964 06 22 09   289    72 10029   270    41     1 -9999 -9999
1964 06 22 12   278    78 10019   270    31     1 -9999 -9999
1964 06 22 15   222    61 10031   340    21     1 -9999 -9999
1964 06 22 18   228    28 10021    20    82     0 -9999 -9999
1964 06 23 00   228    22 10009    20    82     1 -9999 -9999
1964 06 23 06   300    61 10002   220    21     6 -9999 -9999
1964 06 23 09   322    28  9981   320    21     2 -9999 -9999
1964 06 23 12   311   100  9970     0     0     6 -9999 -9999
1964 06 23 15   261    39  9984   360    21     3 -9999 -9999
1964 06 23 18   261     0  9977    20    72     4 -9999 -9999
1964 06 24 00   228   100  9995    40    31     7 -9999 -9999
1964 06 24 06   289   111  9998   270    41     7 -9999 -9999
1964 06 24 12   261   111  9995   270    82     7 -9999     6
1964 06 24 15   200   122 10029   270    98     7 -9999 -9999
1964 06 24 18   189   122 10032   270    72     8 -9999     6
1964 06 25 00   150   139 10078    90    21     8 -9999    20
1964 06 25 03   178   150 10099     0     0     8 -9999 -9999
1964 06 25 06   178   122 10111   250    51     7 -9999     6
1964 06 25 12   211   128 10093   180    21     7 -9999     6
1964 06 25 15   189   139 10103    90    31     7 -9999 -9999
1964 06 25 18   161   128 10106    90    41     6 -9999 -9999
1964 06 25 21   150   122 10103    40    21     6 -9999 -9999
1964 06 26 00   150   122 10098   340    10     7 -9999 -9999
1964 06 26 06   228   111 10079   140    31     7 -9999 -9999
1964 06 26 12   261   100 10053   200    21     7 -9999 -9999
1964 06 26 15   211    89 10063    40    21     3 -9999 -9999
1964 06 26 18   200    78 10060    20    62     2 -9999 -9999
1964 06 27 00   161    89 10058     0     0     1 -9999 -9999
1964 06 27 06   289    89 10032   220    31     1 -9999 -9999
1964 06 27 12   300    72  9999   290    51     3 -9999 -9999
1964 06 27 15   250    50 10011   320    31     4 -9999 -9999
1964 06 27 18   211    72 10012   340    31     2 -9999 -9999
1964 06 28 00   222    89 10023    20    10     1 -9999 -9999
1964 06 28 06   289    89 10005   110    10     2 -9999 -9999
1964 06 28 12   272   111  9984   270    41     7 -9999 -9999
1964 06 28 15   250    78  9993   320    51     7 -9999 -9999
1964 06 28 18   222    78  9994     0     0     7 -9999 -9999
1964 06 29 00   211   100 10028   270    41     8 -9999     6
1964 06 29 06   228   150 10042   220    21     7 -9999    10
1964 06 29 12   228   150 10034   270    21     7 -9999 -9999
1964 06 29 15   178   139 10043     0     0     7 -9999 -9999
1964 06 29 18   178   100 10037    20    21     1 -9999 -9999
1964 06 30 00   150   111 10057     0     0     7 -9999 -9999
1964 06 30 06   161   100 10037   290    21     7 -9999 -9999
1964 06 30 12   222   122 10033   250    31     7 -9999     6
1964 06 30 15   200   111 10039   290    21     7 -9999 -9999
1964 06 30 18   178    78 10044   320    21     1 -9999 -9999
1964 07 01 00   189   100 10043    40    21     1 -9999 -9999
1964 07 01 06   272    72 10020   250    21     1 -9999 -9999
1964 07 01 12   289    61  9992   290    62     2 -9999 -9999
1964 07 01 15   239    72 10006   290    51     5 -9999 -9999
1964 07 01 18   200    72 10021   360    21     1 -9999 -9999
1964 07 02 00   178    78 10021   320    21     1 -9999 -9999
1964 07 02 06   278    78 10008   270    21     2 -9999 -9999
1964 07 02 12   272   100  9991   270    82     7 -9999 -9999
1964 07 02 15   200   111 10007   270    31     7 -9999 -9999
1964 07 02 18   178   100 10013    40    31     3 -9999 -9999
1964 07 03 00   189    89 10015   320    31     7 -9999 -9999
1964 07 03 06   272   111 10024   220    41     7 -9999 -9999
1964 07 03 12   228   128 10022   270    41     7 -9999 -9999
1964 07 03 15   228    89 10023   290    51     7 -9999 -9999
1964 07 03 18   189   122 10026     0     0     7 -9999     6
1964 07 03 21   172   122 10029     0     0     7 -9999 -9999
1964 07 04 00   189   111 10040    40    21     7 -9999     6
1964 07 04 06   228   100 10021   270    51     6 -9999 -9999
1964 07 04 12   211   122 10024   320    51     7 -9999     6
1964 07 04 15   172   128 10037     0     0     7 -9999 -9999
1964 07 04 18   161   100 10023    40    10     1 -9999 -9999
1964 07 05 00   178   100 10038     0     0     7 -9999     6
1964 07 05 06   172   139 10048     0     0     7 -9999    70
1964 07 05 12   189   139 10028   270    21     7 -9999    20
1964 07 05 15   172   161 10038     0     0     7 -9999 -9999
1964 07 05 18   139   139 10044     0     0     2 -9999     6
1964 07 06 00   139   128 10057     0     0     7 -9999 -9999
1964 07 06 06   222   122 10041   320    21     2 -9999 -9999
1964 07 06 12   250   111 10023    70    41     2 -9999 -9999
1964 07 06 15   200   111 10035   270    41     7 -9999 -9999
1964 07 06 18   172   111 10035   320    10     1 -9999 -9999
1964 07 07 00   178   100 10043    20    10     7 -9999 -9999
1964 07 07 06   200   122 10076   140    31     7 -9999     3
19