1977 01 01 00  -140  -200 -9999   250    30     1 -9999 -9999
1977 01 01 03 -9999  -200 -9999   200    30     7 -9999 -9999
1977 01 01 06   -70  -160 -9999     0     0     7 -9999 -9999
1977 01 01 09   -90  -170 -9999    40    20     7 -9999 -9999
1977 01 01 12  -130  -190 -9999    40    30     5 -9999 -9999
1977 01 01 18    40  -170 -9999     0     0     7 -9999 -9999
1977 01 02 03  -180  -200 -9999   250    20     1 -9999 -9999
1977 01 02 06   -80  -190 -9999     0     0     2 -9999 -9999
1977 01 02 09  -120  -170 -9999    70    60     2 -9999 -9999
1977 01 02 12  -150  -160 -9999     0     0     7 -9999 -9999
1977 01 03 00  -200  -210 -9999   220    20     2 -9999 -9999
1977 01 03 03  -200  -210 -9999     0     0     7 -9999 -9999
1977 01 03 06  -130  -160 -9999    70    10     7 -9999 -9999
1977 01 03 09  -110  -170 -9999    40    50     7 -9999 -9999
1977 01 03 12  -150  -180 -9999    70    30     7 -9999 -9999
1977 01 03 18  -180  -190 -9999     0     0     9 -9999    -1
1977 01 03 21  -190  -200 -9999     0     0     7 -9999 -9999
1977 01 04 00  -170  -170 -9999   220    20     4 -9999 -9999
1977 01 04 03  -170  -180 -9999   220    10     7 -9999 -9999
1977 01 04 06  -120  -230 -9999     0     0     6 -9999 -9999
1977 01 04 09  -110  -170 -9999    70    40     7 -9999 -9999
1977 01 04 12  -140  -170 -9999    70    30     8 -9999 -9999
1977 01 04 18  -140  -150 -9999     0     0     8 -9999 -9999
1977 01 04 21  -120  -160 -9999     0     0     8 -9999 -9999
1977 01 05 00  -150  -160 -9999    40    50     7 -9999 -9999
1977 01 05 03  -150  -160 -9999   270    20     7 -9999 -9999
1977 01 05 06  -140  -170 -9999    40    50     2 -9999 -9999
1977 01 05 09  -130  -160 -9999    70    50     5 -9999 -9999
1977 01 05 12  -160  -190 -9999 -9999 -9999     7 -9999 -9999
1977 01 05 21  -140  -160 -9999   220    40     6 -9999 -9999
1977 01 06 00  -120  -180 -9999   200    30     3 -9999    -1
1977 01 06 06  -160  -170 -9999     0     0     1 -9999    -1
1977 01 06 09  -140  -150 -9999    70    60     3 -9999 -9999
1977 01 06 12  -150  -160 -9999    40    60     8 -9999    -1
1977 01 06 21  -180  -190 -9999    90    20     6 -9999 -9999
1977 01 07 00  -190  -200 -9999   220    20     1 -9999    -1
1977 01 07 03  -200  -220 -9999   220    10     1 -9999 -9999
1977 01 07 06   -80  -210 -9999     0     0     1 -9999 -9999
1977 01 07 09  -150  -180 -9999    40    30     1 -9999 -9999
1977 01 07 12  -170  -200 -9999    20    40     1 -9999 -9999
1977 01 08 03  -190  -250 -9999   220    20     1 -9999 -9999
1977 01 08 06  -110  -230 -9999   220    30     1 -9999 -9999
1977 01 08 09   -90  -220 -9999    40    30     1 -9999 -9999
1977 01 08 12  -130  -250 -9999    70    10     2 -9999 -9999
1977 01 09 00  -160  -240 -9999   250    50     2 -9999 -9999
1977 01 09 03  -140  -220 -9999   250    50     7 -9999 -9999
1977 01 09 06  -110  -210 -9999    70    30     7 -9999 -9999
1977 01 09 12  -100  -210 -9999   200    20     6 -9999 -9999
1977 01 10 03  -130  -160 -9999   220    20     7 -9999 -9999
1977 01 10 06  -100  -180 -9999    90    20     7 -9999 -9999
1977 01 10 09   -80  -160 -9999    80    50     7 -9999 -9999
1977 01 10 12   -90  -140 -9999   290    20     8 -9999 -9999
1977 01 11 03  -120  -130 -9999   250    20     8 -9999 -9999
1977 01 11 06   -70  -110 -9999     0     0     8 -9999 -9999
1977 01 11 09   -60  -130 -9999    40    30     7 -9999 -9999
1977 01 11 12  -110  -150 -9999    40    50     7 -9999 -9999
1977 01 11 18  -120  -160 -9999   220    20     2 -9999 -9999
1977 01 11 21 -9999  -170 -9999    20    30     7 -9999 -9999
1977 01 12 00  -160  -160 -9999   180    10     6 -9999 -9999
1977 01 12 03  -150  -160 -9999     0     0     7 -9999 -9999
1977 01 12 06  -100  -160 -9999    40    20     7 -9999 -9999
1977 01 12 09   -90  -160 -9999    20    40     1 -9999 -9999
1977 01 12 12  -140  -170 -9999    90    20     1 -9999 -9999
1977 01 12 18  -170  -180 -9999   220    30     0 -9999 -9999
1977 01 12 21  -170  -170 -9999   250    60     0 -9999 -9999
1977 01 13 00  -180  -210 -9999     0     0     0 -9999 -9999
1977 01 13 03  -200  -220 -9999   200    30     2 -9999 -9999
1977 01 13 06  -100  -150 -9999     0     0     1 -9999 -9999
1977 01 13 09  -100  -170 -9999    40    40     1 -9999 -9999
1977 01 13 12  -130  -190 -9999    70    30     1 -9999 -9999
1977 01 13 18  -140  -190 -9999   220    40     2 -9999 -9999
1977 01 13 21  -140 -9999 -9999   220    10     1 -9999 -9999
1977 01 14 00  -170  -200 -9999   200    30     5 -9999 -9999
1977 01 14 03  -150  -190 -9999   250    20     6 -9999 -9999
1977 01 14 06   -70  -210 -9999   200    20     7 -9999 -9999
1977 01 14 09   -70  -200 -9999    70    50     7 -9999 -9999
1977 01 14 12  -150  -180 -9999    40    50     7 -9999 -9999
1977 01 15 03 -9999 -9999 -9999   250    10     7 -9999 -9999
1977 01 15 06  -100  -150 -9999    40    20     7 -9999 -9999
1977 01 15 09   -60  -170 -9999    40    40     6 -9999 -9999
1977 01 15 12  -100  -150 -9999    40    30     8 -9999 -9999
1977 01 15 18  -130  -140 -9999     0     0     8 -9999 -9999
1977 01 15 21   -90  -170 -9999   200    40     8 -9999 -9999
1977 01 16 00   -90  -230 -9999   200    40     1 -9999 -9999
1977 01 16 03  -150  -150 -9999    20    30     6 -9999 -9999
1977 01 16 06   -80  -150 -9999     0     0     7 -9999 -9999
1977 01 16 09 -9999 -9999 -9999    70    60     7 -9999 -9999
1977 01 16 18  -120  -130 -9999    40    30     8 -9999    -1
1977 01 17 06  -100  -130 -9999     0     0     7 -9999    -1
1977 01 17 09  -100  -160 -9999    40    50     3 -9999 -9999
1977 01 17 12  -120  -160 -9999    70    20     7 -9999 -9999
1977 01 17 18  -130  -160 -9999   220    20     7 -9999 -9999
1977 01 17 21  -130  -160 -9999     0     0     4 -9999 -9999
1977 01 18 00   -50  -180 -9999   220    30     2 -9999 -9999
1977 01 18 03  -160  -190 -9999   200    20     6 -9999 -9999
1977 01 18 06  -120  -160 -9999    40    40     6 -9999 -9999
1977 01 18 09   -90  -160 -9999    40    40     7 -9999 -9999
1977 01 18 18  -140  -190 -9999   220    30     2 -9999 -9999
1977 01 18 21  -140  -190 -9999   220    40     5 -9999 -9999
1977 01 19 00  -140  -200 -9999   220    60     1 -9999 -9999
1977 01 19 03  -150  -200 -9999   250    30     7 -9999 -9999
1977 01 19 06   -90  -180 -9999   220    30     7 -9999 -9999
1977 01 19 09   -50  -170 -9999   200    20     7 -9999 -9999
1977 01 19 12  -130  -160 -9999    20    50     8 -9999 -9999
1977 01 19 18  -110  -180 -9999   220    70     0 -9999 -9999
1977 01 19 21  -140  -220 -9999   250    70     0 -9999 -9999
1977 01 20 00  -110  -270 -9999   250    50     0 -9999 -9999
1977 01 20 06   -30  -350 -9999   220    60     6 -9999 -9999
1977 01 20 09  -130  -170 -9999    40    60     7 -9999 -9999
1977 01 20 12  -130  -180 -9999    20    30     7 -9999 -9999
1977 01 21 03 -9999 -9999 -9999   220    40     7 -9999 -9999
1977 01 21 06   -60  -230 -9999   220    20     7 -9999 -9999
1977 01 21 09   -40  -220 -9999    20    20     7 -9999 -9999
1977 01 21 12   -70  -250 -9999    40    30     7 -9999 -9999
1977 01 21 18  -140  -180 -9999   220    40     1 -9999 -9999
1977 01 22 03  -130  -220 -9999   200    40     7 -9999 -9999
1977 01 22 06   -40  -230 -9999   180    10     7 -9999 -9999
1977 01 22 09     0  -210 -9999    40    20     7 -9999 -9999
1977 01 22 12   -40  -190 -9999    70    20     7 -9999 -9999
1977 01 22 18   -70 -9999 -9999     0     0     8 -9999 -9999
1977 01 22 21   -80  -180 -9999   200    50     3 -9999 -9999
1977 01 23 00  -100  -200 -9999     0     0     6 -9999 -9999
1977 01 23 03  -110  -160 -9999    90    50     7 -9999 -9999
1977 01 23 06   -50  -190 -9999   250    30     7 -9999 -9999
1977 01 23 09   -60  -160 -9999    40    50     7 -9999 -9999
1977 01 23 12   -80  -210 -9999    40    40     3 -9999 -9999
1977 01 23 18  -140  -150 -9999   220    20     2 -9999 -9999
1977 01 23 21  -150  -160 -9999     0     0     1 -9999 -9999
1977 01 24 03  -140  -170 -9999   200    30     7 -9999 -9999
1977 01 24 06   -80  -150 -9999   120    20     7 -9999 -9999
1977 01 24 09   -70  -160 -9999    70    50     7 -9999 -9999
1977 01 24 12  -100  -150 -9999    70    20     7 -9999 -9999
1977 01 24 18  -130  -150 -9999     0     0     7 -9999 -9999
1977 01 25 00  -120  -130 -9999   250    20     8 -9999 -9999
1977 01 25 03  -110  -220 -9999   250    20     8 -9999 -9999
1977 01 25 06   -90  -110 -9999    40    20     8 -9999    -1
1977 01 25 09   -90  -110 -9999    70    30     8 -9999 -9999
1977 01 25 12  -110  -120 -9999    70    30     8 -9999 -9999
1977 01 25 18  -110  -170 -9999    40    40     4 -9999 -9999
1977 01 25 21  -120  -130 -9999    40    20     7 -9999 -9999
1977 01 26 00  -150  -160 -9999   200    20     2 -9999 -9999
1977 01 26 06  -100  -160 -9999     0     0     7 -9999    -1
1977 01 26 09  -110  -150 -9999    20    30     7 -9999 -9999
1977 01 26 12  -130  -150 -9999    40    20     7 -9999 -9999
1977 01 26 18  -130  -140 -9999     0     0     7 -9999    -1
1977 01 26 21  -140 -9999 -9999     0     0     8 -9999 -9999
1977 01 27 00 -9999 -9999 -9999     0     0     8 -9999 -9999
1977 01 27 03  -130  -130 -9999     0     0     8 -9999 -9999
1977 01 27 06  -130  -160 -9999    70    50     7 -9999    20
1977 01 27 09  -120  -160 -9999    40    20     7 -9999 -9999
1977 01 27 12  -130  -170 -9999    40    10     8 -9999 -9999
1977 01 27 18  -140  -160 -9999     0     0     8 -9999    10
1977 01 27 21  -140  -150 -9999     0     0     8 -9999 -9999
1977 01 28 00  -140  -160 -9999 -9999 -9999     7 -9999 -9999
1977 01 28 03  -140  -150 -9999    40    10     8 -9999 -9999
1977 01 28 09  -120  -160 -9999    70    30     8 -9999 -9999
1977 01 28 12  -160  -170 -9999    70    30     7 -9999 -9999
1977 01 28 18  -150  -160 -9999    40    20     8 -9999     5
1977 01 28 21  -200  -230 -9999   220    30     3 -9999 -9999
1977 01 29 00  -230  -260 -9999   250    70     0 -9999 -9999
1977 01 29 06  -170  -250 -9999   220    50     1 -9999 -9999
1977 01 29 09  -150  -240 -9999   250    10     1 -9999 -9999
1977 01 29 12  -190  -230 -9999    70    20     3 -9999 -9999
1977 01 29 18  -240  -270 -9999   220    40     1 -9999 -9999
1977 01 29 21  -240  -280 -9999   220    30     3 -9999 -9999
1977 01 30 06  -150  -240 -9999   220    20     2 -9999 -9999
1977 01 30 09  -120  -230 -9999 -9999 -9999     6 -9999 -9999
1977 01 30 12  -150  -220 -9999   220    40     6 -9999 -9999
1977 01 30 18  -180  -230 -9999   250    30     7 -9999 -9999
1977 01 30 21  -170 -9999 -9999 -9999 -9999     7 -9999 -9999
1977 01 31 03 -9999 -9999 -9999   320    70     7 -9999 -9999
1977 01 31 06  -100  -200 -9999   220    10     6 -9999 -9999
1977 01 31 09  -120  -190 -9999    20    30     2 -9999 -9999
1977 01 31 12  -140  -200 -9999   220    20     2 -9999 -9999
1977 01 31 18  -190  -230 -9999   220    30     2 -9999 -9999
1977 01 31 21  -170  -220 -9999   220    50     7 -9999 -9999
1977 02 01 03  -170  -240 -9999   220    80     1 -9999 -9999
1977 02 01 06  -110  -220 -9999   200    40     1 -9999 -9999
1977 02 01 12  -140 -9999 -9999     0     0     7 -9999 -9999
1977 02 01 18   -80  -110 -9999     0     0     7 -9999 -9999
1977 02 02 06  -140  -190 -9999    40    30     8 -9999    -1
1977 02 02 09  -100  -120 -9999     0     0     5 -9999 -9999
1977 02 02 12  -110  -150 -9999   220    20     7 -9999 -9999
1977 02 03 03  -170  -210 -9999   220    40     6 -9999 -9999
1977 02 03 06  -130  -190 -9999    40    40     2 -9999 -9999
1977 02 03 09  -110  -170 -9999    70    30     6 -9999 -9999
1977 02 03 12  -130  -190 -9999     0     0     3 -9999 -9999
1977 02 03 18  -180  -210 -9999   180    20     6 -9999 -9999
1977 02 03 21  -160  -200 -9999   200    20     8 -9999 -9999
1977 02 04 03  -140  -180 -9999   220    20     7 -9999 -9999
1977 02 04 06   -90  -190 -9999   220    40     2 -9999 -9999
1977 02 04 09  -100  -130 -9999    40    40     2 -9999 -9999
1977 02 04 12  -130  -170 -9999    40    50     0 -9999 -9999
1977 02 04 21  -190  -220 -9999   220    30     0 -9999 -9999
1977 02 05 00  -210  -260 -9999   220    60     0 -9999 -9999
1977 02 05 03  -170  -250 -9999   200    40     1 -9999 -9999
1977 02 05 09   -70  -230 -9999   220    20     1 -9999 -9999
1977 02 05 12  -120  -220 -9999    40    40     7 -9999 -9999
1977 02 05 21  -200 -9999 -9999   250    60     1 -9999 -9999
1977 02 06 03  -170  -260 -9999   220    70     2 -9999 -9999
1977 02 06 06  -120  -230 -9999   220    30     6 -9999 -9999
1977 02 06 09   -90  -180 -9999    40    20     1 -9999 -9999
1977 02 06 12  -130  -200 -9999    40    30     1 -9999 -9999
1977 02 07 03  -190  -250 -9999   220    60     1 -9999 -9999
1977 02 07 09   -90  -180 -9999    70    40     7 -9999 -9999
1977 02 07 12  -130  -190 -9999    70    30     7 -9999 -9999
1977 02 07 18  -170  -210 -9999   220    30     3 -9999 -9999
1977 02 08 00  -190  -230 -9999   220    50     2 -9999 -9999
1977 02 08 06  -110  -190 -9999    90    10     7 -9999 -9999
1977 02 08 09   -80  -170 -9999    10    20     7 -9999 -9999
1977 02 08 12  -100  -170 -9999    70    20     7 -9999 -9999
1977 02 08 18  -150  -180 -9999   220    60     7 -9999 -9999
1977 02 08 21  -140  -180 -9999   220    50     7 -9999 -9999
1977 02 09 00   -90  -160 -9999   220    90     7 -9999 -9999
1977 02 09 03  -100  -140 -9999    70    20     7 -9999 -9999
1977 02 09 06   -70  -130 -9999    70    20     2 -9999 -9999
1977 02 09 18  -150  -180 -9999   200    50     7 -9999 -9999
1977 02 09 21  -140  -180 -9999   220    50     7 -9999 -9999
1977 02 10 06   -90  -160 -9999    40    30     1 -9999 -9999
1977 02 10 09   -70  -140 -9999    70    40     1 -9999 -9999
1977 02 10 12   -70  -150 -9999     0     0     2 -9999 -9999
1977 02 10 18   -80  -130 -9999   220    30     6 -9999 -9999
1977 02 11 00  -110  -150 -9999   220    30     1 -9999 -9999
1977 02 11 03   -80  -170 -9999   200    50     1 -9999 -9999
1977 02 11 06   -60  -110 -9999    70    50     1 -9999 -9999
1977 02 11 09   -50  -110 -9999    70    60     2 -9999 -9999
1977 02 11 12   -80  -110 -9999    70    30     6 -9999 -9999
1977 02 11 18  -140  -140 -9999     0     0     6 -9999 -9999
1977 02 12 03  -110  -150 -9999   360    20     1 -9999 -9999
1977 02 12 06   -60  -100 -9999    70    30     1 -9999 -9999
1977 02 12 09   -50   -90 -9999    70    40     1 -9999 -9999
1977 02 12 12   -70  -100 -9999    40    30     2 -9999 -9999
1977 02 13 00  -150  -170 -9999   220    50     0 -9999 -9999
1977 02 13 06   -60  -120 -9999    20    10     0 -9999 -9999
1977 02 13 09   -40   -80 -9999    40    50     1 -9999 -9999
1977 02 13 12   -70  -100 -9999    20    30     1 -9999 -9999
1977 02 13 18  -130  -150 -9999   200    40     0 -9999 -9999
1977 02 13 21  -130  -160 -9999   220    40     0 -9999 -9999
1977 02 14 00  -140  -170 -9999   220    70     0 -9999 -9999
1977 02 14 09   -40  -110 -9999    40    30     7 -9999 -9999
1977 02 14 12   -60  -120 -9999    20    20     7 -9999 -9999
1977 02 14 18  -100  -140 -9999   220    50     1 -9999 -9999
1977 02 14 21   -90  -140 -9999   220    50     3 -9999 -9999
1977 02 15 00   -60  -160 -9999   220    60     2 -9999 -9999
1977 02 15 03   -70  -180 -9999   220    70     1 -9999 -9999
1977 02 15 06   -30  -130 -9999 -9999 -9999     1 -9999 -9999
1977 02 15 12   -60  -100 -9999    70    30     6 -9999 -9999
1977 02 15 18  -120  -140 -9999   220    30     1 -9999 -9999
1977 02 16 03  -100  -140 -9999   200    30     7 -9999 -9999
1977 02 16 06   -40  -120 -9999     0     0     7 -9999 -9999
1977 02 16 09   -30  -100 -9999    70    60     6 -9999 -9999
1977 02 16 12   -60  -100 -9999    40    20     6 -9999 -9999
1977 02 17 00   -70  -180 -9999   250    20     2 -9999 -9999
1977 02 17 03   -70  -200 -9999   220    60     1 -9999 -9999
1977 02 17 06    10  -190 -9999   250    40     1 -9999 -9999
1977 02 17 09    60 -9999 -9999   220    20     0 -9999 -9999
1977 02 17 12   -40   -70 -9999    40    50     0 -9999 -9999
1977 02 17 18    40  -120 -9999   180    20     2 -9999 -9999
1977 02 18 00    90 -9999 -9999    20    10     8 -9999 -9999
1977 02 18 06     0  -170 -9999   220    40     1 -9999 -9999
1977 02 18 09   -20  -110 -9999    40    70     0 -9999 -9999
1977 02 18 12   -40  -110 -9999    70    50     1 -9999 -9999
1977 02 19 03   -90  -100 -9999     0     0     7 -9999 -9999
1977 02 19 06   -70   -90 -9999    40    20     7 -9999     5
1977 02 19 09   -70   -90 -9999    70    60     6 -9999 -9999
1977 02 19 12   -80  -110 -9999    40    40     5 -9999 -9999
1977 02 20 06   -60  -150 -9999   250    20     0 -9999 -9999
1977 02 20 09   -40  -110 -9999    20    50     1 -9999 -9999
1977 02 20 12   -70  -120 -9999    40    20     0 -9999 -9999
1977 02 20 18  -130  -130 -9999   220    50     0 -9999 -9999
1977 02 20 21   -90  -160 -9999   220    90     0 -9999 -9999
1977 02 21 03  -100  -210 -9999   200    70     0 -9999 -9999
1977 02 21 06   -20  -250 -9999   200    50     0 -9999 -9999
1977 02 21 12   -60  -110 -9999    40    50     0 -9999 -9999
1977 02 21 21  -130  -160 -9999   220    30     0 -9999 -9999
1977 02 22 00  -140  -170 -9999   220    40     0 -9999 -9999
1977 02 22 06   -50  -170 -9999    70    30     0 -9999 -9999
1977 02 22 09   -40  -150 -9999    70    60     0 -9999 -9999
1977 02 22 18   -30   -60 -9999     0     0     7 -9999 -9999
1977 02 23 03   -80  -140 -9999     0     0     7 -9999 -9999
1977 02 23 06   -20  -140 -9999    70    40     7 -9999 -9999
1977 02 23 09   -10  -130 -9999    40    50     7 -9999 -9999
1977 02 24 06    40  -200 -9999   200    20     2 -9999 -9999
1977 02 24 12    10   -80 -9999    70    40     3 -9999 -9999
1977 02 24 15 -9999 -9999 -9999    70    40     3 -9999 -9999
1977 02 25 03    10 -9999 -9999    70    40     3 -9999 -9999
1977 02 25 06    30  -150 -9999   360    20     3 -9999 -9999
1977 02 26 00   -60  -100 -9999   200    40     4 -9999 -9999
1977 02 26 06    20  -130 -9999   220    20     7 -9999 -9999
1977 02 26 12    20  -150 -9999    90    30     6 -9999 -9999
1977 02 27 03   -10  -190 -9999   220    20     8 -9999 -9999
1977 02 27 09    10  -300 -9999   250    80     8 -9999 -9999
1977 02 27 12   -10  -230 -9999   220    50     7 -9999 -9999
1977 02 28 06     0  -280 -9999   180    30     1 -9999 -9999
1977 02 28 09    30  -270 -9999 -9999 -9999     7 -9999 -9999
1977 02 28 12     0  -220 -9999    70    50     7 -9999 -9999
1977 02 28 18   -50  -270 -9999   250    40     0 -9999 -9999
1977 02 28 21   -80  -240 -9999   220    50     0 -9999 -9999
1977 03 01 06     0  -350 -9999   250    10     2 -9999 -9999
1977 03 01 09    10  -230 -9999    40    40     2 -9999 -9999
1977 03 01 12     0  -170 -9999    40    40     1 -9999 -9999
1977 03 01 18   -70  -120 -9999   220    10     0 -9999 -9999
1977 03 01 21   -80  -140 -9999   220    40     0 -9999 -9999
1977 03 02 00   -70  -230 -9999   200    70     0 -9999 -9999
1977 03 02 06    10  -230 -9999   180    40     0 -9999 -9999
1977 03 02 09    40  -280 -9999    40    50     0 -9999 -9999
1977 03 03 00   -60  -150 -9999   220    50     0 -9999 -9999
1977 03 03 03   -60  -140 -9999   220    40     0 -9999 -9999
1977 03 03 09    40  -140 -9999   250    50     1 -9999 -9999
1977 03 03 12     0  -120 -9999    90    50     0 -9999 -9999
1977 03 03 18   -60  -110 -9999   250    30     0 -9999 -9999
1977 03 03 21   -70  -120 -9999   250    50     0 -9999 -9999
1977 03 04 03   -60  -170 -9999   150    10     0 -9999 -9999
1977 03 04 06    10  -220 -9999   250    30     0 -9999 -9999
1977 03 04 09    40  -240 -9999    90    30     0 -9999 -9999
1977 03 04 12    20  -210 -9999    90    40     0 -9999 -9999
1977 03 04 18    10   -50 -9999     0     0     0 -9999 -9999
1977 03 04 21   -70  -140 -9999   270    40     0 -9999 -9999
1977 03 05 00   -80  -140 -9999   250    40     1 -9999 -9999
1977 03 05 12    20  -140 -9999    90    40     5 -9999 -9999
1977 03 05 21   -60  -120 -9999   250    20     2 -9999 -9999
1977 03 06 00   -50  -130 -9999   250    90     5 -9999 -9999
1977 03 06 06    40  -140 -9999    70    50     5 -9999 -9999
1977 03 06 09   -50  -130 -9999   250    90     5 -9999 -9999
1977 03 06 12    50  -130 -9999    70    30     7 -9999 -9999
1977 03 06 21    20   -50 -9999   250    40     8 -9999 -9999
1977 03 07 00    20   -50 -9999   250    50     7 -9999 -9999
1977 03 07 03    10   -50 -9999    90    20     7 -9999 -9999
1977 03 07 12    60  -100 -9999    70    50     0 -9999 -9999
1977 03 07 18   -20   -90 -9999   220    10     0 -9999 -9999
1977 03 08 00   -50  -100 -9999     0     0     0 -9999 -9999
1977 03 08 03   -20   -70 -9999     0     0     0 -9999 -9999
1977 03 08 06    40  -130 -9999    70    40     6 -9999 -9999
1977 03 08 12    50  -140 -9999   270    30     7 -9999 -9999
1977 03 08 18     0  -100 -9999   220    30     7 -9999 -9999
1977 03 08 21     0  -120 -9999   250    60     6 -9999 -9999
1977 03 09 03    40  -140 -9999   220    30     3 -9999 -9999
1977 03 09 12    50  -130 -9999    90    30     7 -9999 -9999
1977 03 09 18    20   -90 -9999   220    20     8 -9999 -9999
1977 03 10 00    10   -60 -9999   220    30     5 -9999 -9999
1977 03 10 09    90  -250 -9999   270   110     7 -9999 -9999
1977 03 10 12    60 -9999 -9999   250    80     6 -9999 -9999
1977 03 10 18   100   -90 -9999   360    30     7 -9999 -9999
1977 03 11 03    10  -220 -9999   220    30     0 -9999 -9999
1977 03 11 06    70  -210 -9999   200    40     1 -9999 -9999
1977 03 11 09   110  -200 -9999     0     0     2 -9999 -9999
1977 03 11 12    50  -190 -9999    90    40     7 -9999 -9999
1977 03 11 18   -10  -130 -9999   220    20     0 -9999 -9999
1977 03 11 21   -20  -210 -9999   270    20     1 -9999 -9999
1977 03 12 03    40  -120 -9999   220    30     1 -9999 -9999
1977 03 12 06    90  -140 -9999   180    40     1 -9999 -9999
1977 03 12 09   140  -160 -9999   200    30     2 -9999 -9999
1977 03 12 12   110  -130 -9999   140    10     2 -9999 -9999
1977 03 12 18     0   -80 -9999   250    50     0 -9999 -9999
1977 03 12 21    10  -100 -9999   250    40     6 -9999 -9999
1977 03 13 00    10  -100 -9999   250    40     7 -9999 -9999
1977 03 13 06   110  -160 -9999   250    20     7 -9999 -9999
1977 03 13 09    90  -140 -9999    90    70     7 -9999 -9999
1977 03 13 12    60  -100 -9999    90    80     7 -9999 -9999
1977 03 13 18     0   -70 -9999   220    20     3 -9999 -9999
1977 03 13 21   -20   -90 -9999     0     0     1 -9999 -9999
1977 03 14 00    10  -120 -9999   220    20     1 -9999 -9999
1977 03 14 03    40  -120 -9999   270    30     5 -9999 -9999
1977 03 14 06   150 -9999 -9999    20    30     4 -9999 -9999
1977 03 14 09   110  -150 -9999    70    50     6 -9999 -9999
1977 03 14 12    80  -110 -9999    70    50     5 -9999 -9999
1977 03 14 18     0   -90 -9999   250    30     1 -9999 -9999
1977 03 15 00    20  -120 -9999   250    40     1 -9999 -9999
1977 03 15 03    20  -110 -9999    40    10     7 -9999 -9999
1977 03 15 06   100  -150 -9999   220    30     5 -9999 -9999
1977 03 15 18 -9999 -9999 -9999   180    10     6 -9999 -9999
1977 03 15 21   110    10 -9999   220    30     7 -9999 -9999
1977 03 16 00   -50  -150 -9999   270    40     2 -9999 -9999
1977 03 16 06    80  -250 -9999    90    50     5 -9999 -9999
1977 03 16 09    80  -240 -9999    40    50     7 -9999 -9999
1977 03 16 12    60 -9999 -9999    70    50     7 -9999 -9999
1977 03 16 18     0  -170 -9999    40    10     3 -9999 -9999
1977 03 17 03   -10  -100 -9999   220    50     0 -9999 -9999
1977 03 17 06    40  -180 -9999     0     0     0 -9999 -9999
1977 03 17 12    30  -130 -9999    90    50     7 -9999 -9999
1977 03 17 18   -20  -120 -9999     0     0     0 -9999 -9999
1977 03 17 21   -20  -140 -9999   220    10     1 -9999 -9999
1977 03 18 00   -30  -150 -9999   220    20     1 -9999 -9999
1977 03 18 06 -9999 -9999 -9999   250    20     2 -9999 -9999
1977 03 18 09    80  -240 -9999    90    30     2 -9999 -9999
1977 03 18 21   -20  -160 -9999   250    50     0 -9999 -9999
1977 03 19 00   -20  -180 -9999   220    40     1 -9999 -9999
1977 03 19 09   100  -170 -9999     0     0     1 -9999 -9999
1977 03 19 12    70  -170 -9999    70    70     7 -9999 -9999
1977 03 19 18     0  -150 -9999   340    10     0 -9999 -9999
1977 03 19 21   -30  -200 -9999   250    30     0 -9999 -9999
1977 03 20 00   -20  -250 -9999   250    30     0 -9999 -9999
1977 03 20 03    20  -250 -9999   220    30     0 -9999 -9999
1977 03 20 06    70  -290 -9999   220    10     0 -9999 -9999
1977 03 20 09   130  -170 -9999   220    30     1 -9999 -9999
1977 03 20 12 -9999 -9999 -9999   250    60     1 -9999 -9999
1977 03 21 00    20  -280 -9999   360   100     8 -9999 -9999
1977 03 21 03    10  -320 -9999   340   140     3 -9999 -9999
1977 03 21 06    30  -320 -9999   320    80     1 -9999 -9999
1977 03 21 12   130  -100 -9999    40    20     9 -9999 -9999
1977 03 22 06    10  -280 -9999    20    30     0 -9999 -9999
1977 03 22 09    30  -190 -9999    70    40     0 -9999 -9999
1977 03 22 12    20  -250 -9999    40    10     0 -9999 -9999
1977 03 23 06 -9999 -9999 -9999 -9999 -9999     9 -9999 -9999
1977 03 23 09    20  -180 -9999    70    40     9 -9999 -9999
1977 03 23 12    10  -160 -9999    70    30     9 -9999 -9999
1977 03 23 18   -30  -140 -9999     0     0     9 -9999 -9999
1977 03 24 00   -50  -130 -9999   220    20     0 -9999 -9999
1977 03 24 06    40  -150 -9999    90    40     0 -9999 -9999
1977 03 24 09    70  -230 -9999    90    50     0 -9999 -9999
1977 03 24 12    60  -160 -9999    70    20     0 -9999 -9999
1977 03 24 21     0  -120 -9999   250    40     0 -9999 -9999
1977 03 25 00     0  -140 -9999   250    80     0 -9999 -9999
1977 03 25 03    20  -180 -9999   360    20     6 -9999 -9999
1977 03 25 06    90  -140 -9999    70    30     5 -9999 -9999
1977 03 25 09   120  -160 -9999    70    60     2 -9999 -9999
1977 03 25 12   100  -140 -9999    70    30     1 -9999 -9999
1977 03 25 18   100   -70 -9999   240    30     8 -9999 -9999
1977 03 25 21    90  -120 -9999   220    40     8 -9999 -9999
1977 03 26 00    70  -110 -9999   250    20     7 -9999 -9999
1977 03 26 03    80  -110 -9999 -9999 -9999     0 -9999 -9999
1977 03 26 06   140  -130 -9999   250    10     2 -9999 -9999
1977 03 26 09   140  -130 -9999    70    90     2 -9999 -9999
1977 03 26 12   110  -130 -9999    90    50     7 -9999 -9999
1977 03 27 03    40   -70 -9999    20    20     7 -9999 -9999
1977 03 27 09    80  -190 -9999    70    30     9 -9999 -9999
1977 03 27 12    70   -70 -9999   250    30     3 -9999 -9999
1977 03 27 21     0  -180 -9999   250    20     0 -9999 -9999
1977 03 28 00   -10   -40 -9999     0     0     7 -9999 -9999
1977 03 28 03    30   -60 -9999   250    10     0 -9999 -9999
1977 03 28 06    90   -90 -9999    90    30     0 -9999 -9999
1977 03 28 09   110  -120 -9999    70    50     0 -9999 -9999
1977 03 28 12    90  -110 -9999    90    40     7 -9999 -9999
1977 03 28 21    40  -110 -9999   220    20     0 -9999 -9999
1977 03 29 00    10   -80 -9999   250    20     7 -9999 -9999
1977 03 29 03    40   -90 -9999   220    10     5 -9999 -9999
1977 03 29 09 -9999 -9999 -9999   250    10     8 -9999 -9999
1977 03 29 12    80   -10 -9999     0     0     5 -9999    -1
1977 03 30 06   110   -60 -9999    70    30     0 -9999 -9999
1977 03 30 09   130   -60 -9999    70    60     0 -9999 -9999
1977 03 30 21    40   -60 -9999   220    20     3 -9999 -9999
1977 03 31 00    20   -60 -9999   270    30     1 -9999 -9999
1977 03 31 03    60   -70 -9999   250    30     0 -9999 -9999
1977 03 31 06   130   -60 -9999    70    30     1 -9999 -9999
1977 03 31 09   140   -70 -9999    70    50     8 -9999 -9999
1977 03 31 18    50   -60 -9999   250    20     0 -9999 -9999
1977 04 01 00    20   -80 -9999   250    30     1 -9999 -9999
1977 04 01 03    70  -110 -9999   220    30     7 -9999 -9999
1977 04 01 06 -9999  -150 -9999 -9999 -9999     7 -9999 -9999
1977 04 01 09   180  -160 -9999   250    20     7 -9999 -9999
1977 04 01 12   240   -40 -9999   130    20     2 -9999 -9999
1977 04 01 21    70   -80 -9999   250    30     6 -9999 -9999
1977 04 02 00    50   -70 -9999   250    40     1 -9999 -9999
1977 04 02 06   150   -80 -9999   250    30     5 -9999 -9999
1977 04 02 09   120   -60 -9999   340   120     7 -9999 -9999
1977 04 02 12   120  -120 -9999   320   100     2 -9999 -9999
1977 04 03 03    70  -220 -9999   210    40     1 -9999 -9999
1977 04 03 09   170  -220 -9999   290    30     1 -9999 -9999
1977 04 03 12 -9999 -9999 -9999    40    60     7 -9999 -9999
1977 04 04 03    30  -120 -9999   270    10     0 -9999 -9999
1977 04 04 06   100  -130 -9999    70    30     0 -9999 -9999
1977 04 04 09    80  -120 -9999    70    60     9 -9999 -9999
1977 04 04 12    60  -170 -9999    70    50     9 -9999 -9999
1977 04 04 18    30   -60 -9999     0     0     9 -9999 -9999
1977 04 04 21    20   -60 -9999     0     0     9 -9999 -9999
1977 04 05 03    30   -70 -9999     0     0     9 -9999 -9999
1977 04 05 06    70   -80 -9999     0     0     9 -9999 -9999
1977 04 05 09    90  -100 -9999    40    60     9 -9999 -9999
1977 04 05 12    70   -90 -9999    70    40     9 -9999 -9999
1977 04 06 00    10   -70 -9999     0     0     7 -9999 -9999
1977 04 06 03    40   -70 -9999    90    20     8 -9999 -9999
1977 04 06 06    80   -70 -9999   250    20     7 -9999 -9999
1977 04 06 09   100   -40 -9999   220    20     7 -9999 -9999
1977 04 06 12   100   -90 -9999    70    20     0 -9999 -9999
1977 04 06 21   -80  -100 -9999   180    30     7 -9999 -9999
1977 04 07 03    50   -90 -9999   250    40     0 -9999 -9999
1977 04 07 06   120   -70 -9999     0     0     0 -9999 -9999
1977 04 07 09   120  -110 -9999    80    50     7 -9999 -9999
1977 04 07 12   110  -180 -9999    70    50     7 -9999 -9999
1977 04 08 00    10  -120 -9999   250    30     0 -9999 -9999
1977 04 08 06   110  -130 -9999     0     0     0 -9999 -9999
1977 04 08 09   130  -140 -9999   110    40     0 -9999 -9999
1977 04 08 12   120  -130 -9999    40    70     0 -9999 -9999
1977 04 08 18    50   -90 -9999   250    60     0 -9999 -9999
1977 04 08 21    40  -130 -9999   250    30     0 -9999 -9999
1977 04 09 00    30  -140 -9999   250    50     0 -9999 -9999
1977 04 09 03    60  -160 -9999   120    40     0 -9999 -9999
1977 04 09 06   140  -130 -9999   250    40     0 -9999 -9999
1977 04 09 09   170  -120 -9999   110    30     0 -9999 -9999
1977 04 09 12   140  -130 -9999    90    10     7 -9999 -9999
1977 04 09 18    50  -110 -9999   220    20     0 -9999 -9999
1977 04 09 21    50  -100 -9999   250    40     0 -9999 -9999
1977 04 10 00    60  -130 -9999   220    50     8 -9999 -9999
1977 04 10 03    90  -130 -9999   250    50     7 -9999 -9999
1977 04 10 06   170  -120 -9999     0     0     7 -9999 -9999
1977 04 10 09   200  -140 -9999     0     0     7 -9999 -9999
1977 04 10 12   160  -130 -9999    90    50     7 -9999 -9999
1977 04 10 18    90   -50 -9999   270    10 -9999 -9999 -9999
1977 04 10 21   160   -60 -9999   250    40     2 -9999 -9999
1977 04 11 00    70   -70 -9999   250    40     7 -9999 -9999
1977 04 11 03   110   -50 -9999   220    40     6 -9999 -9999
1977 04 11 06   160   -60 -9999    90    20     5 -9999 -9999
1977 04 11 09   150   -70 -9999    40    50     7 -9999 -9999
1977 04 11 12   150   -50 -9999    90    50     5 -9999 -9999
1977 04 12 00    40   -70 -9999   220    10     1 -9999 -9999
1977 04 12 06   160  -110 -9999   220    40     1 -9999 -9999
1977 04 12 09   180   -70 -9999   140    20     2 -9999 -9999
1977 04 12 12   170  -100 -9999    40    50     7 -9999 -9999
1977 04 12 18   120   -40 -9999     0     0     1 -9999 -9999
1977 04 13 06   190   -30 -9999    70    10     6 -9999 -9999
1977 04 13 09   200   -90 -9999   270    10     7 -9999 -9999
1977 04 13 12   180   -90 -9999    70    30     2 -9999 -9999
1977 04 13 18    80   -30 -9999   250    20     0 -9999 -9999
1977 04 13 21    80   -70 -9999   250    50     0 -9999 -9999
1977 04 14 00    80   -90 -9999   250    70     3 -9999 -9999
1977 04 14 03   130  -100 -9999   250    50     7 -9999 -9999
1977 04 14 06   190   -70 -9999   270    70     7 -9999 -9999
1977 04 14 09   210   -60 -9999   220    10     7 -9999 -9999
1977 04 14 12   150   -10 -9999   360    80     7 -9999    -1
1977 04 14 21    80    20 -9999   250    40     3 -9999 -9999
1977 04 15 00    80     0 -9999   250    40     7 -9999 -9999
1977 04 15 03   130   -10 -9999   250    40     6 -9999 -9999
1977 04 15 06   200   -50 -9999    90    30     3 -9999 -9999
1977 04 15 09   200   -70 -9999     0     0     7 -9999 -9999
1977 04 15 12   160   -40 -9999    40    40     7 -9999    -1
1977 04 15 18   120     0 -9999   250    20     6 -9999 -9999
1977 04 15 21   110   -10 -9999   220    50     7 -9999 -9999
1977 04 16 06   160   -20 -9999    40    30     7 -9999    -1
1977 04 16 09   190   -50 -9999    40    30     7 -9999 -9999
1977 04 16 12   180   -50 -9999    70    40     1 -9999 -9999
1977 04 16 18    90   -20 -9999     0     0     0 -9999 -9999
1977 04 16 21    60   -30 -9999   250    20     0 -9999 -9999
1977 04 17 00    80   -50 -9999   250    50     1 -9999 -9999
1977 04 17 03   110   -50 -9999   250    30     0 -9999 -9999
1977 04 17 06   190   -50 -9999   200    20     0 -9999 -9999
1977 04 17 12   190   -70 -9999    70    50     0 -9999 -9999
1977 04 17 18   100   -40 -9999   220    10     0 -9999 -9999
1977 04 18 00    90   -90 -9999    70    30     6 -9999 -9999
1977 04 18 03 -9999 -9999 -9999   250    10     7 -9999 -9999
1977 04 18 06   160  -130 -9999    90    40     6 -9999 -9999
1977 04 18 09   170  -120 -9999    90    40     7 -9999 -9999
1977 04 18 12   160  -130 -9999    90    40     6 -9999 -9999
1977 04 18 18   100   -40 -9999     0     0     2 -9999 -9999
1977 04 18 21    90   -50 -9999   250    20     6 -9999 -9999
1977 04 19 00    70   -40 -9999   250    20     6 -9999 -9999
1977 04 19 03   120   -60 -9999     0     0     5 -9999 -9999
1977 04 19 06   160   -90 -9999   110    30     7 -9999 -9999
1977 04 19 09   180  -130 -9999    90    50     3 -9999 -9999
1977 04 19 12   160  -120 -9999    70    60     7 -9999 -9999
1977 04 19 18   110   -20 -9999   160    20     6 -9999 -9999
1977 04 19 21   100   -20 -9999   220    20     2 -9999 -9999
1977 04 20 00    80   -10 -9999   250    30     2 -9999 -9999
1977 04 20 03 -9999 -9999 -9999   220    30     0 -9999 -9999
1977 04 20 12   190  -210 -9999   270    80     2 -9999 -9999
1977 04 20 18    90   -70 -9999   160    20     0 -9999 -9999
1977 04 20 21    70   -90 -9999   250    30     0 -9999 -9999
1977 04 21 00 -9999   -90 -9999   250    20     7 -9999 -9999
1977 04 21 03   120  -120 -9999   220    40     1 -9999 -9999
1977 04 21 06   170  -200 -9999   250    30     1 -9999 -9999
1977 04 21 12   140  -140 -9999   250   400     3 -9999 -9999
1977 04 22 00   150    40 -9999    70    30     8 -9999 -9999
1977 04 22 03    80  -280 -9999   220    40     1 -9999 -9999
1977 04 22 09 -9999 -9999 -9999   320    20     7 -9999 -9999
1977 04 22 18    50  -150 -9999    70    20     1 -9999 -9999
1977 04 22 21    30  -170 -9999   200    30     0 -9999 -9999
1977 04 23 00    30  -210 -9999   220    30     2 -9999 -9999
1977 04 23 03   100  -290 -9999   320    30     1 -9999 -9999
1977 04 23 09    90  -100 -9999    70    80     9 -9999 -9999
1977 04 23 12    70   -90 -9999    70    60     9 -9999 -9999
1977 04 24 00    30   -70 -9999    70    20     9 -9999 -9999
1977 04 24 06    60   -90 -9999    90    30     9 -9999 -9999
1977 04 24 09    60  -100 -9999    70    30     9 -9999 -9999
1977 04 24 12    60   -90 -9999    90    30     9 -9999 -9999
1977 04 24 18     0   -10 -9999   200    10     6 -9999    10
1977 04 24 21    10   -10 -9999   270    20     9 -9999 -9999
1977 04 25 00    10   -10 -9999   270    20     8 -9999    -1
1977 04 25 03    20   -30 -9999   140    30     9 -9999 -9999
1977 04 25 06    30   -40 -9999    90    10     9 -9999    -1
1977 04 25 09    60   -40 -9999    90    20     9 -9999 -9999
1977 04 25 12    50   -40 -9999   270    40     9 -9999    -1
1977 04 25 18    20   -20 -9999   250    30     7 -9999 -9999
1977 04 26 03    10   -10 -9999    90    10     9 -9999 -9999
1977 04 26 06    40     0 -9999   110    10     7 -9999    20
1977 04 26 09    80   -10 -9999   200    20     7 -9999 -9999
1977 04 26 12    80   -10 -9999   110    20     8 -9999 -9999
1977 04 26 21    20     0 -9999   250    20     0 -9999 -9999
1977 04 27 00    10     0 -9999   250    50     0 -9999 -9999
1977 04 27 03    70   -20 -9999   250    60     0 -9999 -9999
1977 04 27 06   140   -60 -9999   270    30     3 -9999 -9999
1977 04 27 09   170   -90 -9999   220    50     4 -9999 -9999
1977 04 28 06   140  -210 -9999   250    20     8 -9999 -9999
1977 04 28 18    80  -170 -9999     0     0     1 -9999 -9999
1977 04 29 00    50  -280 -9999    20    50     1 -9999 -9999
1977 04 29 03   130  -220 -9999   200    10     6 -9999 -9999
1977 04 29 18    60   -90 -9999     0     0     0 -9999 -9999
1977 04 29 21    40   -50 -9999   250    20     0 -9999 -9999
1977 04 30 00    50  -120 -9999   220    30     0 -9999 -9999
1977 04 30 03    90  -110 -9999    40    30 -9999 -9999 -9999
1977 04 30 06   110  -130 -9999    90    40     2 -9999 -9999
1977 04 30 09   150  -140 -9999    90    30     2 -9999 -9999
1977 04 30 12   110   -90 -9999    70    50     7 -9999 -9999
1977 04 30 18    60   -30 -9999     0     0     2 -9999 -9999
1977 04 30 21    50   -50 -9999     0     0     0 -9999 -9999
1977 05 01 00    40   -50 -9999   250    10     0 -9999 -9999
1977 05 01 06   130   -80 -9999    70    30     0 -9999 -9999
1977 05 01 09   160  -110 -9999    90    50     0 -9999 -9999
1977 05 01 12   140   -90 -9999    70    50     3 -9999 -9999
1977 05 02 00    60   -80 -9999   250    30     5 -9999 -9999
1977 05 02 03   100   -90 -9999   250    30     0 -9999 -9999
1977 05 02 06   160  -110 -9999     0     0     0 -9999 -9999
1977 05 02 09   190  -120 -9999 -9999 -9999     1 -9999 -9999
1977 05 02 12   170  -120 -9999    40    50     0 -9999 -9999
1977 05 02 18    20  -180 -9999    90    20     6 -9999 -9999
1977 05 02 21    70   -20 -9999   250    20     2 -9999 -9999
1977 05 03 00    70   -80 -9999   270    30     2 -9999 -9999
1977 05 03 03   130   -30 -9999   250    20     1 -9999 -9999
1977 05 03 09   210  -100 -9999     0     0     5 -9999 -9999
1977 05 03 12   180  -170 -9999   200    30     7 -9999 -9999
1977 05 03 18   130   -50 -9999   220    20     1 -9999 -9999
1977 05 03 21   110   -50 -9999   220    20     1 -9999 -9999
1977 05 04 00    90   -50 -9999   250    30     7 -9999 -9999
1977 05 04 03   130   -60 -9999   250    20     7 -9999 -9999
1977 05 04 06   180   -90 -9999    40    30     7 -9999 -9999
1977 05 04 09   200  -140 -9999 -9999 -9999     7 -9999 -9999
1977 05 04 12   190  -120 -9999    90    30     7 -9999 -9999
1977 05 04 21     0   -60 -9999   250    10     6 -9999 -9999
1977 05 05 00    60   -70 -9999   250    10     1 -9999 -9999
1977 05 05 06   160  -110 -9999    90    30     7 -9999 -9999
1977 05 05 09   180  -120 -9999    90    40     7 -9999 -9999
1977 05 05 12   180   -90 -9999    40    10     7 -9999 -9999
1977 05 05 18 -9999 -9999 -9999     0     0     7 -9999 -9999
1977 05 06 00   110   -70 -9999   220    20     7 -9999 -9999
1977 05 06 03   140   -70 -9999   250    30     6 -9999 -9999
1977 05 06 06   200  -100 -9999   140    20     2 -9999 -9999
1977 05 06 09   210  -120 -9999   250    20     6 -9999 -9999
1977 05 06 12   180   -80 -9999    70    50     7 -9999    -1
1977 05 06 18   120    20 -9999   250    30     3 -9999 -9999
1977 05 06 21    90   -40 -9999   270    30     5 -9999 -9999
1977 05 07 00    80   -40 -9999   250    20     7 -9999 -9999
1977 05 07 03   130   -60 -9999   220    20     2 -9999 -9999
1977 05 07 06   190   -90 -9999   270    10     6 -9999 -9999
1977 05 07 09   210  -120 -9999   270    30     7 -9999 -9999
1977 05 07 12   210  -120 -9999   270    40     7 -9999 -9999
1977 05 07 21   100   -30 -9999   220    10     7 -9999 -9999
1977 05 08 03   140   -50 -9999   220    20     6 -9999 -9999
1977 05 08 06   180   -70 -9999   200    20     7 -9999 -9999
1977 05 08 09   210   -60 -9999    90    10     7 -9999 -9999
1977 05 08 12   180  -100 -9999    70    60     8 -9999 -9999
1977 05 08 18   120   -20 -9999   110    10     2 -9999    -1
1977 05 08 21   100     0 -9999     0     0     3 -9999 -9999
1977 05 09 00   100    10 -9999     0     0     8 -9999 -9999
1977 05 09 06   180   -40 -9999    70    20     9 -9999 -9999
1977 05 09 09   170   -30 -9999    40    50     9 -9999 -9999
1977 05 09 12   140    20 -9999   250    40     8 -9999    -1
1977 05 09 18   100    30 -9999   250    40     1 -9999 -9999
1977 05 09 21    90 -9999 -9999   220    30     0 -9999 -9999
1977 05 10 00    70   -10 -9999   250    40     6 -9999 -9999
1977 05 10 03   120   -30 -9999   220    20 -9999 -9999 -9999
1977 05 10 06   200   -60 -9999     0     0     7 -9999 -9999
1977 05 10 09   220  -130 -9999     0     0     6 -9999 -9999
1977 05 10 12   180   -50 -9999   250    60     8 -9999 -9999
1977 05 11 06   120    20 -9999    90    50     7 -9999 -9999
1977 05 11 09   110    30 -9999    70    50     7 -9999 -9999
1977 05 11 12   100    30 -9999    90    30     7 -9999    -1
1977 05 12 03   120   -50 -9999   200    20     1 -9999 -9999
1977 05 12 06   160   -70 -9999    40    30     1 -9999 -9999
1977 05 12 09   170   -40 -9999    90    40     7 -9999 -9999
1977 05 12 12   130    20 -9999    20    30     7 -9999    -1
1977 05 13 03    90    50 -9999    40    10     7 -9999 -9999
1977 05 13 06    80    50 -9999   270    20     8 -9999    10
1977 05 13 09   130    50 -9999     0     0     7 -9999 -9999
1977 05 13 12   120    40 -9999   250    20     7 -9999    10
1977 05 14 06   120    30 -9999   270    30     8 -9999    -1
1977 05 14 09   140    20 -9999   270    70     8 -9999 -9999
1977 05 14 12   130    20 -9999   250    70     7 -9999    -1
1977 05 14 18    80    30 -9999   250    50     8 -9999    -1
1977 05 14 21    80    30 -9999   200    30     7 -9999 -9999
1977 05 15 00 -9999    70 -9999   250    20     7 -9999    -1
1977 05 15 06   150   -20 -9999   220    10     7 -9999 -9999
1977 05 15 09   130    20 -9999   110    30     7 -9999 -9999
1977 05 15 12   120    20 -9999    70    40     7 -9999    -1
1977 05 15 18    50    30 -9999   250    30     1 -9999    -1
1977 05 15 21    60    20 -9999   250    50     0 -9999 -9999
1977 05 16 00    50     0 -9999   250    50     6 -9999 -9999
1977 05 16 03   110   -40 -9999   230    60     5 -9999 -9999
1977 05 16 06   160   -80 -9999    70    20     7 -9999 -9999
1977 05 16 09   170   -60 -9999    40    20     7 -9999 -9999
1977 05 16 12   130   -10 -9999    70    40     3 -9999    -1
1977 05 16 18    90     0 -9999   250    30     0 -9999 -9999
1977 05 16 21    90   -40 -9999   220    20     3 -9999 -9999
1977 05 17 00    90   -50 -9999   320    20     6 -9999 -9999
1977 05 17 03   130   -20 -9999   180    40     1 -9999 -9999
1977 05 17 06   180   -60 -9999   270    40     5 -9999 -9999
1977 05 17 09   180   -60 -9999     0     0     7 -9999 -9999
1977 05 17 12   190   -70 -9999   270    30     7 -9999 -9999
1977 05 18 00    90   -10 -9999   250    40     6 -9999 -9999
1977 05 18 03   130   -10 -9999   220    40     2 -9999 -9999
1977 05 18 06   190   -60 -9999   290    20     2 -9999 -9999
1977 05 18 09   230  -100 -9999   250    20     5 -9999 -9999
1977 05 18 12   210   -90 -9999   290    40     4 -9999 -9999
1977 05 18 18   140   -10 -9999     0     0     7 -9999 -9999
1977 05 18 21   140   -20 -9999   270    30     7 -9999 -9999
1977 05 19 00   110   -10 -9999   140    10     7 -9999 -9999
1977 05 19 06   170     0 -9999    40    20     2 -9999 -9999
1977 05 19 09   220     0 -9999     0     0     7 -9999 -9999
1977 05 19 12   170     0 -9999    70    40     7 -9999    -1
1977 05 20 03   140  -110 -9999   200    60     6 -9999 -9999
1977 05 20 06   180  -220 -9999   340    90     6 -9999 -9999
1977 05 20 09   180  -150 -9999   340    90     1 -9999 -9999
1977 05 20 12   190   -60 -9999   320    50     7 -9999 -9999
1977 05 20 18   130  -130 -9999    70    50     1 -9999 -9999
1977 05 20 21   120  -160 -9999    60    70     6 -9999 -9999
1977 05 21 00 -9999 -9999 -9999    70    30     9 -9999 -9999
1977 05 21 06   160  -110 -9999    70    30     9 -9999 -9999
1977 05 21 09   170  -180 -9999    90    80     9 -9999 -9999
1977 05 21 12   140  -130 -9999    70    50     9 -9999 -9999
1977 05 22 00   110   -50 -9999   110    20     9 -9999 -9999
1977 05 22 03   130  -110 -9999   250    30     9 -9999 -9999
1977 05 22 06   190  -100 -9999   270    20     9 -9999 -9999
1977 05 22 09   190   -90 -9999    70    60     7 -9999 -9999
1977 05 22 12   180   -60 -9999   250    50     7 -9999 -9999
1977 05 22 18   150   -40 -9999   220    30     0 -9999 -9999
1977 05 22 21   110   -40 -9999   250    30     0 -9999 -9999
1977 05 23 00    90   -50 -9999   250    40     0 -9999 -9999
1977 05 23 03   160   -40 -9999   220    70     0 -9999 -9999
1977 05 23 06   220  -130 -9999   270    50     1 -9999 -9999
1977 05 23 09   250   -80 -9999   250    50     3 -9999 -9999
1977 05 23 12   250   -70 -9999   180    30     1 -9999 -9999
1977 05 23 18   130   -10 -9999   250    20     1 -9999 -9999
1977 05 23 21   140   -50 -9999   250    40     2 -9999 -9999
1977 05 24 00   120   -80 -9999   220    60     3 -9999 -9999
1977 05 24 03   180   -60 -9999   250    30     1 -9999 -9999
1977 05 24 06   240   -60 -9999   250    30     1 -9999 -9999
1977 05 24 09   270   -60 -9999     0     0     6 -9999 -9999
1977 05 24 12   240   -40 -9999    70    80     7 -9999    -1
1977 05 24 18   180    20 -9999     0     0     7 -9999    -1
1977 05 24 21   170    20 -9999   220    40     7 -9999 -9999
1977 05 25 00   160    20 -9999   250    40     7 -9999 -9999
1977 05 25 03   190    30 -9999   250    30     3 -9999 -9999
1977 05 25 06   230   -60 -9999   270    30     2 -9999 -9999
1977 05 25 09   260  -130 -9999   320    70     1 -9999 -9999
1977 05 25 18   140   -20 -9999   290    10     1 -9999 -9999
1977 05 26 00   130   -40 -9999   250    50     0 -9999 -9999
1977 05 26 03   190   -40 -9999   220    30     0 -9999 -9999
1977 05 26 06   250   -90 -9999     0     0     1 -9999 -9999
1977 05 26 09   250   -60 -9999    70    80     1 -9999 -9999
1977 05 26 12   240   -50 -9999    70    70     3 -9999 -9999
1977 05 27 00   140   -30 -9999   250    40     1 -9999 -9999
1977 05 27 03   190   -50 -9999   250    20     0 -9999 -9999
1977 05 27 06   260   -80 -9999   220    30     0 -9999 -9999
1977 05 27 09   290   -90 -9999   180    40     1 -9999 -9999
1977 05 27 12   280   -40 -9999    70    70     1 -9999 -9999
1977 05 27 18   180    10 -9999   220    20     0 -9999 -9999
1977 05 27 21   150    10 -9999   250    30     0 -9999 -9999
1977 05 28 00   160   -40 -9999   250    60     6 -9999 -9999
1977 05 28 03   230   -20 -9999   250    20     7 -9999 -9999
1977 05 28 06   280   -90 -9999   180    40     6 -9999 -9999
1977 05 28 12   260   -20 -9999    90    50     7 -9999 -9999
1977 05 28 18   190   -20 -9999    40    40     7 -9999 -9999
1977 05 28 21   190   -70 -9999    90   100     7 -9999 -9999
1977 05 29 00   150   -70 -9999    70    30     9 -9999 -9999
1977 05 29 03 -9999 -9999 -9999    40    30     9 -9999 -9999
1977 05 29 09   200   -80 -9999    90    30     9 -9999 -9999
1977 05 29 12   180   -20 -9999    90    50     9 -9999 -9999
1977 05 29 18 -9999 -9999 -9999    40    20     9 -9999 -9999
1977 05 29 21   160   -10 -9999    90    30     9 -9999 -9999
1977 05 30 00   140    10 -9999    90    20     5 -9999 -9999
1977 05 30 03   170    20 -9999     0     0     9 -9999 -9999
1977 05 30 06   200     0 -9999     0     0     9 -9999 -9999
1977 05 30 09   280   -20 -9999    70    30     9 -9999 -9999
1977 05 30 12   210   -20 -9999    70    60     9 -9999 -9999
1977 05 30 18   140   -20 -9999   220    20     0 -9999 -9999
1977 05 30 21   110    10 -9999   250    20     0 -9999 -9999
1977 05 31 00   110   -20 -9999   250    40     5 -9999 -9999
1977 05 31 03   170   -50 -9999   200    40     3 -9999 -9999
1977 05 31 06   230   -50 -9999     0     0     6 -9999 -9999
1977 05 31 09   250   -20 -9999     0     0     7 -9999 -9999
1977 05 31 12   220   -20 -9999    90    50     7 -9999 -9999
1977 05 31 18   160   -20 -9999   250    20     7 -9999 -9999
1977 05 31 21   150   -60 -9999   250    30     5 -9999 -9999
1977 06 01 00   130  -100 -9999   270    50     7 -9999 -9999
1977 06 01 03   170   -90 -9999   220    30     7 -9999 -9999
1977 06 01 06   230   -70 -9999    70    20     7 -9999 -9999
1977 06 01 09   240  -140 -9999    40    30     7 -9999 -9999
1977 06 01 12   230   -90 -9999   220    30     7 -9999 -9999
1977 06 01 18   180   -70 -9999   250    50     7 -9999 -9999
1977 06 01 21   170   -80 -9999   220    50     0 -9999 -9999
1977 06 02 00   140   -40 -9999   250    30     1 -9999 -9999
1977 06 02 03   190   -50 -9999   220    20     7 -9999 -9999
1977 06 02 06   240   -60 -9999    80    20     7 -9999 -9999
1977 06 02 09   260  -140 -9999   220    20     7 -9999 -9999
1977 06 02 12   260   -60 -9999    90    60     7 -9999 -9999
1977 06 02 21   130     0 -9999   250    20     7 -9999 -9999
1977 06 03 00   120   -20 -9999   250    30     6 -9999 -9999
1977 06 03 03   190   -10 -9999   250    20     7 -9999 -9999
1977 06 03 06   230   -40 -9999    90    20     7 -9999 -9999
1977 06 03 09   250   -60 -9999     0     0     7 -9999 -9999
1977 06 03 18   150   -10 -9999     0     0     3 -9999 -9999
1977 06 03 21   120   -10 -9999   220    20     0 -9999 -9999
1977 06 04 00   120   -30 -9999   250    50     5 -9999 -9999
1977 06 04 03   200   -40 -9999     0     0     5 -9999 -9999
1977 06 04 06   230   -30 -9999    70    30     7 -9999 -9999
1977 06 04 12   250     0 -9999     0     0     6 -9999 -9999
1977 06 04 18   170     0 -9999     0     0     7 -9999 -9999
1977 06 04 21   140     0 -9999   250    10     6 -9999 -9999
1977 06 05 03   200    10 -9999     0     0     2 -9999 -9999
1977 06 05 06   240    20 -9999     0     0     6 -9999 -9999
1977 06 05 09   270    40 -9999     0     0     7 -9999 -9999
1977 06 05 12   250   -10 -9999    40    20     7 -9999 -9999
1977 06 05 18   180    20 -9999   110    20     2 -9999 -9999
1977 06 05 21   170     0 -9999   250    40     1 -9999 -9999
1977 06 06 00   160    20 -9999   220    30     3 -9999 -9999
1977 06 06 03   200    20 -9999   220    50     6 -9999 -9999
1977 06 06 09   250    30 -9999    70    50     7 -9999 -9999
1977 06 06 12   210    40 -9999    90    40     7 -9999    -1
1977 06 07 00   230   -10 -9999   120    30     7 -9999 -9999
1977 06 07 03   210     0 -9999   290    60     7 -9999 -9999
1977 06 07 06   210    30 -9999    70    30     7 -9999 -9999
1977 06 07 09   170    80 -9999   110    40     8 -9999 -9999
1977 06 07 12   140    90 -9999   340    30     8 -9999    10
1977 06 07 18   130    70 -9999   260    30     6 -9999 -9999
1977 06 07 21   110    70 -9999   250    30     7 -9999 -9999
1977 06 08 03   160    50 -9999   220    30     7 -9999 -9999
1977 06 08 06   220    40 -9999     0     0     7 -9999 -9999
1977 06 08 09   160    60 -9999    70    20     8 -9999 -9999
1977 06 08 12   160    80 -9999    70    70     8 -9999    -1
1977 06 09 06   190    70 -9999    70    50     7 -9999 -9999
1977 06 09 09   150    80 -9999    90    80     8 -9999 -9999
1977 06 09 12   140    90 -9999     0     0     7 -9999    -1
1977 06 09 18   110    90 -9999     0     0     7 -9999    -1
1977 06 09 21   110    80 -9999   220    20     7 -9999 -9999
1977 06 10 00   100    80 -9999   220    30     7 -9999 -9999
1977 06 10 03   140    90 -9999   270    30     7 -9999 -9999
1977 06 10 06   200    50 -9999    90    30     7 -9999 -9999
1977 06 10 09   170    50 -9999    70    50     8 -9999 -9999
1977 06 10 12   180    70 -9999    70    50     7 -9999    -1
1977 06 11 00   110    50 -9999   250    50     7 -9999 -9999
1977 06 11 03   160    40 -9999   220    30     7 -9999 -9999
1977 06 11 06   220    10 -9999    90    10     6 -9999    10
1977 06 11 09   220   -10 -9999    90    30     7 -9999 -9999
1977 06 11 12 -9999 -9999 -9999    70    60     7 -9999    -1
1977 06 12 00   130    20 -9999   250    30     6 -9999 -9999
1977 06 12 03   170    20 -9999 -9999 -9999     5 -9999 -9999
1977 06 12 06   240     0 -9999     0     0     3 -9999 -9999
1977 06 12 09   180    40 -9999   360    50     7 -9999 -9999
1977 06 12 12   200    10 -9999   360    70     7 -9999    -1
1977 06 12 18   140    50 -9999   220    60     2 -9999    -1
1977 06 12 21   120    60 -9999   250    30     6 -9999 -9999
1977 06 13 00   130    60 -9999   250    30     7 -9999    -1
1977 06 13 03   170    30 -9999   220    40     7 -9999 -9999
1977 06 13 06   200    20 -9999    90    20     7 -9999 -9999
1977 06 13 09   220    20 -9999   250    10     7 -9999 -9999
1977 06 13 12   190    50 -9999    90   100     7 -9999 -9999
1977 06 13 18   110    80 -9999   250    60     7 -9999    20
1977 06 13 21   100    80 -9999   220    40     8 -9999 -9999
1977 06 14 00   100    80 -9999   270    50     8 -9999 -9999
1977 06 14 03   100    90 -9999   250    20     8 -9999 -9999
1977 06 14 06   110    90 -9999     0     0     8 -9999   110
1977 06 14 12   120    60 -9999     0     0     7 -9999    10
1977 06 14 18   120    80 -9999   220    50     7 -9999    -1
1977 06 14 21   110    80 -9999   250    30     7 -9999 -9999
1977 06 15 00   110    80 -9999   250    40     7 -9999    -1
1977 06 15 03   140    80 -9999   250    40     7 -9999 -9999
1977 06 15 06   150    80 -9999   100 -9999     7 -9999    -1
1977 06 15 12   150    80 -9999    90    70     7 -9999    -1
1977 06 15 18   120   110 -9999    70    20     5 -9999    -1
1977 06 15 21   100   100 -9999   220    20     2 -9999 -9999
1977 06 16 00   100    90 -9999   250    40     1 -9999 -9999
1977 06 16 06   190    70 -9999     0     0     7 -9999 -9999
1977 06 16 09   160    60 -9999    20    10     8 -9999 -9999
1977 06 16 12   160    70 -9999    90    20     7 -9999    -1
1977 06 16 18   100    80 -9999    70    40     8 -9999    -1
1977 06 16 21   100    70 -9999   250    40     7 -9999 -9999
1977 06 17 00   110    60 -9999   250    40     7 -9999 -9999
1977 06 17 06   130    90 -9999    70    70     7 -9999    -1
1977 06 17 09   110    80 -9999    90    30     7 -9999 -9999
1977 06 17 12   140    80 -9999   200    20     6 -9999    10
1977 06 17 21   110    70 -9999   220    40     5 -9999 -9999
1977 06 18 00   110    60 -9999   250    50     6 -9999 -9999
1977 06 18 03   150    70 -9999   220    60     1 -9999 -9999
1977 06 18 06   200    50 -9999    90    30     2 -9999 -9999
1977 06 18 12   220    70 -9999    90    40     3 -9999 -9999
1977 06 18 18   130   100 -9999     0     0     1 -9999 -9999
1977 06 18 21   130    80 -9999   220    70     0 -9999 -9999
1977 06 19 00   140    70 -9999   250    50     1 -9999 -9999
1977 06 19 03   180 -9999 -9999    20    10     0 -9999 -9999
1977 06 19 06   220    80 -9999    70    40     1 -9999 -9999
1977 06 19 09   240    70 -9999    90    50     1 -9999 -9999
1977 06 19 12   240    90 -9999    70    40     2 -9999 -9999
1977 06 19 18   170   100 -9999   220    20     1 -9999 -9999
1977 06 19 21   140   100 -9999   270    20     1 -9999 -9999
1977 06 20 00   150    80 -9999   250    50     1 -9999 -9999
1977 06 20 03   200    80 -9999   250    30     1 -9999 -9999
1977 06 20 06   260    60 -9999     0     0     2 -9999 -9999
1977 06 20 09   230    80 -9999   250    60     7 -9999 -9999
1977 06 21 00   170    50 -9999   250    60     2 -9999 -9999
1977 06 21 03   210    50 -9999   220    20     1 -9999 -9999
1977 06 21 06   270    70 -9999     0     0     2 -9999 -9999
1977 06 21 09   300    30 -9999   250    50     6 -9999 -9999
1977 06 21 18   200   100 -9999   220    20     0 -9999 -9999
1977 06 21 21   190    50 -9999   250    30     0 -9999 -9999
1977 06 22 00   150    80 -9999   270    30     1 -9999 -9999
1977 06 22 03   230    80 -9999    70    20     0 -9999 -9999
1977 06 22 06   270    80 -9999     0     0     1 -9999 -9999
1977 06 22 09   290    90 -9999    90    30     2 -9999 -9999
1977 06 22 12   270   100 -9999    90    40     2 -9999 -9999
1977 06 22 18   190   100 -9999   250    10     1 -9999 -9999
1977 06 22 21   190    90 -9999   250    50     0 -9999 -9999
1977 06 23 00   170    70 -9999   250    60     0 -9999 -9999
1977 06 23 03   240    70 -9999     0     0     0 -9999 -9999
1977 06 23 06   280    90 -9999    90    30     2 -9999 -9999
1977 06 23 12   280    70 -9999    40    70     4 -9999    -1
1977 06 23 18   200   130 -9999     0     0     0 -9999    -1
1977 06 23 21   170   120 -9999   250    30     0 -9999 -9999
1977 06 24 00   180    80 -9999   250    60     1 -9999 -9999
1977 06 24 03   240    60 -9999   220    40     1 -9999 -9999
1977 06 24 06   280    80 -9999    70    50     2 -9999 -9999
1977 06 24 18   200    80 -9999   220    20     7 -9999 -9999
1977 06 24 21   200    50 -9999   250    40     2 -9999 -9999
1977 06 25 00   190    40 -9999   270    30     6 -9999 -9999
1977 06 25 03   230    60 -9999     0     0     6 -9999 -9999
1977 06 25 06   250    70 -9999    70    40     6 -9999 -9999
1977 06 25 09   240    70 -9999   110    80     3 -9999 -9999
1977 06 25 12   230    60 -9999    90    60     9 -9999 -9999
1977 06 25 18   170     0 -9999   200    10     3 -9999    -1
1977 06 25 21   160    60 -9999   220    40     2 -9999 -9999
1977 06 26 00   160    50 -9999   220    30     7 -9999 -9999
1977 06 26 03   180    60 -9999   250    10     7 -9999 -9999
1977 06 26 06   250    20 -9999   220    40     7 -9999 -9999
1977 06 26 18   190    30 -9999     0     0     3 -9999 -9999
1977 06 27 00   150    60 -9999     0     0     6 -9999 -9999
1977 06 27 03   220    40 -9999    70    20     7 -9999 -9999
1977 06 27 06   260    60 -9999    90    10     3 -9999 -9999
1977 06 27 09   270    50 -9999    90    40     7 -9999 -9999
1977 06 27 12   270    50 -9999     0     0     6 -9999    -1
1977 06 27 18   190    80 -9999   250    30     7 -9999    -1
1977 06 27 21   200    60 -9999    50    50     7 -9999 -9999
1977 06 28 00   190    70 -9999   220    20     7 -9999    -1
1977 06 28 06   240    50 -9999   250    50     6 -9999     3
1977 06 28 09   250    40 -9999     0     0     7 -9999 -9999
1977 06 28 12   250   -10 -9999    40    40     6 -9999 -9999
1977 06 28 18   190    20 -9999   250    40     7 -9999 -9999
1977 06 28 21   180    20 -9999   220    30     2 -9999 -9999
1977 06 29 00   150    40 -9999   220    30     2 -9999 -9999
1977 06 29 06   260   -20 -9999   270    70     3 -9999 -9999
1977 06 29 09   280   -20 -9999   290    20     6 -9999 -9999
1977 06 29 12   270   -90 -9999   290    80     2 -9999 -9999
1977 06 30 03   200    30 -9999    70    20     6 -9999 -9999
1977 06 30 09   240   -10 -9999   250    40     4 -9999 -9999
1977 06 30 12   260     0 -9999   250    20     1 -9999    -1
1977 06 30 18   150    60 -9999    90    30     0 -9999 -9999
1977 06 30 21   140    50 -9999    90    50     6 -9999 -9999
1977 07 01 00   130    70 -9999     0     0     0 -9999 -9999
1977 07 01 06   210    80 -9999   220    30     2 -9999    -1
1977 07 01 09   240    30 -9999   270    10     6 -9999 -9999
1977 07 01 12   210    80 -9999    70    40     7 -9999    -1
1977 07 01 18   160    80 -9999    40    20     1 -9999 -9999
1977 07 01 21   140    80 -9999   270    20     0 -9999 -9999
1977 07 02 00   130    70 -9999   250    30     0 -9999 -9999
1977 07 02 03   190    70 -9999 -9999 -9999     1 -9999 -9999
1977 07 02 06   250   -10 -9999   220    20     1 -9999 -9999
1977 07 02 09   250    80 -9999    70    60     5 -9999 -9999
1977 07 02 12   230    90 -9999    90    70     3 -9999 -9999
1977 07 02 18   160    80 -9999   200    30     1 -9999 -9999
1977 07 03 00   120    70 -9999   220    30     2 -9999 -9999
1977 07 03 03   200    60 -9999    90    30     1 -9999 -9999
1977 07 03 06   230    60 -9999    70    30     7 -9999 -9999
1977 07 03 09   260    10 -9999    40    60     7 -9999 -9999
1977 07 03 12   250     0 -9999   320    70     7 -9999 -9999
1977 07 03 18   210   -20 -9999   360    40     1 -9999    -1
1977 07 03 21   160    10 -9999    90    50     2 -9999 -9999
1977 07 04 00   110    50 -9999   270    20     6 -9999 -9999
1977 07 04 03   200    20 -9999   270    50     5 -9999 -9999
1977 07 04 06   250   -20 -9999   320    20     2 -9999 -9999
1977 07 04 09   250   -30 -9999   320    60     7 -9999 -9999
1977 07 04 12   250   -40 -9999   270    40     7 -9999 -9999
1977 07 04 18   170     0 -9999     0     0     3 -9999 -9999
1977 07 04 21   150    10 -9999   340    30     7 -9999 -9999
1977 07 05 00   160    30 -9999    40    40     7 -9999    -1
1977 07 05 03   190    40 -9999    40    60     7 -9999 -9999
1977 07 05 06   210    20 -9999     0     0     5 -9999 -9999
1977 07 05 09   210    40 -9999    70    80     6 -9999 -9999
1977 07 05 18   240   110 -9999    90    10     8 -9999 -9999
1977 07 06 00   110    50 -9999   250    50     1 -9999 -9999
1977 07 06 03   180    40 -9999   250    40     1 -9999 -9999
1977 07 06 06   240    10 -9999   160    20     2 -9999 -9999
1977 07 06 09   250     0 -9999    70    50     7 -9999 -9999
1977 07 06 12   220   -10 -9999    90    40     7 -9999    -1
1977 07 06 18   160     0 -9999    90    30     1 -9999    -1
1977 07 06 21   130     0 -9999   250    40     1 -9999 -9999
1977 07 07 00   100    20 -9999   270    30     0 -9999 -9999
1977 07 07 03   180   -20 -9999   250    20     1 -9999 -9999
1977 07 07 06   240   -60 -9999   250    30     1 -9999 -9999
1977 07 07 09   270   -60 -9999   180    20     3 -9999 -9999
1977 07 07 12   230    40 -9999   160   110     7 -9999    -1
1977 07 07 18   190    70 -9999   220    60     7 -9999    -1
1977 07 07 21   170    60 -9999   250    20     6 -9999 -9999
1977 07 08 00   180    90 -9999   250    40     7 -9999    -1
1977 07 08 03   170 -9999 -9999   250    20     8 -9999 -9999
1977 07 08 06   220   100 -9999   250    50     3 -9999    -1
1977 07 08 09   210   120 -9999    40    40     6 -9999 -9999
1977 07 08 12   210   110 -9999    70    30     7 -9999    -1
1977 07 09 03   190    70 -9999   220    40     2 -9999 -9999
1977 07 09 06   250    10 -9999    90    10     6 -9999    -1
1977 07 09 09   260    40 -9999    70    20     6 -9999 -9999
1977 07 09 12   250   -10 -9999    40    70     7 -9999    -1
1977 07 09 18   150    50 -9999     0     0     1 -9999 -9999
1977 07 09 21   140    20 -9999   250    30     1 -9999 -9999
1977 07 10 00   140    10 -9999   250    30     7 -9999 -9999
1977 07 10 03   180    40 -9999   220    40     7 -9999 -9999
1977 07 10 06   250    30 -9999   110    40     6 -9999 -9999
1977 07 10 09   240    20 -9999    40    10     7 -9999 -9999
1977 07 10 12   140    50 -9999   270    30     3 -9999 -9999
1977 07 10 18   160    60 -9999   250    20     0 -9999 -9999
1977 07 11 00   130    60 -9999   200    20     1 -9999 -9999
1977 07 11 06   260    60 -9999    90    30     2 -9999 -9999
1977 07 11 09   290    60 -9999    70    30     6 -9999 -9999
1977 07 11 12   280    70 -9999    70    70     2 -9999 -9999
1977 07 11 18   170    80 -9999     0     0     0 -9999 -9999
1977 07 11 21   170    70 -9999   220    20     1 -9999 -9999
1977 07 12 00   100    70 -9999   250    30     6 -9999 -9999
1977 07 12 03   230    50 -9999   250    30     2 -9999 -9999
1977 07 12 06   290    60 -9999    40    10     1 -9999 -9999
1977 07 12 09   210    40 -9999   140    20     2 -9999 -9999
1977 07 12 12   270    50 -9999    90   100     7 -9999    -1
1977 07 12 18   190    90 -9999   240    30     0 -9999 -9999
1977 07 12 21   200    40 -9999    50    50     2 -9999 -9999
1977 07 13 00   200    60 -9999   270    60     7 -9999 -9999
1977 07 13 03   240    80 -9999   360    40     6 -9999 -9999
1977 07 13 06   320     0 -9999   270    30     3 -9999    -1
1977 07 13 09   320     0 -9999   250    80     7 -9999 -9999
1977 07 13 12   260    60 -9999   160    30     6 -9999 -9999
1977 07 13 18   220    30 -9999   220    50     7 -9999    -1
1977 07 14 03   230 -9999 -9999     0     0     2 -9999 -9999
1977 07 14 06   250   -10 -9999    90    50     6 -9999 -9999
1977 07 14 12 -9999 -9999 -9999   290    80     2 -9999 -9999
1977 07 14 18   190   -40 -9999   340    70     2 -9999 -9999
1977 07 14 21   140    10 -9999    90    30     2 -9999 -9999
1977 07 15 00   130     0 -9999   220    30     2 -9999 -9999
1977 07 15 09   240   -80 -9999    20    80     6 -9999 -9999
1977 07 15 12   240   -70 -9999    40    40     6 -9999     5
1977 07 15 21   120    80 -9999    70    20     3 -9999 -9999
1977 07 16 00   110    80 -9999    70    70     7 -9999     5
1977 07 16 03   110    80 -9999    70    20     7 -9999 -9999
1977 07 16 06   170    90 -9999    70    60     6 -9999    -1
1977 07 16 09   180    80 -9999    90    50     7 -9999 -9999
1977 07 16 12   180    80 -9999    70    30     4 -9999    -1
1977 07 16 18   140    90 -9999    90    30     2 -9999 -9999
1977 07 16 21   120    80 -9999    90    20     0 -9999 -9999
1977 07 17 00   110    80 -9999   220    10     1 -9999 -9999
1977 07 17 03   160    90 -9999    40    30     1 -9999 -9999
1977 07 17 06   190     0 -9999    70    70     2 -9999 -9999
1977 07 17 09   130   100 -9999   270    30     8 -9999 -9999
1977 07 17 12   160   100 -9999    70    40     7 -9999    40
1977 07 17 18   130    90 -9999   250    40     2 -9999 -9999
1977 07 17 21   150    60 -9999   220    40     7 -9999 -9999
1977 07 18 00   140    70 -9999   250    20     7 -9999    -1
19