1980 01 01 00  -140  -210 -9999   250    30     0 -9999 -9999
1980 01 01 03  -150  -210 -9999     0     0     0 -9999 -9999
1980 01 01 06   -60  -180 -9999    70    20     0 -9999     0
1980 01 01 09   -30  -180 -9999   110    40     0 -9999 -9999
1980 01 01 12     0  -190 -9999    90    20     1 -9999 -9999
1980 01 01 18  -130  -160 -9999   250    30     0 -9999     0
1980 01 01 21  -110  -160 -9999   250    70     0 -9999 -9999
1980 01 02 00  -170  -200 -9999     0     0     0 -9999 -9999
1980 01 02 06   -80  -210 -9999    40    10     0 -9999     0
1980 01 02 09   -50  -190 -9999    90    20     0 -9999 -9999
1980 01 02 12   -90  -180 -9999    70    50     0 -9999 -9999
1980 01 02 15   -70 -9999 -9999     0     0     6 -9999 -9999
1980 01 02 18  -140  -180 -9999   250    40     0 -9999 -9999
1980 01 02 21  -140  -190 -9999   250    70     0 -9999 -9999
1980 01 03 00  -140  -210 -9999   250    60     0 -9999 -9999
1980 01 03 03  -170  -210 -9999   270    30     0 -9999 -9999
1980 01 03 06   -80  -170 -9999   220    10     0 -9999     0
1980 01 03 09   -70  -180 -9999    90    40     0 -9999 -9999
1980 01 03 12  -110  -160 -9999    70    40     2 -9999 -9999
1980 01 03 18  -110  -130 -9999   270    20     7 -9999    -1
1980 01 03 21  -130  -160 -9999   250    10     4 -9999 -9999
1980 01 04 00  -160  -200 -9999   250    30     0 -9999  1700
1980 01 04 03  -170  -210 -9999   250    60     0 -9999 -9999
1980 01 04 06  -100  -210 -9999   270    50     0 -9999     0
1980 01 04 12  -100  -190 -9999    90    10     0 -9999 -9999
1980 01 04 18  -130  -210 -9999   220    50     0 -9999     0
1980 01 04 21  -130  -230 -9999   250    30     0 -9999 -9999
1980 01 05 00  -120  -260 -9999   250    40     0 -9999 -9999
1980 01 05 03  -140  -290 -9999   220    50     0 -9999 -9999
1980 01 05 06   -30 -9999 -9999   220    50     1 -9999     0
1980 01 05 09   -10  -310 -9999    90    40     1 -9999 -9999
1980 01 05 12   -70  -120 -9999    40    40     2 -9999 -9999
1980 01 05 18  -140  -260 -9999    40    10     7 -9999     0
1980 01 05 21  -150  -240 -9999   220    30     7 -9999 -9999
1980 01 06 00  -150  -280 -9999   220    40     1 -9999 -9999
1980 01 06 03  -150  -260 -9999     0     0     7 -9999 -9999
1980 01 06 06  -100  -260 -9999    70    10     7 -9999     0
1980 01 06 09   -60  -260 -9999    70    50     1 -9999 -9999
1980 01 06 12  -110  -200 -9999    70    30     1 -9999 -9999
1980 01 06 18  -140  -190 -9999   250    40     0 -9999     0
1980 01 06 21  -150  -200 -9999   270    60     0 -9999 -9999
1980 01 07 00  -150  -210 -9999   270    60     1 -9999 -9999
1980 01 07 03  -150  -230 -9999   250    40     3 -9999 -9999
1980 01 07 06   -70  -260 -9999    40    30     9 -9999     0
1980 01 07 09   -30  -240 -9999    90    50     2 -9999 -9999
1980 01 07 12   -70  -270 -9999    70    30     1 -9999 -9999
1980 01 07 18  -110  -260 -9999   220    50     1 -9999     0
1980 01 07 21  -110  -270 -9999   200    10     0 -9999 -9999
1980 01 08 00  -110  -240 -9999     0     0     7 -9999 -9999
1980 01 08 03  -110  -230 -9999   220    20     7 -9999 -9999
1980 01 08 06   -20  -210 -9999   270    10     7 -9999     0
1980 01 08 09   -10  -260 -9999    70    30     7 -9999 -9999
1980 01 08 12   -60  -210 -9999    20    20     7 -9999 -9999
1980 01 08 18   -70  -200 -9999   270    50     7 -9999     0
1980 01 08 21   -70  -210 -9999   250    30     7 -9999 -9999
1980 01 09 00   -40  -230 -9999   220    60     7 -9999 -9999
1980 01 09 03   -50  -220 -9999   250    50     7 -9999 -9999
1980 01 09 06    10  -200 -9999   250    40     5 -9999    60
1980 01 09 09   -20  -180 -9999    70    70     7 -9999 -9999
1980 01 09 12   -80  -180 -9999    90    10     6 -9999 -9999
1980 01 09 18   -70  -200 -9999   220    50     6 -9999     0
1980 01 09 21  -100  -180 -9999     0     0     7 -9999 -9999
1980 01 10 00   -80  -210 -9999   250    20     7 -9999 -9999
1980 01 10 03   -60  -220 -9999   180    20     8 -9999 -9999
1980 01 10 06   -80  -180 -9999    70    30     8 -9999     0
1980 01 10 09   -40   -90 -9999   250    40     8 -9999 -9999
1980 01 10 12   -70  -170 -9999    70    40     8 -9999    -1
1980 01 10 18   -80  -140 -9999   250    20     6 -9999     0
1980 01 10 21   -80  -120 -9999   250    30     2 -9999 -9999
1980 01 11 00   -80 -9999 -9999   220    30     7 -9999 -9999
1980 01 11 03  -100  -160 -9999    70    20     7 -9999 -9999
1980 01 11 06   -80  -140 -9999   270    10     8 -9999    -1
1980 01 11 09   -60  -110 -9999    90    20     7 -9999 -9999
1980 01 11 12   -80  -190 -9999    70    40     7 -9999    -1
1980 01 11 18  -100  -120 -9999     0     0     8 -9999   700
1980 01 11 21  -120  -150 -9999   250    50     6 -9999 -9999
1980 01 12 00  -170  -200 -9999   250    40     0 -9999    -1
1980 01 12 03  -170  -210 -9999   250    50     5 -9999 -9999
1980 01 12 06   -90  -190 -9999   250    40     1 -9999     0
1980 01 12 09   -60  -170 -9999    90    40     1 -9999 -9999
1980 01 12 12  -100  -150 -9999    70    30     7 -9999 -9999
1980 01 12 18  -100  -140 -9999   250    30     8 -9999    -1
1980 01 12 21  -140  -180 -9999   270    30     1 -9999 -9999
1980 01 13 00  -160  -190 -9999   250    50     0 -9999    -1
1980 01 13 03  -180  -210 -9999   250    60     7 -9999 -9999
1980 01 13 06  -100  -190 -9999   250    40     5 -9999     0
1980 01 13 09   -60  -180 -9999     0     0     7 -9999 -9999
1980 01 13 12  -100  -190 -9999   220    10     7 -9999 -9999
1980 01 13 18  -150  -210 -9999     0     0     3 -9999     0
1980 01 13 21  -150  -200 -9999   220    30     1 -9999 -9999
1980 01 14 00  -160  -210 -9999   250    20     1 -9999 -9999
1980 01 14 03  -160  -220 -9999   250    40     2 -9999 -9999
1980 01 14 06   -80  -220 -9999   250    50     2 -9999     0
1980 01 14 09   -30  -210 -9999    90    50     2 -9999 -9999
1980 01 14 12   -80  -180 -9999    70    30     1 -9999 -9999
1980 01 14 18 -9999 -9999 -9999   250    40     0 -9999     0
1980 01 14 21  -160  -210 -9999   250    40     1 -9999 -9999
1980 01 15 00  -150  -210 -9999   250    70     1 -9999 -9999
1980 01 15 03  -140  -200 -9999   250    50     7 -9999 -9999
1980 01 15 06   -70  -190 -9999   250    40     7 -9999     0
1980 01 15 09   -20  -200 -9999    90    20     7 -9999 -9999
1980 01 15 12   -70  -190 -9999    70    30     7 -9999 -9999
1980 01 15 18   -60   -90 -9999     0     0     7 -9999     0
1980 01 15 21  -120  -210 -9999   270    60     1 -9999 -9999
1980 01 16 00  -110  -210 -9999   250    70     6 -9999 -9999
1980 01 16 03  -110  -110 -9999   150    70     6 -9999 -9999
1980 01 16 06     0  -220 -9999   250    30     7 -9999     0
1980 01 16 09   -20  -180 -9999    90    50     2 -9999 -9999
1980 01 16 12   -70  -170 -9999    90    30     7 -9999 -9999
1980 01 16 18  -120  -180 -9999   220    10     1 -9999     0
1980 01 16 21  -120  -170 -9999   250    40     2 -9999 -9999
1980 01 17 00  -100  -160 -9999   250    40     7 -9999 -9999
1980 01 17 03  -120  -160 -9999    70    30     7 -9999 -9999
1980 01 17 06   -60  -150 -9999     0     0     5 -9999     0
1980 01 17 09   -20  -150 -9999     0     0     7 -9999 -9999
1980 01 17 12   -60  -200 -9999    90    20     1 -9999 -9999
1980 01 17 18  -130  -180 -9999   250    50     1 -9999     0
1980 01 17 21  -120  -190 -9999   250    40     1 -9999 -9999
1980 01 18 03  -150  -200 -9999   220    30     1 -9999 -9999
1980 01 18 06   -70  -210 -9999     0     0     1 -9999     0
1980 01 18 09   -40  -190 -9999    70    40     3 -9999 -9999
1980 01 18 12   -70  -180 -9999    70    30     7 -9999 -9999
1980 01 18 18  -100  -160 -9999   250    20     7 -9999     0
1980 01 18 21  -120  -160 -9999   250    20     3 -9999 -9999
1980 01 19 00  -120  -170 -9999   250    10     6 -9999 -9999
1980 01 19 03  -120  -170 -9999   250    10     7 -9999 -9999
1980 01 19 06   -40  -180 -9999     0     0     7 -9999     0
1980 01 19 09   -20  -160 -9999    90    40     5 -9999 -9999
1980 01 19 12   -60  -170 -9999    70    30     1 -9999 -9999
1980 01 19 18  -130  -180 -9999   250    30     0 -9999     0
1980 01 19 21  -130  -180 -9999   250    50     0 -9999 -9999
1980 01 20 00  -140  -190 -9999   250    40     0 -9999 -9999
1980 01 20 03  -130  -180 -9999   250    40     1 -9999 -9999
1980 01 20 06   -30  -220 -9999   270    10     6 -9999     0
1980 01 20 09   -10  -180 -9999    90    50     7 -9999 -9999
1980 01 20 12   -50  -180 -9999    90    30     7 -9999 -9999
1980 01 20 18   -90  -150 -9999     0     0     7 -9999     0
1980 01 20 21   -80  -160 -9999   250    40     1 -9999 -9999
1980 01 21 00  -100  -180 -9999   270    40     0 -9999 -9999
1980 01 21 03  -100  -180 -9999   270    40     7 -9999 -9999
1980 01 21 06   -10  -180 -9999   220    30     7 -9999     0
1980 01 21 09   -10  -180 -9999    90    90     7 -9999 -9999
1980 01 21 12   -60  -170 -9999    70    40     6 -9999 -9999
1980 01 21 18  -110  -160 -9999   220    30     1 -9999     0
1980 01 21 21   -90  -180 -9999   270    60     1 -9999 -9999
1980 01 22 00  -110  -180 -9999   250    20     1 -9999 -9999
1980 01 22 03  -110  -180 -9999   270    30     7 -9999 -9999
1980 01 22 06   -10  -140 -9999    70    40     7 -9999     0
1980 01 22 09   -10  -200 -9999    90    30     7 -9999 -9999
1980 01 22 12   -50  -180 -9999    90    30     7 -9999 -9999
1980 01 22 18   -90  -160 -9999   320    20     1 -9999     0
1980 01 22 21  -110  -160 -9999   220    30     2 -9999 -9999
1980 01 23 00   -80  -180 -9999   250    20     7 -9999 -9999
1980 01 23 03  -100  -160 -9999    70    30     7 -9999 -9999
1980 01 23 06   -70  -150 -9999   250    20     7 -9999     0
1980 01 23 09   -10  -170 -9999    90    40     7 -9999 -9999
1980 01 23 12   -50  -180 -9999    70    10     7 -9999 -9999
1980 01 23 17   -80  -140 -9999   250    10     7 -9999     0
1980 01 23 18   -80  -140 -9999   250    10     7 -9999     0
1980 01 23 21   -80  -140 -9999   270    50     1 -9999 -9999
1980 01 24 00   -80  -160 -9999   250    50     3 -9999 -9999
1980 01 24 03  -100  -150 -9999     0     0     7 -9999 -9999
1980 01 24 06    10  -140 -9999   250    30     3 -9999     0
1980 01 24 09    60  -180 -9999   110    10     6 -9999 -9999
1980 01 24 12    30  -220 -9999   200    20     6 -9999 -9999
1980 01 24 18   -70  -140 -9999    90    40     1 -9999     0
1980 01 24 21   -90  -140 -9999     0     0     7 -9999 -9999
1980 01 25 00   -80  -140 -9999   250    40     7 -9999 -9999
1980 01 25 03   -70  -120 -9999   220    50     7 -9999 -9999
1980 01 25 06   -40  -140 -9999   340    10     7 -9999    -1
1980 01 25 09   -40  -150 -9999    90    30     7 -9999 -9999
1980 01 25 12   -60  -150 -9999    70    30     7 -9999 -9999
1980 01 25 18   -90  -150 -9999     0     0     7 -9999     0
1980 01 25 21   -90  -140 -9999     0     0     7 -9999 -9999
1980 01 26 00  -100  -150 -9999   250    20     6 -9999 -9999
1980 01 26 03  -110  -150 -9999   220    30     2 -9999 -9999
1980 01 26 06   -50  -150 -9999    90    30     6 -9999     0
1980 01 26 09   -30  -150 -9999    90    60     1 -9999 -9999
1980 01 26 12   -60  -170 -9999    70    40     6 -9999 -9999
1980 01 26 18  -120  -160 -9999   250    20     0 -9999     0
1980 01 26 21  -130  -170 -9999   250    20     2 -9999 -9999
1980 01 27 00  -150  -180 -9999   250    20     0 -9999 -9999
1980 01 27 03  -160  -190 -9999   220    30     1 -9999 -9999
1980 01 27 06   -70  -150 -9999     0     0     6 -9999     0
1980 01 27 09   -50  -150 -9999    90    60     2 -9999 -9999
1980 01 27 12   -70  -170 -9999    70    40     7 -9999 -9999
1980 01 27 18  -100  -140 -9999     0     0     7 -9999    -1
1980 01 27 21  -100  -140 -9999   250    20     7 -9999 -9999
1980 01 28 00  -100  -130 -9999     0     0     7 -9999    -1
1980 01 28 03  -100  -120 -9999    90    30     8 -9999 -9999
1980 01 28 06  -100  -130 -9999    70    40     7 -9999    -1
1980 01 28 09   -90  -140 -9999    40    40     8 -9999 -9999
1980 01 28 12   -90  -160 -9999    70    30     7 -9999    -1
1980 01 28 18  -110  -140 -9999    70    10     7 -9999    -1
1980 01 28 21  -120  -150 -9999    90    20     7 -9999 -9999
1980 01 29 00  -150  -180 -9999     0     0     1 -9999    -1
1980 01 29 03  -150  -170 -9999   250    20     7 -9999 -9999
1980 01 29 06  -110  -170 -9999   110    20     5 -9999    -1
1980 01 29 09   -90  -190 -9999    70    30     2 -9999 -9999
1980 01 29 12  -110  -190 -9999    70    30     3 -9999 -9999
1980 01 29 18  -150  -160 -9999    40    20     7 -9999    -1
1980 01 29 21  -160  -180 -9999   250    20     7 -9999 -9999
1980 01 30 00  -170  -190 -9999   220    20     7 -9999    -1
1980 01 30 03  -170  -200 -9999   270    20     7 -9999 -9999
1980 01 30 06  -120  -150 -9999   110    30     5 -9999    -1
1980 01 30 09  -100  -160 -9999    90    50     2 -9999 -9999
1980 01 30 12  -110  -160 -9999    90    30     3 -9999    -1
1980 01 30 18  -140  -160 -9999     0     0     8 -9999    -1
1980 01 30 21  -160  -180 -9999     0     0     2 -9999 -9999
1980 01 31 00  -150  -170 -9999     0     0     8 -9999    -1
1980 01 31 03  -150  -170 -9999   270    20 -9999 -9999 -9999
1980 01 31 06  -120  -160 -9999    90    30     1 -9999 -9999
1980 01 31 09   -90  -150 -9999    90    50     1 -9999 -9999
1980 01 31 12  -110  -160 -9999    90    30     2 -9999    -1
1980 01 31 18  -140  -150 -9999     0     0     8 -9999    -1
1980 01 31 21  -170  -190 -9999     0     0     2 -9999 -9999
1980 02 01 00  -150  -170 -9999   110    20     8 -9999    -1
1980 02 01 03  -140  -160 -9999     0     0     7 -9999 -9999
1980 02 01 06  -130  -160 -9999    40    30     6 -9999    -1
1980 02 01 09   -80  -150 -9999    70    30     1 -9999 -9999
1980 02 01 12   -90  -180 -9999     0     0     0 -9999    -1
1980 02 01 18  -150  -180 -9999   250    30     0 -9999     0
1980 02 01 21  -130  -170 -9999   250    80     7 -9999 -9999
1980 02 02 00  -110  -180 -9999   220    30     2 -9999 -9999
1980 02 02 03  -160  -190 -9999     0     0     2 -9999 -9999
1980 02 02 06   -90  -150 -9999    70    60     5 -9999    -1
1980 02 02 09   -70  -150 -9999    70    60     7 -9999 -9999
1980 02 02 12   -90  -140 -9999    90    30     7 -9999 -9999
1980 02 02 18  -120  -140 -9999    20    10     8 -9999    -1
1980 02 02 21  -120  -140 -9999    20    30     8 -9999 -9999
1980 02 03 00  -120  -150 -9999    70    30     8 -9999    -1
1980 02 03 03  -120  -150 -9999    70    20     8 -9999 -9999
1980 02 03 06  -110  -150 -9999    90    20     7 -9999 -9999
1980 02 03 09  -100  -120 -9999    90    30     8 -9999 -9999
1980 02 03 12  -110  -150 -9999    90    40     8 -9999 -9999
1980 02 03 18  -130  -160 -9999    90    30     8 -9999     5
1980 02 03 21  -150  -180 -9999    70    10     7 -9999 -9999
1980 02 04 00  -170  -200 -9999   250    60     7 -9999     3
1980 02 04 03  -170  -200 -9999   250    30     7 -9999 -9999
1980 02 04 06  -130  -190 -9999   250    20     7 -9999    -1
1980 02 04 09  -120  -200 -9999    70    10     7 -9999 -9999
1980 02 04 12  -150  -180 -9999    40    30     7 -9999    -1
1980 02 04 18  -170  -200 -9999   270    10     7 -9999    -1
1980 02 04 21  -170  -200 -9999   220    10     7 -9999 -9999
1980 02 05 00  -160  -190 -9999     0     0     7 -9999    -1
1980 02 05 03  -160  -200 -9999    90    20     7 -9999 -9999
1980 02 05 06  -140  -190 -9999    90    10     7 -9999    -1
1980 02 05 09  -130  -180 -9999    90    30     7 -9999 -9999
1980 02 05 12  -150  -180 -9999    90    20     7 -9999     3
1980 02 05 18  -190  -220 -9999   250    10     6 -9999    -1
1980 02 05 21  -200  -230 -9999   250    30     5 -9999 -9999
1980 02 06 00  -220  -250 -9999     0     0     0 -9999    -1
1980 02 06 03  -180  -220 -9999   270    30     7 -9999 -9999
1980 02 06 06  -220  -250 -9999     0     0     0 -9999    -1
1980 02 06 09  -120  -190 -9999    40    20     7 -9999 -9999
1980 02 06 12  -140  -190 -9999     0     0     7 -9999 -9999
1980 02 07 03  -170  -200 -9999     0     0     7 -9999 -9999
1980 02 07 06  -130  -200 -9999     0     0     8 -9999    -1
1980 02 07 09  -120  -190 -9999    90    40     2 -9999 -9999
1980 02 07 12  -140  -190 -9999    40    20     7 -9999 -9999
1980 02 07 18  -190  -220 -9999   250    30     0 -9999     0
1980 02 07 21  -190  -230 -9999   350    50     0 -9999 -9999
1980 02 08 00  -180  -220 -9999   250    60     0 -9999 -9999
1980 02 08 01  -180  -220 -9999   250    60     0 -9999 -9999
1980 02 08 03  -190  -240 -9999   250    30     0 -9999 -9999
1980 02 08 06  -110  -210 -9999     0     0     5 -9999     0
1980 02 08 09  -120  -200 -9999    90    20     1 -9999 -9999
1980 02 08 12  -140  -210 -9999    70    10     1 -9999 -9999
1980 02 08 18  -190  -230 -9999   250    30     0 -9999     0
1980 02 08 21  -190  -230 -9999   250    40     0 -9999 -9999
1980 02 09 00  -190  -240 -9999   270    50     0 -9999 -9999
1980 02 09 03  -180  -230 -9999   250    40     1 -9999 -9999
1980 02 09 06  -100  -230 -9999    90    20     1 -9999     0
1980 02 09 12  -130  -190 -9999    70    20     1 -9999 -9999
1980 02 09 13  -180  -220 -9999   250    60     0 -9999 -9999
1980 02 09 18  -160  -200 -9999     0     0     1 -9999     0
1980 02 09 21  -200  -230 -9999    70    20     0 -9999 -9999
1980 02 10 00  -130  -250 -9999   250    30     0 -9999 -9999
1980 02 10 01  -130  -250 -9999   250    30     0 -9999 -9999
1980 02 10 03  -160  -240 -9999   360    10     1 -9999 -9999
1980 02 10 06  -110  -180 -9999    90    40     0 -9999     0
1980 02 10 09  -100  -170 -9999    90    60     1 -9999 -9999
1980 02 10 12   -20  -100 -9999   290    20     6 -9999 -9999
1980 02 10 18  -170  -210 -9999   270    60     0 -9999     0
1980 02 10 21  -200  -230 -9999   250    30     0 -9999 -9999
1980 02 11 00  -190  -240 -9999   140    10     1 -9999 -9999
1980 02 11 03  -140  -260 -9999   250    50     2 -9999 -9999
1980 02 11 06  -110  -190 -9999    90    40     1 -9999     0
1980 02 11 07  -110  -190 -9999    90    40     1 -9999     0
1980 02 11 09   -90  -150 -9999    90    60     3 -9999 -9999
1980 02 11 12  -100  -160 -9999    70    30     7 -9999 -9999
1980 02 11 18  -170  -200 -9999     0     0     1 -9999     0
1980 02 11 21  -160  -200 -9999   250    50     0 -9999 -9999
1980 02 12 00  -180  -220 -9999   150    40     0 -9999 -9999
1980 02 12 03  -170  -210 -9999   250    30     1 -9999 -9999
1980 02 12 06   -80  -180 -9999     0     0     7 -9999     0
1980 02 12 09   -80  -100 -9999    70    40     7 -9999 -9999
1980 02 12 12  -100  -150 -9999    70    20     8 -9999 -9999
1980 02 12 18  -140  -180 -9999   250    20     0 -9999     0
1980 02 12 21  -150  -190 -9999   220    20     1 -9999 -9999
1980 02 13 00  -150  -190 -9999   270    30     0 -9999 -9999
1980 02 13 03  -140  -180 -9999     0     0     7 -9999 -9999
1980 02 13 06   -90  -160 -9999   110    30     7 -9999     0
1980 02 13 09   -80  -160 -9999    90    40     7 -9999 -9999
1980 02 13 12   -90  -150 -9999    70    30     7 -9999 -9999
1980 02 13 18  -130  -180 -9999   270    40     1 -9999     0
1980 02 13 21  -140  -180 -9999   250    30     6 -9999 -9999
1980 02 14 00  -120  -170 -9999   220    30     6 -9999 -9999
1980 02 14 03  -120  -170 -9999     0     0     7 -9999 -9999
1980 02 14 06   -70  -140 -9999   110    30     7 -9999     0
1980 02 14 09   -60  -150 -9999    70    40     7 -9999 -9999
1980 02 14 12   -70  -140 -9999    90    30     7 -9999 -9999
1980 02 14 18   -80  -140 -9999   250    20     7 -9999     0
1980 02 15 00   -80  -110 -9999     0     0     7 -9999    10
1980 02 15 03   -60  -110 -9999   270    40     6 -9999 -9999
1980 02 15 06   -60   -90 -9999    70    30     2 -9999     0
1980 02 15 09   -40   -70 -9999    90    30     1 -9999 -9999
1980 02 15 12   -50  -100 -9999    90    40     2 -9999 -9999
1980 02 15 18  -100  -130 -9999   270    40     1 -9999     0
1980 02 15 21  -100  -110 -9999   250    40     0 -9999 -9999
1980 02 16 00  -110  -140 -9999   200    30     0 -9999 -9999
1980 02 16 06   -40   -90 -9999    70    30     1 -9999     0
1980 02 16 09   -10   -90 -9999    70    50     1 -9999 -9999
1980 02 16 12   -30   -80 -9999    40    30     2 -9999 -9999
1980 02 16 18  -180  -200 -9999   250    20     0 -9999     0
1980 02 16 21  -100  -140 -9999   250    50     0 -9999 -9999
1980 02 17 00  -100  -140 -9999   250    60     0 -9999 -9999
1980 02 17 03  -100  -140 -9999     0     0     7 -9999 -9999
1980 02 17 06   -30  -100 -9999    70    30     7 -9999     0
1980 02 17 09   -20  -100 -9999    90    40     7 -9999 -9999
1980 02 17 12 -9999 -9999 -9999    90    20     7 -9999 -9999
1980 02 17 18   -70  -110 -9999   250    50     0 -9999     0
1980 02 17 21   -80  -120 -9999   270    30     2 -9999 -9999
1980 02 18 00   -90  -130 -9999   250    30     2 -9999 -9999
1980 02 18 03   -80  -130 -9999   220    20     2 -9999 -9999
1980 02 18 06     0  -100 -9999    90    10     5 -9999     0
1980 02 18 09    10  -100 -9999    90    40     1 -9999 -9999
1980 02 18 12     0  -110 -9999    70    50     7 -9999 -9999
1980 02 18 18   -80  -120 -9999   250    20     0 -9999     0
1980 02 18 21   -80  -140 -9999   250    40     0 -9999 -9999
1980 02 19 00  -100  -140 -9999   220    20     1 -9999 -9999
1980 02 19 03   -90  -140 -9999   250    40     7 -9999 -9999
1980 02 19 06   -20  -120 -9999   270    10     6 -9999     0
1980 02 19 09    10  -100 -9999    90    40     6 -9999 -9999
1980 02 19 12   -10  -110 -9999    90    30     7 -9999 -9999
1980 02 19 21   -70  -120 -9999   250    40     2 -9999 -9999
1980 02 20 00   -60  -130 -9999   250    50     2 -9999 -9999
1980 02 20 03   -50  -130 -9999   270    30     7 -9999 -9999
1980 02 20 06     0  -130 -9999   290    30     7 -9999     0
1980 02 20 09    20  -110 -9999    40    30     7 -9999 -9999
1980 02 20 12    10  -180 -9999    90    10     1 -9999 -9999
1980 02 20 18   -50  -110 -9999   250    50     5 -9999     0
1980 02 20 21   -50  -100 -9999     0     0     7 -9999 -9999
1980 02 21 00   -60  -110 -9999   250    40     7 -9999 -9999
1980 02 21 03   -40  -110 -9999   250    30     7 -9999 -9999
1980 02 21 06    20  -110 -9999    90    20     3 -9999     0
1980 02 21 09    50  -130 -9999    90    70     6 -9999 -9999
1980 02 21 12    20  -110 -9999   110    60     7 -9999 -9999
1980 02 21 18   -20   -90 -9999   160    10     7 -9999     0
1980 02 21 21   -20  -100 -9999   270    20     7 -9999 -9999
1980 02 22 00   -20  -100 -9999   200    30     7 -9999 -9999
1980 02 22 03   -10  -100 -9999   250    30     7 -9999 -9999
1980 02 22 09    50  -110 -9999    90    30     7 -9999 -9999
1980 02 22 12    20  -110 -9999    90    30     8 -9999 -9999
1980 02 22 18   -10   -80 -9999   250    30     7 -9999     0
1980 02 22 21   -20   -90 -9999   250    10     7 -9999 -9999
1980 02 23 00   -20  -120 -9999   250    50     6 -9999 -9999
1980 02 23 03   -20  -170 -9999   250    60     7 -9999 -9999
1980 02 23 06    20  -180 -9999   220    50     7 -9999     0
1980 02 23 09    50  -160 -9999    90    80     7 -9999 -9999
1980 02 23 12    10  -130 -9999    70    40     6 -9999 -9999
1980 02 23 18   -60  -110 -9999   250    30     2 -9999     0
1980 02 23 21   -60  -140 -9999   250    50     1 -9999 -9999
1980 02 24 00   -70  -150 -9999   250    50     0 -9999 -9999
1980 02 24 03   -50  -180 -9999   250    70     2 -9999 -9999
1980 02 24 06    10  -150 -9999   110    30     6 -9999     0
1980 02 24 09    30   -90 -9999   250    20     7 -9999 -9999
1980 02 24 12   -20   -30 -9999     0     0     8 -9999     5
1980 02 24 21   -40   -50 -9999     0     0     8 -9999 -9999
1980 02 25 00   -40   -50 -9999     0     0     8 -9999    20
1980 02 25 03   -30   -50 -9999     0     0     8 -9999 -9999
1980 02 25 06   -10   -60 -9999     0     0     6 -9999    20
1980 02 25 09   -10   -70 -9999    70    10     7 -9999 -9999
1980 02 25 12   -10   -50 -9999     0     0     7 -9999    -1
1980 02 25 18   -40   -60 -9999   270    30     8 -9999    70
1980 02 25 21   -50   -70 -9999     0     0     7 -9999 -9999
1980 02 26 00   -50   -70 -9999   270    20     7 -9999    -1
1980 02 26 03   -40   -70 -9999   250    40     7 -9999 -9999
1980 02 26 06   -20   -60 -9999   250    30     7 -9999    -1
1980 02 26 09     0   -70 -9999   250    10     6 -9999 -9999
1980 02 26 12   -10   -70 -9999   250    30     7 -9999 -9999
1980 02 26 18   -70  -110 -9999   220    40     7 -9999     0
1980 02 26 21   -60   -90 -9999   270    20     7 -9999 -9999
1980 02 27 00   -80  -100 -9999   270    30     8 -9999 -9999
1980 02 27 03   -50   -90 -9999   270    40     8 -9999 -9999
1980 02 27 06   -20   -80 -9999   250    30     8 -9999     0
1980 02 27 09     0   -60 -9999   250    30     8 -9999 -9999
1980 02 27 12     0   -50 -9999    90    10     7 -9999 -9999
1980 02 27 18   -50   -80 -9999   250    40     7 -9999     0
1980 02 27 21   -30  -100 -9999   220    30     7 -9999 -9999
1980 02 28 00   -60  -100 -9999   250    20     7 -9999 -9999
1980 02 28 03   -60  -100 -9999     0     0     8 -9999 -9999
1980 02 28 06   -10   -70 -9999    20    20     8 -9999     0
1980 02 28 09     0   -60 -9999    40    30     8 -9999 -9999
1980 02 28 12    10   -50 -9999    40    40     8 -9999    -1
1980 02 29 03   -30   -40 -9999    70    40     8 -9999 -9999
1980 02 29 06    30   -40 -9999    70    40     8 -9999    60
1980 02 29 09   -30   -40 -9999    70    50     8 -9999 -9999
1980 02 29 12   -40   -50 -9999    90    40     7 -9999    20
1980 02 29 18   -50   -60 -9999     0     0     7 -9999    10
1980 02 29 21   -60 -9999 -9999   200    20     7 -9999 -9999
1980 03 01 00   -80  -110 -9999   270    40     7 -9999 -9999
1980 03 01 03   -90  -130 -9999   270    40     6 -9999 -9999
1980 03 01 06   -50  -110 -9999   250    40     1 -9999    -1
1980 03 01 09   -20  -100 -9999     0     0     3 -9999 -9999
1980 03 01 12   -40  -100 -9999     0     0     2 -9999 -9999
1980 03 01 18  -110  -150 -9999   250    40     6 -9999     0
1980 03 01 21  -120  -160 -9999   250    60     1 -9999 -9999
1980 03 02 00   -90  -160 -9999   250    60     0 -9999 -9999
1980 03 02 03  -110  -170 -9999   250    60     1 -9999 -9999
1980 03 02 06   -30  -130 -9999     0     0     6 -9999     0
1980 03 02 09   -20  -100 -9999    90    10     7 -9999 -9999
1980 03 02 12   -30  -100 -9999     0     0     7 -9999 -9999
1980 03 02 18     0   -40 -9999     0     0     0 -9999     0
1980 03 02 21   -90  -140 -9999   250    50     1 -9999 -9999
1980 03 03 00  -110  -150 -9999   250    60     0 -9999 -9999
1980 03 03 06   -20  -120 -9999     0     0     0 -9999 -9999
1980 03 03 09  -110  -170 -9999    70    30     7 -9999 -9999
1980 03 03 12   -20   -80 -9999     0     0     7 -9999 -9999
1980 03 03 18   -80  -110 -9999   270    30     6 -9999     0
1980 03 03 21   -50  -100 -9999   250    40     1 -9999 -9999
1980 03 04 00   -50  -120 -9999   250    50     1 -9999 -9999
1980 03 04 03   -50  -120 -9999   250    60     5 -9999 -9999
1980 03 04 06    30  -110 -9999   270    60     1 -9999     0
1980 03 04 09    20   -60 -9999    70    50     7 -9999 -9999
1980 03 04 12    10   -50 -9999    70    30     7 -9999 -9999
1980 03 04 18    40   -10 -9999   270    20     7 -9999     0
1980 03 04 21   -50   -80 -9999   250    30     2 -9999 -9999
1980 03 05 00   -50   -80 -9999   250    40     7 -9999 -9999
1980 03 05 03   -30   -80 -9999   250    40     2 -9999 -9999
1980 03 05 06    10   -60 -9999    90    20     7 -9999     0
1980 03 05 09    20   -50 -9999    40    20     7 -9999 -9999
1980 03 05 12    10   -40 -9999   110    10     8 -9999 -9999
1980 03 05 18   -10   -20 -9999   110    20     8 -9999    10
1980 03 05 21   -10   -30 -9999    20    30     8 -9999 -9999
1980 03 06 00   -10   -30 -9999     0     0     8 -9999    20
1980 03 06 03   -30   -50 -9999   250    40     8 -9999 -9999
1980 03 06 06   -10   -60 -9999   250    40     6 -9999    20
1980 03 06 09    10   -40 -9999    70    20     1 -9999 -9999
1980 03 06 12    10   -70 -9999   270    10     6 -9999 -9999
1980 03 06 18   -40  -180 -9999   220    50     1 -9999     0
1980 03 06 21   -70  -190 -9999   250    60     0 -9999 -9999
1980 03 07 00  -100  -200 -9999   250    40     0 -9999 -9999
1980 03 07 03   -90  -210 -9999   250    60     0 -9999 -9999
1980 03 07 06   -20  -200 -9999   220    40     1 -9999     0
1980 03 07 09    20  -180 -9999   220    30     0 -9999 -9999
1980 03 07 12     0  -180 -9999   250    30     0 -9999 -9999
1980 03 07 18   -50  -200 -9999   250    80     0 -9999     0
1980 03 07 21  -100  -210 -9999   250    50     0 -9999 -9999
1980 03 08 00 -9999  -220 -9999   250    20     0 -9999 -9999
1980 03 08 03  -100  -180 -9999   250    30     0 -9999 -9999
1980 03 08 06     0  -140 -9999     0     0     1 -9999     0
1980 03 08 09   -10  -120 -9999    90    20     7 -9999 -9999
1980 03 08 12   -10  -100 -9999     0     0     7 -9999 -9999
1980 03 09 03   -60  -120 -9999   250    40     8 -9999 -9999
1980 03 09 06   -20   -90 -9999    90    10     7 -9999     0
1980 03 09 09     0   -80 -9999     0     0     6 -9999 -9999
1980 03 09 12     0   -70 -9999    90    40     3 -9999 -9999
1980 03 09 18   -50   -90 -9999     0     0     7 -9999     0
1980 03 09 21   -70  -120 -9999   250    10     1 -9999 -9999
1980 03 10 00   -70  -200 -9999   250    40     1 -9999 -9999
1980 03 10 03   -40  -200 -9999   250    30     7 -9999 -9999
1980 03 10 06     0  -180 -9999   220    30     7 -9999  1700
1980 03 10 09    20  -160 -9999   200    20     7 -9999 -9999
1980 03 10 12   -10   -70 -9999    90    40     6 -9999 -9999
1980 03 10 18   -40  -110 -9999   250    40     0 -9999     0
1980 03 10 21 -9999  -180 -9999   220    30     8 -9999 -9999
1980 03 11 00   -30  -170 -9999   250    50     7 -9999     0
1980 03 11 03   -30  -150 -9999   250    50     7 -9999 -9999
1980 03 11 06   -20   -60 -9999    90    40     1 -9999     0
1980 03 11 09     0   -60 -9999    90    30     6 -9999 -9999
1980 03 11 12     0   -70 -9999    90    30     7 -9999 -9999
1980 03 11 18   -60  -130 -9999    70    20     8 -9999     5
1980 03 11 21   -40   -50 -9999    70    40     8 -9999 -9999
1980 03 12 00   -50   -60 -9999    90    50     8 -9999    60
1980 03 12 03   -40   -60 -9999    90    20     8 -9999 -9999
1980 03 12 06   -50   -70 -9999    70    50     7 -9999    20
1980 03 12 09   -40   -80 -9999    90    30     8 -9999 -9999
1980 03 12 12   -40   -80 -9999    90    20     8 -9999    -1
1980 03 12 18   -60   -80 -9999    90    40     8 -9999 -9999
1980 03 12 21   -60   -70 -9999    90    20     8 -9999 -9999
1980 03 13 00   -80   -90 -9999    70    20     7 -9999    10
1980 03 13 03   -80  -100 -9999    70    10     7 -9999 -9999
1980 03 13 06   -60  -100 -9999    90    20     7 -9999     3
1980 03 13 09   -40   -90 -9999    70    30     7 -9999 -9999
1980 03 13 12   -40 -9999 -9999    40    20     7 -9999 -9999
1980 03 13 18   -90  -140 -9999   220    30     7 -9999     0
1980 03 13 21   -90  -130 -9999   220    20     7 -9999 -9999
1980 03 14 03   -70  -120 -9999   250    30     2 -9999 -9999
1980 03 14 06   -40  -110 -9999    90    30     4 -9999     0
1980 03 14 09   -20   -70 -9999    70    30     3 -9999 -9999
1980 03 14 12   -20   -80 -9999     0     0     7 -9999 -9999
1980 03 14 18   -50   -80 -9999   220    20     7 -9999     0
1980 03 14 21   -60   -80 -9999   250    40     3 -9999 -9999
1980 03 15 00   -50   -90 -9999   220    30     1 -9999 -9999
1980 03 15 03   -30  -100 -9999   220    50     7 -9999 -9999
1980 03 15 06   -20   -80 -9999    90    50     7 -9999     0
1980 03 15 09     0   -70 -9999    90    30     7 -9999 -9999
1980 03 15 12     0   -60 -9999    90    40     7 -9999 -9999
1980 03 15 18   -10   -60 -9999   270    20     7 -9999     0
1980 03 15 21   -20   -50 -9999   200    20     7 -9999 -9999
1980 03 16 00   -60   -80 -9999   250    20     1 -9999 -9999
1980 03 16 03   -30   -80 -9999   220    10     6 -9999 -9999
1980 03 16 06    10   -70 -9999    90    40     7 -9999     0
1980 03 16 09    30   -60 -9999    90    40     7 -9999 -9999
1980 03 16 12    20   -80 -9999    90    40     6 -9999 -9999
1980 03 16 18   -20   -60 -9999   250    30     3 -9999     0
1980 03 16 21   -30   -70 -9999   250    10     7 -9999 -9999
1980 03 17 00   -30   -70 -9999   250    40     3 -9999 -9999
1980 03 17 03   -20   -70 -9999   250    30     2 -9999 -9999
1980 03 17 06    20   -50 -9999    90    40     1 -9999     0
1980 03 17 09    30   -50 -9999    90    20     7 -9999 -9999
1980 03 17 12    30   -40 -9999    90    20     7 -9999 -9999
1980 03 17 18   -10   -40 -9999   250    20     7 -9999     0
1980 03 17 21     0   -50 -9999   250    40     7 -9999 -9999
1980 03 18 03    10   -60 -9999    90    40     7 -9999 -9999
1980 03 18 06    30   -50 -9999    70    40     7 -9999     0
1980 03 18 09    60   -30 -9999    70    40     3 -9999 -9999
1980 03 18 12    50   -40 -9999    70    30     7 -9999 -9999
1980 03 18 18    10   -40 -9999     0     0     7 -9999     0
1980 03 18 21    10   -60 -9999    90    30     7 -9999 -9999
1980 03 19 00     0   -10 -9999   250    10     8 -9999    -1
1980 03 19 03    10   -30 -9999   320    10     6 -9999 -9999
1980 03 19 06    60   -30 -9999   140    10     7 -9999    -1
1980 03 19 09    70   -20 -9999    40    50     6 -9999 -9999
1980 03 19 12    50   -50 -9999   270    40     1 -9999 -9999
1980 03 19 18     0   -30 -9999   250    30     0 -9999     0
1980 03 19 21   -20   -30 -9999   220    10     0 -9999 -9999
1980 03 20 00   -10   -50 -9999   250    40     0 -9999 -9999
1980 03 20 03    20   -70 -9999   290    30     2 -9999 -9999
1980 03 20 06    40   -40 -9999    70    50     7 -9999     0
1980 03 20 09    60   -30 -9999    90    40     7 -9999 -9999
1980 03 20 12    60   -40 -9999    90    30     7 -9999 -9999
1980 03 20 18     0   -30 -9999     0     0     0 -9999     0
1980 03 20 21     0   -30 -9999   250    20     0 -9999 -9999
1980 03 21 00   -10   -30 -9999   270    30     2 -9999     0
1980 03 21 03    10   -40 -9999   250    20     7 -9999 -9999
1980 03 21 06    50   -30 -9999   250    30     8 -9999     0
1980 03 21 09    70   -30 -9999   340    10     8 -9999 -9999
1980 03 21 12    80   -20 -9999   110    20     7 -9999 -9999
1980 03 21 18    20   -30 -9999     0     0     2 -9999     0
1980 03 21 21    10   -20 -9999   250    30     7 -9999 -9999
1980 03 22 00    10   -20 -9999   250    20     7 -9999     0
1980 03 22 03    20   -30 -9999   270    20     7 -9999 -9999
1980 03 22 06    60   -30 -9999    40    20     7 -9999     0
1980 03 22 12    50   -10 -9999   140    30     8 -9999    -1
1980 03 22 18    20    10 -9999    90    10     8 -9999 -9999
1980 03 22 21    20     0 -9999     0     0     7 -9999 -9999
1980 03 23 00     0   -10 -9999     0     0     3 -9999     0
1980 03 23 03    10   -20 -9999     0     0     6 -9999 -9999
1980 03 23 06    50   -30 -9999    70    30     7 -9999     0
1980 03 23 09    70   -30 -9999   200    10     5 -9999 -9999
1980 03 23 12    60   -20 -9999    90    40     7 -9999    -1
1980 03 23 18    10   -10 -9999   220    20     5 -9999     0
1980 03 23 21     0   -10 -9999   250    10     6 -9999 -9999
1980 03 24 00   -10   -20 -9999   250    20     1 -9999     0
1980 03 24 03    20   -70 -9999   250    20     8 -9999 -9999
1980 03 24 06    70   -10 -9999   270    20     7 -9999     0
1980 03 24 09   100   -30 -9999   340    20     7 -9999 -9999
1980 03 24 12    90   -50 -9999     0     0     8 -9999 -9999
1980 03 25 00     0   -30 -9999   250    40     1 -9999     0
1980 03 25 03    30  -100 -9999   250    40     1 -9999 -9999
1980 03 25 06    80  -110 -9999   200    30     7 -9999     0
1980 03 25 09   100   -60 -9999   110    20     5 -9999 -9999
1980 03 25 12   100   -60 -9999     0     0     2 -9999 -9999
1980 03 25 18    60   -50 -9999    40    50     7 -9999     0
1980 03 25 21    20   -30 -9999   250    30     0 -9999 -9999
1980 03 26 00     0   -50 -9999   270    50     1 -9999    -1
1980 03 26 03    30  -120 -9999   220    60     1 -9999 -9999
1980 03 26 06    90  -110 -9999   220    30     1 -9999     0
1980 03 26 09   120  -160 -9999   250    70     1 -9999 -9999
1980 03 26 12   120  -100 -9999   220    20     1 -9999 -9999
1980 03 26 18    30   -40 -9999   220    30     4 -9999     0
1980 03 26 21   110 -9999 -9999   250    60     7 -9999 -9999
1980 03 27 00    20  -110 -9999   250    40     2 -9999     0
1980 03 27 03    60  -130 -9999   250    40     1 -9999 -9999
1980 03 27 06   110  -100 -9999     0     0     1 -9999     0
1980 03 27 09   140  -130 -9999   270    30     2 -9999 -9999
1980 03 27 12   130  -110 -9999   270    60     5 -9999 -9999
1980 03 27 18    60   -80 -9999   270    60     2 -9999     0
1980 03 27 21    40   -70 -9999   250    40     2 -9999 -9999
1980 03 28 00    30   -80 -9999   220    40     2 -9999     0
1980 03 28 03    50   -50 -9999    70    30     6 -9999 -9999
1980 03 28 06   110   -50 -9999    90    50     6 -9999     0
1980 03 28 09   120   -80 -9999    90    70     7 -9999 -9999
1980 03 28 12   100   -70 -9999   110    20     7 -9999 -9999
1980 03 28 18    60  -210 -9999     0     0     7 -9999     0
1980 03 28 21    30  -150 -9999   280    20     7 -9999 -9999
1980 03 29 00    10   -90 -9999   250    10     7 -9999 -9999
1980 03 29 03    10  -100 -9999   250    20     2 -9999 -9999
1980 03 29 06    80  -180 -9999     0     0     1 -9999     0
1980 03 29 09   110  -150 -9999   180    10     1 -9999 -9999
1980 03 29 12    80  -180 -9999    90    60     6 -9999 -9999
1980 03 29 18    30  -110 -9999   110    20     0 -9999   100
1980 03 29 21     0   -70 -9999     0     0     0 -9999 -9999
1980 03 30 00 -9999 -9999 -9999     0     0     0 -9999     0
1980 03 30 03    20  -100 -9999   320    20     0 -9999 -9999
1980 03 30 06    50  -110 -9999   140    30     0 -9999     0
1980 03 30 09    70  -120 -9999   110    30     0 -9999 -9999
1980 03 30 12    60  -130 -9999    70    40     0 -9999 -9999
1980 03 30 18    10  -100 -9999     0     0     0 -9999     0
1980 03 30 21     0  -110 -9999     0     0     0 -9999 -9999
1980 03 31 00   -10  -110 -9999    90    20     0 -9999     0
1980 03 31 03     0  -120 -9999    90    20     9 -9999 -9999
1980 03 31 06    40  -150 -9999    90    30     9 -9999     0
1980 03 31 09    70  -150 -9999    70    30     9 -9999 -9999
1980 03 31 12    70  -140 -9999    70    20     9 -9999 -9999
1980 03 31 18    10   -70 -9999     0     0     9 -9999     0
1980 03 31 21    20   -70 -9999   250    40     9 -9999 -9999
1980 04 01 00    10   -90 -9999   250    40     6 -9999     0
1980 04 01 03    40   -80 -9999   250    40     7 -9999 -9999
1980 04 01 06    90   -80 -9999    70    60     7 -9999     0
1980 04 01 09   100   -80 -9999    70    60     7 -9999 -9999
1980 04 01 12    90   -80 -9999    90    30     7 -9999 -9999
1980 04 01 18    70   -70 -9999   250    60     0 -9999     0
1980 04 01 21    30   -50 -9999   110    10     7 -9999 -9999
1980 04 02 00    20   -40 -9999     0     0     7 -9999     0
1980 04 02 03    50   -50 -9999    70    30     7 -9999 -9999
1980 04 02 06   120   -30 -9999    40    10     7 -9999     0
1980 04 02 09   140   -60 -9999   110    30     7 -9999 -9999
1980 04 02 12   120   -50 -9999   140    20     7 -9999 -9999
1980 04 02 18    70   -90 -9999   250    60     7 -9999     0
1980 04 02 21    50   -90 -9999   220    30     5 -9999 -9999
1980 04 03 00     0   -80 -9999     0     0     1 -9999 -9999
1980 04 03 03    70  -130 -9999   220    30     1 -9999 -9999
1980 04 03 06   110  -180 -9999   270    20     2 -9999     0
1980 04 03 09   110   -50 -9999    90    80     6 -9999 -9999
1980 04 03 12    90   -70 -9999    90    50     7 -9999 -9999
1980 04 03 18    40   -30 -9999    70    30     1 -9999     0
1980 04 03 21    10   -40 -9999   250    20     0 -9999 -9999
1980 04 04 00    20  -120 -9999   220    30     0 -9999 -9999
1980 04 04 03    40   -40 -9999   250    60     1 -9999 -9999
1980 04 04 06   100  -150 -9999   180    30     1 -9999     0
1980 04 04 09   120  -110 -9999    90    60     2 -9999 -9999
1980 04 04 12   100   -20 -9999    70    60     1 -9999 -9999
1980 04 04 18    30   -10 -9999     0     0     1 -9999     0
1980 04 04 21    20   -20 -9999   250    10     0 -9999 -9999
1980 04 05 03    50   -20 -9999   250    20     7 -9999 -9999
1980 04 05 06   100   -10 -9999    70    30     7 -9999     0
1980 04 05 09   120   -10 -9999    90    60     7 -9999 -9999
1980 04 05 12   100   -20 -9999    70    40     7 -9999 -9999
1980 04 05 18    70   -20 -9999   220    40     2 -9999     0
1980 04 05 21    50   -20 -9999   250    60     6 -9999 -9999
1980 04 06 00    60   -30 -9999   350    50     7 -9999     0
1980 04 06 03   100   -20 -9999   270    30     7 -9999 -9999
1980 04 06 06   170   -80 -9999   220    30     7 -9999     0
1980 04 06 09   190  -120 -9999   250    20     6 -9999 -9999
1980 04 06 12   180  -170 -9999   340   110     6 -9999 -9999
1980 04 06 18   110   -80 -9999   220    40     7 -9999     0
1980 04 07 00    60  -100 -9999   250    50     7 -9999     0
1980 04 07 03    90   -90 -9999   250    30     7 -9999 -9999
1980 04 07 06   150  -100 -9999   220    30     5 -9999     0
1980 04 07 09   170  -140 -9999   360    60     7 -9999 -9999
1980 04 07 12   160  -170 -9999   220    60     7 -9999 -9999
1980 04 07 18    60   -70 -9999   250    30     1 -9999     0
1980 04 07 21    40   -90 -9999   270    30     0 -9999 -9999
1980 04 08 00    50  -100 -9999   250    20     2 -9999     0
1980 04 08 03    90  -110 -9999   220    30     2 -9999 -9999
1980 04 08 06   150  -110 -9999    40    20     2 -9999     0
1980 04 08 09   160  -110 -9999    90    70     7 -9999 -9999
1980 04 08 12   140   -50 -9999    70    40     7 -9999 -9999
1980 04 08 18    80   -30 -9999     0     0     2 -9999     0
1980 04 08 21   110   -60 -9999   250    90     1 -9999 -9999
1980 04 09 00 -9999 -9999 -9999   120    40     2 -9999     0
1980 04 09 06   160  -120 -9999   290   100     2 -9999     0
1980 04 09 09   180  -190 -9999   250   100     1 -9999 -9999
1980 04 09 12   170  -210 -9999   320    90     1 -9999 -9999
1980 04 09 18    70   -90 -9999   250    40     2 -9999     0
1980 04 09 21    90  -120 -9999   220    20     7 -9999 -9999
1980 04 10 00    90  -120 -9999   220    30     6 -9999     0
1980 04 10 03   120  -110 -9999   220    30     2 -9999 -9999
1980 04 10 06   180  -100 -9999   250    60     2 -9999     0
1980 04 10 09   190 -9999 -9999   270   100     3 -9999 -9999
1980 04 10 12   170  -220 -9999   250   190     2 -9999 -9999
1980 04 10 18   100  -180 -9999   270    10     1 -9999     0
1980 04 10 21    70  -150 -9999   140    30     0 -9999 -9999
1980 04 11 00    60  -270 -9999    90   100     1 -9999 -9999
1980 04 11 03    60  -260 -9999   340   200     1 -9999 -9999
1980 04 11 06    80 -9999 -9999   290    70     2 -9999     0
1980 04 11 09    80  -140 -9999    70    40     0 -9999 -9999
1980 04 11 12   110  -190 -9999    90    10     0 -9999 -9999
1980 04 11 18    30   -80 -9999    70    20     0 -9999     0
1980 04 11 21    10   -70 -9999     0     0     0 -9999 -9999
1980 04 12 00    10   -80 -9999    40    30     2 -9999     0
1980 04 12 03    30   -60 -9999    90    30     7 -9999 -9999
1980 04 12 06    60   -50 -9999    70    40     9 -9999     0
1980 04 12 09    80   -70 -9999    70    60     9 -9999 -9999
1980 04 12 12    70   -60 -9999    90    60     9 -9999 -9999
1980 04 12 18    30   -30 -9999     0     0     1 -9999     0
1980 04 12 21    30   -60 -9999   250    30     9 -9999 -9999
1980 04 13 00     0   -50 -9999     0     0     9 -9999     0
1980 04 13 03    50   -90 -9999   220    40     9 -9999 -9999
1980 04 13 06   120  -110 -9999    90    40     9 -9999     0
1980 04 13 09   140  -110 -9999    90    50     9 -9999 -9999
1980 04 13 12   120   -90 -9999    70    70     9 -9999 -9999
1980 04 13 18    50   -40 -9999   220    10     2 -9999     0
1980 04 13 21    10   -50 -9999    50    10     1 -9999 -9999
1980 04 14 00    30   -80 -9999   250    40     1 -9999 -9999
1980 04 14 03    70  -100 -9999   250    60     0 -9999 -9999
1980 04 14 06   160  -110 -9999   110    40     0 -9999     0
1980 04 14 09   170  -110 -9999    90    80     0 -9999 -9999
1980 04 14 12   150  -100 -9999    90    50     0 -9999 -9999
1980 04 14 18    70   -30 -9999     0     0     0 -9999     0
1980 04 15 00    60  -100 -9999   220    50     0 -9999     0
1980 04 15 03    90  -100 -9999   250    30     0 -9999 -9999
1980 04 15 06   160  -110 -9999   110    30     0 -9999     0
1980 04 15 09   170  -150 -9999    40    30     0 -9999 -9999
1980 04 15 12   160  -150 -9999    70    50     0 -9999 -9999
1980 04 15 18    70   -70 -9999   220    30     0 -9999     0
1980 04 15 21    90  -120 -9999   250    40     0 -9999 -9999
1980 04 16 00    70  -130 -9999   250    40     0 -9999     0
1980 04 16 03   100  -140 -9999   220    60     0 -9999 -9999
1980 04 16 06   170  -130 -9999   270    30     0 -9999     0
1980 04 16 09   200  -170 -9999   110    50     1 -9999 -9999
1980 04 16 12   180  -120 -9999    70    50     1 -9999 -9999
1980 04 16 18    90   -70 -9999   250    30     0 -9999     0
1980 04 16 21   100  -110 -9999   150   150     0 -9999 -9999
1980 04 17 00    90 -9999 -9999   250    60     0 -9999     0
1980 04 17 03   120  -120 -9999   250    50     3 -9999 -9999
1980 04 17 06   220   -60 -9999   270   120     7 -9999 -9999
1980 04 17 09   230  -110 -9999    70    70     6 -9999 -9999
1980 04 17 12   210  -110 -9999    70    60     7 -9999 -9999
1980 04 17 18   110   -60 -9999   250    30     0 -9999     0
1980 04 17 21   110   -90 -9999   250    40     0 -9999 -9999
1980 04 18 00    90   -50 -9999   250    50     2 -9999     0
1980 04 18 03   140   -80 -9999   220    40     5 -9999 -9999
1980 04 18 06   220   -90 -9999    90    30     7 -9999     0
1980 04 18 09   230   -80 -9999    70    60     7 -9999 -9999
1980 04 18 12   220   -90 -9999    70    90     7 -9999 -9999
1980 04 18 18   160    50 -9999   250    50     7 -9999 -9999
1980 04 18 21   140    10 -9999   250    40     7 -9999 -9999
1980 04 19 00   140     0 -9999   270    30     7 -9999 -9999
1980 04 19 03   160    10 -9999   220    20     7 -9999 -9999
1980 04 19 06   180   -70 -9999    90    70     7 -9999     0
1980 04 19 09   190   -50 -9999   110    40     7 -9999 -9999
1980 04 19 12   180   -40 -9999    40    30     7 -9999 -9999
1980 04 19 18   140    10 -9999   220    30     7 -9999    -1
1980 04 19 21   100 -9999 -9999    90    70     8 -9999 -9999
1980 04 20 00   100    20 -9999   250    40     7 -9999    -1
1980 04 20 03   120    10 -9999   250    50     7 -9999 -9999
1980 04 20 06   170   -30 -9999   200    30     7 -9999     0
1980 04 20 09   190   -80 -9999   340    60     7 -9999 -9999
1980 04 20 12   180   -70 -9999   250    30     7 -9999 -9999
1980 04 20 18    80    40 -9999    80    20     7 -9999    50
1980 04 20 21 -9999 -9999 -9999   220    40     1 -9999 -9999
1980 04 21 00    70    20 -9999   250    50     7 -9999     0
1980 04 21 03   100    30 -9999   270    50     7 -9999 -9999
1980 04 21 06    70    20 -9999   250    50     7 -9999     0
1980 04 21 09   120    10 -9999   270    50     7 -9999 -9999
1980 04 21 12   120    20 -9999   250    50     7 -9999    -1
1980 04 21 18    90   -10 -9999   270    60     7 -9999     0
1980 04 21 21    70   -40 -9999   250    40     2 -9999 -9999
1980 04 22 00    50   -60 -9999   250    50     7 -9999     0
1980 04 22 03   100   -70 -9999   220    40     1 -9999 -9999
1980 04 22 06   140   -70 -9999   200    30     2 -9999     0
1980 04 22 09   170  -100 -9999   220    50     7 -9999 -9999
1980 04 22 12    80    30 -9999    70   100     8 -9999 -9999
1980 04 22 18    60    30 -9999    70    40     8 -9999     0
1980 04 23 00    50    20 -9999    90    30     7 -9999     0
1980 04 23 03    60    10 -9999    90    30     7 -9999 -9999
1980 04 23 06    90    10 -9999    70    40     7 -9999    -1
1980 04 23 09   110     0 -9999    70    60     7 -9999 -9999
1980 04 23 12   100     0 -9999    90    80     7 -9999    -1
1980 04 23 18    60     0 -9999   220    10     7 -9999     0
1980 04 23 21    60   -20 -9999   220    40     7 -9999 -9999
1980 04 24 00    10    10 -9999   110    10     7 -9999     0
1980 04 24 03    80     0 -9999     0     0     1 -9999 -9999
1980 04 24 06   130  -100 -9999    40    40     1 -9999     0
1980 04 24 09    50  -110 -9999   110    60     1 -9999 -9999
1980 04 24 12   150  -110 -9999    90    40     3 -9999 -9999
1980 04 24 18    70   -20 -9999    90    20     0 -9999     0
1980 04 24 21    40   -30 -9999   250    30     3 -9999 -9999
1980 04 25 00    30   -50 -9999   250    20     6 -9999     0
1980 04 25 03    80   -50 -9999     0     0     7 -9999 -9999
1980 04 25 06   130   -20 -9999    90    30     7 -9999     0
1980 04 25 09   140   -40 -9999    90    60     7 -9999 -9999
1980 04 25 12   140   -20 -9999    70    40     2 -9999 -9999
1980 04 25 18    90    10 -9999     0     0     7 -9999     0
1980 04 25 21    80    20 -9999     0     0     7 -9999 -9999
1980 04 26 00    70    20 -9999   250    20     7 -9999    -1
1980 04 26 03    90    30 -9999   220    40     4 -9999 -9999
1980 04 26 06   140    20 -9999    70    40     2 -9999    -1
1980 04 26 09   170    20 -9999    70    40     5 -9999 -9999
1980 04 26 12   150    10 -9999    70    60     6 -9999 -9999
1980 04 26 18    90    20 -9999    70    30     0 -9999     0
1980 04 26 21    60    10 -9999     0     0     7 -9999 -9999
1980 04 27 00    50    10 -9999   250    40     6 -9999     0
1980 04 27 03   110    10 -9999     0     0     7 -9999 -9999
1980 04 27 06   140     0 -9999    70    20     7 -9999     0
1980 04 27 09   150    20 -9999     0     0     8 -9999 -9999
1980 04 27 12   160    30 -9999     0     0     7 -9999    -1
1980 04 27 18    80    40 -9999     0     0     0 -9999     0
1980 04 27 21    60 -9999 -9999   250    30     2 -9999 -9999
1980 04 28 00    60    10 -9999   250    30     6 -9999     0
1980 04 28 03   120    10 -9999   220    20     7 -9999 -9999
1980 04 28 06   170    20 -9999    90    20     7 -9999     0
1980 04 28 09   190    10 -9999    70    80     7 -9999 -9999
1980 04 28 12   160    10 -9999    70    10     7 -9999     5
1980 04 28 18    90    60 -9999   250    40     2 -9999     3
1980 04 28 21   110    30 -9999   250    30     7 -9999 -9999
1980 04 29 00    80    20 -9999   270    50     6 -9999     0
1980 04 29 03   140     0 -9999   220    20     1 -9999 -9999
1980 04 29 06   200   -10 -9999   270    20     2 -9999     0
1980 04 29 09   230   -70 -9999   220    50     7 -9999 -9999
1980 04 29 12   210   -60 -9999   250    80     7 -9999 -9999
1980 04 29 18   140   -10 -9999   250    40     6 -9999    -1
1980 04 29 21   100    10 -9999   250    70     7 -9999 -9999
1980 04 30 03   160   -20 -9999   250   190     7 -9999 -9999
1980 04 30 06   200   -30 -9999   270   100     7 -9999     0
1980 04 30 09   230   -90 -9999   270   100     4 -9999 -9999
1980 04 30 12   210   -60 -9999   290    80     6 -9999 -9999
1980 04 30 18   160 -9999 -9999     0     0     0 -9999     0
1980 04 30 21   100   -30 -9999   250    40     7 -9999 -9999
1980 05 01 00   110   -10 -9999   270    40     7 -9999     0
1980 05 01 06   210    10 -9999   220    40     7 -9999     0
1980 05 01 09   230   -70 -9999   250    50     7 -9999 -9999
1980 05 01 12   230  -110 -9999   340    30     2 -9999 -9999
1980 05 01 21   130   -40 -9999   220    30     7 -9999 -9999
1980 05 02 00   100   -30 -9999   220    20     7 -9999     0
1980 05 02 03   140   -30 -9999   220    30     7 -9999 -9999
1980 05 02 06   210   -50 -9999   180    20     6 -9999     0
1980 05 02 09   210   -90 -9999    70    70     7 -9999 -9999
1980 05 02 18   110   -10 -9999   250    10     1 -9999     0
1980 05 02 21   100   -10 -9999     0     0     7 -9999 -9999
1980 05 03 00    80   -20 -9999   250    10     7 -9999     0
1980 05 03 03   130   -40 -9999    90    50     7 -9999 -9999
1980 05 03 06   140   -40 -9999    70    40     9 -9999     0
1980 05 03 09   160 -9999 -9999    70    30     9 -9999 -9999
1980 05 03 12   170   -10 -9999    70    20     7 -9999 -9999
1980 05 03 18   130    10 -9999   250    30     9 -9999     0
1980 05 03 21   120    30 -9999   220    40     6 -9999 -9999
1980 05 04 00   100    20 -9999   220    40     9 -9999 -9999
1980 05 04 03   130    10 -9999   220    50     1 -9999 -9999
1980 05 04 06   200   -50 -9999   250    30     7 -9999     0
1980 05 04 09   230   -50 -9999   250    20     2 -9999 -9999
1980 05 04 12   200     0 -9999    70    70     6 -9999 -9999
1980 05 04 18   120     0 -9999   270    40     1 -9999     0
1980 05 04 21   110   -50 -9999   250    40     7 -9999 -9999
1980 05 05 00    90   -40 -9999   250    40     3 -9999     0
1980 05 05 03   160   -60 -9999   250    40     1 -9999 -9999
1980 05 05 06   220   -80 -9999   180    30     5 -9999     0
1980 05 05 09   230   -60 -9999    40    20     6 -9999 -9999
1980 05 05 12   210   -10 -9999    70    60     7 -9999 -9999
1980 05 05 18   140    40 -9999   160    10     7 -9999     0
1980 05 05 21   140     0 -9999   250    30     1 -9999 -9999
1980 05 06 00   110     0 -9999   250    40     1 -9999     0
1980 05 06 03   160     0 -9999   360    20     1 -9999 -9999
1980 05 06 06   190    10 -9999   110    30     1 -9999     0
1980 05 06 09   210   -10 -9999    40    60     1 -9999 -9999
1980 05 06 12   200   -40 -9999    90    60     1 -9999 -9999
1980 05 06 18   110   -10 -9999   220    20     0 -9999     0
1980 05 06 21   100   -10 -9999   270    30     0 -9999 -9999
1980 05 07 00    80   -10 -9999   250    20     0 -9999     0
1980 05 07 03   150   -20 -9999   250    40     0 -9999 -9999
1980 05 07 06   220   -10 -9999   180    10     0 -9999     0
1980 05 07 09   250   -20 -9999    70    40     0 -9999 -9999
1980 05 07 12   230   -20 -9999    90    60     0 -9999 -9999
1980 05 07 18   220    80 -9999    70    10     0 -9999     0
1980 05 08 00   110   -10 -9999   250    40     0 -9999     0
1980 05 08 03   170   -20 -9999   270    30     0 -9999 -9999
1980 05 08 06   250   -70 -9999   250    30     0 -9999     0
1980 05 08 12   250   -40 -9999    70    80     1 -9999 -9999
1980 05 08 18   140    30 -9999     0     0     1 -9999     0
1980 05 08 21   130    10 -9999   250    20     0 -9999 -9999
1980 05 09 00   110   -20 -9999   250    20     1 -9999 -9999
1980 05 09 03   170    10 -9999     0     0     7 -9999 -9999
1980 05 09 06   220   -30 -9999    90    40     7 -9999     0
1980 05 09 09   230   -60 -9999    90    70     7 -9999 -9999
1980 05 09 12   220   -30 -9999    90    60     7 -9999 -9999
1980 05 09 18   160    20 -9999   250    20     7 -9999     0
1980 05 09 21   160     0 -9999   220    30     5 -9999 -9999
1980 05 10 00   150    10 -9999   270    50     7 -9999 -9999
1980 05 10 03   180    10 -9999   250    10     7 -9999 -9999
1980 05 10 06   200   -10 -9999   270    60     7 -9999     0
1980 05 10 09   200   -10 -9999   220    20     7 -9999 -9999
1980 05 10 12   220    10 -9999   270    20     2 -9999 -9999
1980 05 10 18   150    20 -9999    90    40     2 -9999     0
1980 05 10 21   130    30 -9999   250    20     1 -9999 -9999
1980 05 11 00   120    10 -9999   250    40     1 -9999 -9999
1980 05 11 03   160    10 -9999   250    60     0 -9999 -9999
1980 05 11 06   230   -30 -9999   180    30     7 -9999     0
1980 05 11 09   250   -70 -9999   220    50     7 -9999 -9999
1980 05 11 12   240   -80 -9999   250    30     7 -9999 -9999
1980 05 11 15   140    80 -9999   360    30     2 -9999 -9999
1980 05 11 18   170   -20 -9999   340    60     8 -9999     0
1980 05 11 21   140    30 -9999   110    20     7 -9999 -9999
1980 05 12 00   120    20 -9999   250    60     7 -9999    -1
1980 05 12 03   140    30 -9999   220    50     7 -9999 -9999
1980 05 12 06   190     0 -9999   290    40     7 -9999 -9999
1980 05 12 09   200   -90 -9999   270   100     7 -9999 -9999
1980 05 12 12   190   -60 -9999   270    60     2 -9999 -9999
1980 05 12 18   120   -50 -9999   250    30     1 -9999     0
1980 05 12 21   100   -30 -9999   250    40     1 -9999 -9999
1980 05 13 00   100   -30 -9999     0     0     7 -9999    -1
1980 05 13 03   140   -40 -9999   220    60     7 -9999 -9999
1980 05 13 06   190   -30 -9999   250    30     7 -9999     0
1980 05 13 09   220   -70 -9999   180    30     7 -9999 -9999
1980 05 13 12   200   -40 -9999   250    60     7 -9999 -9999
1980 05 13 18   100    10 -9999   250    70     2 -9999    -1
1980 05 13 21   100    10 -9999   250    60     1 -9999 -9999
1980 05 14 00   100     0 -9999   270    30     7 -9999 -9999
1980 05 14 03   140   -20 -9999   250    40     7 -9999 -9999
1980 05 14 06   170   -20 -9999   220    20     7 -9999    -1
1980 05 14 09   130    30 -9999   250    40     7 -9999 -9999
1980 05 14 12   150    40 -9999   270    60     7 -9999    -1
1980 05 14 18   120    30 -9999   110    50     8 -9999    -1
1980 05 14 21    90    60 -9999    90    40     8 -9999 -9999
1980 05 15 00    90    60 -9999     0     0     8 -9999     5
1980 05 15 03    70    40 -9999   250    20     8 -9999 -9999
1980 05 15 06   100    40 -9999   270    10     8 -9999    90
1980 05 15 09   110    50 -9999   250    70     7 -9999 -9999
1980 05 15 12   140    50 -9999   270    40     7 -9999    -1
1980 05 15 18   110    40 -9999   250    40     7 -9999 -9999
1980 05 16 00    90    20 -9999   220    30     7 -9999 -9999
1980 05 16 03   120     0 -9999   220    60     2 -9999 -9999
1980 05 16 06   170    30 -9999     0     0     3 -9999     0
1980 05 16 09   190    10 -9999   140    20     5 -9999 -9999
1980 05 16 12   150    20 -9999   110    50     7 -9999     0
1980 05 16 18    90    60 -9999   250    30     8 -9999    40
1980 05 16 21    70    50 -9999    40    20     8 -9999 -9999
1980 05 17 00    30    10 -9999   270    40     8 -9999   210
1980 05 17 03    30    20 -9999   220    70     8 -9999 -9999
1980 05 17 06    50    30 -9999   250    60     8 -9999    30
1980 05 17 09    90    40 -9999   250    70     8 -9999 -9999
1980 05 17 12   100    50 -9999   250    50     8 -9999    -1
1980 05 17 18    80    40 -9999   270    70     8 -9999 -9999
1980 05 17 21    70    40 -9999   220    60     8 -9999 -9999
1980 05 18 00    80    30 -9999   250    50     7 -9999    10
1980 05 18 03    90    50 -9999   250    60     8 -9999 -9999
1980 05 18 06   140    50 -9999   250    40     7 -9999     0
1980 05 18 09   180    20 -9999     0     0     7 -9999 -9999
1980 05 18 12   170    60 -9999    70    10     7 -9999 -9999
1980 05 18 18   140    70 -9999   220    40     6 -9999 -9999
1980 05 18 21   130     0 -9999   270    30     0 -9999 -9999
1980 05 19 00   110    60 -9999   270    30     2 -9999 -9999
1980 05 19 03   130    50 -9999   250    40     7 -9999 -9999
1980 05 19 06   170    60 -9999   220    40     3 -9999     0
1980 05 19 09   180    20 -9999   220    20     2 -9999 -9999
1980 05 19 12   160    50 -9999   250    50     6 -9999 -9999
1980 05 19 18   100    10 -9999   220    30     1 -9999     0
1980 05 19 21    90   -10 -9999   250    30     0 -9999 -9999
1980 05 20 00    80   -20 -9999   220    40     2 -9999     0
1980 05 20 03   130   -10 -9999   250    40     1 -9999 -9999
1980 05 20 06   180   -30 -9999   270    40     7 -9999     0
1980 05 20 09   210   -20 -9999    90    20     7 -9999 -9999
1980 05 20 12   200    10 -9999    40    10     7 -9999 -9999
1980 05 20 18   130     0 -9999   220    30     0 -9999     0
1980 05 20 21   130    20 -9999   230    50     0 -9999 -9999
1980 05 21 00   110    20 -9999   270    40     7 -9999     0
1980 05 21 03   150    20 -9999   250    30     6 -9999 -9999
1980 05 21 06   200    20 -9999     0     0     7 -9999     0
1980 05 21 09   230    10 -9999     0     0     7 -9999 -9999
1980 05 21 12   190    10 -9999   270    50     7 -9999 -9999
1980 05 21 18   150    50 -9999   250    40     8 -9999    -1
1980 05 21 21   140    50 -9999   250    40     8 -9999 -9999
1980 05 22 00   130    50 -9999   250    50     8 -9999    -1
1980 05 22 03   140    70 -9999   220    10     8 -9999 -9999
1980 05 22 06   170    50 -9999    90    20     7 -9999    -1
1980 05 22 09   160    60 -9999   250    10     7 -9999 -9999
1980 05 22 12   160    70 -9999     0     0     7 -9999     0
1980 05 22 18   110    80 -9999   250    20     1 -9999     0
1980 05 22 21   110    60 -9999   250    40     6 -9999 -9999
1980 05 23 00    90    60 -9999   220    30     4 -9999 -9999
1980 05 23 03   150    60 -9999   250    40     7 -9999 -9999
1980 05 23 06   200    20 -9999   110    20     2 -9999     0
1980 05 23 09   220   -30 -9999     0     0     7 -9999 -9999
1980 05 23 12   230   -30 -9999   360    10     7 -9999 -9999
1980 05 23 18   140    30 -9999   250    10     7 -9999     0
1980 05 23 21   120    50 -9999   250    30     2 -9999 -9999
1980 05 24 00   100    50 -9999   290    30     3 -9999     0
1980 05 24 03   150     0 -9999    70    50     1 -9999 -9999
1980 05 24 06   170     0 -9999    90    40     9 -9999     0
1980 05 24 09   190     0 -9999    90    20     9 -9999 -9999
1980 05 24 12   190    10 -9999    90    40     9 -9999 -9999
1980 05 24 21   110    60 -9999 -9999 -9999     9 -9999 -9999
1980 05 25 00   120    30 -9999   250    40     6 -9999 -9999
1980 05 25 03   150    20 -9999   220    40     9 -9999 -9999
1980 05 25 06   200   -30 -9999   250    20     9 -9999     0
1980 05 25 09   220    20 -9999    90    50     9 -9999 -9999
1980 05 25 12   210    20 -9999    70    50     9 -9999 -9999
1980 05 25 18   140    50 -9999   250    10     0 -9999     0
1980 05 25 21   140    10 -9999   250    30     0 -9999 -9999
1980 05 26 00   130   -10 -9999   220    30     1 -9999 -9999
1980 05 26 03   160     0 -9999   250    70     1 -9999 -9999
1980 05 26 06   230   -50 -9999   220    30     0 -9999     0
1980 05 26 09   250   -80 -9999   290    40     1 -9999 -9999
1980 05 26 12   250   -70 -9999   250    30     5 -9999 -9999
1980 05 26 21   160     0 -9999   250    30     0 -9999 -9999
1980 05 27 00   140     0 -9999   250    40     0 -9999 -9999
1980 05 27 03   190    30 -9999   220    40     0 -9999 -9999
1980 05 27 09   200    30 -9999     0     0     7 -9999 -9999
1980 05 27 12   220   -10 -9999   270    30     7 -9999     0
1980 05 27 18   160   -20 -9999   250    40     7 -9999     0
1980 05 27 21   130     0 -9999   250    80     7 -9999 -9999
1980 05 28 00   120    70 -9999   180    40     7 -9999     0
1980 05 28 03   160    20 -9999   250    20     7 -9999 -9999
1980 05 28 06   210   -30 -9999    20    80     6 -9999     0
1980 05 28 09   220   -50 -9999   340   120     2 -9999 -9999
1980 05 28 12   190   -50 -9999   340   150     7 -9999    -1
1980 05 29 03   150  -100 -9999   250    40     0 -9999 -9999
1980 05 29 06   210  -150 -9999   250    20     0 -9999     0
1980 05 29 09   240  -100 -9999   270    20     1 -9999 -9999
1980 05 29 12   240   -80 -9999    70    30     3 -9999 -9999
1980 05 29 18   110   -10 -9999     0     0     6 -9999     0
1980 05 29 21   100   -10 -9999   250    60     1 -9999 -9999
1980 05 30 00    90    20 -9999    90    20     0 -9999     0
1980 05 30 03   140    20 -9999     0     0     0 -9999 -9999
1980 05 30 05   200 -9999 -9999    90    60     6 -9999 -9999
1980 05 30 06   180    10 -9999    70    30     0 -9999     0
1980 05 30 09   200    40 -9999    90    60     6 -9999 -9999
1980 05 30 12   180    40 -9999    90    70     9 -9999 -9999
1980 05 30 18   140    50 -9999   200    10     9 -9999     0
1980 05 30 21   120    50 -9999   220    10     6 -9999 -9999
1980 05 31 00   120    60 -9999    70    10     7 -9999 -9999
1980 05 31 03   160    40 -9999    70    50     7 -9999 -9999
1980 05 31 06   190    30 -9999    70    50     7 -9999     0
1980 05 31 09   200    30 -9999    70    60     7 -9999 -9999
1980 05 31 12   190    40 -9999    70    40     7 -9999    -1
1980 05 31 18   130    50 -9999     0     0     7 -9999    -1
1980 05 31 21   130    50 -9999   180    20     5 -9999 -9999
1980 06 01 00   110    50 -9999     0     0     7 -9999 -9999
1980 06 01 03   160    30 -9999   220    10     5 -9999 -9999
1980 06 01 06   190    10 -9999    90    10     7 -9999     0
1980 06 01 09   230   -40 -9999   270    50     7 -9999 -9999
1980 06 01 12   230   -40 -9999   250    10     6 -9999 -9999
1980 06 01 18   130    30 -9999     0     0     7 -9999     0
1980 06 01 21   120    20 -9999   250    10     2 -9999 -9999
1980 06 02 00   130   -10 -9999   250    40     7 -9999 -9999
1980 06 02 03   170    10 -9999   250    20     7 -9999 -9999
1980 06 02 06   210   -20 -9999     0     0     7 -9999     0
1980 06 02 09   210   -30 -9999   250   100     7 -9999 -9999
1980 06 02 12   170     0 -9999   270    80     7 -9999 -9999
1980 06 02 15   220    30 -9999   320    20     7 -9999 -9999
1980 06 02 18   120   -20 -9999   250    20     7 -9999    -1
1980 06 02 21   100   -30 -9999 -9999 -9999     2 -9999 -9999
1980 06 02 22   100   -30 -9999 -9999 -9999     2 -9999 -9999
1980 06 03 00   100   -60 -9999   220    30     1 -9999     0
1980 06 03 03   140   -30 -9999   220    40     1 -9999 -9999
1980 06 03 06   190   -60 -9999   210    30     1 -9999     0
1980 06 03 09   210  -190 -9999   340    30     7 -9999 -9999
1980 06 03 12   190  -110 -9999   340    70     7 -9999 -9999
1980 06 03 18   120   -80 -9999   180    30     0 -9999     0
1980 06 03 21    70   -30 -9999   250    20     0 -9999 -9999
1980 06 04 00   100   -80 -9999   250    30     6 -9999     0
1980 06 04 06   200   -70 -9999   220    30     7 -9999     0
1980 06 04 09   230   -80 -9999    20    20     6 -9999 -9999
1980 06 04 12   190   -40 -9999    90    60     7 -9999 -9999
19