1979 01 01 00   -70  -180 -9999   250    50     0 -9999 -9999
1979 01 01 03   -60  -170 -9999   250    50     0 -9999 -9999
1979 01 01 06    20  -180 -9999   200    30     1 -9999 -9999
1979 01 01 09    40  -160 -9999    60    50     1 -9999 -9999
1979 01 01 12   -30  -160 -9999    70    40     1 -9999 -9999
1979 01 01 18   -60  -180 -9999   250    50     0 -9999 -9999
1979 01 01 21   -50  -190 -9999   270    40     0 -9999 -9999
1979 01 02 00   -60  -210 -9999   220    70     0 -9999 -9999
1979 01 02 03   -60  -200 -9999   250    50     0 -9999 -9999
1979 01 02 06    20  -270 -9999   250    30     0 -9999 -9999
1979 01 02 09    40  -270 -9999    70    30     1 -9999 -9999
1979 01 02 12   -20  -180 -9999    40    40     0 -9999 -9999
1979 01 02 18   -40  -160 -9999   250    60     0 -9999 -9999
1979 01 02 21   -60  -220 -9999   250    50     0 -9999 -9999
1979 01 03 00   -50  -220 -9999   250    70     0 -9999 -9999
1979 01 03 03   -60  -240 -9999   250    70     5 -9999 -9999
1979 01 03 06    10  -230 -9999   220    40     3 -9999 -9999
1979 01 03 09    60  -200 -9999     0     0     7 -9999 -9999
1979 01 03 12   -30  -170 -9999    70    30     7 -9999 -9999
1979 01 03 18   -90  -200 -9999   250    40     0 -9999 -9999
1979 01 03 21   -60  -230 -9999   250    60     0 -9999 -9999
1979 01 04 00   -70  -240 -9999   250    60     1 -9999 -9999
1979 01 04 03   -60  -220 -9999   220    60     2 -9999 -9999
1979 01 04 06    10  -170 -9999   250    60     2 -9999 -9999
1979 01 04 09    30  -180 -9999    90    50     1 -9999 -9999
1979 01 04 12   -40  -190 -9999    40    50     2 -9999 -9999
1979 01 04 18   -30  -200 -9999   250    60     3 -9999 -9999
1979 01 04 21   -40  -200 -9999   250    70     1 -9999 -9999
1979 01 05 00   -50  -210 -9999   220    80     0 -9999 -9999
1979 01 05 03   -90  -170 -9999   250    60     1 -9999 -9999
1979 01 05 06    50  -210 -9999   250    30     2 -9999 -9999
1979 01 05 09   100  -200 -9999   200    40     1 -9999 -9999
1979 01 05 12   -10  -120 -9999    70    30     7 -9999 -9999
1979 01 05 18   -70  -180 -9999   250    30     1 -9999 -9999
1979 01 05 21   -50  -190 -9999   250    60     0 -9999 -9999
1979 01 06 00   -70  -180 -9999   270    40     1 -9999 -9999
1979 01 06 03   -60  -240 -9999   250    50     7 -9999 -9999
1979 01 06 06    20  -240 -9999   250    40     6 -9999 -9999
1979 01 06 09    60  -240 -9999    70 -9999     2 -9999 -9999
1979 01 06 12   -10  -210 -9999   270    30     6 -9999 -9999
1979 01 06 18   -60  -210 -9999   220    60     2 -9999 -9999
1979 01 06 21   -70  -220 -9999   220    50     1 -9999 -9999
1979 01 07 00     0  -240 -9999   250    80     2 -9999 -9999
1979 01 07 03    10  -220 -9999   250    80     7 -9999 -9999
1979 01 07 06    50  -280 -9999   250    80     6 -9999 -9999
1979 01 07 09   120  -240 -9999   220    20     6 -9999 -9999
1979 01 07 12   -20  -220 -9999    90    30     7 -9999 -9999
1979 01 07 18   -70  -170 -9999     0     0     3 -9999 -9999
1979 01 07 21   -80  -190 -9999   250    30     7 -9999 -9999
1979 01 08 00   -80  -180 -9999   250    30     1 -9999 -9999
1979 01 08 03   -90  -170 -9999   220    30     7 -9999 -9999
1979 01 08 06     0  -190 -9999   250    30     7 -9999 -9999
1979 01 08 09    30  -180 -9999    70    20     7 -9999 -9999
1979 01 08 12     0  -180 -9999     0     0     7 -9999 -9999
1979 01 08 18    30  -140 -9999   250    50     7 -9999 -9999
1979 01 08 21   -40  -160 -9999   220    10     7 -9999 -9999
1979 01 09 00    40  -140 -9999   250    30     7 -9999 -9999
1979 01 09 03    20  -160 -9999   220    50     7 -9999 -9999
1979 01 09 06    40  -210 -9999   220    40     7 -9999 -9999
1979 01 09 09    40  -180 -9999    70    60     1 -9999 -9999
1979 01 09 12    20 -9999 -9999   250    40     1 -9999 -9999
1979 01 09 18  -100  -150 -9999    40    30     5 -9999 -9999
1979 01 09 21   -90  -160 -9999     0     0     7 -9999 -9999
1979 01 10 00   -70  -180 -9999   220    50     7 -9999 -9999
1979 01 10 03   -70  -190 -9999   270    50     7 -9999 -9999
1979 01 10 06   -10  -180 -9999   250    50     7 -9999 -9999
1979 01 10 09     0  -200 -9999    90    50     7 -9999 -9999
1979 01 10 12   -40  -160 -9999     0     0     1 -9999 -9999
1979 01 10 18  -100  -230 -9999    70    20     0 -9999 -9999
1979 01 10 21  -100  -230 -9999   220    20     0 -9999 -9999
1979 01 11 00  -140  -230 -9999     0     0     0 -9999 -9999
1979 01 11 03  -150  -230 -9999     0     0     1 -9999 -9999
1979 01 11 06   -60  -140 -9999    70    40     5 -9999 -9999
1979 01 11 09   -30  -150 -9999    70    20     2 -9999 -9999
1979 01 11 12   -70  -190 -9999    70    30     7 -9999 -9999
1979 01 11 18  -100  -270 -9999   220    70     1 -9999 -9999
1979 01 11 21  -100  -180 -9999   160    30     0 -9999 -9999
1979 01 12 00   -80  -180 -9999   220    30     0 -9999 -9999
1979 01 12 06   -80  -120 -9999    90    60     7 -9999 -9999
1979 01 12 12   -70  -130 -9999    70    40     3 -9999     0
1979 01 12 18  -100 -9999 -9999   220    10     8 -9999 -9999
1979 01 12 21  -100  -170 -9999   220    30     7 -9999 -9999
1979 01 13 00  -120  -160 -9999   250    20     7 -9999     0
1979 01 13 03  -140  -180 -9999   220    20     7 -9999 -9999
1979 01 13 06   -80  -150 -9999     0     0     3 -9999 -9999
1979 01 13 09   -80  -130 -9999    40    50     7 -9999 -9999
1979 01 13 12  -100  -130 -9999    90    40     7 -9999 -9999
1979 01 13 18  -120  -160 -9999    70    50     7 -9999 -9999
1979 01 13 21  -140  -180 -9999    70    10     8 -9999 -9999
1979 01 14 00  -140  -180 -9999    70    20     8 -9999 -9999
1979 01 14 06  -110  -160 -9999    70    20     6 -9999 -9999
1979 01 14 09  -120  -160 -9999    70    30     7 -9999 -9999
1979 01 14 18  -170  -210 -9999     0     0     6 -9999 -9999
1979 01 15 03  -190  -230 -9999   250    10     2 -9999 -9999
1979 01 15 06  -110  -190 -9999   220    10     5 -9999 -9999
1979 01 15 09  -100  -140 -9999    90    20     4 -9999 -9999
1979 01 15 12  -140  -190 -9999     0     0     2 -9999 -9999
1979 01 15 18  -160  -200 -9999   220    30     6 -9999 -9999
1979 01 15 21  -170  -210 -9999     0     0     1 -9999 -9999
1979 01 16 00  -110  -230 -9999   250    20     7 -9999 -9999
1979 01 16 03  -180  -220 -9999     0     0     7 -9999 -9999
1979 01 16 06  -210  -280 -9999   270    20     7 -9999 -9999
1979 01 16 09   -90  -140 -9999    70    40     7 -9999 -9999
1979 01 16 12  -130  -170 -9999    90    20     7 -9999 -9999
1979 01 16 18  -170  -210 -9999   250    20     7 -9999 -9999
1979 01 16 21  -160  -200 -9999   250    20     7 -9999 -9999
1979 01 17 00  -180  -220 -9999   270    20     7 -9999 -9999
1979 01 17 03  -190  -220 -9999     0     0     7 -9999 -9999
1979 01 17 06  -120  -180 -9999    70    30     6 -9999 -9999
1979 01 17 12  -130  -180 -9999    70    40     7 -9999 -9999
1979 01 17 18  -180  -220 -9999   220    20     7 -9999 -9999
1979 01 17 21  -160  -200 -9999   250    40     5 -9999 -9999
1979 01 18 00  -160  -210 -9999   200    20     0 -9999 -9999
1979 01 18 03  -190  -230 -9999     0     0     1 -9999 -9999
1979 01 18 06  -120  -190 -9999     0     0     1 -9999 -9999
1979 01 18 09  -100  -150 -9999    70    30     1 -9999 -9999
1979 01 18 12  -130  -190 -9999    70    30     7 -9999 -9999
1979 01 18 18  -130  -190 -9999   250    90     7 -9999 -9999
1979 01 18 21  -140  -200 -9999     0     0     7 -9999 -9999
1979 01 19 03  -130  -220 -9999   250    50     1 -9999 -9999
1979 01 19 09   -70  -150 -9999    90    40     1 -9999 -9999
1979 01 19 12   -90  -210 -9999     0     0     1 -9999 -9999
1979 01 19 18  -130  -200 -9999   250    60     1 -9999 -9999
1979 01 19 21  -130  -210 -9999   250    40     1 -9999 -9999
1979 01 20 00  -110  -230 -9999   250    60     2 -9999 -9999
1979 01 20 03  -160  -220 -9999   270    20     7 -9999 -9999
1979 01 20 06  -100  -180 -9999    70    30     7 -9999 -9999
1979 01 20 09  -100  -160 -9999    70    40     7 -9999 -9999
1979 01 20 12  -120  -170 -9999    90    40     6 -9999 -9999
1979 01 20 18  -150  -200 -9999   250    30     0 -9999 -9999
1979 01 20 21  -150  -210 -9999   250    30     1 -9999 -9999
1979 01 21 00  -160  -220 -9999   250    60     1 -9999 -9999
1979 01 21 03  -150  -220 -9999   250    70     1 -9999 -9999
1979 01 21 06   -80  -180 -9999     0     0     1 -9999 -9999
1979 01 21 09   -80  -150 -9999    90    60     1 -9999 -9999
1979 01 21 12  -120  -190 -9999    70    30     1 -9999 -9999
1979 01 21 18  -150  -210 -9999   250    30     0 -9999 -9999
1979 01 21 21  -170  -200 -9999   270    20     0 -9999 -9999
1979 01 22 00  -190  -240 -9999   250    30     7 -9999 -9999
1979 01 22 03  -200  -250 -9999     0     0     1 -9999 -9999
1979 01 22 06  -100  -180 -9999     0     0     1 -9999 -9999
1979 01 22 09   -80  -180 -9999    70    50     2 -9999 -9999
1979 01 22 12  -110  -220 -9999    70    30     7 -9999 -9999
1979 01 22 18  -140  -210 -9999   250    40     0 -9999 -9999
1979 01 22 21  -160  -210 -9999   250    60     1 -9999 -9999
1979 01 23 00  -140  -220 -9999   250    30     7 -9999 -9999
1979 01 23 03  -170  -210 -9999   220    30     7 -9999 -9999
1979 01 23 06   -80  -230 -9999    40    50     6 -9999 -9999
1979 01 23 09   -70  -190 -9999    70    50     7 -9999 -9999
1979 01 23 12   -90  -180 -9999     0     0     7 -9999 -9999
1979 01 23 18   -90 -9999 -9999   250    40     2 -9999 -9999
1979 01 23 21  -120  -220 -9999   220    40     1 -9999 -9999
1979 01 24 03  -110  -210 -9999   250    40     1 -9999 -9999
1979 01 24 06   -50  -220 -9999    70    70     1 -9999 -9999
1979 01 24 09   -70  -150 -9999    70    60     7 -9999 -9999
1979 01 24 12   -80  -160 -9999    70    30     7 -9999 -9999
1979 01 24 18  -100  -180 -9999   250    40     2 -9999 -9999
1979 01 24 21   -90  -170 -9999   290    30     3 -9999 -9999
1979 01 25 00  -110  -170 -9999   250    50     3 -9999 -9999
1979 01 25 03    60  -180 -9999   250    20     7 -9999 -9999
1979 01 25 06   -10  -230 -9999   250    30     7 -9999 -9999
1979 01 25 09   -30  -140 -9999    70    50     7 -9999 -9999
1979 01 25 12   -70  -160 -9999    40    60     7 -9999 -9999
1979 01 25 21  -100  -150 -9999   270    30     1 -9999 -9999
1979 01 26 03   -70  -140 -9999   250    10     7 -9999 -9999
1979 01 26 06 -9999 -9999 -9999     0     0     1 -9999 -9999
1979 01 26 09    70  -330 -9999   320    70     1 -9999 -9999
1979 01 26 12    40 -9999 -9999   320    80     7 -9999 -9999
1979 01 26 18   -20  -240 -9999   200    20     8 -9999 -9999
1979 01 26 21   -30  -270 -9999    20    40     8 -9999 -9999
1979 01 27 00   -40  -270 -9999   250    20     7 -9999 -9999
1979 01 27 03   -80  -280 -9999   220    20     2 -9999 -9999
1979 01 27 06   -20  -280 -9999     0     0     1 -9999 -9999
1979 01 27 09   -20  -270 -9999   340    50     1 -9999 -9999
1979 01 27 12   -40  -390 -9999   340    30     1 -9999 -9999
1979 01 28 06  -100  -170 -9999   220    20     1 -9999     0
1979 01 28 09   -70  -200 -9999    70    40     1 -9999 -9999
1979 01 28 12  -100  -180 -9999    70    30     1 -9999 -9999
1979 01 28 18  -130  -160 -9999     0     0     6 -9999 -9999
1979 01 28 21  -150  -200 -9999   250    50     7 -9999 -9999
1979 01 29 03  -180  -230 -9999   250    30     0 -9999 -9999
1979 01 29 06  -120  -180 -9999    70    40     1 -9999 -9999
1979 01 29 09  -100  -180 -9999    70    50     1 -9999 -9999
1979 01 29 12  -120  -180 -9999    90    50     1 -9999     0
1979 01 29 18  -150  -180 -9999   250    60     0 -9999     0
1979 01 29 21  -160 -9999 -9999   250    70     0 -9999 -9999
1979 01 30 00  -150  -230 -9999   250    50     0 -9999 -9999
1979 01 30 03  -150  -260 -9999   250    70     1 -9999 -9999
1979 01 30 06   -60  -350 -9999   220    70     1 -9999 -9999
1979 01 30 09   -60  -180 -9999    70    40     1 -9999 -9999
1979 01 30 12  -110  -170 -9999    90    40     0 -9999     0
1979 01 30 18  -150  -200 -9999   250    30     0 -9999 -9999
1979 01 31 00  -120  -330 -9999   250    80     1 -9999 -9999
1979 01 31 03  -120  -330 -9999   250    80     0 -9999 -9999
1979 01 31 06   -40 -9999 -9999   200    30     0 -9999 -9999
1979 01 31 09   -40  -240 -9999    70    60     0 -9999 -9999
1979 01 31 12   -90  -280 -9999    90    50     0 -9999 -9999
1979 01 31 18  -100  -130 -9999   270    10     0 -9999 -9999
1979 02 01 06   -20  -360 -9999   250    40     0 -9999 -9999
1979 02 01 09    10  -320 -9999    90    30     0 -9999 -9999
1979 02 01 12   -70  -190 -9999    90    40     0 -9999 -9999
1979 02 01 21  -140  -190 -9999   250    30     0 -9999 -9999
1979 02 02 00   -90  -280 -9999   250    50     0 -9999 -9999
1979 02 02 03   -90  -230 -9999   220    50     0 -9999 -9999
1979 02 02 06   -20  -300 -9999   220    30     0 -9999 -9999
1979 02 02 09   -30  -210 -9999    90    50     1 -9999 -9999
1979 02 02 12   -70  -180 -9999    90    40     2 -9999 -9999
1979 02 02 18  -140  -180 -9999     0     0     0 -9999 -9999
1979 02 02 21  -110  -210 -9999   250    40     1 -9999 -9999
1979 02 03 03  -100  -280 -9999   250    70     6 -9999 -9999
1979 02 03 06    10  -320 -9999   220    50     1 -9999 -9999
1979 02 03 09   -20  -190 -9999    90    60     1 -9999 -9999
1979 02 03 12   -60  -190 -9999    90    60     1 -9999 -9999
1979 02 03 18  -100  -200 -9999   250    30     1 -9999 -9999
1979 02 03 21  -110  -190 -9999   250    50     1 -9999 -9999
1979 02 04 00  -100  -160 -9999   250    50     0 -9999 -9999
1979 02 04 03  -100  -200 -9999   250    50     7 -9999 -9999
1979 02 04 06    10  -230 -9999   220    20     6 -9999 -9999
1979 02 04 09    40  -300 -9999    70    40     6 -9999 -9999
1979 02 04 12   -30  -190 -9999    90    50     7 -9999 -9999
1979 02 05 00   -90  -140 -9999   220    20     7 -9999 -9999
1979 02 05 03   -80  -200 -9999   220    30     7 -9999 -9999
1979 02 05 06   -10  -200 -9999   270    50     7 -9999 -9999
1979 02 05 09    30  -280 -9999    90    30     6 -9999 -9999
1979 02 05 12   -10  -230 -9999    70    30     7 -9999 -9999
1979 02 05 18   -90  -210 -9999   220    40     1 -9999 -9999
1979 02 05 21   -70  -200 -9999   250    30     1 -9999 -9999
1979 02 06 00   -80  -210 -9999   250    50     1 -9999 -9999
1979 02 06 03   -50  -200 -9999   250    60     5 -9999 -9999
1979 02 06 06    40  -190 -9999   200    30     6 -9999 -9999
1979 02 06 09    30  -230 -9999    70    50     7 -9999 -9999
1979 02 06 12   -10  -190 -9999    90    40     7 -9999 -9999
1979 02 06 18   -70  -180 -9999   250    50     3 -9999 -9999
1979 02 06 21   -90  -180 -9999   270    60     2 -9999 -9999
1979 02 07 00   -40  -200 -9999   220    50     2 -9999 -9999
1979 02 07 03   -80  -200 -9999   250    50     7 -9999 -9999
1979 02 07 06    20  -160 -9999   110    20     7 -9999 -9999
1979 02 07 09    30  -220 -9999    70    40     2 -9999 -9999
1979 02 07 12    60  -120 -9999     0     0     1 -9999 -9999
1979 02 07 18   -70  -170 -9999   220    40     0 -9999 -9999
1979 02 07 21   -80  -180 -9999   250    40     0 -9999 -9999
1979 02 08 00   -90  -180 -9999   220    70     0 -9999 -9999
1979 02 08 03   -90  -180 -9999   270    40     0 -9999 -9999
1979 02 08 06    20  -170 -9999   250    30     1 -9999 -9999
1979 02 08 09    50  -190 -9999    70    30     1 -9999 -9999
1979 02 08 12    10  -180 -9999    40    50     0 -9999 -9999
1979 02 08 18   -70  -150 -9999   220    10     1 -9999 -9999
1979 02 08 21   -80  -170 -9999   250    40     2 -9999 -9999
1979 02 09 00   -70  -190 -9999   250    60     6 -9999 -9999
1979 02 09 03   -70  -160 -9999   270    40     7 -9999 -9999
1979 02 09 06    10  -210 -9999   250    50     5 -9999 -9999
1979 02 09 09    40  -200 -9999    70    60     4 -9999 -9999
1979 02 09 12     0  -180 -9999    70    40     1 -9999 -9999
1979 02 09 18   -60  -160 -9999   250    60     2 -9999 -9999
1979 02 09 21   -70  -170 -9999   250   270     0 -9999 -9999
1979 02 10 00   -60  -200 -9999   270    60     1 -9999 -9999
1979 02 10 03   -50  -200 -9999   250    30     2 -9999 -9999
1979 02 10 06    30  -210 -9999   200    10     1 -9999 -9999
1979 02 10 09    50  -200 -9999    70    50     7 -9999 -9999
1979 02 10 12    20  -190 -9999    70    50     6 -9999 -9999
1979 02 10 18   -60  -150 -9999   270    50     0 -9999 -9999
1979 02 10 21   -50  -180 -9999   250    30     0 -9999 -9999
1979 02 11 00   -60  -160 -9999   250    70     0 -9999 -9999
1979 02 11 03   -30  -160 -9999   220    60     1 -9999 -9999
1979 02 11 06    40  -160 -9999   250    30     2 -9999 -9999
1979 02 11 09    80  -180 -9999    70    50     4 -9999 -9999
1979 02 11 12    80  -100 -9999     0     0     7 -9999 -9999
1979 02 11 18   -50  -130 -9999   270    20     2 -9999 -9999
1979 02 11 21   -60  -160 -9999   250    40     7 -9999 -9999
1979 02 12 00   -70  -160 -9999   270    50     0 -9999 -9999
1979 02 12 03   -60  -170 -9999   170    40     1 -9999 -9999
1979 02 12 06    40  -160 -9999   110    20     3 -9999 -9999
1979 02 12 09    50  -170 -9999    90    50     7 -9999 -9999
1979 02 12 12    10  -150 -9999    70    40     7 -9999 -9999
1979 02 12 18   -40  -130 -9999   250    30     8 -9999 -9999
1979 02 12 21   -60  -140 -9999   250    10     8 -9999 -9999
1979 02 13 00   -60  -140 -9999   250    10     7 -9999 -9999
1979 02 13 03   -50  -150 -9999   250    40     7 -9999 -9999
1979 02 13 06    10  -150 -9999     0     0     7 -9999 -9999
1979 02 13 09    40  -160 -9999    90    20     7 -9999 -9999
1979 02 13 12    20  -140 -9999    70    30     7 -9999 -9999
1979 02 13 18   -10  -140 -9999   250    70     7 -9999 -9999
1979 02 13 21   -10 -9999 -9999   220    20     7 -9999 -9999
1979 02 14 00     0  -140 -9999   250    50     6 -9999 -9999
1979 02 14 03     0  -160 -9999   220    40     1 -9999 -9999
1979 02 14 06    40  -120 -9999    80    30     1 -9999 -9999
1979 02 14 09    50  -160 -9999    70    50     0 -9999 -9999
1979 02 14 12    30  -170 -9999    90    30     0 -9999 -9999
1979 02 14 15   100 -9999 -9999    80    50     7 -9999 -9999
1979 02 14 18   -20  -160 -9999   250    50     0 -9999 -9999
1979 02 15 00   -50  -180 -9999   250    80     0 -9999 -9999
1979 02 15 03   -50  -190 -9999   220    70     0 -9999 -9999
1979 02 15 06    30  -200 -9999   220    30     0 -9999 -9999
1979 02 15 09    70  -190 -9999    70    60     0 -9999 -9999
1979 02 15 12    40  -150 -9999    90    50     0 -9999 -9999
1979 02 15 18   -50  -130 -9999   270    50     0 -9999 -9999
1979 02 16 03   -30  -200 -9999   250    50     0 -9999 -9999
1979 02 16 06    50  -200 -9999   250    30     0 -9999 -9999
1979 02 16 09    80  -190 -9999    70    70     0 -9999 -9999
1979 02 16 12    40  -160 -9999    70    50     0 -9999 -9999
1979 02 16 18   -50  -140 -9999   270    30     0 -9999 -9999
1979 02 16 21   -40  -140 -9999   250    70     5 -9999 -9999
1979 02 17 00   -40  -140 -9999   270    40     7 -9999 -9999
1979 02 17 03   -40  -140 -9999     0     0     7 -9999 -9999
1979 02 17 06    50  -150 -9999     0     0     5 -9999 -9999
1979 02 17 09    80  -190 -9999    90    40     1 -9999 -9999
1979 02 17 12    50  -160 -9999    90    40     0 -9999 -9999
1979 02 17 18   -20  -160 -9999   220    50     1 -9999 -9999
1979 02 17 21   -30  -160 -9999   250    70     2 -9999 -9999
1979 02 18 00   -40  -150 -9999   250    70     6 -9999 -9999
1979 02 18 03     0  -170 -9999   220    60     7 -9999 -9999
1979 02 18 06    80  -160 -9999   200    20     6 -9999 -9999
1979 02 18 09    80  -200 -9999    70    60     7 -9999 -9999
1979 02 18 12    50  -170 -9999    70    40     7 -9999 -9999
1979 02 18 18   -30  -130 -9999   250    30     3 -9999 -9999
1979 02 18 21   -20  -170 -9999     0     0     7 -9999 -9999
1979 02 19 00   -10  -170 -9999   250    40     7 -9999 -9999
1979 02 19 03   -30  -160 -9999   250    60     7 -9999 -9999
1979 02 19 06    70  -150 -9999    90    20     7 -9999 -9999
1979 02 19 09    80  -200 -9999    90    50     7 -9999 -9999
1979 02 19 12    50  -160 -9999    70    40     7 -9999 -9999
1979 02 19 21     0  -140 -9999   250    20     8 -9999 -9999
1979 02 20 00   -10  -140 -9999   250    60     7 -9999 -9999
1979 02 20 03    10  -130 -9999   250    50     7 -9999 -9999
1979 02 20 06    50  -170 -9999   220    40     7 -9999 -9999
1979 02 20 09    50  -160 -9999    70    80     7 -9999 -9999
1979 02 20 12    30   -30 -9999    90    30     8 -9999 -9999
1979 02 20 18    50   -70 -9999   320    50     9 -9999 -9999
1979 02 21 00   -40  -170 -9999   220    50     7 -9999 -9999
1979 02 21 03   -40  -190 -9999   250    30     8 -9999 -9999
1979 02 21 06   -10  -190 -9999   270    20     7 -9999 -9999
1979 02 21 09    20  -140 -9999    90    30     7 -9999 -9999
1979 02 21 12   -20   -60 -9999    70    70     7 -9999 -9999
1979 02 21 18   -40   -50 -9999    70    30     7 -9999 -9999
1979 02 21 21   -50   -60 -9999    70    50     8 -9999 -9999
1979 02 22 00   -50   -60 -9999    40    30     8 -9999 -9999
1979 02 22 03   -60   -70 -9999    70    50     8 -9999 -9999
1979 02 22 06   -40   -70 -9999    70    30     7 -9999    10
1979 02 22 09   -30   -60 -9999   110    50     7 -9999 -9999
1979 02 22 12   -40   -60 -9999    70    40     8 -9999 -9999
1979 02 22 18   -50   -60 -9999    90    30     8 -9999 -9999
1979 02 22 21   -60   -70 -9999     0     0     3 -9999 -9999
1979 02 23 00   -90  -110 -9999     0     0     1 -9999     0
1979 02 23 03   -90  -120 -9999    70    20     2 -9999 -9999
1979 02 23 06   -40   -90 -9999    90    40     3 -9999 -9999
1979 02 23 09   -10   -80 -9999    90    50     4 -9999 -9999
1979 02 23 12   -30   -90 -9999    90    60     7 -9999 -9999
1979 02 23 18   -50   -70 -9999     0     0     7 -9999 -9999
1979 02 23 21   -60   -90 -9999   250   130     6 -9999 -9999
1979 02 24 00   -70  -110 -9999   220    40 -9999 -9999 -9999
1979 02 24 03   -70  -150 -9999   220    70     1 -9999 -9999
1979 02 24 06    10  -170 -9999   160    10     6 -9999 -9999
1979 02 24 09    10  -120 -9999    70    70     6 -9999 -9999
1979 02 24 12   -20  -100 -9999    70    50     7 -9999 -9999
1979 02 24 18   -60   -90 -9999   250    10     7 -9999 -9999
1979 02 24 21   -70   -90 -9999   270    30     1 -9999 -9999
1979 02 25 00   -70  -100 -9999   220    40     0 -9999    -1
1979 02 25 03   -70  -130 -9999   220    70     0 -9999 -9999
1979 02 25 06   -10  -140 -9999    90    10     9 -9999 -9999
1979 02 25 09    20  -150 -9999    90    60     1 -9999 -9999
1979 02 25 18   -50   -50 -9999    70    20     7 -9999    -1
1979 02 25 21   -70   -80 -9999     0     0     2 -9999 -9999
1979 02 26 00   -60   -80 -9999   250    30     5 -9999    -1
1979 02 26 03   -60  -110 -9999   270    30     7 -9999 -9999
1979 02 26 06   -30  -100 -9999     0     0     9 -9999    -1
1979 02 26 09     0  -100 -9999    70    20     2 -9999 -9999
1979 02 26 12    60   -40 -9999     0     0     9 -9999    -1
1979 02 26 18   -40   -60 -9999    40    60     7 -9999    -1
1979 02 27 00   -90  -120 -9999   220    30     0 -9999    -1
1979 02 27 03   -90  -120 -9999 -9999 -9999     5 -9999 -9999
1979 02 27 06   -10  -120 -9999    20    20     4 -9999 -9999
1979 02 27 09    10  -120 -9999    70    50     1 -9999 -9999
1979 02 27 12   -30   -60 -9999     0     0     7 -9999     3
1979 02 27 21   -60  -130 -9999     0     0     3 -9999 -9999
1979 02 28 00   -50   -90 -9999   220    20     7 -9999    -1
1979 02 28 03   -60  -100 -9999   220    40     7 -9999 -9999
1979 02 28 06     0  -100 -9999   110    10     7 -9999 -9999
1979 02 28 09    20  -130 -9999    70    50     7 -9999 -9999
1979 02 28 12     0  -110 -9999    70    30     7 -9999 -9999
1979 02 28 18   -40   -60 -9999    90    20     7 -9999 -9999
1979 02 28 21   -40   -50 -9999    70    10     8 -9999 -9999
1979 03 01 00   -40   -50 -9999    40    30     8 -9999 -9999
1979 03 01 06   -20   -50 -9999    40    30     7 -9999    -1
1979 03 01 09   -10  -100 -9999    70    40     8 -9999 -9999
1979 03 01 12   -20   -50 -9999    90    10     8 -9999    -1
1979 03 01 18   -40   -80 -9999   220    40     1 -9999    -1
1979 03 01 21   -60  -100 -9999   250    60     1 -9999 -9999
1979 03 02 00   -80  -160 -9999   250    50     0 -9999 -9999
1979 03 02 03   -60  -170 -9999   220    50     1 -9999 -9999
1979 03 02 06    30  -230 -9999   220    20     6 -9999     0
1979 03 02 09    40  -170 -9999    70    50     7 -9999 -9999
1979 03 02 12    20  -150 -9999    90    40     7 -9999 -9999
1979 03 02 18   -40   -70 -9999     0     0     2 -9999     0
1979 03 02 21   -40  -110 -9999   250    40     8 -9999 -9999
1979 03 03 00   -40   -90 -9999   290    40     8 -9999 -9999
1979 03 03 03   -30   -50 -9999   200    10     8 -9999 -9999
1979 03 03 06   -10   -50 -9999     0     0     8 -9999    10
1979 03 03 12    10   -80 -9999    70    40     7 -9999    -1
1979 03 03 18   -30   -40 -9999    90    20     7 -9999    -1
1979 03 03 21   -30   -50 -9999    90    10     7 -9999 -9999
1979 03 04 00   -70   -90 -9999   320    30     0 -9999   700
1979 03 04 03   -60   -80 -9999   250    40     7 -9999 -9999
1979 03 04 06   -10   -80 -9999     0     0     7 -9999     0
1979 03 04 09    10   -90 -9999    90    30     8 -9999 -9999
1979 03 04 12     0   -90 -9999    70    20     8 -9999 -9999
1979 03 04 18   -50   -70 -9999     0     0     1 -9999     0
1979 03 04 21   -60   -90 -9999   200    20     0 -9999 -9999
1979 03 05 00   -60   -90 -9999   250    20     7 -9999 -9999
1979 03 05 03   -50   -90 -9999   200    20     7 -9999 -9999
1979 03 05 06   -10  -100 -9999   220    10     8 -9999     0
1979 03 05 09    10 -9999 -9999   160    30     8 -9999 -9999
1979 03 05 12     0   -90 -9999     0     0     8 -9999 -9999
1979 03 05 18   -40   -80 -9999    70    10     8 -9999     0
1979 03 05 21   -30   -70 -9999   200    20     8 -9999 -9999
1979 03 06 00   -40   -70 -9999 -9999 -9999     8 -9999 -9999
1979 03 06 03   -30   -50 -9999     0     0     8 -9999 -9999
1979 03 06 06     0   -60 -9999   200    10     8 -9999    -1
1979 03 06 09    10   -90 -9999    90    60     7 -9999 -9999
1979 03 06 12     0   -90 -9999    90    30     8 -9999    -1
1979 03 06 18   -90  -130 -9999    70    20     8 -9999     0
1979 03 06 21   -30   -80 -9999     0     0     7 -9999 -9999
1979 03 07 00   -40   -70 -9999   250    40     8 -9999 -9999
1979 03 07 03   -40   -70 -9999   220    50     7 -9999 -9999
1979 03 07 06     0   -90 -9999   250    30     7 -9999    -1
1979 03 07 09    20  -130 -9999    90    40     7 -9999 -9999
1979 03 07 12    10  -120 -9999    70    40     7 -9999 -9999
1979 03 07 18   -10   -90 -9999    70    20     2 -9999     0
1979 03 07 21   -30   -70 -9999     0     0     7 -9999 -9999
1979 03 08 03   -40   -60 -9999     0     0     8 -9999 -9999
1979 03 08 06   -20   -50 -9999     0     0     7 -9999     5
1979 03 08 09     0   -70 -9999   110    30     7 -9999 -9999
1979 03 08 18   -40   -40 -9999    90    20     8 -9999 -9999
1979 03 09 00   -70  -100 -9999   250    10     7 -9999    20
1979 03 09 03  -100  -130 -9999   250    20     1 -9999 -9999
1979 03 09 06   -20  -100 -9999     0     0     1 -9999    -1
1979 03 09 09    10   -90 -9999     0     0     2 -9999 -9999
1979 03 09 12    10   -80 -9999    70    20     6 -9999 -9999
1979 03 09 18   -30   -60 -9999    40    20     7 -9999    -1
1979 03 09 21   -50   -70 -9999   250    40     3 -9999 -9999
1979 03 10 00   -60  -120 -9999   220    50     0 -9999    -1
1979 03 10 03   -40  -150 -9999   220    40     2 -9999 -9999
1979 03 10 06    30  -170 -9999   270    40     2 -9999     0
1979 03 10 09    40  -170 -9999    70    70     7 -9999 -9999
1979 03 10 12    30  -300 -9999   270    80     7 -9999 -9999
1979 03 10 18   -50  -200 -9999     0     0     1 -9999     0
1979 03 10 21   -80  -210 -9999   270    20     0 -9999 -9999
1979 03 11 00  -100  -190 -9999   250    30     0 -9999 -9999
1979 03 11 03   -70  -230 -9999   220    40     0 -9999 -9999
1979 03 11 06    10  -250 -9999   250    60     0 -9999     0
1979 03 11 09    40  -240 -9999   290    30     0 -9999 -9999
1979 03 11 12    20  -230 -9999    70    70     1 -9999 -9999
1979 03 11 18   -50  -140 -9999    20    30     1 -9999     0
1979 03 11 21   -80  -140 -9999     0     0     7 -9999 -9999
1979 03 12 00   -90  -140 -9999   220    10     6 -9999 -9999
1979 03 12 03   -60  -160 -9999     0     0     2 -9999 -9999
1979 03 12 06   -10  -200 -9999    90    30     2 -9999     0
1979 03 12 09    10  -180 -9999    90    40     7 -9999 -9999
1979 03 12 12   -10  -150 -9999    70    50     7 -9999 -9999
1979 03 12 21   -60  -110 -9999   250    20     6 -9999 -9999
1979 03 13 00   -70  -100 -9999    70    70     6 -9999    -1
1979 03 13 03   -60  -100 -9999     0     0     7 -9999 -9999
1979 03 13 06   -10   -90 -9999    90    10     5 -9999    -1
1979 03 13 09    10  -120 -9999    90    10     7 -9999 -9999
1979 03 13 12   -10  -130 -9999    70    40     6 -9999 -9999
1979 03 13 18   -50 -9999 -9999    90    10     1 -9999     0
1979 03 13 21     0  -120 -9999   250    30     2 -9999 -9999
1979 03 14 00   -70  -120 -9999   250    70     6 -9999 -9999
1979 03 14 03   -50  -120 -9999   220    60     7 -9999 -9999
1979 03 14 06    20  -150 -9999   220    30     7 -9999     0
1979 03 14 09    50  -150 -9999    90    40     7 -9999 -9999
1979 03 14 12    40  -150 -9999    70    30     6 -9999 -9999
1979 03 14 18   -50  -110 -9999   250    20     0 -9999     0
1979 03 14 21   -50  -130 -9999   250    50 -9999 -9999 -9999
1979 03 15 00   -70  -160 -9999   250    60     0 -9999 -9999
1979 03 15 06    40  -200 -9999   180    40     1 -9999     0
1979 03 15 09    90  -170 -9999    40    70     2 -9999 -9999
1979 03 15 12    30  -140 -9999    70    50     6 -9999 -9999
1979 03 15 18   -10   -80 -9999   270    10     7 -9999    -1
1979 03 15 21   -20   -80 -9999   270    40     7 -9999 -9999
1979 03 16 00   -40   -70 -9999   220    20     7 -9999 -9999
1979 03 16 03   -20   -70 -9999   250    50     3 -9999 -9999
1979 03 16 06    20  -130 -9999   250    20     5 -9999     0
1979 03 16 09    50   -90 -9999   360    20     7 -9999 -9999
1979 03 16 12    50  -100 -9999     0     0     7 -9999 -9999
1979 03 16 18   -10  -140 -9999   110    20     7 -9999     0
1979 03 16 21   -20  -130 -9999 -9999 -9999     7 -9999 -9999
1979 03 17 00   -30  -100 -9999     0     0     8 -9999 -9999
1979 03 17 03   -10  -100 -9999     0     0     0 -9999 -9999
1979 03 17 06    30  -150 -9999    70    40     0 -9999     0
1979 03 17 12    50  -130 -9999    90    30     1 -9999 -9999
1979 03 17 18   -20  -120 -9999     0     0     3 -9999     0
1979 03 17 21   -50  -110 -9999   220    30     0 -9999 -9999
1979 03 18 00   -50  -110 -9999   220    20     6 -9999 -9999
1979 03 18 03   -10  -120 -9999     0     0     7 -9999 -9999
1979 03 18 06    40  -140 -9999    70    30     7 -9999     0
1979 03 18 09    70  -160 -9999   250   120     8 -9999 -9999
1979 03 18 12    50  -120 -9999   250   110     7 -9999 -9999
1979 03 19 03    20  -330 -9999   250    50     7 -9999 -9999
1979 03 19 06    80  -170 -9999   220    50     7 -9999     0
1979 03 19 09   120  -190 -9999   220    50     7 -9999 -9999
1979 03 19 12    70  -130 -9999    70    60     3 -9999 -9999
1979 03 19 18   -20  -100 -9999   270    50     2 -9999     0
1979 03 19 21   -20  -120 -9999   250    60     0 -9999 -9999
1979 03 20 03    10  -190 -9999   250    60     2 -9999 -9999
1979 03 20 06   110  -240 -9999   250    30     1 -9999     0
1979 03 20 09   140 -9999 -9999   250    30     1 -9999 -9999
1979 03 20 12   140  -250 -9999   290    10     2 -9999 -9999
1979 03 20 18    10  -120 -9999   270    30     1 -9999     0
1979 03 20 21    40  -210 -9999   250    60     7 -9999 -9999
1979 03 21 00    10  -190 -9999   220    50     6 -9999 -9999
1979 03 21 03    40  -230 -9999   250    60     5 -9999 -9999
1979 03 21 06   110  -230 -9999     0     0     1 -9999     0
1979 03 21 09   130  -230 -9999    70    50     1 -9999 -9999
1979 03 21 12   110  -200 -9999    70    60     4 -9999 -9999
1979 03 21 18    20  -110 -9999    70    60     9 -9999     0
1979 03 21 21   -10  -130 -9999    90    20     9 -9999 -9999
1979 03 22 00   -10  -120 -9999     0     0     5 -9999     0
1979 03 22 03   -10  -130 -9999    70    30     9 -9999 -9999
1979 03 22 09    30  -180 -9999    70    50     6 -9999 -9999
1979 03 22 12    20  -160 -9999    70    40     9 -9999 -9999
1979 03 22 18   -10  -110 -9999     0     0     1 -9999 -9999
1979 03 22 21   -30  -120 -9999   250    30     6 -9999 -9999
1979 03 23 00   -60  -140 -9999   250    40     9 -9999 -9999
1979 03 23 03     0  -120 -9999    90    40     9 -9999 -9999
1979 03 23 06    50  -140 -9999    40    40     9 -9999     0
1979 03 23 09    70  -160 -9999    70    70     9 -9999 -9999
1979 03 23 12    60  -140 -9999    70    50     9 -9999 -9999
1979 03 24 03    30  -120 -9999   250    40     7 -9999 -9999
1979 03 24 06    80  -140 -9999    70    70     9 -9999     0
1979 03 24 09    90  -150 -9999    70    60     9 -9999 -9999
1979 03 24 12    80  -130 -9999    70    60     9 -9999 -9999
1979 03 24 18    10  -100 -9999   250    10     0 -9999     0
1979 03 24 21   -10  -110 -9999   250    40     2 -9999 -9999
1979 03 25 00   -10  -120 -9999   250    50     9 -9999     0
1979 03 25 03    10  -100 -9999   200    10     0 -9999 -9999
1979 03 25 06    80  -120 -9999    70    40     0 -9999     0
1979 03 25 09   100  -130 -9999    70    50     0 -9999 -9999
1979 03 25 12    80  -120 -9999    70    50     9 -9999 -9999
1979 03 25 18 -9999 -9999 -9999   250    20     5 -9999     0
1979 03 25 21    10  -120 -9999   250    40     6 -9999 -9999
1979 03 26 00   -10   -90 -9999   200    10     9 -9999 -9999
1979 03 26 03    50   -90 -9999   250    20     2 -9999 -9999
1979 03 26 06   100   -70 -9999   270    40     7 -9999     0
1979 03 26 09   110  -110 -9999    70    60     7 -9999 -9999
1979 03 26 12   180   -30 -9999   110    20     2 -9999 -9999
1979 03 26 18    90  -110 -9999   160    20     3 -9999     0
1979 03 26 21    20  -130 -9999   250    50     1 -9999 -9999
1979 03 27 00    30  -130 -9999   250    40     1 -9999 -9999
1979 03 27 03    60  -100 -9999   250    50     7 -9999 -9999
1979 03 27 06   130  -100 -9999   250    20     7 -9999     0
1979 03 27 09   130  -140 -9999    40    60     7 -9999 -9999
1979 03 27 12   110  -100 -9999    70    20     7 -9999 -9999
1979 03 27 18    20   -70 -9999   250    10     5 -9999     0
1979 03 27 21     0   -70 -9999   250    10     1 -9999 -9999
1979 03 28 00     0   -80 -9999   250    40     0 -9999 -9999
1979 03 28 03    20   -80 -9999   250    20     0 -9999 -9999
1979 03 28 06    90  -120 -9999     0     0     0 -9999     0
1979 03 28 09   110  -130 -9999    40    30     9 -9999 -9999
1979 03 28 12    90  -130 -9999    70    40     0 -9999 -9999
1979 03 28 18    80   -60 -9999     0     0     2 -9999     0
1979 03 28 21   -10 -9999 -9999   250    10     0 -9999 -9999
1979 03 29 00   -20  -100 -9999   270    80     2 -9999     0
1979 03 29 03     0   -80 -9999     0     0     5 -9999 -9999
1979 03 29 06    70  -110 -9999    70    40     0 -9999     0
1979 03 29 09   100  -110 -9999    70    30     6 -9999 -9999
1979 03 29 12    90  -120 -9999    70    50     7 -9999 -9999
1979 03 29 18    20   -90 -9999   250    50     0 -9999     0
1979 03 29 21     0   -80 -9999     0     0     6 -9999 -9999
1979 03 30 00     0  -110 -9999   220    40     2 -9999 -9999
1979 03 30 03    70  -160 -9999   250    40     7 -9999 -9999
1979 03 30 06   100  -140 -9999    90    40     7 -9999     0
1979 03 30 09   130  -210 -9999    70    60     7 -9999 -9999
1979 03 30 12   100  -160 -9999    70    50     7 -9999 -9999
1979 03 30 18    40  -100 -9999     0     0     8 -9999     0
1979 03 30 21    20   -90 -9999   250    20     7 -9999 -9999
1979 03 31 00    20   -90 -9999   250    30     7 -9999  3000
1979 03 31 06    60  -140 -9999    90    60     7 -9999     0
1979 03 31 09    70  -170 -9999    70    70     7 -9999 -9999
1979 03 31 12    40  -190 -9999    70    70     8 -9999 -9999
1979 03 31 18   -10  -170 -9999    70    40     9 -9999     0
1979 03 31 21   -20  -180 -9999    70    10     9 -9999 -9999
1979 04 01 00   -20  -180 -9999    70    10     9 -9999 -9999
1979 04 01 03   -30  -200 -9999    40    30     9 -9999 -9999
1979 04 01 06     0  -230 -9999    70    30     9 -9999     0
1979 04 01 09    20  -170 -9999    70    50     9 -9999 -9999
1979 04 01 12    10  -200 -9999    70    40     9 -9999 -9999
1979 04 01 18   -20  -150 -9999    90    20     6 -9999     0
1979 04 01 21   -30  -140 -9999     0     0     6 -9999 -9999
1979 04 02 06    40  -190 -9999    90    40     9 -9999     0
1979 04 02 09    70  -160 -9999    70    50     9 -9999 -9999
1979 04 02 12    70  -160 -9999    90    30     9 -9999 -9999
1979 04 02 18    20 -9999 -9999    90    20     9 -9999     0
1979 04 02 21    20   -70 -9999   250    60     9 -9999 -9999
1979 04 03 00     0   -30 -9999   250    60     9 -9999     0
1979 04 03 03    20   -30 -9999   250    50     8 -9999 -9999
1979 04 03 06    80   -10 -9999     0     0     7 -9999    -1
1979 04 03 09   110   -30 -9999    90    50     7 -9999 -9999
1979 04 03 12    80   -60 -9999    70    50     7 -9999    -1
1979 04 03 18    60  -160 -9999     0     0     0 -9999 -9999
1979 04 03 21    20   -70 -9999   250    40     0 -9999 -9999
1979 04 04 00    10  -150 -9999   250    80     1 -9999     0
1979 04 04 03    40   -50 -9999   180    10     4 -9999 -9999
1979 04 04 06    80  -120 -9999    70    60     7 -9999     0
1979 04 04 09   100  -110 -9999    70    40     7 -9999 -9999
1979 04 04 12    80  -100 -9999    70    40     8 -9999     0
1979 04 04 18    30   -90 -9999    70    20     6 -9999     0
1979 04 04 21    30  -100 -9999    90    40     2 -9999 -9999
1979 04 05 00    40   -80 -9999   140    60     1 -9999     0
1979 04 05 03    60   -80 -9999   250    50     5 -9999 -9999
1979 04 05 06   120   -70 -9999   250   110     7 -9999     0
1979 04 05 09   150  -120 -9999   270    80     7 -9999 -9999
1979 04 05 12   110   -70 -9999   270   110     7 -9999 -9999
1979 04 05 18    80   -30 -9999   250    60     7 -9999 -9999
1979 04 06 00    90    40 -9999     0     0     8 -9999 -9999
1979 04 06 03     0     0 -9999    70    10     8 -9999 -9999
1979 04 06 06    20   -10 -9999   270    40     7 -9999   110
1979 04 06 09    60    30 -9999   270    70     7 -9999 -9999
1979 04 06 12    80    20 -9999   270    30     7 -9999 -9999
1979 04 06 18    60   -10 -9999   220    50     7 -9999     0
1979 04 06 21    30   -50 -9999    90    20     8 -9999 -9999
1979 04 07 00     0   -10 -9999    70    10     8 -9999    30
1979 04 07 03     0   -10 -9999     0     0     8 -9999 -9999
1979 04 07 06     0   -10 -9999   270    30     8 -9999    60
1979 04 07 09    30   -10 -9999   250    40     7 -9999 -9999
1979 04 07 12    50     0 -9999   250    10     2 -9999     0
1979 04 07 18    10   -20 -9999   270    30     7 -9999     0
1979 04 07 21    10   -20 -9999   250    60     2 -9999 -9999
1979 04 08 00    10   -20 -9999   250    70     1 -9999     0
1979 04 08 03    20   -20 -9999   270    30     1 -9999 -9999
1979 04 08 06    90   -20 -9999   270    40     2 -9999     0
1979 04 08 09   130   -30 -9999   250    50     2 -9999 -9999
1979 04 08 12   130   -90 -9999   270    80     1 -9999 -9999
1979 04 08 18    30   -20 -9999   250    40     0 -9999     0
1979 04 08 21     0   -60 -9999   250    30     0 -9999 -9999
1979 04 09 00   -10   -50 -9999   220    30     1 -9999 -9999
1979 04 09 03    60   -40 -9999   220    50     1 -9999 -9999
1979 04 09 06   130   -60 -9999   220    40     1 -9999     0
1979 04 09 09   170   -70 -9999   270    30     7 -9999 -9999
1979 04 09 12   160   -80 -9999   270    70     7 -9999 -9999
1979 04 09 18    60   -20 -9999   270    50     1 -9999     0
1979 04 09 21    50   -20 -9999   250    40     1 -9999 -9999
1979 04 10 00    60   -30 -9999   270    50     7 -9999     0
1979 04 10 03   110   -10 -9999   220    20     6 -9999 -9999
1979 04 10 06   150   -50 -9999   250    40     3 -9999     0
1979 04 10 12    90  -170 -9999   220    40     4 -9999 -9999
1979 04 11 11    60  -240 -9999    90    80     9 -9999 -9999
1979 04 11 12    60  -240 -9999    90    80     9 -9999 -9999
1979 04 11 18     0  -160 -9999    70    30     5 -9999     0
1979 04 11 21   -10 -9999 -9999    70    20     9 -9999 -9999
1979 04 12 00   -20  -160 -9999    70    10     5 -9999 -9999
1979 04 12 03   -20  -160 -9999 -9999 -9999     5 -9999 -9999
1979 04 12 06    30  -220 -9999    70    50     9 -9999     0
1979 04 12 09    50  -230 -9999    70    60     9 -9999 -9999
1979 04 12 12    40  -180 -9999    70    50     9 -9999 -9999
1979 04 12 18   -50  -110 -9999     0     0     9 -9999     0
1979 04 12 21   -20 -9999 -9999     0     0     9 -9999 -9999
1979 04 13 00   -10  -100 -9999     0     0     9 -9999     0
1979 04 13 03    20  -110 -9999    70    20     9 -9999 -9999
1979 04 13 06    70  -150 -9999    40    50     9 -9999     0
1979 04 13 09   110  -130 -9999    90    40     9 -9999 -9999
1979 04 13 12   110  -130 -9999    40    50     1 -9999 -9999
1979 04 13 18    40   -70 -9999     0     0     9 -9999     0
1979 04 13 21    40   -60 -9999   250    50     9 -9999 -9999
1979 04 14 00    60   -60 -9999   250    60     9 -9999     0
1979 04 14 03    30  -120 -9999    70    30     9 -9999 -9999
1979 04 14 06    70  -100 -9999    90    30     9 -9999     0
1979 04 14 09   110  -100 -9999    70    40     9 -9999 -9999
1979 04 14 12   110  -110 -9999    40    40     9 -9999 -9999
1979 04 14 18 -9999 -9999 -9999     0     0     9 -9999     0
1979 04 14 21    70   -50 -9999   220    30     7 -9999 -9999
1979 04 15 00    90   -40 -9999   250    30     7 -9999     0
1979 04 15 03   130   -30 -9999   220    40     7 -9999 -9999
1979 04 15 06   180   -70 -9999   220    40     7 -9999     0
1979 04 15 09   210   -90 -9999    90    70     7 -9999 -9999
1979 04 15 12   150   -70 -9999    70    60     9 -9999 -9999
1979 04 15 18   110   -40 -9999   220    30     9 -9999     0
1979 04 16 00    90   -20 -9999   250    50     1 -9999     0
1979 04 16 03   120   -40 -9999   250    40     1 -9999 -9999
1979 04 16 06   180   -60 -9999   250    40     1 -9999     0
1979 04 16 09   200   -70 -9999    90    50     1 -9999 -9999
1979 04 16 12   170   -60 -9999    70    50     9 -9999 -9999
1979 04 16 18   100   -20 -9999    20    20     6 -9999     0
1979 04 16 21   100   -40 -9999   250    40     9 -9999 -9999
1979 04 17 00    80   -30 -9999   250    30     9 -9999     0
1979 04 17 03   110   -30 -9999   200    20     9 -9999 -9999
1979 04 17 06   160   -60 -9999    90    30     9 -9999     0
1979 04 17 09   170   -90 -9999    70    50     9 -9999 -9999
1979 04 17 12   150  -130 -9999    70    50     9 -9999 -9999
1979 04 18 00    90 -9999 -9999   250    50     9 -9999     0
1979 04 18 03   100   -60 -9999   250    40     9 -9999 -9999
1979 04 18 06   160  -130 -9999    40    50     9 -9999     0
1979 04 18 09   170  -120 -9999    90    60     9 -9999 -9999
1979 04 18 12   160   -90 -9999    90    40     9 -9999 -9999
1979 04 18 18 -9999 -9999 -9999   340    10     9 -9999     0
1979 04 18 21   100   -60 -9999   220    50     9 -9999 -9999
1979 04 19 00    90   -70 -9999   220    30     9 -9999 -9999
1979 04 19 03   120   -90 -9999   250    50     9 -9999 -9999
1979 04 19 06   160   -70 -9999     0     0     9 -9999     0
1979 04 19 09   180  -100 -9999    40    30     9 -9999 -9999
1979 04 19 12   170   -80 -9999    70    10     9 -9999 -9999
1979 04 20 03   110   -60 -9999   220    50     3 -9999 -9999
1979 04 20 06   160  -130 -9999   180    30     2 -9999     0
1979 04 20 09   180  -140 -9999     0     0     1 -9999 -9999
1979 04 20 12   170 -9999 -9999   320    60     3 -9999 -9999
1979 04 20 18    90  -100 -9999   250    30     1 -9999     0
1979 04 20 21    50   -70 -9999   220    90     0 -9999 -9999
1979 04 21 00    60  -100 -9999   250    40     1 -9999 -9999
1979 04 21 03   110  -110 -9999   220    40     1 -9999 -9999
1979 04 21 06   160  -160 -9999   270    30     1 -9999    80
1979 04 21 09   190  -140 -9999     0     0     2 -9999 -9999
1979 04 21 12   190   -80 -9999     0     0     6 -9999 -9999
1979 04 21 18    90   -80 -9999   270    40     1 -9999     0
1979 04 21 21    50   -60 -9999   270    40     2 -9999 -9999
1979 04 22 00    60   -90 -9999   250    40     6 -9999     0
1979 04 22 03   100   -90 -9999   250    50     3 -9999 -9999
1979 04 22 06   160  -120 -9999   220    20     7 -9999     0
1979 04 22 09   200  -110 -9999   290    60     7 -9999 -9999
1979 04 22 12   190  -110 -9999   220    30     5 -9999 -9999
1979 04 22 21   110   -40 -9999 -9999 -9999     1 -9999 -9999
1979 04 23 00   100   -30 -9999   250    30     7 -9999     0
1979 04 23 03   130   -30 -9999   220    60     6 -9999 -9999
1979 04 23 06   180   -50 -9999   180    40     7 -9999     0
1979 04 23 09   190   -60 -9999    70    60     7 -9999 -9999
1979 04 23 12   210   -50 -9999    70    40     7 -9999 -9999
1979 04 23 18   140     0 -9999   250    40     1 -9999    10
1979 04 23 21   130   -10 -9999   220    50     2 -9999 -9999
1979 04 24 00   130   -10 -9999   220    40     7 -9999 -9999
1979 04 24 03   170   -10 -9999   220    40     7 -9999 -9999
1979 04 24 06   220   -20 -9999     0     0     7 -9999     0
1979 04 24 09   220   -40 -9999    90    80     3 -9999 -9999
1979 04 24 12   190   -20 -9999    70    50     7 -9999    -1
1979 04 25 03   150   -40 -9999   250    30     2 -9999 -9999
1979 04 25 06   210  -110 -9999   250   120     6 -9999     0
1979 04 25 09   220  -140 -9999   220    60     5 -9999 -9999
1979 04 25 12   180  -120 -9999   270   130     6 -9999 -9999
1979 04 25 18   110   -30 -9999   200    30     1 -9999     0
1979 04 25 21    60   -10 -9999   250    20     2 -9999 -9999
1979 04 26 06   120   -70 -9999    70    80     7 -9999     0
1979 04 26 09   150   -70 -9999    70    80     8 -9999 -9999
1979 04 26 12   130    20 -9999   250    40     8 -9999    -1
1979 04 27 03   110    20 -9999   250    40     7 -9999 -9999
1979 04 27 06   180    10 -9999   270    80     7 -9999     0
1979 04 27 09   210   -10 -9999   270    60     7 -9999 -9999
1979 04 27 12   260    30 -9999    20    30     8 -9999 -9999
1979 04 27 18   130   -20 -9999   250    40     8 -9999     0
1979 04 27 21   120   -10 -9999   270    50     7 -9999 -9999
1979 04 28 00   110   -30 -9999   250    30     7 -9999 -9999
1979 04 28 03   120   -30 -9999   250    50     7 -9999 -9999
1979 04 28 06   160   -50 -9999   250    20     7 -9999     0
1979 04 28 09   170   -20 -9999    70    40     7 -9999 -9999
1979 04 28 12   160   -20 -9999    70    40     7 -9999 -9999
1979 04 28 18   110   -20 -9999    90    30     9 -9999     0
1979 04 28 21    90     0 -9999   110    50     9 -9999 -9999
1979 04 29 00    80    20 -9999    70    10     6 -9999    -1
1979 04 29 03   100     0 -9999     0     0     9 -9999 -9999
1979 04 29 06   120   -20 -9999    90    30     9 -9999     0
1979 04 29 09   140   -30 -9999    70    30     9 -9999 -9999
1979 04 29 12   140   -30 -9999    70    50     7 -9999 -9999
1979 04 29 18   110   -10 -9999    90    10     9 -9999     0
1979 04 29 21   100    20 -9999    40    20     7 -9999 -9999
1979 04 30 00    90    30 -9999   100    30     7 -9999 -9999
1979 04 30 03   100    40 -9999    70    20     8 -9999 -9999
1979 04 30 06    10    10 -9999    90    30     8 -9999    70
1979 04 30 09   120    10 -9999    90    20     8 -9999 -9999
1979 04 30 12   130    20 -9999    40    20     7 -9999    -1
1979 04 30 18   110    20 -9999   250    10     7 -9999     0
1979 04 30 21   100    10 -9999     0     0     8 -9999 -9999
1979 05 01 00    90    40 -9999   220    10     8 -9999 -9999
1979 05 01 03   120    30 -9999   250    20     7 -9999 -9999
1979 05 01 06   170    30 -9999   200    20     7 -9999 -9999
1979 05 01 09   190    20 -9999    90    50     7 -9999 -9999
1979 05 01 12   190     0 -9999    90    40     7 -9999 -9999
1979 05 01 18   150     0 -9999    70    20     7 -9999     0
1979 05 01 21   110    50 -9999   270    50     8 -9999 -9999
1979 05 02 00    90    60 -9999   270    30     7 -9999    10
1979 05 02 03   110    50 -9999   250    50     7 -9999 -9999
1979 05 02 06   150 -9999 -9999   200    30     7 -9999     0
1979 05 02 09   180    10 -9999   270    20     4 -9999 -9999
1979 05 02 12   190    20 -9999   220    50     6 -9999    -1
1979 05 02 21   120    20 -9999   220    50     2 -9999 -9999
1979 05 03 00   100     0 -9999   250    60     7 -9999 -9999
1979 05 03 03   140   -10 -9999   250    50     7 -9999 -9999
1979 05 03 06   200   -40 -9999   340    10     2 -9999     0
1979 05 03 09   220   -70 -9999   250    40     3 -9999 -9999
1979 05 03 12   210     0 -9999   290    50     6 -9999 -9999
1979 05 03 18   150  -130 -9999   290    30     0 -9999 -9999
1979 05 04 00    80   -50 -9999   250    30     1 -9999     0
1979 05 04 03   140   -60 -9999   250    30     1 -9999 -9999
1979 05 04 06   190   -90 -9999   250    20     1 -9999     0
1979 05 04 09   210  -100 -9999   340    10     7 -9999 -9999
1979 05 04 12   180  -100 -9999   250    60     7 -9999 -9999
1979 05 04 18   120   -50 -9999   220    30     1 -9999     0
1979 05 04 21   100   -80 -9999     0     0     1 -9999 -9999
1979 05 05 00   120   -20 -9999   160    10     7 -9999     0
1979 05 05 03   120     0 -9999   160    70     6 -9999 -9999
1979 05 05 06   150     0 -9999   250    30     5 -9999    70
1979 05 05 09   110    30 -9999   250    20     7 -9999 -9999
1979 05 05 12   100    30 -9999   270    40     7 -9999    30
1979 05 05 18    90    20 -9999   250    40     7 -9999     0
1979 05 05 21   160    70 -9999   250    10     8 -9999 -9999
1979 05 06 00    50     0 -9999   250    50     6 -9999     0
1979 05 06 03   100   -20 -9999   250    50     7 -9999 -9999
1979 05 06 06   180   -30 -9999   220    20     5 -9999     0
1979 05 06 09   150   -30 -9999   270    60     7 -9999 -9999
1979 05 06 12   170    30 -9999   250    50     7 -9999    -1
1979 05 06 18    70    40 -9999    50    10     1 -9999    -1
1979 05 06 21    80     0 -9999   220    40     7 -9999 -9999
1979 05 07 00    90   -20 -9999   250    30     7 -9999     0
1979 05 07 03   100     0 -9999    90    20     8 -9999 -9999
1979 05 07 06   130   -20 -9999     0     0     8 -9999     0
1979 05 07 09    70    40 -9999   320    50     8 -9999 -9999
1979 05 07 12    70    30 -9999   220    40     7 -9999    50
1979 05 07 18    70    20 -9999   140    30     7 -9999     0
1979 05 07 21    70 -9999 -9999   250    50     7 -9999 -9999
1979 05 08 00   140    30 -9999    90    30     7 -9999     0
1979 05 08 03    70    20 -9999   220    20     7 -9999 -9999
1979 05 08 06    90   -20 -9999   110    40     7 -9999     0
1979 05 08 09   100   -10 -9999    90    50     7 -9999 -9999
1979 05 08 12    90   -10 -9999    70    40     8 -9999 -9999
1979 05 08 18    50    20 -9999     0     0     8 -9999    20
1979 05 08 21    30    20 -9999    70    20     8 -9999 -9999
1979 05 09 00    20    10 -9999    70    20     8 -9999    60
1979 05 09 03    20    10 -9999     0     0     8 -9999 -9999
1979 05 09 06    40    20 -9999     0     0     8 -9999    50
1979 05 09 09    70    40 -9999     0     0     7 -9999 -9999
1979 05 09 12    80    40 -9999    90    20     8 -9999    10
1979 05 09 18    60    40 -9999    70    30     8 -9999     3
1979 05 09 21    50    40 -9999     0     0     5 -9999 -9999
1979 05 10 00    40    30 -9999     0     0     7 -9999    -1
1979 05 10 03    70    40 -9999   250    60     3 -9999 -9999
1979 05 10 06   120     0 -9999   250    40     5 -9999     0
1979 05 10 09   150   -20 -9999    70    20     5 -9999 -9999
1979 05 10 12   160   -20 -9999    70    50     7 -9999 -9999
1979 05 10 18   100    50 -9999     0     0     7 -9999     0
1979 05 10 21    70    40 -9999   250    10     0 -9999 -9999
1979 05 11 00    70    30 -9999   250   250     1 -9999 -9999
1979 05 11 03   110     0 -9999   220    30     7 -9999 -9999
1979 05 11 06   150   -10 -9999   220    20     3 -9999     0
1979 05 11 09   180   -20 -9999   220    30     6 -9999 -9999
1979 05 11 12   150   -40 -9999    90    50     6 -9999 -9999
1979 05 11 18    90    30 -9999    20    10     3 -9999 -9999
1979 05 11 21    80    20 -9999   250    20     7 -9999 -9999
1979 05 12 00    60    30 -9999   260    20     7 -9999     0
1979 05 12 03   110   -10 -9999   220    20     7 -9999 -9999
1979 05 12 06   160   -30 -9999   200    30     7 -9999     0
1979 05 12 09   160  -110 -9999   340    70     6 -9999 -9999
1979 05 12 12   160  -160 -9999   340    70     7 -9999 -9999
1979 05 12 18    90  -130 -9999   110    20     1 -9999     0
1979 05 12 21    40   -60 -9999   220    10     1 -9999 -9999
1979 05 13 00    50  -160 -9999   250    50     7 -9999    -1
1979 05 13 03   100  -160 -9999   250    50     6 -9999 -9999
1979 05 13 06   150  -120 -9999    70    70     7 -9999     0
1979 05 13 09   170  -130 -9999    40    50     6 -9999 -9999
1979 05 13 12   100   -10 -9999    70    50     7 -9999 -9999
1979 05 13 18    80   -40 -9999     0     0     7 -9999     0
1979 05 13 21    70   -20 -9999     0     0     7 -9999 -9999
1979 05 14 00    80   -30 -9999     0     0     8 -9999     0
1979 05 14 03    60   -20 -9999    90    30     9 -9999 -9999
1979 05 14 06   110   -20 -9999     0     0     9 -9999     0
1979 05 14 09   130   -20 -9999     0     0     7 -9999 -9999
1979 05 14 12   140   -10 -9999     0     0     9 -9999 -9999
1979 05 14 18    90   -20 -9999    20    20     9 -9999     0
1979 05 14 21    80   -20 -9999     0     0     9 -9999 -9999
1979 05 15 00    70    40 -9999     0     0     9 -9999     0
1979 05 15 03   100   -30 -9999     0     0     9 -9999 -9999
1979 05 15 06   140   -20 -9999    70    20     9 -9999     0
1979 05 15 09   170   -40 -9999    70    60     9 -9999 -9999
1979 05 15 12   150   -30 -9999    70    40     9 -9999 -9999
1979 05 15 18   100   -10 -9999     0     0     9 -9999     0
1979 05 15 21    80 -9999 -9999     0     0     7 -9999 -9999
1979 05 16 00    80   -10 -9999   220    20     9 -9999     0
1979 05 16 03   120   -40 -9999   250    20     9 -9999 -9999
1979 05 16 06   180   -40 -9999     0     0     9 -9999     0
1979 05 16 09   160   -60 -9999   200    40     9 -9999 -9999
1979 05 16 12   160   -30 -9999   270    30     6 -9999 -9999
1979 05 16 18   120     0 -9999     0     0     8 -9999     0
1979 05 16 21   100    20 -9999   110    30     7 -9999 -9999
1979 05 17 00   100    20 -9999   110    10     7 -9999 -9999
1979 05 17 03   120    10 -9999   220    30     7 -9999 -9999
1979 05 17 06   170   -30 -9999     0     0     7 -9999     0
1979 05 17 09   200   -30 -9999    40    20     7 -9999 -9999
1979 05 17 12   160 -9999 -9999   320    60     7 -9999    -1
1979 05 17 18   120    10 -9999   250    30     2 -9999 -9999
1979 05 17 21   110     0 -9999   250    40     1 -9999 -9999
1979 05 18 00    90    10 -9999   250    50     1 -9999     0
1979 05 18 03   150   -10 -9999     0     0     1 -9999 -9999
1979 05 18 06   220   -30 -9999   180    30     7 -9999     0
1979 05 18 09   230   -10 -9999    70    80     5 -9999 -9999
1979 05 18 12   210    10 -9999     0     0     7 -9999 -9999
1979 05 18 18   130    30 -9999   220    30     0 -9999     0
1979 05 18 21   120    20 -9999   220    10     2 -9999 -9999
1979 05 19 00   130     0 -9999   250    30     6 -9999 -9999
1979 05 19 03   180   -10 -9999   250    40     2 -9999 -9999
1979 05 19 06   220   -30 -9999   270    30     7 -9999     0
1979 05 19 09   240   -90 -9999   250    50     7 -9999 -9999
1979 05 19 12   210  -110 -9999   340    80     7 -9999 -9999
1979 05 19 18   150   -40 -9999   250    10     2 -9999     0
1979 05 19 21   130   -20 -9999   220    40     7 -9999 -9999
1979 05 20 00   100   -10 -9999   220    30     7 -9999 -9999
1979 05 20 03   150   -40 -9999   250    30     3 -9999 -9999
1979 05 20 06   180   -70 -9999   320    80     9 -9999     0
1979 05 20 09   180  -140 -9999    40    70     1 -9999 -9999
1979 05 20 12   170  -160 -9999   340   120     1 -9999 -9999
1979 05 21 03   140  -110 -9999   250    30     0 -9999 -9999
1979 05 21 06   180  -120 -9999   340    20     8 -9999     0
1979 05 21 09   200  -140 -9999    90    60     8 -9999 -9999
1979 05 21 12   180   -90 -9999    90    80     7 -9999 -9999
1979 05 21 18   110   -40 -9999    90    10     2 -9999     0
1979 05 21 21    70 -9999 -9999     0     0     2 -9999 -9999
1979 05 22 00    50   -10 -9999     0     0     7 -9999     0
1979 05 22 03   130   -60 -9999     0     0     1 -9999 -9999
1979 05 22 06   150   -90 -9999    90    50     7 -9999     0
1979 05 22 09   170   -90 -9999   110    30     7 -9999 -9999
1979 05 22 12   170   -60 -9999    90    30     7 -9999 -9999
1979 05 22 18   100    10 -9999     0     0     0 -9999     0
1979 05 22 21    80     0 -9999   250    10     0 -9999 -9999
1979 05 23 00    90   -60 -9999   250    30     0 -9999     0
1979 05 23 03   130   -70 -9999   250    40     7 -9999 -9999
1979 05 23 06   180   -90 -9999   180    10     6 -9999     0
1979 05 23 09   180   -90 -9999   180    10     6 -9999 -9999
1979 05 23 12   190   -60 -9999    70    70     7 -9999 -9999
1979 05 23 18   110   -20 -9999   250    10     0 -9999     0
1979 05 23 21   170   -70 -9999   250    40     0 -9999 -9999
1979 05 24 00   100   -20 -9999   280    40     0 -9999     0
1979 05 24 03   150     0 -9999   250    30     1 -9999 -9999
1979 05 24 06   200 -9999 -9999   200    20     1 -9999     0
1979 05 24 09   230   -30 -9999    40    30     6 -9999 -9999
1979 05 24 12   210   -60 -9999    20    50     6 -9999 -9999
1979 05 24 18   140     0 -9999   250    40     1 -9999     0
1979 05 24 21   120     0 -9999   250    50     0 -9999 -9999
1979 05 25 00   100    10 -9999   250    20     5 -9999 -9999
1979 05 25 03   150   -10 -9999   220    30     7 -9999 -9999
1979 05 25 06   210   -60 -9999    70    40     7 -9999 -9999
1979 05 25 09   220   -60 -9999    40    30     7 -9999 -9999
1979 05 25 12   190  -100 -9999   290   110     7 -9999 -9999
1979 05 25 18   120   -60 -9999   250    50     9 -9999     0
1979 05 25 21    10  -100 -9999   250    50     7 -9999 -9999
1979 05 26 00    90   -80 -9999   250    40     7 -9999 -9999
1979 05 26 06   150   -60 -9999   290    30     8 -9999     0
1979 05 26 09   180   -40 -9999   110    10     7 -9999 -9999
1979 05 26 12   160   -40 -9999    90    40     7 -9999 -9999
1979 05 26 18   120   -90 -9999   200    20     7 -9999     0
1979 05 26 21    90  -100 -9999   200    30     3 -9999 -9999
1979 05 27 00    80  -120 -9999   220    40     6 -9999     0
1979 05 27 03   130   -90 -9999   220    20     1 -9999 -9999
1979 05 27 06   190  -100 -9999    90    30     1 -9999     0
1979 05 27 09   200  -170 -9999   290    60     5 -9999 -9999
1979 05 27 12   220 -9999 -9999   290    40     3 -9999 -9999
1979 05 27 21   100   -30 -9999   220    30     8 -9999 -9999
1979 05 28 00   100   -40 -9999   200    30     8 -9999    -1
1979 05 28 03   110   -70 -9999   250    90     7 -9999 -9999
1979 05 28 06   140  -120 -9999   250    40     7 -9999     0
1979 05 28 09   170  -100 -9999   220    10     7 -9999 -9999
1979 05 28 12   170  -200 -9999   270    50     7 -9999 -9999
1979 05 28 21    70  -180 -9999   110    10     2 -9999 -9999
1979 05 29 00    50   -10 -9999   250    30     3 -9999     0
1979 05 29 03   100   -20 -9999   250    30     7 -9999 -9999
1979 05 29 06   150   -30 -9999    30    90     7 -9999     0
1979 05 29 09   160   -40 -9999    90    60     7 -9999 -9999
1979 05 29 12   100     0 -9999   140    50     7 -9999 -9999
1979 05 29 18    80     0 -9999   220    10     1 -9999    -1
1979 05 30 00    60   -60 -9999   270    30     1 -9999     0
1979 05 30 06   150   -30 -9999   110    30     2 -9999     0
1979 05 30 09   190   -60 -9999   110    20     6 -9999 -9999
1979 05 30 12   150     0 -9999    90    50     7 -9999     5
1979 05 30 21    70    40 -9999     0     0     0 -9999 -9999
1979 05 31 00    80    20 -9999   250    50     6 -9999     0
1979 05 31 03   120   -10 -9999   200    40     2 -9999 -9999
1979 05 31 06   170   -70 -9999   160    30     7 -9999     0
1979 05 31 09   160   -90 -9999    70    40     7 -9999 -9999
1979 05 31 12   140     0 -9999    70    80     7 -9999 -9999
1979 05 31 18    80   -80 -9999   180    30     1 -9999     0
1979 05 31 21    70  -110 -9999   220    40     1 -9999 -9999
1979 06 01 00    40  -120 -9999   250    60     0 -9999 -9999
1979 06 01 03   120  -100 -9999   250    50     0 -9999 -9999
1979 06 01 06   180  -120 -9999   200    30     1 -9999     0
1979 06 01 09   190  -110 -9999     0     0     1 -9999 -9999
1979 06 01 12   200  -140 -9999    20    70     1 -9999 -9999
1979 06 01 18   100   -70 -9999     0     0     8 -9999     0
1979 06 01 21    70   -60 -9999     0     0     1 -9999 -9999
1979 06 02 00    90   -80 -9999   250    40     1 -9999     0
1979 06 02 03   140   -60 -9999   200    30     1 -9999 -9999
1979 06 02 06   180   -70 -9999    90    50     5 -9999 -9999
1979 06 02 09   200   -70 -9999    90    70     7 -9999 -9999
1979 06 02 12   190   -50 -9999    70    50     7 -9999 -9999
1979 06 02 18   110     0 -9999    40    10     2 -9999     0
1979 06 02 21   100   -20 -9999   250    20     1 -9999 -9999
1979 06 03 00    80   -10 -9999     0     0     7 -9999     0
1979 06 03 03   160   -50 -9999     0     0     7 -9999 -9999
1979 06 03 06   200   -90 -9999   270    30     7 -9999     0
1979 06 03 09   190   -50 -9999   250    90     7 -9999 -9999
1979 06 03 12   200   -50 -9999   250    30     1 -9999 -9999
1979 06 03 18   140   -10 -9999   220    20     1 -9999     0
1979 06 03 21   140   -20 -9999   220    20     0 -9999 -9999
1979 06 04 00   120   -40 -9999   250    50     1 -9999     0
1979 06 04 03   170   -30 -9999   220    40     0 -9999 -9999
1979 06 04 06   230  -120 -9999 -9999 -9999     0 -9999     0
1979 06 04 09   250  -120 -9999   180    40     7 -9999 -9999
1979 06 04 12   250  -100 -9999   290    30     2 -9999 -9999
1979 06 04 18   150   -20 -9999   220    10     2 -9999   170
1979 06 04 21   110   -10 -9999   250    40     0 -9999 -9999
1979 06 05 00   100   -20 -9999   250    20     1 -9999     0
1979 06 05 03   180   -50 -9999   220    30     6 -9999 -9999
1979 06 05 06   230   -50 -9999    90    30     6 -9999     0
1979 06 05 09   260   -60 -9999     0     0     5 -9999 -9999
1979 06 05 12   250   -50 -9999    70    50     2 -9999 -9999
1979 06 05 18   170   -20 -9999    20    20     6 -9999     0
1979 06 05 21   130    20 -9999   270    10     3 -9999 -9999
1979 06 06 00   130   -20 -9999   250    20     7 -9999 -9999
1979 06 06 03   180   -20 -9999   250    20     7 -9999 -9999
1979 06 06 06   230   -40 -9999   110    50     7 -9999     0
1979 06 06 09   250   -60 -9999    20    40     7 -9999 -9999
1979 06 06 12   250   -10 -9999    40    30     7 -9999 -9999
1979 06 06 18   140     0 -9999   250    20     1 -9999     0
1979 06 06 21   140   -50 -9999   250    30     0 -9999 -9999
1979 06 07 00   130   -80 -9999   250    60     0 -9999 -9999
1979 06 07 06   260   -50 -9999     0     0     1 -9999     0
1979 06 07 09   280   -60 -9999   110    30     4 -9999 -9999
1979 06 07 12   270 -9999 -9999    90   130     7 -9999 -9999
1979 06 07 18   170     0 -9999     0     0     6 -9999     0
1979 06 07 21   140     0 -9999   250    40     6 -9999 -9999
1979 06 08 00   170   -40 -9999   220    30     6 -9999 -9999
1979 06 08 03   200    10 -9999   220    50     8 -9999 -9999
1979 06 08 06   250   -50 -9999   290    60     7 -9999     0
1979 06 08 09   270   -30 -9999   220    50     7 -9999 -9999
1979 06 08 12   240   -20 -9999   250    80     7 -9999    -1
1979 06 08 18   150    30 -9999   280    20     3 -9999     0
1979 06 08 21   150    10 -9999   250    20     3 -9999 -9999
1979 06 09 00   130    20 -9999   250    40     7 -9999 -9999
1979 06 09 03   170   -10 -9999   250    90     1 -9999 -9999
1979 06 09 06   210    10 -9999   220    20     7 -9999     0
1979 06 09 09   220     0 -9999    40    30     6 -9999 -9999
1979 06 09 12   240     0 -9999    70    50     6 -9999 -9999
1979 06 09 18   140    30 -9999   250    20     2 -9999     0
1979 06 09 21   160   -20 -9999   250    50     6 -9999 -9999
1979 06 10 00   120    20 -9999   250    30 -9999 -9999 -9999
1979 06 10 06   230    30 -9999    70    40     7 -9999     0
1979 06 10 09   250    30 -9999    90    50     7 -9999 -9999
1979 06 10 12   230    20 -9999    70    50     7 -9999 -9999
1979 06 10 18   170    30 -9999   250    20     7 -9999     0
1979 06 10 21   180    10 -9999   250    50     8 -9999 -9999
1979 06 11 00   180    20 -9999   290    30     7 -9999 -9999
1979 06 11 03   200    20 -9999   250    30     8 -9999 -9999
1979 06 11 06   240   -60 -9999   270    30     8 -9999     0
1979 06 11 09   250    20 -9999   270    40     7 -9999 -9999
1979 06 11 18   130    20 -9999   200    70     7 -9999    -1
1979 06 12 00   180   -10 -9999   190    40     7 -9999 -9999
1979 06 12 03   130    10 -9999   250    50     8 -9999 -9999
1979 06 12 06   170    20 -9999   250    50     7 -9999 -9999
1979 06 12 09   160    80 -9999     0     0     8 -9999 -9999
1979 06 12 12   180   160 -9999   140    30     7 -9999     0
1979 06 12 18   150    20 -9999   250   120     8 -9999    -1
1979 06 12 21   130    20 -9999   250    80     8 -9999 -9999
1979 06 13 03   140    30 -9999   250    40     7 -9999 -9999
1979 06 13 06   160    20 -9999   250   100     8 -9999    -1
1979 06 13 09   160    30 -9999   250    40     7 -9999 -9999
1979 06 13 12   150    20 -9999   250    60     8 -9999    -1
19