2011 01 01 00  -147  -169 -9999   360    20     0 -9999 -9999
2011 01 01 03  -105  -240 -9999   220    40     1 -9999 -9999
2011 01 01 06   -20  -238 -9999    90    20     1 -9999 -9999
2011 01 01 09   -10  -211 -9999    90    40     6 -9999 -9999
2011 01 01 12   -90  -142 -9999    70    30     4 -9999 -9999
2011 01 01 18  -149  -166 -9999    70    10     7 -9999 -9999
2011 01 01 21  -139  -159 -9999    70    20     8 -9999 -9999
2011 01 02 00  -155  -176 -9999    20    10     7 -9999    -1
2011 01 02 06  -127  -157 -9999    40    20     5 -9999    -1
2011 01 02 12  -127  -190 -9999    90    10     1 -9999 -9999
2011 01 02 18  -167  -188 -9999     0     0     0 -9999 -9999
2011 01 03 00  -178  -200 -9999   320    10     5 -9999 -9999
2011 01 03 03  -176  -196 -9999    40    10     7 -9999 -9999
2011 01 03 06  -135  -171 -9999    40    20     7 -9999    -1
2011 01 03 09  -125  -165 -9999    90    30     7 -9999 -9999
2011 01 03 12  -146  -174 -9999    40    10     3 -9999    -1
2011 01 03 18  -163  -178 -9999    40    10     7 -9999 -9999
2011 01 03 21  -174  -193 -9999    70    10     6 -9999 -9999
2011 01 04 00  -174  -193 -9999     0     0     7 -9999    -1
2011 01 04 03  -179  -198 -9999   270    10     3 -9999 -9999
2011 01 04 06  -139  -167 -9999    90    40     7 -9999    -1
2011 01 04 09  -136  -169 -9999    70    30     6 -9999 -9999
2011 01 04 12  -156  -181 -9999    40    10     2 -9999    -1
2011 01 04 18  -185  -207 -9999     0     0     5 -9999 -9999
2011 01 04 21  -189  -209 -9999    70    10     7 -9999 -9999
2011 01 05 00  -199  -222 -9999    90    10     7 -9999    -1
2011 01 05 03  -197  -218 -9999     0     0     5 -9999 -9999
2011 01 05 06  -149  -182 -9999    90    10     4 -9999    -1
2011 01 05 09  -133  -188 -9999    70    40     6 -9999 -9999
2011 01 05 12  -155  -197 -9999    90    20     6 -9999 -9999
2011 01 05 18  -191  -210 -9999     0     0     7 -9999 -9999
2011 01 05 21  -196  -217 -9999   250    20     7 -9999 -9999
2011 01 06 00  -208  -231 -9999     0     0     7 -9999    -1
2011 01 06 03  -201  -224 -9999     0     0     5 -9999 -9999
2011 01 06 06  -141  -180 -9999    90    10     6 -9999    -1
2011 01 06 09  -136  -191 -9999    40    40     6 -9999 -9999
2011 01 06 12  -163  -197 -9999    90    20     2 -9999 -9999
2011 01 06 18  -196  -217 -9999     0     0     6 -9999 -9999
2011 01 06 21  -196  -217 -9999   220    10     6 -9999 -9999
2011 01 07 00  -207  -228 -9999   220    10     3 -9999 -9999
2011 01 07 03  -194  -220 -9999   250    30     6 -9999 -9999
2011 01 07 06  -135  -189 -9999   110    30     1 -9999 -9999
2011 01 07 09  -128  -187 -9999    90    50     1 -9999 -9999
2011 01 07 12  -154  -196 -9999    90    10     3 -9999 -9999
2011 01 07 18  -196  -216 -9999     0     0     2 -9999 -9999
2011 01 07 21  -203  -224 -9999   250    10     2 -9999 -9999
2011 01 08 00  -218  -242 -9999     0     0     1 -9999 -9999
2011 01 08 03  -204  -227 -9999    90    10     7 -9999 -9999
2011 01 08 06  -162  -204 -9999    70    10     3 -9999    -1
2011 01 08 09  -154  -207 -9999    90    50     4 -9999 -9999
2011 01 08 12  -171  -219 -9999    90    10     3 -9999 -9999
2011 01 08 18  -198  -228 -9999   250    10     4 -9999 -9999
2011 01 08 21  -198  -231 -9999   250    30     4 -9999 -9999
2011 01 09 00  -207  -241 -9999   250    10     3 -9999 -9999
2011 01 09 03  -206  -236 -9999   250    20     0 -9999 -9999
2011 01 09 06  -132  -217 -9999   270    10     0 -9999 -9999
2011 01 09 09  -114  -207 -9999    90    40     0 -9999 -9999
2011 01 09 12  -152  -208 -9999    70    20     0 -9999 -9999
2011 01 09 18  -192  -215 -9999   250    10     2 -9999 -9999
2011 01 09 21  -199  -223 -9999   250    10     3 -9999 -9999
2011 01 10 00  -203  -230 -9999   250    20     2 -9999 -9999
2011 01 10 03  -196  -228 -9999   250    40     1 -9999 -9999
2011 01 10 06  -129  -207 -9999   220    30     0 -9999 -9999
2011 01 10 09  -106  -200 -9999    90    40     1 -9999 -9999
2011 01 10 12  -146  -201 -9999    70    10     1 -9999 -9999
2011 01 10 18  -193  -220 -9999   250    10     1 -9999 -9999
2011 01 10 21  -196  -225 -9999   250    10     0 -9999 -9999
2011 01 11 00  -205  -228 -9999   270    10     0 -9999 -9999
2011 01 11 03  -201  -227 -9999   270    20     6 -9999 -9999
2011 01 11 06  -165  -204 -9999    70    10     5 -9999 -9999
2011 01 11 09  -137  -204 -9999    70    20     6 -9999 -9999
2011 01 11 12  -170  -207 -9999    90    10     3 -9999 -9999
2011 01 11 18  -182  -214 -9999   250    20     4 -9999 -9999
2011 01 12 00  -161  -219 -9999   250    30     2 -9999 -9999
2011 01 12 03  -137  -214 -9999   270    20     6 -9999 -9999
2011 01 12 06   -44  -210 -9999   180    10     2 -9999 -9999
2011 01 12 09   -64  -194 -9999    70    40     1 -9999 -9999
2011 01 12 12  -111  -195 -9999    70    30     3 -9999 -9999
2011 01 12 18  -112  -224 -9999   250    50     3 -9999 -9999
2011 01 12 21  -126  -226 -9999   250    30     2 -9999 -9999
2011 01 13 00  -122  -220 -9999   270    20     1 -9999 -9999
2011 01 13 06   -32  -219 -9999     0     0     2 -9999 -9999
2011 01 13 09   -36  -228 -9999    70    40     2 -9999 -9999
2011 01 13 12   -86  -207 -9999    70    20     2 -9999 -9999
2011 01 13 18  -136  -209 -9999   270    20     0 -9999 -9999
2011 01 14 00  -169  -208 -9999    70    20     3 -9999 -9999
2011 01 14 06  -122  -186 -9999   220    30     7 -9999 -9999
2011 01 14 09   -87  -190 -9999    90    20     6 -9999 -9999
2011 01 14 12  -121  -189 -9999    90    20     6 -9999 -9999
2011 01 14 18  -156  -192 -9999   250    20     5 -9999 -9999
2011 01 14 21  -151  -195 -9999   270    30     7 -9999 -9999
2011 01 15 00  -146  -192 -9999    70    10     7 -9999 -9999
2011 01 15 03  -140  -184 -9999     0     0     7 -9999 -9999
2011 01 15 06   -95  -195 -9999   110    10     7 -9999 -9999
2011 01 15 09   -88  -194 -9999    90    30     7 -9999 -9999
2011 01 15 12  -118  -190 -9999    90    20     7 -9999 -9999
2011 01 15 18  -157  -190 -9999   220    20     3 -9999 -9999
2011 01 15 21  -181  -206 -9999     0     0     4 -9999 -9999
2011 01 16 00  -188  -210 -9999   250    10     6 -9999 -9999
2011 01 16 03  -190  -213 -9999     0     0     1 -9999 -9999
2011 01 16 06  -125  -177 -9999    90    40     0 -9999 -9999
2011 01 16 09  -105  -180 -9999    90    40     0 -9999 -9999
2011 01 16 12  -138  -188 -9999    90    20     2 -9999 -9999
2011 01 16 18  -178  -197 -9999   270    10     2 -9999 -9999
2011 01 16 21  -184  -206 -9999   250    20     7 -9999 -9999
2011 01 17 00  -185  -208 -9999   270    20     6 -9999 -9999
2011 01 17 03  -189  -213 -9999     0     0     7 -9999 -9999
2011 01 17 06  -146  -180 -9999   140    20     7 -9999 -9999
2011 01 17 09  -113  -179 -9999    90    30     7 -9999 -9999
2011 01 17 12  -132  -186 -9999     0     0     4 -9999 -9999
2011 01 17 18  -176  -196 -9999   220    10     2 -9999 -9999
2011 01 17 21  -191  -211 -9999   180    10     2 -9999 -9999
2011 01 18 00  -183  -209 -9999    70    10     2 -9999 -9999
2011 01 18 03  -192  -212 -9999   250    10     5 -9999 -9999
2011 01 18 06   -97  -164 -9999    40    20     2 -9999 -9999
2011 01 18 09   -86  -176 -9999    90    50     3 -9999 -9999
2011 01 18 12  -124  -186 -9999    90    10     3 -9999 -9999
2011 01 18 18  -172  -198 -9999    90    10     4 -9999 -9999
2011 01 19 00  -174  -195 -9999   220    10     6 -9999 -9999
2011 01 19 03  -173  -195 -9999    70    20     6 -9999 -9999
2011 01 19 06  -107  -180 -9999   250    10     6 -9999 -9999
2011 01 19 09   -67  -187 -9999    70    30     2 -9999 -9999
2011 01 19 12  -102  -186 -9999    90    20     2 -9999 -9999
2011 01 19 18  -144  -199 -9999   250    10     0 -9999 -9999
2011 01 19 21  -146  -203 -9999   270    30     0 -9999 -9999
2011 01 20 00  -150  -205 -9999   270    30     0 -9999 -9999
2011 01 20 03  -146  -208 -9999   220    10     1 -9999 -9999
2011 01 20 06   -68  -200 -9999   200    10     3 -9999 -9999
2011 01 20 09   -52  -197 -9999    70    40     2 -9999 -9999
2011 01 20 12   -98  -190 -9999    90    20     0 -9999 -9999
2011 01 20 18  -147  -198 -9999   270    20     1 -9999 -9999
2011 01 20 21  -131  -200 -9999   270    30     3 -9999 -9999
2011 01 21 00  -167  -217 -9999     0     0     2 -9999 -9999
2011 01 21 03  -167  -206 -9999   290    10     7 -9999 -9999
2011 01 21 06   -68  -219 -9999    90    20     7 -9999 -9999
2011 01 21 09   -47  -193 -9999    90    40     5 -9999 -9999
2011 01 21 12   -90  -180 -9999    90    20     6 -9999 -9999
2011 01 21 18  -123  -181 -9999   270    30     7 -9999 -9999
2011 01 22 00  -120  -186 -9999    90    10     6 -9999 -9999
2011 01 22 06   -91  -179 -9999    90    30     6 -9999 -9999
2011 01 22 09   -71  -181 -9999    90    30     7 -9999 -9999
2011 01 22 12   -95  -182 -9999   110    20     6 -9999 -9999
2011 01 22 18  -103  -172 -9999     0     0     6 -9999 -9999
2011 01 22 21  -128  -180 -9999    20    10     7 -9999 -9999
2011 01 23 00  -157  -188 -9999     0     0     2 -9999 -9999
2011 01 23 03  -138  -184 -9999   110    10     7 -9999 -9999
2011 01 23 06   -94  -181 -9999   220    20     6 -9999 -9999
2011 01 23 09   -59  -186 -9999    70    30     7 -9999 -9999
2011 01 23 12   -96  -183 -9999    70    20     7 -9999 -9999
2011 01 23 18  -137  -182 -9999   270    30     7 -9999 -9999
2011 01 23 21  -142  -188 -9999   250    30     4 -9999 -9999
2011 01 24 00  -129  -194 -9999   250    40     2 -9999 -9999
2011 01 24 03  -114  -189 -9999    70    20     6 -9999 -9999
2011 01 24 06   -73  -180 -9999    90    50     7 -9999 -9999
2011 01 24 09   -75  -185 -9999    70    30     7 -9999 -9999
2011 01 24 12   -92  -184 -9999    70    30     7 -9999 -9999
2011 01 24 18  -124  -180 -9999    70    10     6 -9999 -9999
2011 01 24 21  -142  -185 -9999   220    10     5 -9999 -9999
2011 01 25 00  -147  -188 -9999   250    20     2 -9999 -9999
2011 01 25 03  -135  -202 -9999   220    30     2 -9999 -9999
2011 01 25 06   -23  -255 -9999    90    10     1 -9999 -9999
2011 01 25 09   -32  -209 -9999    90    50     2 -9999 -9999
2011 01 25 12   -92  -184 -9999   200    10     2 -9999 -9999
2011 01 25 18  -136  -186 -9999   250    30     0 -9999 -9999
2011 01 25 21  -133  -202 -9999   270    30     0 -9999 -9999
2011 01 26 00  -137  -228 -9999   220    40     0 -9999 -9999
2011 01 26 03  -148  -231 -9999   290    20     0 -9999 -9999
2011 01 26 06   -60  -265 -9999    90    20     0 -9999 -9999
2011 01 26 09   -42  -270 -9999    70    40     0 -9999 -9999
2011 01 26 12  -101  -198 -9999    70    20     0 -9999 -9999
2011 01 26 18  -169  -201 -9999   250    10     0 -9999 -9999
2011 01 26 21  -171  -209 -9999   270    10     0 -9999 -9999
2011 01 27 00  -165  -215 -9999   250    30     0 -9999 -9999
2011 01 27 03  -164  -213 -9999   270    20     0 -9999 -9999
2011 01 27 06  -100  -187 -9999    90    20     0 -9999 -9999
2011 01 27 09   -93  -185 -9999    90    50     1 -9999 -9999
2011 01 27 12  -120  -184 -9999    70    20     3 -9999 -9999
2011 01 27 18  -168  -190 -9999   270    10     2 -9999 -9999
2011 01 27 21  -170  -196 -9999   270    10     6 -9999 -9999
2011 01 28 00  -181  -204 -9999   220    10     7 -9999    -1
2011 01 28 03  -177  -200 -9999   250    10     5 -9999 -9999
2011 01 28 06  -116  -176 -9999   140    10     6 -9999    -1
2011 01 28 09   -98  -174 -9999    70    30     3 -9999 -9999
2011 01 28 12  -126  -184 -9999    90    20     4 -9999 -9999
2011 01 28 18  -173  -196 -9999   270    10     3 -9999 -9999
2011 01 28 21  -184  -206 -9999     0     0     0 -9999 -9999
2011 01 29 00  -186  -209 -9999   290    10     5 -9999     0
2011 01 29 03  -181  -201 -9999   250    10     6 -9999 -9999
2011 01 29 06  -107  -170 -9999   160    10     2 -9999    -1
2011 01 29 09   -81  -177 -9999    90    40     1 -9999 -9999
2011 01 29 12  -111  -177 -9999    70    10     3 -9999 -9999
2011 01 29 18  -165  -190 -9999   220    10     2 -9999 -9999
2011 01 29 21  -163  -191 -9999   270    10     4 -9999 -9999
2011 01 30 00  -163  -192 -9999   250    20     3 -9999 -9999
2011 01 30 03  -164  -192 -9999   340    10     3 -9999 -9999
2011 01 30 06  -112  -174 -9999   110    30     4 -9999 -9999
2011 01 30 09   -84  -172 -9999    90    30     2 -9999 -9999
2011 01 30 12  -108  -179 -9999    70    10     6 -9999 -9999
2011 01 30 18  -152  -189 -9999     0     0     2 -9999 -9999
2011 01 30 21  -164  -196 -9999     0     0     2 -9999 -9999
2011 01 31 00  -169  -195 -9999   250    10     2 -9999 -9999
2011 01 31 03  -155  -185 -9999   250    10     7 -9999 -9999
2011 01 31 06   -51  -166 -9999    70    20     7 -9999 -9999
2011 01 31 09   -56  -171 -9999    90    50     2 -9999 -9999
2011 01 31 12   -77  -173 -9999    40    10     3 -9999 -9999
2011 01 31 18  -141  -176 -9999   180    10     4 -9999 -9999
2011 01 31 21  -126  -178 -9999   290    20     2 -9999 -9999
2011 02 01 00  -141  -177 -9999   270    30     1 -9999 -9999
2011 02 01 03  -109  -166 -9999   250    20     1 -9999 -9999
2011 02 01 06     5  -155 -9999    90    20     1 -9999 -9999
2011 02 01 09   -22  -163 -9999    90    50     1 -9999 -9999
2011 02 01 12   -50  -165 -9999    90    10     2 -9999 -9999
2011 02 01 18  -106  -157 -9999   250    20     1 -9999 -9999
2011 02 01 21  -114  -163 -9999   250    10     2 -9999 -9999
2011 02 02 00  -107  -153 -9999   250    30     2 -9999 -9999
2011 02 02 03   -95  -152 -9999   290    10     2 -9999 -9999
2011 02 02 06   -11  -157 -9999    90    30     1 -9999 -9999
2011 02 02 09     3  -165 -9999    70    40     4 -9999 -9999
2011 02 02 12   -33  -166 -9999    70    10     4 -9999 -9999
2011 02 02 18   -59  -162 -9999   270    20     3 -9999 -9999
2011 02 02 21   -59  -159 -9999   250    20     2 -9999 -9999
2011 02 03 00   -62  -147 -9999   270    20     2 -9999 -9999
2011 02 03 03   -50  -148 -9999   270    20     5 -9999 -9999
2011 02 03 06     9  -136 -9999   270    20     7 -9999 -9999
2011 02 03 09    28  -144 -9999    90    30     7 -9999 -9999
2011 02 03 12     2  -146 -9999    70    20     6 -9999 -9999
2011 02 03 18   -35  -140 -9999   250    30     7 -9999 -9999
2011 02 03 21   -19  -147 -9999   250    40     7 -9999 -9999
2011 02 04 00   -16  -128 -9999   270    30     7 -9999 -9999
2011 02 04 03    -5  -137 -9999   250    30     7 -9999 -9999
2011 02 04 06    51   -98 -9999   180    20     7 -9999 -9999
2011 02 04 09    -2  -145 -9999    90    30     7 -9999 -9999
2011 02 04 12   -20  -147 -9999   340    10     6 -9999 -9999
2011 02 04 18   -23  -126 -9999   250    20     7 -9999 -9999
2011 02 04 21   -26  -118 -9999   270    30     7 -9999 -9999
2011 02 05 00   -39  -112 -9999   250    30     5 -9999 -9999
2011 02 05 03   -32   -99 -9999   250    20     7 -9999 -9999
2011 02 05 06     7  -102 -9999    70    20     7 -9999 -9999
2011 02 05 09    27   -80 -9999    90    30     7 -9999 -9999
2011 02 05 12     9   -64 -9999    70    30     7 -9999 -9999
2011 02 05 18   -42  -121 -9999     0     0     7 -9999 -9999
2011 02 05 21   -42   -87 -9999   290    20     7 -9999 -9999
2011 02 06 00   -39   -70 -9999   250    40     7 -9999 -9999
2011 02 06 03   -43   -77 -9999   250    20     5 -9999 -9999
2011 02 06 06    32   -67 -9999   340    10     7 -9999 -9999
2011 02 06 09     4   -67 -9999    40    40     7 -9999 -9999
2011 02 06 12   -22   -75 -9999    70    20     8 -9999 -9999
2011 02 06 18   -32   -45 -9999   250    10     8 -9999     8
2011 02 06 21   -33   -46 -9999   270    10     8 -9999 -9999
2011 02 07 00   -32   -42 -9999   270    10     8 -9999    20
2011 02 07 03   -29   -37 -9999    70    20     8 -9999 -9999
2011 02 07 06    -7   -34 -9999   320    10     8 -9999    30
2011 02 07 09    -7   -37 -9999   270    20     8 -9999 -9999
2011 02 07 12   -22   -49 -9999   250    20     7 -9999    -1
2011 02 07 18   -69   -77 -9999   270    10     8 -9999 -9999
2011 02 07 21   -72   -80 -9999   220    20     8 -9999 -9999
2011 02 08 00   -86   -95 -9999   270    20     8 -9999 -9999
2011 02 08 03  -100  -131 -9999   250    40     1 -9999 -9999
2011 02 08 06   -12  -122 -9999   250    40     1 -9999 -9999
2011 02 08 09    30  -117 -9999   250    30     2 -9999 -9999
2011 02 08 12   -30   -86 -9999    70    20     2 -9999 -9999
2011 02 08 18   -79   -98 -9999     0     0     7 -9999 -9999
2011 02 08 21   -72   -97 -9999   250    20     7 -9999 -9999
2011 02 09 00   -88  -115 -9999   270    10     7 -9999 -9999
2011 02 09 03   -55  -105 -9999   270    20     7 -9999 -9999
2011 02 09 06   -33   -67 -9999    90    30     7 -9999 -9999
2011 02 09 09   -34   -70 -9999    40    30     8 -9999 -9999
2011 02 09 12   -39   -75 -9999   270    10     7 -9999    -1
2011 02 09 18   -49   -73 -9999   250    20     8 -9999 -9999
2011 02 09 21   -52   -64 -9999   270    10     8 -9999 -9999
2011 02 10 00   -48   -63 -9999   250    30     7 -9999    20
2011 02 10 03   -51   -77 -9999   250    30     3 -9999 -9999
2011 02 10 06   -23  -118 -9999   250    40     0 -9999    -1
2011 02 10 09    13  -166 -9999   220    20     0 -9999 -9999
2011 02 10 12   -39   -67 -9999    70    20     0 -9999 -9999
2011 02 10 18   -53   -84 -9999   250    40     7 -9999 -9999
2011 02 10 21   -98  -118 -9999   250    30     2 -9999 -9999
2011 02 11 00  -133  -146 -9999   250    30     2 -9999     0
2011 02 11 03  -148  -169 -9999   270    20     2 -9999 -9999
2011 02 11 06   -43  -156 -9999   290    10     2 -9999 -9999
2011 02 11 09   -24  -136 -9999    90    20     2 -9999 -9999
2011 02 11 12   -44  -116 -9999    90    20     4 -9999 -9999
2011 02 11 18  -111  -150 -9999   250    30     5 -9999 -9999
2011 02 11 21  -111  -150 -9999   250    30     2 -9999 -9999
2011 02 12 00  -116  -153 -9999   270    20     0 -9999 -9999
2011 02 12 03  -108  -150 -9999   270    10     6 -9999 -9999
2011 02 12 06   -30  -101 -9999    20    20     6 -9999 -9999
2011 02 12 09   -23   -92 -9999    70    20     7 -9999 -9999
2011 02 12 12   -43   -89 -9999    40    10     7 -9999 -9999
2011 02 12 18   -56   -88 -9999   290    10     8 -9999 -9999
2011 02 12 21   -54   -91 -9999   220    30     8 -9999 -9999
2011 02 13 00   -61   -98 -9999   290    20     8 -9999    -1
2011 02 13 03   -74  -107 -9999   270    10     6 -9999 -9999
2011 02 13 06   -27   -92 -9999    70    30     3 -9999    -1
2011 02 13 09   -16   -81 -9999    40    30     7 -9999 -9999
2011 02 13 12   -33   -85 -9999    90    20     7 -9999 -9999
2011 02 13 18   -48   -79 -9999   250    10     7 -9999 -9999
2011 02 13 21   -43   -81 -9999   250    50     8 -9999 -9999
2011 02 14 00   -61   -91 -9999   270    30     7 -9999 -9999
2011 02 14 06     1   -72 -9999    40    10     7 -9999 -9999
2011 02 14 09   -14   -56 -9999    90    30     7 -9999 -9999
2011 02 14 12   -22   -62 -9999     0     0     7 -9999 -9999
2011 02 14 18   -92  -111 -9999   270    10     3 -9999 -9999
2011 02 14 21   -87  -122 -9999   250    30     2 -9999 -9999
2011 02 15 00  -108  -159 -9999   270    40     3 -9999 -9999
2011 02 15 03   -95  -160 -9999   250    30     1 -9999 -9999
2011 02 15 06     5  -143 -9999   270    30     3 -9999 -9999
2011 02 15 09    11  -120 -9999   110    30     7 -9999 -9999
2011 02 15 12    -6   -95 -9999    90    10     7 -9999 -9999
2011 02 15 18   -70  -119 -9999   270    20     4 -9999 -9999
2011 02 15 21  -102  -138 -9999   270    30     2 -9999 -9999
2011 02 16 00   -82  -142 -9999   270    30     2 -9999 -9999
2011 02 16 03   -60  -119 -9999   270    10     7 -9999 -9999
2011 02 16 06    -2   -96 -9999   290    10     5 -9999 -9999
2011 02 16 09    14   -95 -9999    90    20     5 -9999 -9999
2011 02 16 12    -3   -85 -9999    90    20     5 -9999 -9999
2011 02 16 18   -45   -84 -9999   290    10     6 -9999 -9999
2011 02 16 21   -72  -104 -9999   250    40     3 -9999 -9999
2011 02 17 00   -89  -117 -9999   290    30     2 -9999 -9999
2011 02 17 03   -47  -111 -9999   250    40     1 -9999 -9999
2011 02 17 06     2  -109 -9999   250    30     0 -9999 -9999
2011 02 17 09    39  -105 -9999   110    10     2 -9999 -9999
2011 02 17 12     6   -79 -9999    90    30     1 -9999 -9999
2011 02 17 18   -58   -97 -9999   250    20     2 -9999 -9999
2011 02 17 21   -76  -116 -9999   290    20     4 -9999 -9999
2011 02 18 00  -103  -145 -9999   270    30     2 -9999 -9999
2011 02 18 03   -76  -153 -9999   250    50     2 -9999 -9999
2011 02 18 06    -8  -158 -9999   250    40     4 -9999 -9999
2011 02 18 09    37  -140 -9999    90    20     5 -9999 -9999
2011 02 18 12    11  -127 -9999    70    10     5 -9999 -9999
2011 02 18 18   -54  -113 -9999   250    40     6 -9999 -9999
2011 02 18 21   -69  -122 -9999   270    20     7 -9999 -9999
2011 02 19 00   -66  -127 -9999   250    40     7 -9999 -9999
2011 02 19 03   -57  -120 -9999   250    30     7 -9999 -9999
2011 02 19 06    -7  -101 -9999   270    20     7 -9999 -9999
2011 02 19 09    34  -106 -9999    70    20     7 -9999 -9999
2011 02 19 12     7   -88 -9999    90    20     6 -9999 -9999
2011 02 19 18   -36   -76 -9999   290    10     6 -9999 -9999
2011 02 19 21   -62   -94 -9999   250    30     6 -9999 -9999
2011 02 20 00   -73  -108 -9999   270    20     7 -9999 -9999
2011 02 20 03   -57   -99 -9999   270    30     7 -9999 -9999
2011 02 20 06     1  -101 -9999   250    40     7 -9999 -9999
2011 02 20 09    25  -101 -9999    90    20     7 -9999 -9999
2011 02 20 12     3   -82 -9999    90    30     5 -9999 -9999
2011 02 20 18   -70  -114 -9999   270    20     2 -9999 -9999
2011 02 20 21   -91  -134 -9999     0     0     2 -9999 -9999
2011 02 21 00   -43  -165 -9999   250    30     6 -9999 -9999
2011 02 21 03   -15  -157 -9999   250    40     7 -9999 -9999
2011 02 21 06    18  -124 -9999    70    40     5 -9999 -9999
2011 02 21 09    24   -92 -9999    90    40     7 -9999 -9999
2011 02 21 12     0   -92 -9999    70    20     7 -9999 -9999
2011 02 21 18   -46   -91 -9999   220    10     5 -9999 -9999
2011 02 21 21   -56   -93 -9999   250    10     6 -9999 -9999
2011 02 22 00   -50   -96 -9999   270    30     6 -9999 -9999
2011 02 22 03   -24   -91 -9999    70    10     1 -9999 -9999
2011 02 22 06    33  -100 -9999   110    20     1 -9999 -9999
2011 02 22 09    41   -96 -9999    90    40     7 -9999 -9999
2011 02 22 12    21   -86 -9999    70    20     4 -9999 -9999
2011 02 22 18   -20   -67 -9999   270    20     4 -9999 -9999
2011 02 22 21   -46   -75 -9999   270    10     6 -9999 -9999
2011 02 23 00   -51   -85 -9999   220    30     2 -9999 -9999
2011 02 23 03   -40   -74 -9999     0     0     6 -9999 -9999
2011 02 23 06    34   -83 -9999    40    30     4 -9999 -9999
2011 02 23 12    33   -84 -9999    90    30     7 -9999 -9999
2011 02 23 18     0   -75 -9999   110    10     7 -9999 -9999
2011 02 24 00    -4   -70 -9999   250    40     7 -9999 -9999
2011 02 24 06    55  -163 -9999   220    30     2 -9999 -9999
2011 02 24 12    47  -198 -9999   340    30     6 -9999 -9999
2011 02 24 18    -4  -176 -9999   270    10     7 -9999 -9999
2011 02 25 00   -44   -62 -9999   220    30     8 -9999 -9999
2011 02 25 03   -44   -62 -9999   250    20     8 -9999 -9999
2011 02 25 06   -36   -56 -9999   250    30     8 -9999    20
2011 02 25 09   -12   -60 -9999   250    20     7 -9999 -9999
2011 02 25 12   -17   -68 -9999   290    10     7 -9999    -1
2011 02 25 18   -38   -49 -9999    70    30     8 -9999    30
2011 02 25 21   -43   -53 -9999    70    40     8 -9999 -9999
2011 02 26 00   -50   -60 -9999    90    20     8 -9999    20
2011 02 26 03   -49   -61 -9999    90    30     8 -9999 -9999
2011 02 26 06   -33   -53 -9999    90    30     8 -9999    30
2011 02 26 09   -27   -57 -9999    90    30     7 -9999 -9999
2011 02 26 12   -44   -62 -9999    70    30     7 -9999     3
2011 02 26 18   -49   -60 -9999    90    20     8 -9999    20
2011 02 26 21   -51   -61 -9999    70    20     8 -9999 -9999
2011 02 27 00   -62   -73 -9999    90    30     8 -9999    41
2011 02 27 03   -61   -73 -9999    90    30     8 -9999 -9999
2011 02 27 06   -59   -82 -9999    90    40     8 -9999    51
2011 02 27 09   -52   -76 -9999    90    40     8 -9999 -9999
2011 02 27 12   -67   -84 -9999    90    30     8 -9999     5
2011 02 27 18   -95  -111 -9999   250    10     8 -9999    20
2011 02 27 21  -113  -132 -9999   270    10     8 -9999 -9999
2011 02 28 00  -112  -134 -9999   270    20     8 -9999    -1
2011 02 28 03  -105  -133 -9999   250    10     7 -9999 -9999
2011 02 28 06   -57  -118 -9999   340    10     7 -9999    -1
2011 02 28 09   -54  -119 -9999    70    10     7 -9999 -9999
2011 02 28 12   -75  -113 -9999    20    10     7 -9999 -9999
2011 02 28 18  -133  -156 -9999   290    20     8 -9999 -9999
2011 02 28 21  -132  -158 -9999   290    20     7 -9999 -9999
2011 03 01 00  -135  -165 -9999   270    30     7 -9999 -9999
2011 03 01 03  -101  -158 -9999   250    40     7 -9999 -9999
2011 03 01 06   -67  -142 -9999   250    30     7 -9999 -9999
2011 03 01 09   -45  -122 -9999   250    30     7 -9999 -9999
2011 03 01 12   -57  -103 -9999   290    10     7 -9999     0
2011 03 01 18  -103  -128 -9999   270    10     8 -9999 -9999
2011 03 01 21   -95  -118 -9999   250    20     8 -9999 -9999
2011 03 02 00  -106  -134 -9999   250    30     7 -9999 -9999
2011 03 02 03   -97  -127 -9999   270    30     7 -9999 -9999
2011 03 02 06   -47  -105 -9999   320    20     7 -9999    -1
2011 03 02 09   -42   -80 -9999   290    10     7 -9999 -9999
2011 03 02 12   -48   -85 -9999   250    20     7 -9999    -1
2011 03 02 18   -65   -77 -9999    70    10     8 -9999    10
2011 03 02 21   -69   -81 -9999   270    10     8 -9999 -9999
2011 03 03 00   -70   -97 -9999   250    20     6 -9999     5
2011 03 03 03   -84  -119 -9999   250    40     7 -9999 -9999
2011 03 03 06   -34  -116 -9999   270    30     3 -9999 -9999
2011 03 03 09   -17  -103 -9999    90    20     5 -9999 -9999
2011 03 03 12   -45   -95 -9999    40    10     7 -9999 -9999
2011 03 03 18   -73  -100 -9999   250    30     7 -9999 -9999
2011 03 03 21   -74  -106 -9999   250    40     8 -9999 -9999
2011 03 04 00   -74  -114 -9999   250    40     8 -9999    -1
2011 03 04 03   -76  -116 -9999   250    20     8 -9999 -9999
2011 03 04 06   -34  -109 -9999   270    20     7 -9999 -9999
2011 03 04 09   -22   -91 -9999    90    20     7 -9999 -9999
2011 03 04 12   -38   -90 -9999    40    10     7 -9999 -9999
2011 03 04 18   -77  -102 -9999   270    20     7 -9999 -9999
2011 03 04 21   -68   -83 -9999    20    10     8 -9999 -9999
2011 03 05 00   -68   -86 -9999   250    30     8 -9999    -1
2011 03 05 03   -60   -90 -9999   270    10     7 -9999 -9999
2011 03 05 06   -31   -62 -9999   220    20     8 -9999    -1
2011 03 05 09   -15   -66 -9999    40    20     7 -9999 -9999
2011 03 05 12   -25   -65 -9999   340    10     7 -9999    -1
2011 03 05 18   -49   -64 -9999   250    10     8 -9999 -9999
2011 03 05 21   -78   -92 -9999   220    10     8 -9999 -9999
2011 03 06 00   -97  -117 -9999   270    20     7 -9999    -1
2011 03 06 03   -79  -115 -9999   270    40     2 -9999 -9999
2011 03 06 06   -21   -95 -9999   250    40     6 -9999 -9999
2011 03 06 09     4   -96 -9999   250    30     7 -9999 -9999
2011 03 06 12   -11   -77 -9999   290    10     6 -9999 -9999
2011 03 06 18   -61   -98 -9999   250    20     7 -9999 -9999
2011 03 06 21   -64  -103 -9999   270    30     5 -9999 -9999
2011 03 07 00   -61  -100 -9999   250    30     6 -9999 -9999
2011 03 07 03   -51   -99 -9999   220    40     7 -9999 -9999
2011 03 07 06    -3   -82 -9999   270    20     2 -9999 -9999
2011 03 07 09    19   -91 -9999   290    30     3 -9999 -9999
2011 03 07 18   -28   -73 -9999   250    30     7 -9999 -9999
2011 03 07 21   -39   -82 -9999   250    10     7 -9999 -9999
2011 03 08 00   -38   -83 -9999   220    10     7 -9999 -9999
2011 03 08 03   -25   -76 -9999   250    10     7 -9999 -9999
2011 03 08 06    18   -70 -9999   250    10     7 -9999 -9999
2011 03 08 09    30   -67 -9999    20    30     3 -9999 -9999
2011 03 08 12    12   -35 -9999    70    20     7 -9999 -9999
2011 03 08 18   -30   -52 -9999   250    10     7 -9999 -9999
2011 03 08 21   -26   -46 -9999   250    30     7 -9999 -9999
2011 03 09 00   -51   -88 -9999   220    40     3 -9999    -1
2011 03 09 03   -41  -105 -9999   250    30     0 -9999 -9999
2011 03 09 06    -1  -101 -9999   250    30     0 -9999 -9999
2011 03 09 09    27  -105 -9999   290    20     0 -9999 -9999
2011 03 09 12    25  -114 -9999     0     0     2 -9999 -9999
2011 03 09 18   -59   -96 -9999   270    20     0 -9999 -9999
2011 03 09 21   -61  -103 -9999   250    30     0 -9999 -9999
2011 03 10 00   -89  -120 -9999   250    10     0 -9999 -9999
2011 03 10 03   -44  -108 -9999   270    20     0 -9999 -9999
2011 03 10 06    16  -126 -9999   220    20     1 -9999 -9999
2011 03 10 09    41  -104 -9999    90    10     5 -9999 -9999
2011 03 10 12    33   -84 -9999    40    10     6 -9999 -9999
2011 03 10 18   -22   -77 -9999   220    30     1 -9999 -9999
2011 03 10 21   -43   -86 -9999   220    20     2 -9999 -9999
2011 03 11 00    -9   -98 -9999   250    40     2 -9999 -9999
2011 03 11 03     5   -98 -9999   290    40     2 -9999 -9999
2011 03 11 06    76   -97 -9999   250    30     1 -9999 -9999
2011 03 11 09   105   -77 -9999   220    40     7 -9999 -9999
2011 03 11 12    98   -61 -9999   250    30     3 -9999 -9999
2011 03 11 18    37   -45 -9999   250    40     2 -9999 -9999
2011 03 11 21    34   -38 -9999   250    40     6 -9999 -9999
2011 03 12 00    12   -22 -9999   250    30     8 -9999 -9999
2011 03 12 03    22   -19 -9999   140    10     7 -9999 -9999
2011 03 12 06    63  -118 -9999    90    20     6 -9999    -1
2011 03 12 09    82  -147 -9999   160    30     1 -9999 -9999
2011 03 12 12    76  -200 -9999   360    30     0 -9999 -9999
2011 03 12 18    21  -154 -9999   220    40     0 -9999 -9999
2011 03 12 21   -21  -152 -9999    90    40     5 -9999 -9999
2011 03 13 00   -46  -134 -9999    40    10     3 -9999 -9999
2011 03 13 03   -34  -145 -9999   320    10     2 -9999 -9999
2011 03 13 06   -10  -160 -9999    90    30     0 -9999 -9999
2011 03 13 09     6  -154 -9999    90    30     4 -9999 -9999
2011 03 13 12    -1  -141 -9999    70    20     7 -9999 -9999
2011 03 13 18   -27  -110 -9999    40    10     7 -9999 -9999
2011 03 13 21   -39   -93 -9999   270    10     7 -9999 -9999
2011 03 14 00   -47   -95 -9999     0     0     7 -9999 -9999
2011 03 14 03   -32   -90 -9999    90    10     7 -9999 -9999
2011 03 14 06   -11   -99 -9999    40    20     7 -9999 -9999
2011 03 14 09     9   -89 -9999    40    20     7 -9999 -9999
2011 03 14 12     7   -78 -9999    70    20     7 -9999 -9999
2011 03 14 18   -21   -74 -9999    40    10     7 -9999 -9999
2011 03 14 21   -29   -71 -9999     0     0     7 -9999 -9999
2011 03 15 00   -32   -79 -9999    70    20     9 -9999 -9999
2011 03 15 03   -25   -82 -9999    20    10     9 -9999 -9999
2011 03 15 06     2   -78 -9999    70    20     9 -9999 -9999
2011 03 15 09    21   -67 -9999    70    30     9 -9999 -9999
2011 03 15 12    13   -72 -9999    90    20     7 -9999 -9999
2011 03 15 18    -9   -73 -9999    70    10     9 -9999 -9999
2011 03 15 21   -14   -84 -9999    40    10     9 -9999 -9999
2011 03 16 00   -21   -70 -9999   200    10     9 -9999 -9999
2011 03 16 03    -7   -75 -9999   250    40     0 -9999 -9999
2011 03 16 06    88  -142 -9999   250    70     1 -9999 -9999
2011 03 16 09    73  -162 -9999   360    40     0 -9999 -9999
2011 03 16 12    48  -197 -9999    20    30     0 -9999 -9999
2011 03 16 18   -16  -125 -9999    90    40     0 -9999 -9999
2011 03 16 21   -26  -118 -9999     0     0     7 -9999 -9999
2011 03 17 00   -32  -117 -9999    90    10     7 -9999 -9999
2011 03 17 03   -28  -113 -9999    40    20     7 -9999 -9999
2011 03 17 06   -20  -115 -9999    70    20     9 -9999 -9999
2011 03 17 09    -8  -121 -9999    70    20     9 -9999 -9999
2011 03 17 12   -10  -129 -9999    90    20     9 -9999 -9999
2011 03 17 21   -36  -162 -9999    90    10     7 -9999 -9999
2011 03 18 00   -44  -130 -9999     0     0     7 -9999 -9999
2011 03 18 03   -20  -110 -9999   220    40     6 -9999 -9999
2011 03 18 06    36  -116 -9999   220    30     6 -9999 -9999
2011 03 18 09    49  -104 -9999    90    50     3 -9999 -9999
2011 03 18 12    31  -112 -9999    90    40     1 -9999 -9999
2011 03 18 18   -25   -86 -9999   250    10     2 -9999 -9999
2011 03 18 21   -39   -84 -9999   360    10     5 -9999 -9999
2011 03 19 00   -39   -89 -9999   250    30     3 -9999 -9999
2011 03 19 03   -26   -85 -9999    90    20     6 -9999 -9999
2011 03 19 06     7   -83 -9999    70    40     7 -9999 -9999
2011 03 19 09    38   -73 -9999    70    30     6 -9999 -9999
2011 03 19 12    22   -66 -9999    70    30     7 -9999 -9999
2011 03 19 18   -23   -51 -9999     0     0     5 -9999 -9999
2011 03 19 21   -28   -51 -9999   270    10     5 -9999 -9999
2011 03 20 00   -28   -54 -9999   220    10     6 -9999 -9999
2011 03 20 03   -10   -56 -9999   110    10     7 -9999 -9999
2011 03 20 06    14   -62 -9999    70    30     7 -9999 -9999
2011 03 20 09   -11   -61 -9999    90    60     7 -9999 -9999
2011 03 20 12   -54   -65 -9999    90    40     8 -9999    20
2011 03 20 18   -59   -71 -9999    70    30     8 -9999    30
2011 03 20 21   -65   -79 -9999    90    20     8 -9999 -9999
2011 03 21 00   -74   -86 -9999    70    20     8 -9999    20
2011 03 21 03   -73   -91 -9999    70    20     8 -9999 -9999
2011 03 21 06   -54   -90 -9999    90    30     7 -9999    10
2011 03 21 09   -45   -91 -9999    90    30     7 -9999 -9999
2011 03 21 12   -61   -87 -9999    90    30     7 -9999    -1
2011 03 21 18   -81  -114 -9999    90    20     7 -9999    -1
2011 03 21 21   -94  -119 -9999     0     0     7 -9999 -9999
2011 03 22 00  -121  -141 -9999   290    10     7 -9999    -1
2011 03 22 06   -49  -111 -9999    70    20     5 -9999    -1
2011 03 22 09   -38  -109 -9999    90    30     4 -9999 -9999
2011 03 22 12   -39  -101 -9999    90    30     6 -9999 -9999
2011 03 22 18   -53   -89 -9999    90    20     8 -9999 -9999
2011 03 22 21   -65   -91 -9999   160    10     7 -9999 -9999
2011 03 23 00   -70   -95 -9999   220    20     2 -9999    -1
2011 03 23 06   -23   -80 -9999    70    20     6 -9999 -9999
2011 03 23 09     3   -65 -9999   110    30     5 -9999 -9999
2011 03 23 12    -5   -67 -9999    90    30     6 -9999 -9999
2011 03 23 18   -23   -68 -9999    70    20     8 -9999 -9999
2011 03 23 21   -25   -76 -9999    70    10     8 -9999 -9999
2011 03 24 00   -28   -66 -9999    90    10     7 -9999    -1
2011 03 24 03   -19   -68 -9999    90    20     6 -9999 -9999
2011 03 24 06    -2   -66 -9999    70    10     6 -9999 -9999
2011 03 24 09    32   -52 -9999    90    30     5 -9999 -9999
2011 03 24 12    24   -55 -9999    70    20     7 -9999 -9999
2011 03 24 18    -1   -57 -9999    70    10     6 -9999 -9999
2011 03 24 21    -3   -55 -9999     0     0     8 -9999 -9999
2011 03 25 00    -7   -55 -9999    90    10     8 -9999 -9999
2011 03 25 03    -2   -70 -9999    70    10     8 -9999 -9999
2011 03 25 06    22   -61 -9999    90    30     7 -9999 -9999
2011 03 25 09    48   -40 -9999   110    30     5 -9999 -9999
2011 03 25 12    41   -41 -9999    90    20     7 -9999 -9999
2011 03 25 18    19   -40 -9999    40    10     7 -9999 -9999
2011 03 25 21    10   -37 -9999     0     0     8 -9999 -9999
2011 03 26 00     4   -32 -9999   220    10     6 -9999 -9999
2011 03 26 03    22   -31 -9999    90    10     7 -9999 -9999
2011 03 26 06    54   -27 -9999    90    20     7 -9999 -9999
2011 03 26 09    78   -25 -9999    20    10     7 -9999 -9999
2011 03 26 12    72   -17 -9999    70    20     7 -9999 -9999
2011 03 26 18     4   -26 -9999   180    10     6 -9999 -9999
2011 03 26 21    13   -26 -9999   270    40     7 -9999 -9999
2011 03 27 00    26   -27 -9999   250    30     7 -9999 -9999
2011 03 27 03    48   -12 -9999   320    10     2 -9999 -9999
2011 03 27 06    76    -9 -9999    90    40     0 -9999 -9999
2011 03 27 09    95   -10 -9999   140    20     6 -9999 -9999
2011 03 27 12    84   -17 -9999    90    30     7 -9999 -9999
2011 03 27 18    51    -9 -9999    20    10     8 -9999 -9999
2011 03 27 21    43   -23 -9999   220    10     8 -9999 -9999
2011 03 28 00    30   -17 -9999   290    10     7 -9999 -9999
2011 03 28 03    42   -12 -9999   270    20     7 -9999 -9999
2011 03 28 06    93   -29 -9999   220    20     7 -9999 -9999
2011 03 28 09   107   -38 -9999   110    20     6 -9999 -9999
2011 03 28 12    85   -30 -9999   220    20     8 -9999 -9999
2011 03 28 18    37    16 -9999   270    10     8 -9999     3
2011 03 28 21    35     4 -9999   220    40     4 -9999 -9999
2011 03 29 00    23   -10 -9999   290    20     2 -9999 -9999
2011 03 29 03    47   -13 -9999   250    50     7 -9999 -9999
2011 03 29 06   102   -18 -9999   250    10     5 -9999 -9999
2011 03 29 09   124   -61 -9999   160    20     7 -9999 -9999
2011 03 29 12   118   -39 -9999    90    30     7 -9999 -9999
2011 03 29 18    40   -12 -9999     0     0     7 -9999 -9999
2011 03 29 21    30   -14 -9999   250    10     7 -9999 -9999
2011 03 30 00    33   -22 -9999   250    30     7 -9999 -9999
2011 03 30 06   113   -56 -9999   180    10     7 -9999 -9999
2011 03 30 09   121   -37 -9999   140    30     4 -9999 -9999
2011 03 30 12   111   -34 -9999   290    20     7 -9999 -9999
2011 03 30 18    60     1 -9999     0     0     7 -9999 -9999
2011 03 30 21    34    -1 -9999   220    10     7 -9999 -9999
2011 03 31 00    21    -8 -9999   270    10     7 -9999 -9999
2011 03 31 03    56   -13 -9999   220    20     7 -9999 -9999
2011 03 31 06    69    14 -9999    40    10     7 -9999 -9999
2011 03 31 09    81     8 -9999   320    20     7 -9999 -9999
2011 03 31 12    86     3 -9999    40    10     7 -9999    -1
2011 03 31 18    58    13 -9999    40    10     7 -9999 -9999
2011 03 31 21    35     6 -9999    40    10     7 -9999 -9999
2011 04 01 00    23     4 -9999   320    10     5 -9999     0
2011 04 01 03    46    11 -9999   220    20     7 -9999 -9999
2011 04 01 06    50     6 -9999    90    30     8 -9999 -9999
2011 04 01 09    67    10 -9999   250    30     7 -9999 -9999
2011 04 01 12    46    13 -9999   110    20     8 -9999    -1
2011 04 01 18    32     8 -9999   250    40     7 -9999    -1
2011 04 01 21    29    -4 -9999   250    30     7 -9999 -9999
2011 04 02 00    39   -19 -9999   250    30     7 -9999 -9999
2011 04 02 03    53   -18 -9999   270    40     7 -9999 -9999
2011 04 02 06    88   -51 -9999   250    20     7 -9999 -9999
2011 04 02 09    90   -46 -9999   220    20     7 -9999 -9999
2011 04 02 12    88   -47 -9999   250    30     7 -9999 -9999
2011 04 02 18    47    -9 -9999   220    40     7 -9999 -9999
2011 04 03 00    28   -35 -9999   250    40     6 -9999 -9999
2011 04 03 06    90   -72 -9999   250    60     6 -9999 -9999
2011 04 03 12   101  -125 -9999   250    50     4 -9999 -9999
2011 04 03 18    57   -97 -9999   220    40     6 -9999 -9999
2011 04 04 00    24   -55 -9999   290    20     8 -9999 -9999
2011 04 04 06    69  -151 -9999   160    30     6 -9999 -9999
2011 04 04 09    65  -191 -9999   250    60     7 -9999 -9999
2011 04 04 12    22  -158 -9999   340    50     7 -9999 -9999
2011 04 04 18   -30  -276 -9999    70    20     2 -9999 -9999
2011 04 04 21   -34  -271 -9999   110    30     1 -9999 -9999
2011 04 05 00   -37  -282 -9999    90    20     3 -9999 -9999
2011 04 05 03     0  -270 -9999   180    20     1 -9999 -9999
2011 04 05 06    34  -234 -9999   200    20     5 -9999 -9999
2011 04 05 09    53  -228 -9999   250    40     1 -9999 -9999
2011 04 05 12    67  -207 -9999   270    20     1 -9999 -9999
2011 04 05 18   -23   -45 -9999    40    20     7 -9999 -9999
2011 04 05 21   -24   -64 -9999   250    30     2 -9999 -9999
2011 04 06 00   -40   -58 -9999    90    10     1 -9999 -9999
2011 04 06 03   -39   -47 -9999    70    30     9 -9999 -9999
2011 04 06 06    14   -49 -9999    90    30     1 -9999 -9999
2011 04 06 09    58   -64 -9999    90    30     1 -9999 -9999
2011 04 06 12    58   -52 -9999    70    30     1 -9999 -9999
2011 04 06 18    -5   -46 -9999     0     0     2 -9999 -9999
2011 04 06 21   -12   -47 -9999     0     0     4 -9999 -9999
2011 04 07 00   -23   -45 -9999   290    10     0 -9999 -9999
2011 04 07 03    22   -39 -9999   340    10     1 -9999 -9999
2011 04 07 06    68   -69 -9999   360    10     2 -9999 -9999
2011 04 07 09    96   -59 -9999    70    30     1 -9999 -9999
2011 04 07 12    94   -61 -9999    90    30     2 -9999 -9999
2011 04 07 18    14   -37 -9999     0     0     2 -9999 -9999
2011 04 07 21     6   -37 -9999   270    20     4 -9999 -9999
2011 04 08 00    -2   -34 -9999   250    20     1 -9999 -9999
2011 04 08 03    53   -54 -9999   220    30     0 -9999 -9999
2011 04 08 06   107   -71 -9999   110    20     0 -9999 -9999
2011 04 08 09   131  -100 -9999    40    40     1 -9999 -9999
2011 04 08 12   120   -55 -9999    90    30     2 -9999 -9999
2011 04 08 18    31   -39 -9999     0     0     3 -9999 -9999
2011 04 08 21    28   -40 -9999   270    20     3 -9999 -9999
2011 04 09 00    25   -43 -9999   250    20     0 -9999 -9999
2011 04 09 03    68   -59 -9999   250    40     0 -9999 -9999
2011 04 09 06   126   -91 -9999   180    20     0 -9999 -9999
2011 04 09 09   152   -76 -9999    90    40     0 -9999 -9999
2011 04 09 12   130   -71 -9999    90    30     2 -9999 -9999
2011 04 09 18    56   -57 -9999     0     0     5 -9999 -9999
2011 04 09 21    39   -38 -9999   250    20     2 -9999 -9999
2011 04 10 00    16   -43 -9999     0     0     7 -9999 -9999
2011 04 10 03    83   -59 -9999   250    30     5 -9999 -9999
2011 04 10 06   130   -82 -9999   340    10     5 -9999 -9999
2011 04 10 09   152   -83 -9999    70    30     6 -9999 -9999
2011 04 10 12   147   -74 -9999    90    30     3 -9999 -9999
2011 04 10 18    72   -48 -9999   180    10     7 -9999 -9999
2011 04 10 21    85   -68 -9999   220    20     7 -9999 -9999
2011 04 11 00    78   -60 -9999   250    30     7 -9999 -9999
2011 04 11 03   110   -63 -9999   250    20     6 -9999 -9999
2011 04 11 06   159   -99 -9999   270    20     7 -9999 -9999
2011 04 11 09   170  -107 -9999   220    20     7 -9999 -9999
2011 04 11 12   147   -74 -9999    90    40     7 -9999 -9999
2011 04 11 18    77   -57 -9999   220    30     2 -9999 -9999
2011 04 11 21    60   -36 -9999   270    20     3 -9999 -9999
2011 04 12 00    70   -57 -9999   250    40     3 -9999 -9999
2011 04 12 03   104   -56 -9999   250    40     0 -9999 -9999
2011 04 12 06   167   -64 -9999   290    10     1 -9999 -9999
2011 04 12 09   190   -74 -9999   140    30     2 -9999 -9999
2011 04 12 12   179   -75 -9999    70    30     6 -9999 -9999
2011 04 12 18    81   -12 -9999    40    10     3 -9999 -9999
2011 04 12 21    78   -22 -9999   250    20     5 -9999 -9999
2011 04 13 00    71   -34 -9999   250    40     2 -9999 -9999
2011 04 13 03   113   -36 -9999   220    40     0 -9999 -9999
2011 04 13 06   166   -64 -9999   220    30     1 -9999 -9999
2011 04 13 09   200   -74 -9999   290    10     1 -9999 -9999
2011 04 13 12   207   -87 -9999   250    20     3 -9999 -9999
2011 04 13 18    95   -15 -9999   250    10     1 -9999 -9999
2011 04 13 21    68    -9 -9999   290    10     3 -9999 -9999
2011 04 14 00    79   -30 -9999   250    40     2 -9999 -9999
2011 04 14 03   120   -26 -9999   250    20     1 -9999 -9999
2011 04 14 06   187   -61 -9999   220    40     7 -9999 -9999
2011 04 14 09   207   -68 -9999   250    40     5 -9999 -9999
2011 04 14 12   177   -43 -9999   270    50     3 -9999 -9999
2011 04 14 18   117   -21 -9999   250    30     0 -9999 -9999
2011 04 14 21    91   -16 -9999   250    40     3 -9999 -9999
2011 04 15 00    55   -12 -9999   250    20     0 -9999 -9999
2011 04 15 03   114   -28 -9999   250    40     0 -9999 -9999
2011 04 15 06   191   -73 -9999   340    20     1 -9999 -9999
2011 04 15 09   211   -57 -9999    90    30     1 -9999 -9999
2011 04 15 12   209   -67 -9999    90    30     7 -9999 -9999
2011 04 15 18   111   -10 -9999   250    10     4 -9999 -9999
2011 04 15 21    77   -10 -9999   220    10     6 -9999 -9999
2011 04 16 00    90   -42 -9999   250    30     2 -9999 -9999
2011 04 16 03   126   -41 -9999   250    30     7 -9999 -9999
2011 04 16 06   191   -50 -9999   340    10     7 -9999 -9999
2011 04 16 09   201   -73 -9999   110    20     7 -9999 -9999
2011 04 16 12   197   -76 -9999    90    30     3 -9999 -9999
2011 04 16 18    94   -29 -9999   270    10     2 -9999 -9999
2011 04 16 21    66    -6 -9999     0     0     6 -9999 -9999
2011 04 17 00    88   -47 -9999   250    20     7 -9999 -9999
2011 04 17 03   111   -38 -9999   250    20     7 -9999 -9999
2011 04 17 06   160   -57 -9999    90    40     7 -9999 -9999
2011 04 17 09   173   -72 -9999   290    30     7 -9999 -9999
2011 04 17 12   169   -69 -9999    40    10     7 -9999 -9999
2011 04 17 18   111   -38 -9999   250    30     7 -9999 -9999
2011 04 17 21    93   -26 -9999   250    30     7 -9999 -9999
2011 04 18 00    93   -29 -9999   250    40     8 -9999 -9999
2011 04 18 03   117   -29 -9999   250    20     7 -9999 -9999
2011 04 18 06   164   -42 -9999   250    10     7 -9999 -9999
2011 04 18 09   174   -51 -9999   320    10     7 -9999 -9999
2011 04 18 12   168   -50 -9999   250    20     7 -9999 -9999
2011 04 18 18   123    -6 -9999    70    10     7 -9999 -9999
2011 04 18 21    87     2 -9999   250    20     6 -9999 -9999
2011 04 19 00    98   -10 -9999   250    40     7 -9999 -9999
2011 04 19 03   113   -15 -9999   250    30     8 -9999 -9999
2011 04 19 06   158   -31 -9999   220    40     7 -9999 -9999
2011 04 19 09   168   -33 -9999   180    10     7 -9999 -9999
2011 04 19 12   146   -11 -9999   110    30     7 -9999 -9999
2011 04 19 18    99     0 -9999   270    10     7 -9999 -9999
2011 04 19 21   101    -7 -9999   250    30     7 -9999 -9999
2011 04 20 00    86   -12 -9999    90    10     7 -9999 -9999
2011 04 20 03   113   -11 -9999   270    10     6 -9999 -9999
2011 04 20 06   136   -12 -9999    70    40     7 -9999 -9999
2011 04 20 09    83    12 -9999   140    10     8 -9999 -9999
2011 04 20 12    89    18 -9999    90    10     7 -9999    -1
2011 04 20 18    65    10 -9999   250    40     2 -9999 -9999
2011 04 20 21    54     2 -9999   220    40     0 -9999 -9999
2011 04 21 00    45   -17 -9999   250    30     1 -9999 -9999
2011 04 21 03    96   -51 -9999   250    30     0 -9999 -9999
2011 04 21 06   158  -100 -9999   360    20     1 -9999 -9999
2011 04 21 09   190   -82 -9999   270    20     2 -9999 -9999
2011 04 21 12   191  -100 -9999   220    40     1 -9999 -9999
2011 04 21 18    86   -27 -9999    40    10     2 -9999 -9999
2011 04 21 21    76   -30 -9999   250    20     2 -9999 -9999
2011 04 22 00    66   -60 -9999   250    40     2 -9999 -9999
2011 04 22 03   115   -59 -9999   250    30     6 -9999 -9999
2011 04 22 06   176   -93 -9999   220    40     3 -9999 -9999
2011 04 22 09   207   -68 -9999   360    30     1 -9999 -9999
2011 04 22 12   188   -16 -9999    90    30     2 -9999 -9999
2011 04 22 18   101    10 -9999   270    20     0 -9999 -9999
2011 04 22 21   116   -22 -9999   220    50     3 -9999 -9999
2011 04 23 00    88   -25 -9999   250    30     6 -9999 -9999
2011 04 23 03   138   -26 -9999   250    40     2 -9999 -9999
2011 04 23 06   203   -72 -9999   320    20     2 -9999 -9999
2011 04 23 09   237   -63 -9999   270    10     6 -9999 -9999
2011 04 23 12   211   -27 -9999    70    40     7 -9999 -9999
2011 04 23 18   108   -13 -9999   270    20     2 -9999 -9999
2011 04 23 21   115   -27 -9999   250    40     0 -9999 -9999
2011 04 24 00    94   -35 -9999   250    40     1 -9999 -9999
2011 04 24 03   151   -43 -9999   250    20     3 -9999 -9999
2011 04 24 06   229   -42 -9999   250    40     2 -9999 -9999
2011 04 24 09   251   -52 -9999   340    10     1 -9999 -9999
2011 04 24 12   228   -35 -9999    90    50     3 -9999 -9999
2011 04 24 18   133   -14 -9999   250    30     2 -9999 -9999
2011 04 24 21   139   -29 -9999   250    30     4 -9999 -9999
2011 04 25 00   129   -52 -9999   220    50     3 -9999 -9999
2011 04 25 03   172   -30 -9999   250    50     6 -9999 -9999
2011 04 25 06   240   -51 -9999   220    20     6 -9999 -9999
2011 04 25 09   274   -56 -9999   270    40     6 -9999 -9999
2011 04 25 12   243   -31 -9999    90    40     3 -9999 -9999
2011 04 25 18   166   -30 -9999   250    30     1 -9999 -9999
2011 04 26 00   140   -52 -9999   250    50     3 -9999 -9999
2011 04 26 06   246   -46 -9999   250    30     2 -9999 -9999
2011 04 26 09   276   -55 -9999   220    30     2 -9999 -9999
2011 04 26 12   277   -43 -9999   250    10     3 -9999 -9999
2011 04 26 18   188   -68 -9999   220    40     0 -9999 -9999
2011 04 27 00   131   -20 -9999   250    30     2 -9999 -9999
2011 04 27 03   193   -18 -9999   220    40     1 -9999 -9999
2011 04 27 06   257   -48 -9999   220    20     4 -9999 -9999
2011 04 27 09   245   -38 -9999   290    80     7 -9999 -9999
2011 04 27 12   248   -27 -9999   250    50     7 -9999 -9999
2011 04 27 18   169   -12 -9999   250    20     4 -9999 -9999
2011 04 28 00   148   -22 -9999   250    40     6 -9999 -9999
2011 04 28 03   189    -5 -9999   220    30     6 -9999 -9999
2011 04 28 06   250   -25 -9999   270    40     6 -9999 -9999
2011 04 28 09   263   -24 -9999   320    20     6 -9999 -9999
2011 04 28 12   258   -19 -9999   340    20     6 -9999 -9999
2011 04 28 18   178     5 -9999   220    30     5 -9999 -9999
2011 04 28 21   169    21 -9999   250    40     7 -9999 -9999
2011 04 29 00   140    51 -9999   320    20     7 -9999 -9999
2011 04 29 03   115    78 -9999   160    10     8 -9999 -9999
2011 04 29 06   107    68 -9999   140    20     8 -9999    61
2011 04 29 09   116    63 -9999    90    30     8 -9999 -9999
2011 04 29 12    92    63 -9999   250    50     7 -9999    20
2011 04 29 18   108    47 -9999   220    40     4 -9999    -1
2011 04 29 21    86    46 -9999   270    20     4 -9999 -9999
2011 04 30 00    64    46 -9999   220    10     5 -9999 -9999
2011 04 30 03   121    57 -9999   290    20     2 -9999 -9999
2011 04 30 06   170    18 -9999   220    40     2 -9999 -9999
2011 04 30 09   201   -23 -9999   250    30     4 -9999 -9999
2011 04 30 12   173    53 -9999    90    30     3 -9999    -1
2011 04 30 18   101    53 -9999   270    10     9 -9999 -9999
2011 04 30 21    80    44 -9999     0     0     9 -9999 -9999
2011 05 01 00    69    44 -9999   220    20     2 -9999 -9999
2011 05 01 03   118    36 -9999   250    30     0 -9999 -9999
2011 05 01 06   189   -33 -9999   220    20     1 -9999 -9999
2011 05 01 09   236   -74 -9999   250    20     1 -9999 -9999
2011 05 01 12   231   -68 -9999   360    20     1 -9999 -9999
2011 05 01 18   117    24 -9999     0     0     6 -9999 -9999
2011 05 01 21   107    25 -9999   250    20     6 -9999 -9999
2011 05 02 00    87    29 -9999   250    20     7 -9999 -9999
2011 05 02 03   140    20 -9999    70    20     5 -9999 -9999
2011 05 02 06   174    18 -9999    90    30     2 -9999 -9999
2011 05 02 09   203     7 -9999    90    30     2 -9999 -9999
2011 05 02 12   187    12 -9999    90    30     4 -9999 -9999
2011 05 02 18   100     3 -9999   250    10     3 -9999 -9999
2011 05 02 21    87    14 -9999   270    20     2 -9999 -9999
2011 05 03 00    70    27 -9999   270    20     2 -9999 -9999
2011 05 03 03   150   -15 -9999   220    50     6 -9999 -9999
2011 05 03 06   226   -22 -9999   250    40     0 -9999 -9999
2011 05 03 09   249   -18 -9999    70    40     1 -9999 -9999
2011 05 03 12   224   -10 -9999    90    20     0 -9999 -9999
2011 05 03 18   146    25 -9999   250    30     2 -9999 -9999
2011 05 03 21   155    -3 -9999   250    40     2 -9999 -9999
2011 05 04 00   127     5 -9999   250    40     0 -9999 -9999
2011 05 04 03   184   -25 -9999   250    40     0 -9999 -9999
2011 05 04 06   253   -41 -9999   200    40     0 -9999 -9999
2011 05 04 09   289   -33 -9999   220    30     2 -9999 -9999
2011 05 04 12   254     8 -9999    90    40     2 -9999 -9999
2011 05 04 18   150    29 -9999   200    10     2 -9999 -9999
2011 05 04 21   168   -28 -9999   250    30     1 -9999 -9999
2011 05 05 00   133   -14 -9999   250    40     2 -9999 -9999
2011 05 05 03   202   -41 -9999   220    40     0 -9999 -9999
2011 05 05 06   263   -33 -9999   180    20     1 -9999 -9999
2011 05 05 09   292   -31 -9999   200    20     4 -9999 -9999
2011 05 05 12   251    -9 -9999    90    30     7 -9999 -9999
2011 05 05 18   160    17 -9999   250    10     2 -9999 -9999
2011 05 05 21   181    16 -9999   250    40     4 -9999 -9999
2011 05 06 00   162    11 -9999   200    40     7 -9999 -9999
2011 05 06 03   189    19 -9999   220    40     4 -9999 -9999
2011 05 06 06   223    13 -9999   220    40     7 -9999 -9999
2011 05 06 09   255     2 -9999   220    30     7 -9999 -9999
2011 05 06 12   225     9 -9999    40    20     4 -9999 -9999
2011 05 06 18   156     2 -9999   250    10     3 -9999 -9999
2011 05 06 21   140    -4 -9999   250    40     2 -9999 -9999
2011 05 07 00   126     7 -9999   220    40     1 -9999 -9999
2011 05 07 03   169     1 -9999   220    50     1 -9999 -9999
2011 05 07 06   223   -39 -9999   270    20     3 -9999 -9999
2011 05 07 09   238   -35 -9999   340    30     3 -9999 -9999
2011 05 07 12   230   -69 -9999   250    40     2 -9999 -9999
2011 05 07 18   133    31 -9999   340    10     2 -9999 -9999
2011 05 07 21   132   -40 -9999   250    30     2 -9999 -9999
2011 05 08 00   123   -39 -9999   250    30     6 -9999 -9999
2011 05 08 03   151   -19 -9999   270    40     7 -9999 -9999
2011 05 08 06   201     0 -9999   320    30     6 -9999 -9999
2011 05 08 09   176    39 -9999    90    50     6 -9999 -9999
2011 05 08 12   169    32 -9999    70    30     7 -9999 -9999
2011 05 08 18   108    60 -9999    70    30     2 -9999 -9999
2011 05 08 21    73    49 -9999     0     0     2 -9999 -9999
2011 05 09 00    78    56 -9999   290    10     7 -9999 -9999
2011 05 09 03   153    -1 -9999   270    40     3 -9999 -9999
2011 05 09 06   192   -43 -9999   250    10     5 -9999 -9999
2011 05 09 09   183    18 -9999    70    40     7 -9999 -9999
2011 05 09 12   176    24 -9999    70    40     7 -9999 -9999
2011 05 09 18   124    44 -9999    70    20     6 -9999 -9999
2011 05 10 00    68    48 -9999    20    10     2 -9999 -9999
2011 05 10 06   140    59 -9999    90    40     6 -9999 -9999
2011 05 10 09   131    58 -9999    90    30     7 -9999 -9999
2011 05 10 12   123    55 -9999    70    40     7 -9999    -1
2011 05 10 18    75    61 -9999    90    30     8 -9999    61
2011 05 10 21    67    58 -9999    70    10     8 -9999 -9999
2011 05 11 00    67    58 -9999   140    10     8 -9999    99
2011 05 11 03    70    52 -9999     0     0     7 -9999 -9999
2011 05 11 06    95    55 -9999     0     0     7 -9999    61
2011 05 11 12    93    62 -9999    90    20     8 -9999    -1
2011 05 11 18    88    61 -9999    90    10     7 -9999 -9999
2011 05 11 21    87    60 -9999    90    10     7 -9999 -9999
2011 05 12 00    84    65 -9999     0     0     8 -9999 -9999
2011 05 12 03    76    49 -9999   110    10     8 -9999 -9999
2011 05 12 06   101    59 -9999    90    20     7 -9999    41
2011 05 12 09   116    55 -9999    90    30     7 -9999 -9999
2011 05 12 12   111    58 -9999    40    30     7 -9999 -9999
2011 05 12 18    70    58 -9999    70    10     6 -9999 -9999
2011 05 12 21    68    57 -9999   250    30     2 -9999 -9999
2011 05 13 00    57    40 -9999   250    20     1 -9999 -9999
2011 05 13 03   122    29 -9999   220    20     0 -9999 -9999
2011 05 13 06   157    28 -9999    20    30     2 -9999 -9999
2011 05 13 09   173    46 -9999    90    40     2 -9999 -9999
2011 05 13 12   175    45 -9999    70    30     2 -9999 -9999
2011 05 13 18    94    70 -9999     0     0     2 -9999 -9999
2011 05 13 21    91    64 -9999   290    10     0 -9999 -9999
2011 05 14 00    93    51 -9999   250    20     4 -9999 -9999
2011 05 14 03   141    55 -9999   250    30     6 -9999 -9999
2011 05 14 06   194    14 -9999   250    20     5 -9999 -9999
2011 05 14 09   217    47 -9999   110    30     4 -9999 -9999
2011 05 14 12   199    59 -9999    90    20     6 -9999 -9999
2011 05 14 18   126    81 -9999   250    10     3 -9999 -9999
2011 05 14 21   134    67 -9999   250    30     1 -9999 -9999
2011 05 15 00   114    59 -9999   270    30     1 -9999 -9999
2011 05 15 03   169    52 -9999   250    30     1 -9999 -9999
2011 05 15 06   223    57 -9999   140    20     1 -9999 -9999
2011 05 15 09   242    69 -9999    70    30     2 -9999 -9999
2011 05 15 12   229    58 -9999    90    30     6 -9999 -9999
2011 05 15 18   154    79 -9999   250    10     3 -9999 -9999
2011 05 15 21   151    74 -9999   250    30     7 -9999 -9999
2011 05 16 00   156    49 -9999   250    50     6 -9999 -9999
2011 05 16 03   191    37 -9999   250    40     5 -9999 -9999
2011 05 16 06   254     1 -9999   250    30     3 -9999 -9999
2011 05 16 12   256    58 -9999    90    10     7 -9999 -9999
2011 05 16 18   191    62 -9999   250    10     5 -9999 -9999
2011 05 17 00   175    27 -9999   220    40     4 -9999 -9999
2011 05 17 03   216    42 -9999   270    20     7 -9999 -9999
2011 05 17 06   255    22 -9999   200    20     7 -9999 -9999
2011 05 17 09   279   -20 -9999   250    40     2 -9999 -9999
2011 05 17 12   250    -9 -9999   340    30     2 -9999 -9999
2011 05 17 18   147    44 -9999   320    10     7 -9999 -9999
2011 05 17 21   147   -18 -9999     0     0     3 -9999 -9999
2011 05 18 00    93   -29 -9999   250    40     8 -9999 -9999
2011 05 18 03   194    -1 -9999   220    30     4 -9999 -9999
2011 05 18 06   240   -18 -9999   270    30     6 -9999 -9999
2011 05 18 09   186    29 -9999    70    40     7 -9999 -9999
2011 05 18 12   193    46 -9999    20    20     5 -9999    -1
2011 05 18 18   155    45 -9999     0     0     7 -9999 -9999
2011 05 18 21   133    50 -9999    70    20     7 -9999 -9999
2011 05 19 00   102    65 -9999     0     0     7 -9999    -1
2011 05 19 03   162    49 -9999   360    10     6 -9999 -9999
2011 05 19 06   201    20 -9999   290    20     7 -9999     0
2011 05 19 09   121    84 -9999    90    30     7 -9999 -9999
2011 05 19 12   118    81 -9999    90    30     7 -9999    30
2011 05 19 18    92    70 -9999     0     0     2 -9999    -1
2011 05 19 21    95    64 -9999    90    10     6 -9999 -9999
2011 05 20 00    86    64 -9999    90    10     7 -9999    10
2011 05 20 03   112    67 -9999    90    20     7 -9999 -9999
2011 05 20 06   139    50 -9999    90    30     7 -9999     8
2011 05 20 09   141    62 -9999    70    40     7 -9999 -9999
2011 05 20 12   113    66 -9999    70    30     7 -9999    -1
2011 05 20 18    69    52 -9999     0     0     2 -9999    -1
2011 05 21 00    42    36 -9999   250    10     0 -9999 -9999
2011 05 21 03   125   -46 -9999   290    20     2 -9999 -9999
2011 05 21 06   144    13 -9999    70    30     2 -9999 -9999
2011 05 21 09   153    38 -9999    40    40     4 -9999 -9999
2011 05 21 12   151    48 -9999    70    30     7 -9999     0
2011 05 21 18    96    75 -9999    40    10     6 -9999    10
2011 05 21 21    83    61 -9999    40    10     6 -9999 -9999
2011 05 22 00    68    51 -9999     0     0     2 -9999 -9999
2011 05 22 03   134    14 -9999   220    20     2 -9999 -9999
2011 05 22 06   182   -39 -9999   250    30     2 -9999 -9999
2011 05 22 09   219   -42 -9999    20    20     5 -9999 -9999
2011 05 22 12   193   -12 -9999    40    30     6 -9999 -9999
2011 05 22 18   119    51 -9999     0     0     2 -9999 -9999
2011 05 22 21    89    47 -9999   270    10     2 -9999 -9999
2011 05 23 00    98    -7 -9999   250    20     1 -9999 -9999
2011 05 23 03   153   -13 -9999   250    30     1 -9999 -9999
2011 05 23 06   195   -47 -9999   250    20     1 -9999 -9999
2011 05 23 09   236   -45 -9999   160    20     6 -9999 -9999
2011 05 23 12   188    18 -9999    90    30     7 -9999 -9999
2011 05 23 18   131    32 -9999     0     0     7 -9999     0
2011 05 23 21   133    10 -9999   250    20     5 -9999 -9999
2011 05 24 00   121     8 -9999   220    10     2 -9999 -9999
2011 05 24 03   157    14 -9999   220    30     1 -9999 -9999
2011 05 24 06   217   -44 -9999   290    20     2 -9999 -9999
2011 05 24 09   217    34 -9999    70    60     5 -9999 -9999
2011 05 24 12   202    34 -9999    70    40     5 -9999 -9999
2011 05 24 18   119    64 -9999    20    20     2 -9999 -9999
2011 05 25 00   119    53 -9999   250    20     7 -9999 -9999
2011 05 25 03   155    48 -9999   320    10     7 -9999 -9999
2011 05 25 06   201    42 -9999   110    20     2 -9999 -9999
2011 05 25 09   203    51 -9999    40    40     5 -9999 -9999
2011 05 25 12   190    55 -9999    90    20     7 -9999 -9999
2011 05 25 18   140    59 -9999   250    10     4 -9999 -9999
2011 05 25 21   159    23 -9999   250    10     7 -9999 -9999
2011 05 26 00   131    32 -9999   250    30     6 -9999 -9999
2011 05 26 03   172    31 -9999   220    40     7 -9999 -9999
2011 05 26 06   193    18 -9999   250    30     7 -9999 -9999
2011 05 26 09   200    19 -9999   250    20     7 -9999 -9999
2011 05 26 12   207     5 -9999   250    10     7 -9999 -9999
2011 05 26 18   145   -12 -9999   200    20     3 -9999 -9999
2011 05 26 21   130   -17 -9999   220    20     1 -9999 -9999
2011 05 27 00   109    -6 -9999   270    20     7 -9999 -9999
2011 05 27 03   169    -8 -9999   220    30     7 -9999 -9999
2011 05 27 06   213   -40 -9999   220    20     2 -9999 -9999
2011 05 27 09   245   -29 -9999   340    10     5 -9999 -9999
2011 05 27 12   228   -13 -9999    40    20     7 -9999 -9999
2011 05 27 18   169   -38 -9999   160    30     1 -9999 -9999
2011 05 27 21   142    24 -9999   110    30     5 -9999 -9999
2011 05 28 00   112    40 -9999    90    10     2 -9999 -9999
2011 05 28 03   160    41 -9999    70    30     3 -9999 -9999
2011 05 28 06   199    23 -9999    40    20     6 -9999 -9999
2011 05 28 09   177    12 -9999   290    20     7 -9999 -9999
2011 05 28 12   187    17 -9999   110    20     7 -9999 -9999
2011 05 28 18   146    28 -9999   290    20     7 -9999 -9999
2011 05 28 21   134    32 -9999   220    30     4 -9999 -9999
2011 05 29 00   118    31 -9999   250    20     6 -9999    -1
2011 05 29 03   146    57 -9999    90    20     7 -9999 -9999
2011 05 29 06   180    49 -9999   160    20     6 -9999     0
2011 05 29 09   155    68 -9999    90    30     7 -9999 -9999
2011 05 29 12   134    74 -9999   200    10     7 -9999    20
2011 05 29 18   128    73 -9999   220    30     7 -9999    -1
2011 05 30 00   123    78 -9999   250    20     7 -9999 -9999
2011 05 30 03   130    77 -9999   270    20     7 -9999 -9999
2011 05 30 06   174    69 -9999    40    10     7 -9999    10
2011 05 30 09   183    52 -9999   140    10     7 -9999 -9999
2011 05 30 12   185    57 -9999    70    20     1 -9999     0
2011 05 30 18   103    64 -9999    40    10     2 -9999 -9999
2011 05 30 21   114    63 -9999   250    30     2 -9999 -9999
2011 05 31 00   115    58 -9999   250    40     5 -9999 -9999
2011 05 31 03   162    58 -9999   220    40     1 -9999 -9999
2011 05 31 06   212    -2 -9999    40    20     3 -9999 -9999
2011 05 31 09   197    30 -9999    20    50     7 -9999 -9999
2011 05 31 12   160    47 -9999   250    50     7 -9999    -1
2011 05 31 21   123    45 -9999   250    30     7 -9999 -9999
2011 06 01 00   119    -6 -9999   250    20     7 -9999 -9999
2011 06 01 03   146    -7 -9999   220    30     7 -9999 -9999
2011 06 01 06   186     2 -9999    90    30     7 -9999 -9999
2011 06 01 09   201   -11 -9999   180    10     7 -9999 -9999
2011 06 01 12   183    13 -9999    70    20     7 -9999 -9999
2011 06 01 18   121    53 -9999   360    20     2 -9999     0
2011 06 01 21    89    53 -9999   270    10     1 -9999 -9999
2011 06 02 00   106    12 -9999   220    20     0 -9999 -9999
2011 06 02 03   159   -16 -9999   220    20     0 -9999 -9999
2011 06 02 06   210   -42 -9999    70    20     1 -9999 -9999
2011 06 02 12   231   -41 -9999   340    20     7 -9999 -9999
2011 06 02 18   120    50 -9999   340    10     3 -9999 -9999
2011 06 02 21   126    38 -9999   250    30     2 -9999 -9999
2011 06 03 00   125    37 -9999   250    30     0 -9999 -9999
2011 06 03 03   180   -23 -9999   270    20     0 -9999 -9999
2011 06 03 06   224   -64 -9999   290    20     1 -9999 -9999
2011 06 03 09   257   -82 -9999    40    10     3 -9999 -9999
2011 06 03 12   217   -22 -9999   110    40     7 -9999 -9999
2011 06 03 18   127    42 -9999     0     0     0 -9999 -9999
2011 06 03 21   139    19 -9999   270    20     0 -9999 -9999
2011 06 04 00   122    18 -9999   290    10     4 -9999 -9999
2011 06 04 03   184    19 -9999   270    30     2 -9999 -9999
2011 06 04 06   235    29 -9999    70    20     2 -9999 -9999
2011 06 04 09   242   -24 -9999   340    20     7 -9999 -9999
2011 06 04 12   218    25 -9999    70    10     7 -9999 -9999
2011 06 04 18   171    34 -9999   110    10     5 -9999     0
2011 06 04 21   163    30 -9999   250    40     7 -9999 -9999
2011 06 05 00   168    20 -9999   270    30     6 -9999 -9999
2011 06 05 03   187    37 -9999   250    40     6 -9999 -9999
2011 06 05 06   183    34 -9999   270    40     7 -9999 -9999
2011 06 05 09   192    30 -9999   250    40     6 -9999 -9999
2011 06 05 12   233    -9 -9999    90    10     4 -9999 -9999
2011 06 05 18   133   -11 -9999   220    20     0 -9999 -9999
2011 06 05 21   129   -22 -9999   220    20     0 -9999 -9999
2011 06 06 00   134   -25 -9999   220    30     6 -9999 -9999
2011 06 06 03   168    -4 -9999   250    30     7 -9999 -9999
2011 06 06 06   206    -7 -9999   320    10     7 -9999 -9999
2011 06 06 09   214    22 -9999    90    30     7 -9999 -9999
2011 06 06 12   171    51 -9999   270    20     7 -9999 -9999
20