1976 01 01 00   -90  -180 -9999   250    30     6 -9999 -9999
1976 01 01 03   -60  -200 -9999   250    70     3 -9999 -9999
1976 01 01 06 -9999  -170 -9999   250    70     3 -9999 -9999
1976 01 01 09    30  -170 10666   250    30     5 -9999 -9999
1976 01 01 12   -10  -210 -9999   220    50     6 -9999 -9999
1976 01 01 18   -90  -170 -9999   250    70     0 -9999 -9999
1976 01 01 21   -90  -200 -9999   200    50     0 -9999 -9999
1976 01 02 00  -120  -200 -9999   250    20     0 -9999 -9999
1976 01 02 03  -110  -190 -9999   230    40     7 -9999 -9999
1976 01 02 06   -40  -230 -9999   220    60     7 -9999 -9999
1976 01 02 09    10  -210 -9999     0     0     7 -9999 -9999
1976 01 02 12   -50  -150 -9999    70    20     7 -9999 -9999
1976 01 02 18   -60  -180 -9999    90    30     3 -9999 -9999
1976 01 02 21  -100  -150 -9999   220    20     7 -9999 -9999
1976 01 03 00   -50  -150 -9999   250    40     8 -9999 -9999
1976 01 03 03   -60  -140 -9999   250    50     7 -9999 -9999
1976 01 03 06   -30  -160 -9999    70    30     9 -9999 -9999
1976 01 03 09     0  -150 -9999    70    40     6 -9999 -9999
1976 01 03 12   -50  -150 -9999    70    20     5 -9999 -9999
1976 01 03 18   -50  -120 -9999   220    20     2 -9999 -9999
1976 01 04 00   -70  -120 -9999   250    40     5 -9999 -9999
1976 01 04 03   -80  -130 -9999   250    30     7 -9999 -9999
1976 01 04 06   -20  -110 -9999     0     0     2 -9999 -9999
1976 01 04 09   -20  -110 -9999    70    50     1 -9999 -9999
1976 01 04 12   -70  -120 -9999    70    40     0 -9999 -9999
1976 01 04 18  -100  -140 -9999   250    60     0 -9999 -9999
1976 01 05 00   -80  -200 -9999   120    60     1 -9999 -9999
1976 01 05 03 -9999 -9999 -9999   220    50     1 -9999 -9999
1976 01 05 06   -10  -160 -9999   180    10     7 -9999 -9999
1976 01 05 09 -9999 -9999 -9999    70    60     7 -9999 -9999
1976 01 05 12   -70  -130 -9999    20    40     6 -9999 -9999
1976 01 05 18  -120  -160 -9999   250    30     0 -9999 -9999
1976 01 05 21  -110  -170 -9999   250    30     2 -9999 -9999
1976 01 06 00  -110  -190 -9999   220    50     2 -9999 -9999
1976 01 06 03  -110  -190 -9999    90    30     1 -9999 -9999
1976 01 06 06   -10  -180 -9999     0     0     1 -9999 -9999
1976 01 06 09   -30  -130 -9999    90    70     1 -9999 -9999
1976 01 06 12   -90  -130 -9999    70    50     0 -9999  3000
1976 01 06 18  -110  -190 -9999   250    20     0 -9999 -9999
1976 01 06 21  -120  -200 -9999   250    40     0 -9999 -9999
1976 01 07 00  -110  -190 -9999   220    90     0 -9999 -9999
1976 01 07 03   -80  -250 -9999   220    80     7 -9999 -9999
1976 01 07 06   -20  -320 -9999   250    70     1 -9999 -9999
1976 01 07 09    40  -270 -9999   220    40     1 -9999 -9999
1976 01 07 12   -40  -190 -9999    40    40     6 -9999 -9999
1976 01 07 18   -80  -250 -9999   220    90     1 -9999 -9999
1976 01 07 21   -50  -250 -9999   200    70     0 -9999 -9999
1976 01 08 00   -50  -220 -9999   250    80     0 -9999 -9999
1976 01 08 03   -50  -240 -9999   220    40     7 -9999 -9999
1976 01 08 06   -10  -180 -9999    70    40     7 -9999 -9999
1976 01 08 09    30  -230 -9999    40    40     3 -9999 -9999
1976 01 08 12   -50  -200 -9999    70    40     7 -9999 -9999
1976 01 08 21  -120  -160 -9999     0     0     0 -9999 -9999
1976 01 09 00  -150  -190 -9999   250    30     0 -9999 -9999
1976 01 09 03  -160  -190 -9999   220    20     3 -9999 -9999
1976 01 09 06   -60  -170 -9999   180    20     2 -9999 -9999
1976 01 09 09 -9999 -9999 -9999    70    60     6 -9999 -9999
1976 01 09 12   -90  -160 -9999    90    20     3 -9999 -9999
1976 01 09 18  -130  -170 -9999   200    20     0 -9999 -9999
1976 01 09 21  -120  -180 -9999   250    60     1 -9999 -9999
1976 01 10 00  -130  -190 -9999   220    40     2 -9999 -9999
1976 01 10 03  -140  -190 -9999   220    20     7 -9999 -9999
1976 01 10 06   -50 -9999 -9999     0     0     6 -9999 -9999
1976 01 10 09   -40  -160 -9999    70    40     7 -9999 -9999
1976 01 10 12   -90  -160 -9999    70    40     7 -9999 -9999
1976 01 10 18  -110  -160 -9999   220    20     6 -9999   500
1976 01 10 21  -120  -170 -9999   200    30     4 -9999 -9999
1976 01 11 03  -120  -180 -9999     0     0     0 -9999 -9999
1976 01 11 06   -10  -140 -9999   220    30     1 -9999 -9999
1976 01 11 12   -80  -170 -9999    70    40     0 -9999 -9999
1976 01 11 18  -120  -170 -9999   250    40     0 -9999 -9999
1976 01 11 21 -9999 -9999 -9999   220    50     0 -9999 -9999
1976 01 12 00  -130  -200 -9999   250    80     0 -9999 -9999
1976 01 12 03  -100  -220 -9999   220    70     0 -9999 -9999
1976 01 12 06   -20  -280 -9999   250    40     1 -9999 -9999
1976 01 12 09   -10  -190 -9999    70    40     3 -9999 -9999
1976 01 12 12   -80  -160 -9999    70    30     2 -9999 -9999
1976 01 12 18  -120  -180 -9999   250 -9999     2 -9999 -9999
1976 01 12 21  -110  -190 -9999   200    40     2 -9999 -9999
1976 01 13 00  -120  -220 -9999   250    50     1 -9999 -9999
1976 01 13 03  -110  -220 -9999   250    40     7 -9999 -9999
1976 01 13 06   -40  -200 -9999   200    30     7 -9999 -9999
1976 01 13 09     0 -9999 -9999    70    40     7 -9999 -9999
1976 01 13 12   -50  -210 -9999    70    30     7 -9999  3000
1976 01 13 18 -9999 -9999 -9999   250    60     7 -9999 -9999
1976 01 13 21   -80  -220 -9999   220    50     2 -9999 -9999
1976 01 14 00   -90  -210 -9999   250    30     1 -9999 -9999
1976 01 14 03  -100  -210 -9999   250    40     6 -9999 -9999
1976 01 14 06   -10  -150 -9999   340    40     8 -9999 -9999
1976 01 14 12   -60  -160 -9999    40    40     7 -9999 -9999
1976 01 14 18   -80  -100 -9999   250    10     6 -9999 -9999
1976 01 14 21   -70  -210 -9999   220    50     7 -9999 -9999
1976 01 15 00   -90  -200 -9999   250    40     7 -9999 -9999
1976 01 15 03   -80  -190 -9999   250    60     7 -9999 -9999
1976 01 15 06   -20  -190 -9999   220    30     7 -9999 -9999
1976 01 15 09   -20  -150 -9999    70   140     7 -9999 -9999
1976 01 15 12   -70  -160 -9999    40    40     7 -9999 -9999
1976 01 15 18   -80 -9999 -9999   250    60     6 -9999 -9999
1976 01 15 21 -9999 -9999 -9999   220    90     6 -9999 -9999
1976 01 16 00   -80  -200 -9999   220    80     1 -9999 -9999
1976 01 16 03   -90  -190 -9999   250    70     1 -9999 -9999
1976 01 16 06    10  -160 -9999   220    70     1 -9999 -9999
1976 01 16 09    60  -180 -9999   220    50     2 -9999 -9999
1976 01 16 12   -60  -160 -9999    70    40     4 -9999 -9999
1976 01 16 18   -70  -160 -9999   250    60     1 -9999 -9999
1976 01 16 21   -90  -180 -9999   220    20     2 -9999 -9999
1976 01 17 00   -60  -210 -9999   220    40     7 -9999 -9999
1976 01 17 03   -80  -200 -9999   200    50     5 -9999 -9999
1976 01 17 06   -10 -9999 -9999   200    50     7 -9999 -9999
1976 01 17 09    40  -220 -9999   250    30     2 -9999 -9999
1976 01 17 12   -60  -160 -9999    40    50     1 -9999 -9999
1976 01 17 18   -70  -190 -9999   220    60     0 -9999 -9999
1976 01 17 21   -80  -210 -9999   250    60     0 -9999 -9999
1976 01 18 00   -70  -240 -9999   220    60     1 -9999 -9999
1976 01 18 03   -60  -250 -9999   200    80     2 -9999 -9999
1976 01 18 06     0  -220 -9999   250    50     3 -9999 -9999
1976 01 18 09    50  -280 -9999   250    30     3 -9999 -9999
1976 01 18 12   -60  -130 -9999    40    30     7 -9999 -9999
1976 01 18 18   -50  -190 -9999   250    40     7 -9999 -9999
1976 01 18 21   -70  -190 -9999   220    40     2 -9999 -9999
1976 01 19 00   -60  -210 -9999   220    70     0 -9999 -9999
1976 01 19 03  -100  -200 -9999    40    20     0 -9999 -9999
1976 01 19 06   -30 -9999 -9999     0     0     1 -9999 -9999
1976 01 19 09   -20  -140 -9999    40    70     1 -9999 -9999
1976 01 19 12   -90  -130 -9999    70    50     0 -9999 -9999
1976 01 19 18  -130  -150 -9999   250    20     0 -9999 -9999
1976 01 19 21  -130  -160 -9999   250    40     0 -9999 -9999
1976 01 20 03  -150  -180 -9999   220    20     2 -9999 -9999
1976 01 20 06   -80  -130 -9999    40    40     2 -9999 -9999
1976 01 20 09   -60  -140 -9999    70    70     1 -9999 -9999
1976 01 20 12   -90  -140 -9999    70    20     2 -9999 -9999
1976 01 20 18  -140  -160 -9999   250    20     0 -9999 -9999
1976 01 20 21  -140  -170 -9999   250    20     0 -9999 -9999
1976 01 21 00  -150  -180 -9999   250    20     3 -9999 -9999
1976 01 21 03  -150  -180 -9999   220    20     6 -9999 -9999
1976 01 21 06   -60  -170 -9999   220    20     6 -9999 -9999
1976 01 21 09   -40  -140 -9999    90    60     5 -9999 -9999
1976 01 21 12  -100  -140 -9999    90    20     5 -9999 -9999
1976 01 21 18  -140  -160 -9999   220    30     0 -9999 -9999
1976 01 22 00  -130  -160 -9999   250    50     0 -9999 -9999
1976 01 22 03  -150  -180 -9999    70    30     0 -9999 -9999
1976 01 22 06   -80  -130 -9999    40    30     0 -9999 -9999
1976 01 22 09   -60  -140 -9999    70    50     0 -9999 -9999
1976 01 22 12  -100  -110 -9999    70    50     2 -9999 -9999
1976 01 22 18  -120  -130 -9999     0     0     8 -9999    -1
1976 01 22 21  -150  -170 -9999   200    20     5 -9999 -9999
1976 01 23 00  -150  -180 -9999   270    20     5 -9999    -1
1976 01 23 03  -140  -170 -9999   220    20     7 -9999 -9999
1976 01 23 06 -9999 -9999 -9999   250    20     8 -9999 -9999
1976 01 23 09   -60 -9999 -9999    80    50     8 -9999 -9999
1976 01 23 12 -9999 -9999 -9999    90    30     1 -9999 -9999
1976 01 23 18  -130  -140 -9999   250    30     0 -9999 -9999
1976 01 24 00  -110  -160 -9999   220    30     8 -9999 -9999
1976 01 24 03   -90  -190 -9999     0     0     7 -9999 -9999
1976 01 24 06   -50  -150 -9999     0     0     7 -9999 -9999
1976 01 24 09   -20  -150 -9999    70    60     8 -9999 -9999
1976 01 24 12   -80  -160 -9999    40    40     2 -9999 -9999
1976 01 24 18  -120  -130 -9999   220    20     8 -9999    -1
1976 01 24 21  -130  -150 -9999   250    30     0 -9999 -9999
1976 01 25 00  -140  -180 -9999   250    30     1 -9999    -1
1976 01 25 03  -120  -180 -9999   220    30     1 -9999 -9999
1976 01 25 06   -40  -160 -9999    70    20     5 -9999 -9999
1976 01 25 09   -20  -140 -9999    40    40     1 -9999 -9999
1976 01 25 12   -70  -130 -9999    70    40     6 -9999 -9999
1976 01 25 18  -110  -150 -9999   120    30     1 -9999 -9999
1976 01 26 00  -130  -170 -9999   250    30     0 -9999 -9999
1976 01 26 03  -130  -170 -9999   220    40     6 -9999 -9999
1976 01 26 06   -50  -160 -9999   200    30     7 -9999 -9999
1976 01 26 09   -20  -140 -9999    70    70     2 -9999 -9999
1976 01 26 12   -60  -130 -9999    70    30     4 -9999 -9999
1976 01 26 18   -90  -130 -9999   220    20     7 -9999 -9999
1976 01 26 21   -90  -150 -9999     0     0     1 -9999 -9999
1976 01 27 00   -60  -160 -9999   220    30     7 -9999 -9999
1976 01 27 03   -80  -140 -9999     0     0     7 -9999 -9999
1976 01 27 06   -40  -130 -9999   220    20     7 -9999 -9999
1976 01 27 09   -20  -120 -9999    70    40     7 -9999 -9999
1976 01 27 12   -40  -130 -9999    40    30     8 -9999 -9999
1976 01 27 18   -80   -80 -9999    70    50     8 -9999    20
1976 01 27 21   -80   -90 -9999 -9999 -9999     8 -9999 -9999
1976 01 28 00  -100  -110 -9999    70    40     8 -9999    10
1976 01 28 03  -100  -110 -9999    90    20     8 -9999 -9999
1976 01 28 06 -9999 -9999 -9999   220    10     8 -9999    10
1976 01 28 09   -70   -90 -9999   250    30     8 -9999 -9999
1976 01 28 12   -70  -110 -9999   250    30     8 -9999    10
1976 01 28 21    10  -130 -9999   250    30     2 -9999 -9999
1976 01 29 00  -140  -190 -9999   220    30     2 -9999    -1
1976 01 29 03  -140  -170 -9999   220    30     8 -9999 -9999
1976 01 29 06   -90  -140 -9999   250    40     7 -9999    -1
1976 01 29 09   -80  -140 -9999   220    30     6 -9999 -9999
1976 01 29 12  -130  -180 -9999   220    30     1 -9999    -1
1976 01 29 18  -140  -170 -9999   220    30     8 -9999    -1
1976 01 30 00  -150  -210 -9999   250    70     0 -9999    -1
1976 01 30 03  -190  -240 -9999   250    40     0 -9999 -9999
1976 01 30 06   -90  -230 -9999   200    40     0 -9999 -9999
1976 01 30 09   -50  -180 -9999   220    30     0 -9999 -9999
1976 01 30 12  -110  -180 -9999     0     0     0 -9999 -9999
1976 01 30 18  -190  -220 -9999   220    50     0 -9999 -9999
1976 01 30 21  -170  -220 -9999   220    60     0 -9999 -9999
1976 01 31 00  -160  -330 -9999   220    60     0 -9999 -9999
1976 01 31 06  -100  -210 -9999   250    50     0 -9999 -9999
1976 01 31 09   -70  -150 -9999    70    30     1 -9999 -9999
1976 01 31 12  -110  -190 -9999   200    30     2 -9999 -9999
1976 01 31 18  -160  -200 -9999   250    40     0 -9999 -9999
1976 01 31 21  -170  -210 -9999   220    20     0 -9999 -9999
1976 02 01 00  -150  -200 -9999   250    90     1 -9999 -9999
1976 02 01 03  -130  -210 -9999   250    50     4 -9999 -9999
1976 02 01 06   -40  -160 -9999   220    50     6 -9999 -9999
1976 02 01 12   -70  -130 -9999     0     0     1 -9999 -9999
1976 02 01 21  -120  -170 -9999   250    80     0 -9999 -9999
1976 02 02 03  -120  -180 -9999   250    50     1 -9999 -9999
1976 02 02 06   -40  -190 -9999   220    60     7 -9999 -9999
1976 02 02 12   -40  -170 -9999   250    50     7 -9999 -9999
1976 02 02 18   -50  -120 -9999   220    30     6 -9999 -9999
1976 02 02 21  -110  -130 -9999   220    10     1 -9999 -9999
1976 02 03 00   -80  -160 -9999   220    60     0 -9999 -9999
1976 02 03 03  -170  -250 -9999   220    70     1 -9999 -9999
1976 02 03 06   -30   -90 -9999    70    50     6 -9999 -9999
1976 02 03 09   -10  -130 -9999    70    30     7 -9999 -9999
1976 02 03 12   -40  -110 -9999    70    40     7 -9999 -9999
1976 02 03 18  -100  -130 10263   220    30     7 -9999 -9999
1976 02 03 21   -90  -130 -9999   220    30     1 -9999 -9999
1976 02 04 00 -9999  -150 -9999   220    60     2 -9999 -9999
1976 02 04 03  -120  -160 -9999   250    50     7 -9999 -9999
1976 02 04 06   -20  -140 -9999   250    40     7 -9999 -9999
1976 02 04 09    10  -120 -9999     0     0     6 -9999 -9999
1976 02 04 12   -30  -120 -9999    70    20     5 -9999 -9999
1976 02 04 18  -100  -150 -9999    70    60     0 -9999 -9999
1976 02 04 21  -110  -180 -9999   200    50     0 -9999 -9999
1976 02 05 00  -180  -180 -9999   250    60     1 -9999 -9999
1976 02 05 03   -80  -180 -9999   220    50     7 -9999 -9999
1976 02 05 06   -40  -150 -9999   270    30     7 -9999 -9999
1976 02 05 09   -10  -130 -9999    40    30     7 -9999 -9999
1976 02 05 12   -50  -110 -9999    40    40     7 -9999 -9999
1976 02 05 18  -110  -140 -9999   200    20     0 -9999 -9999
1976 02 05 21    20  -150 -9999   220    40     1 -9999 -9999
1976 02 06 03  -100  -140 -9999   250    50     8 -9999 -9999
1976 02 06 06   -30  -120 -9999   220    50     7 -9999 -9999
1976 02 06 09   -10   -90 -9999    70    50     7 -9999 -9999
1976 02 06 12   -40  -110 -9999    40    30     7 -9999 -9999
1976 02 06 18   -80  -130 -9999   250    60     1 -9999 -9999
1976 02 06 21   -80  -130 -9999   250    50     0 -9999 -9999
1976 02 07 00   -90  -140 -9999   200    20     6 -9999 -9999
1976 02 07 03   -80  -130 -9999   250    20     7 -9999 -9999
1976 02 07 06   -20  -120 -9999     0     0     7 -9999 -9999
1976 02 07 09     0  -120 -9999    90    30     7 -9999 -9999
1976 02 07 12   -20  -130 -9999   220    30     7 -9999 -9999
1976 02 07 21   -70  -120 -9999   250    20     7 -9999 -9999
1976 02 08 00   -50  -100 -9999   220    30     7 -9999 -9999
1976 02 08 03   -30  -120 -9999   220    60     7 -9999 -9999
1976 02 08 06   -10   -50 -9999    70    40     7 -9999 -9999
1976 02 08 09    10   -80 -9999    70    50     7 -9999 -9999
1976 02 08 12   -10  -100 -9999    70    30     7 -9999 -9999
1976 02 08 18   -60  -100 -9999   220    50     3 -9999 -9999
1976 02 08 21   -90  -120 -9999   220    20     1 -9999 -9999
1976 02 09 00   -70  -120 -9999   200    30     3 -9999 -9999
1976 02 09 03   -30  -120 -9999   220    20     7 -9999 -9999
1976 02 09 06   -10   -90 -9999    70    50     8 -9999 -9999
1976 02 09 09     0   -90 -9999    70    40     3 -9999 -9999
1976 02 09 12   -10   -80 -9999    70    20     1 -9999 -9999
1976 02 09 21   -80  -100 -9999   220    30     1 -9999 -9999
1976 02 10 03   -50  -140 -9999   220    60 -9999 -9999 -9999
1976 02 10 06    20  -140 -9999   220    60     6 -9999 -9999
1976 02 10 09    40   -90 -9999    40    70     7 -9999 -9999
1976 02 10 12     0   -90 -9999    40    20     7 -9999 -9999
1976 02 10 18 -9999 -9999 -9999   220    30     5 -9999 -9999
1976 02 10 21   -80  -110 -9999   200    20     3 -9999 -9999
1976 02 11 00  -100  -130 -9999   250    30     0 -9999 -9999
1976 02 11 06    20  -130 -9999    40    30     7 -9999 -9999
1976 02 11 09    10  -100 -9999    90    70     7 -9999 -9999
1976 02 11 12   -10   -90 -9999     0     0     7 -9999 -9999
1976 02 11 18 -9999 -9999 -9999   220    70     5 -9999 -9999
1976 02 11 21   -50   -90 -9999     0     0     4 -9999 -9999
1976 02 12 00   -30  -190 -9999   220    50     8 -9999 -9999
1976 02 12 03    20     0 -9999 -9999 -9999     7 -9999 -9999
1976 02 12 06    80   -90 -9999   200    50     8 -9999 -9999
1976 02 12 09    90   -90 -9999   200    50     8 -9999 -9999
1976 02 12 12    70   -50 -9999   250    30     8 -9999 -9999
1976 02 12 18    20   -90 -9999   220    40     8 -9999 -9999
1976 02 13 00     0  -130 -9999   250    30     6 -9999 -9999
1976 02 13 03   -50   -90 -9999    20    40     1 -9999 -9999
1976 02 13 06   -10   -90 -9999    40    50     7 -9999 -9999
1976 02 13 09   -10  -100 -9999    40    50     7 -9999 -9999
1976 02 13 12   -10   -90 -9999    70    40     8 -9999 -9999
1976 02 13 18   -50   -80 -9999   250    30     7 -9999    -1
1976 02 13 21   -60   -80 -9999   200    20     8 -9999 -9999
1976 02 14 03   -50   -70 -9999    70    20     8 -9999 -9999
1976 02 14 06   -30   -60 -9999    90    30     8 -9999    -1
1976 02 14 09   -10   -70 -9999    20    20     8 -9999 -9999
1976 02 14 12   -20   -80 -9999    70    50     6 -9999    -1
1976 02 15 00   -60   -60 -9999     0     0     8 -9999    20
1976 02 15 03   -50   -60 -9999    20    20     8 -9999 -9999
1976 02 15 06   -40   -60 -9999    40    20     7 -9999    20
1976 02 15 09   -20   -60 -9999     0     0     6 -9999 -9999
1976 02 15 12   -40   -70 -9999   200    20     8 -9999    -1
1976 02 15 18   -60   -90 -9999   220    30     8 -9999 -9999
1976 02 15 21   -90  -110 -9999   220    30     8 -9999 -9999
1976 02 16 00  -110  -130 -9999   220    40     1 -9999 -9999
1976 02 16 03  -100  -160 -9999   220    60     3 -9999 -9999
1976 02 16 06   -20  -200 -9999   220    40     6 -9999 -9999
1976 02 16 09   -40   -80 -9999    70    50     7 -9999 -9999
1976 02 16 12   -40   -80 -9999    70    40     7 -9999 -9999
1976 02 16 18     0   -20 -9999    40    30     8 -9999    -1
1976 02 16 21   -60   -60 -9999    40    20     8 -9999 -9999
1976 02 17 00   -60   -70 -9999     0     0     7 -9999    10
1976 02 17 03   -70   -90 -9999   220    50     7 -9999 -9999
1976 02 17 06   -40   -90 -9999   200    10     6 -9999    -1
1976 02 17 09   -30   -60 -9999    70    20     7 -9999 -9999
1976 02 17 12   -50   -70 -9999    40    20     7 -9999    -1
1976 02 17 18   -60   -80 -9999   200    20     8 -9999    -1
1976 02 17 21   -60   -80 -9999 -9999 -9999     8 -9999 -9999
1976 02 18 00   -80  -110 -9999   220    50     6 -9999    -1
1976 02 18 03   -80  -120 -9999   220    50     2 -9999 -9999
1976 02 18 06   -40  -120 -9999   220    40     2 -9999 -9999
1976 02 18 12   -50   -90 -9999    20    30     7 -9999 -9999
1976 02 18 18   -80  -110 -9999   220    20     8 -9999    -1
1976 02 18 21   -70  -120 -9999   220    50     8 -9999 -9999
1976 02 19 00   -60  -110 -9999   220    40     1 -9999    -1
1976 02 19 03   -90  -130 -9999   270    40     7 -9999 -9999
1976 02 19 06   -50  -110 -9999   250    40     7 -9999 -9999
1976 02 19 09   -30  -120 -9999    40    40     7 -9999 -9999
1976 02 19 12   -30   -80 -9999    70    40     7 -9999 -9999
1976 02 19 18   -50   -80 -9999    20    20     8 -9999    -1
1976 02 19 21   -50   -90 -9999   220    40     8 -9999 -9999
1976 02 20 00   -50 -9999 -9999 -9999 -9999     8 -9999    -1
1976 02 20 03   -50  -180 -9999   220    50     7 -9999 -9999
1976 02 20 06   -40   -60 -9999    70    50     7 -9999    -1
1976 02 20 09   -30  -100 -9999    40    30     7 -9999 -9999
1976 02 20 12   -30   -60 -9999     0     0     8 -9999    -1
1976 02 20 18   -70   -90 -9999     0     0     8 -9999 -9999
1976 02 20 21   -70   -90 -9999   220    40     7 -9999 -9999
1976 02 21 00   -60  -120 -9999   200    40     7 -9999    -1
1976 02 21 06   -40  -130 -9999     0     0     8 -9999 -9999
1976 02 21 12   -40   -60 -9999    70    20     8 -9999    -1
1976 02 21 18   -90  -110 -9999   200    20     5 -9999 -9999
1976 02 21 21   -90  -130 -9999   250    20     7 -9999 -9999
1976 02 22 00  -100  -130 -9999   200    40     6 -9999 -9999
1976 02 22 03   -80  -110 -9999     0     0     7 -9999 -9999
1976 02 22 06   -10  -150 -9999   180    50     8 -9999 -9999
1976 02 22 09   -30   -90 -9999    70    40     8 -9999 -9999
1976 02 22 12   -50   -90 -9999    20    30     5 -9999 -9999
1976 02 22 18   -70  -100 -9999   250    30     2 -9999 -9999
1976 02 22 21   -90  -140 -9999   220    50     1 -9999 -9999
1976 02 23 00  -120  -220 -9999   220    80     0 -9999 -9999
1976 02 23 03  -120  -220 -9999   220    50     1 -9999 -9999
1976 02 23 06   -40  -240 -9999   360    20     4 -9999 -9999
1976 02 23 09   -40  -120 -9999   170    50     3 -9999 -9999
1976 02 23 12   -40   -80 -9999    40    30     1 -9999 -9999
1976 02 23 18   -80  -130 -9999   220    30     3 -9999    -1
1976 02 23 21  -120  -150 -9999   220    60     2 -9999 -9999
1976 02 24 00  -130  -160 -9999   270    50     1 -9999    -1
1976 02 24 03  -120  -160 -9999   250    30     6 -9999 -9999
1976 02 24 09   -40   -90 -9999    70    50     6 -9999 -9999
1976 02 24 12   -50   -90 -9999    70    30     7 -9999    -1
1976 02 24 18   -90   -90 -9999   220    20     2 -9999    -1
1976 02 24 21   -60   -90 -9999   260    30     6 -9999 -9999
1976 02 25 00   -50  -110 -9999    40    20     6 -9999 -9999
1976 02 25 03   -80  -110 -9999    70    20     8 -9999 -9999
1976 02 25 06   -30  -100 -9999 -9999 -9999     7 -9999 -9999
1976 02 25 09    10  -130 -9999   250    30     8 -9999 -9999
1976 02 25 12     0  -140 -9999   340    60     8 -9999 -9999
1976 02 25 18   -50  -180 -9999   200    40     8 -9999 -9999
1976 02 26 00   -70   -80 -9999   200    20     6 -9999    -1
1976 02 26 03   -70   -90 -9999     0     0     8 -9999 -9999
1976 02 26 06   -60   -90 -9999     0     0     8 -9999    20
1976 02 26 09   -50   -90 -9999    70    70     8 -9999 -9999
1976 02 26 12   -60   -70 -9999    70   170     8 -9999     5
1976 02 26 18   -70   -80 -9999    40    80     8 -9999    10
1976 02 26 21   -70  -100 -9999    40    50     8 -9999 -9999
1976 02 27 00   -90  -100 -9999    70    30     8 -9999     2
1976 02 27 03  -100  -110 -9999     0     0     3 -9999 -9999
1976 02 27 06   -50   -80 -9999    70    10     1 -9999     2
1976 02 27 09   -60  -100 -9999    70    40     2 -9999 -9999
1976 02 27 12   -80   -90 -9999    70    20     5 -9999    -1
1976 02 27 18  -120  -130 -9999   250    20     5 -9999    -1
1976 02 27 21  -120  -150 -9999   220    40     6 -9999 -9999
1976 02 28 00  -160  -190 -9999   220    50     2 -9999    -1
1976 02 28 03  -160  -200 -9999   200    30     0 -9999 -9999
1976 02 28 06   -80  -210 -9999   220    40     0 -9999 -9999
1976 02 28 09   -70  -140 -9999    70    30     2 -9999 -9999
1976 02 28 12   -90  -140 -9999    40    30     1 -9999 -9999
1976 02 28 18  -130  -160 -9999   220    50     1 -9999 -9999
1976 02 29 09  -100  -180 -9999   220    50     1 -9999 -9999
1976 02 29 12   -80  -140 -9999    40    20     7 -9999 -9999
1976 02 29 18  -130  -160 -9999   250    40     0 -9999 -9999
1976 02 29 21  -150  -180 -9999   220    30     2 -9999 -9999
1976 03 01 03  -130  -170 -9999   250    30     4 -9999 -9999
1976 03 01 09   -50  -130 -9999    70    50     1 -9999 -9999
1976 03 01 18  -110  -140 -9999   250    30     2 -9999    -1
1976 03 01 21  -120  -140 -9999   220    20     1 -9999 -9999
1976 03 02 00  -110  -140 -9999   220    50     2 -9999 -9999
1976 03 02 03  -120  -160 -9999   210    40     0 -9999 -9999
1976 03 02 06   -50  -120 -9999   220    20     1 -9999 -9999
1976 03 02 09   -30  -100 -9999    70    50     1 -9999 -9999
1976 03 02 12   -40   -90 -9999    70    30     2 -9999 -9999
1976 03 02 18  -100  -130 -9999   250    30     0 -9999 -9999
1976 03 02 21  -110  -140 -9999   220    50     0 -9999 -9999
1976 03 03 00  -100  -120 -9999   220    40     2 -9999 -9999
1976 03 03 03   -60  -120 -9999   220    30     7 -9999 -9999
1976 03 03 06   -30  -100 -9999   220    40     8 -9999 -9999
1976 03 03 09   -10   -90 -9999    40    30     7 -9999 -9999
1976 03 03 12   -20   -70 -9999   110    20     7 -9999 -9999
1976 03 03 18   -50   -70 -9999   360    20     8 -9999 -9999
1976 03 03 21   -50   -90 -9999   250    10     8 -9999 -9999
1976 03 04 00   -50   -90 -9999   220    60     2 -9999 -9999
1976 03 04 03   -40   -70 -9999   250    30     8 -9999 -9999
1976 03 04 06    20   -80 -9999   220    40     7 -9999 -9999
1976 03 04 09    20   -60 -9999    70    30     5 -9999 -9999
1976 03 04 12     0   -60 -9999    70    70     3 -9999 -9999
1976 03 04 21   -40   -70 -9999   220    30     8 -9999 -9999
1976 03 05 00   -50   -70 -9999   220    10     7 -9999 -9999
1976 03 05 03   -40   -90 -9999   200    30     2 -9999 -9999
1976 03 05 06    10   -90 -9999    90    40     1 -9999 -9999
1976 03 05 09    30   -80 -9999    40    40     6 -9999 -9999
1976 03 05 12    20   -40 -9999    70    70     6 -9999 -9999
1976 03 05 18   -30   -60 -9999   220    20     0 -9999 -9999
1976 03 05 21   -50  -110 -9999   220    30     0 -9999 -9999
1976 03 06 00   -50  -160 -9999   200    50     0 -9999 -9999
1976 03 06 03   -30  -180 -9999   200    60     0 -9999 -9999
1976 03 06 06    10  -170 -9999   220    50     1 -9999 -9999
1976 03 06 09    40  -160 -9999    70   100     1 -9999 -9999
1976 03 06 18   -40   -70 -9999   200    20     1 -9999 -9999
1976 03 06 21   -40   -80 -9999   250    30     1 -9999 -9999
1976 03 07 00   -80  -110 -9999   250    40     1 -9999 -9999
1976 03 07 03   -60  -130 -9999   250    60     2 -9999 -9999
1976 03 07 06    30  -160 -9999   200    10     2 -9999 -9999
1976 03 07 09    20   -60 -9999    70    60     7 -9999 -9999
1976 03 07 12    10   -60 -9999    70    50     7 -9999 -9999
1976 03 07 18   -40   -70 -9999   220    20     2 -9999 -9999
1976 03 07 21   -50 -9999 -9999   250    20     2 -9999 -9999
1976 03 08 00   -60   -90 -9999   220    30     2 -9999 -9999
1976 03 08 03   -40  -190 -9999   200    10     6 -9999 -9999
1976 03 08 06 -9999 -9999 -9999    40    50     6 -9999 -9999
1976 03 08 09    20   -50 -9999    70    60     3 -9999 -9999
1976 03 08 12    10   -50 -9999    40    40     7 -9999 -9999
1976 03 08 18   -40   -50 -9999   220    20     0 -9999 -9999
1976 03 08 21   -50   -60 -9999     0     0     3 -9999 -9999
1976 03 09 00   -40   -70 -9999   250    50     3 -9999 -9999
1976 03 09 03   -30   -50 -9999    40    30     1 -9999 -9999
1976 03 09 06     0   -50 -9999    90    60     7 -9999 -9999
1976 03 09 09    10   -60 -9999    90    20     7 -9999 -9999
1976 03 09 12    10   -50 -9999    70    40     8 -9999 -9999
1976 03 09 21   -20   -50 -9999   250    40     7 -9999 -9999
1976 03 10 00   -30   -40 -9999     0     0     7 -9999    -1
1976 03 10 06   -20   -30 -9999    40    30     8 -9999    10
1976 03 10 09   -10   -40 -9999    40    60     8 -9999 -9999
1976 03 10 12   -20   -40 -9999    70    50     7 -9999    20
1976 03 10 18   -80 -9999 -9999    30   180 -9999 -9999     2
1976 03 11 00   -40   -70 -9999   220    20     3 -9999 -9999
1976 03 11 06   -10   -80 -9999   220    30     7 -9999    -1
1976 03 11 09    20   -60 -9999     0     0     1 -9999 -9999
1976 03 11 12 -9999 -9999 -9999    70    30     7 -9999 -9999
1976 03 11 18   -20   -40 -9999    40    20     8 -9999 -9999
1976 03 11 21   -20   -70 -9999   250    30     0 -9999 -9999
1976 03 12 00   -40   -90 -9999   220    50     1 -9999 -9999
1976 03 12 03   -50  -100 -9999   250    30     0 -9999 -9999
1976 03 12 06    10  -100 -9999     0     0     1 -9999 -9999
1976 03 12 09    20   -80 -9999    70    10     1 -9999 -9999
1976 03 12 12    20   -60 -9999 -9999 -9999     7 -9999 -9999
1976 03 12 18   -20   -50 -9999     0     0     0 -9999 -9999
1976 03 12 21   -30   -70 -9999   220    20     0 -9999 -9999
1976 03 13 00   -30   -90 -9999   220    60     0 -9999 -9999
1976 03 13 06    30  -100 -9999     0     0     6 -9999 -9999
1976 03 13 09    50   -50 -9999    40    50     6 -9999 -9999
1976 03 13 12    30   -40 -9999    70    30     7 -9999 -9999
1976 03 13 18    10   -50 -9999    40    40     8 -9999    -1
1976 03 13 21   -10   -30 -9999     0     0     8 -9999 -9999
1976 03 14 00   -20   -30 -9999     0     0     6 -9999    -1
1976 03 14 03   -20   -30 -9999     0     0     7 -9999 -9999
1976 03 14 06    40   -40 -9999   220    20     5 -9999    -1
1976 03 14 09    60   -40 -9999    70    30     2 -9999 -9999
1976 03 14 12    50   -30 -9999    70    50     7 -9999 -9999
1976 03 14 18     0   -30 -9999     0     0     7 -9999 -9999
1976 03 14 21   -10   -30 -9999   250    20     5 -9999 -9999
1976 03 15 00   -10   -40 -9999   220    30     7 -9999 -9999
1976 03 15 03     0   -40 -9999     0     0     7 -9999 -9999
1976 03 15 06    60   -50 -9999   220    20     1 -9999 -9999
1976 03 15 12    80   -20 -9999    90    50     2 -9999 -9999
1976 03 15 18    40   -80 -9999   250    40     7 -9999 -9999
1976 03 15 21    10   -40 -9999     0     0     7 -9999 -9999
1976 03 16 00    20   -70 -9999   220    30     7 -9999 -9999
1976 03 16 06    80  -110 -9999   220    50     7 -9999 -9999
1976 03 16 09   100  -120 -9999    70    30     7 -9999 -9999
1976 03 16 12    70   -80 -9999    70    70     7 -9999 -9999
1976 03 16 18    20   -20 -9999   140    40     8 -9999    -1
1976 03 16 21     0   -10 -9999   110    20     8 -9999 -9999
1976 03 17 00     0   -20 -9999    20    20     8 -9999    20
1976 03 17 03     0   -40 -9999 -9999 -9999     8 -9999 -9999
1976 03 17 06   -10   -40 -9999   360    30     8 -9999 -9999
1976 03 17 12    10   -70 -9999    90    20     8 -9999 -9999
1976 03 18 00   -40   -40 -9999    40    40     8 -9999    10
1976 03 18 06   -20   -30 -9999    70    40     7 -9999    10
1976 03 18 09    10   -50 -9999    70    10     6 -9999 -9999
1976 03 18 12    10   -10 -9999    70    20     7 -9999    -1
1976 03 18 18   -20   -40 -9999    40    20     8 -9999    -1
1976 03 18 21   -20   -40 -9999     0     0     7 -9999 -9999
1976 03 19 00   -40   -50 -9999   250    20     4 -9999    -1
1976 03 19 03   -20   -50 -9999    40    10     0 -9999 -9999
1976 03 19 06    10   -40 -9999    20    20     2 -9999 -9999
1976 03 19 09    30   -30 -9999   110    30     4 -9999 -9999
1976 03 19 12    30   -50 -9999    70    30     7 -9999 -9999
1976 03 19 18     0   -40 -9999    70    20     7 -9999 -9999
1976 03 19 21   -10   -50 -9999     0     0     7 -9999 -9999
1976 03 20 00   -20   -40 -9999     0     0     0 -9999    50
1976 03 20 03   -10   -40 -9999    90    20     7 -9999 -9999
1976 03 20 06    10   -20 -9999    70    20     8 -9999 -9999
1976 03 20 09     0   -10 -9999   360    20     7 -9999 -9999
1976 03 20 12    30   -40 -9999   200    20     7 -9999    -1
1976 03 21 00   -10   -20 -9999     0     0     8 -9999 -9999
1976 03 21 03   -10   -50 -9999   250    10     6 -9999 -9999
1976 03 21 06    40   -70 -9999     0     0     6 -9999 -9999
1976 03 21 09    60   -90 -9999    70    20     1 -9999 -9999
1976 03 21 12    70   -60 -9999    90    30     2 -9999 -9999
1976 03 21 21     0   -60 -9999   200    50     0 -9999 -9999
1976 03 22 00     0   -80 -9999   220    60     1 -9999 -9999
1976 03 22 03    20  -160 -9999   220    30     1 -9999 -9999
1976 03 22 06    70  -170 -9999   220    20     1 -9999 -9999
1976 03 22 09   100  -130 -9999    40    10     1 -9999 -9999
1976 03 22 12    70   -60 -9999    70    70     5 -9999 -9999
1976 03 22 18    10   -50 -9999   220    50     2 -9999 -9999
1976 03 22 21     0   -50 -9999   140    20     1 -9999 -9999
1976 03 23 00    30  -120 -9999   200    50     1 -9999 -9999
1976 03 23 06   110  -170 -9999   220    50     7 -9999   100
1976 03 23 09   160  -140 -9999   200    50     7 -9999 -9999
1976 03 23 18    50   -20 -9999   290    30     3 -9999 -9999
1976 03 23 21    60  -140 -9999   250    40     3 -9999 -9999
1976 03 24 00    40   -90 -9999   200    30     7 -9999 -9999
1976 03 24 06   100  -100 -9999   220    20     7 -9999 -9999
1976 03 24 09    70   -60 -9999    70    80     7 -9999 -9999
1976 03 24 18    20   -80 -9999    20    80     7 -9999 -9999
1976 03 24 21    10   -90 -9999    70    30     7 -9999 -9999
1976 03 25 06    50   -40 -9999    70    20     7 -9999 -9999
1976 03 25 09    60  -100 -9999    70    60     8 -9999 -9999
1976 03 25 12    40   -80 -9999    20    30     7 -9999 -9999
1976 03 25 18   100   -70 -9999   250    50     0 -9999 -9999
1976 03 25 21   -10   -50 -9999     0     0     2 -9999 -9999
1976 03 26 00   -20   -70 -9999   220    30     0 -9999 -9999
1976 03 26 03    40   -90 -9999   220    40     2 -9999 -9999
1976 03 26 06   100  -150 -9999    70    20     2 -9999 -9999
1976 03 26 09   120  -140 -9999     0     0     5 -9999 -9999
1976 03 26 12   110  -140 -9999   220    50     7 -9999 -9999
1976 03 27 03    30   -70 -9999   220    20     7 -9999 -9999
1976 03 27 06    90  -150 -9999   180    20     7 -9999 -9999
1976 03 27 12    40  -210 -9999    40    80     7 -9999 -9999
1976 03 27 18     0  -160 -9999    70    70     8 -9999 -9999
1976 03 27 21   -20  -180 -9999    70    50     8 -9999 -9999
1976 03 28 00   -30  -200 -9999    40    20     8 -9999 -9999
1976 03 28 09   -20  -190 -9999    40    50     9 -9999 -9999
1976 03 28 12   -30  -150 -9999    70    60     0 -9999 -9999
1976 03 28 18   -40  -200 -9999     0     0     9 -9999 -9999
1976 03 28 21   -50  -240 -9999     0     0     9 -9999 -9999
1976 03 29 00   -50  -170 -9999     0     0     9 -9999 -9999
1976 03 29 03   -40  -220 -9999 -9999 -9999     9 -9999 -9999
1976 03 29 06   -20  -160 -9999    40    30     9 -9999 -9999
1976 03 29 09    10  -190 -9999    70    50     9 -9999 -9999
1976 03 29 12   -10  -130 -9999    70    60     9 -9999 -9999
1976 03 29 18   -40  -110 -9999     0     0     9 -9999 -9999
1976 03 29 21   -30  -160 -9999   220    20     9 -9999 -9999
1976 03 30 00     0  -130 -9999   250    30     5 -9999 -9999
1976 03 30 03   -20  -150 -9999    90    20     9 -9999 -9999
1976 03 30 06    10  -160 -9999 -9999 -9999 -9999 -9999 -9999
1976 03 30 09    30  -170 -9999    40    60     9 -9999 -9999
1976 03 30 12    20  -160 -9999    70    40     9 -9999 -9999
1976 03 30 18   -20  -130 -9999    70    20     7 -9999 -9999
1976 03 30 21   -20   -70 -9999   250    20     7 -9999 -9999
1976 03 31 00   -30  -120 -9999   110    30     7 -9999 -9999
1976 03 31 03   -10  -130 -9999   270    30     7 -9999 -9999
1976 03 31 06    20  -110 -9999     0     0     7 -9999 -9999
1976 03 31 09    40  -110 -9999    40    20     7 -9999 -9999
1976 03 31 12    30  -120 -9999    70    40     7 -9999 -9999
1976 03 31 18 -9999 -9999 -9999    40    20     0 -9999 -9999
1976 03 31 21   -30   -90 -9999   220    30     0 -9999 -9999
1976 04 01 00   -30   -90 -9999   220    50     0 -9999 -9999
1976 04 01 03    10  -110 -9999   200    50     6 -9999 -9999
1976 04 01 06    70  -170 -9999   180    30     0 -9999 -9999
1976 04 01 09    70  -110 -9999    70    60     7 -9999 -9999
1976 04 01 12    50   -90 -9999    70    50     2 -9999 -9999
1976 04 01 18     0   -60 -9999   220    20     3 -9999 -9999
1976 04 01 21   -20   -70 -9999   220    20     3 -9999 -9999
1976 04 02 00   -10   -90 -9999   250    50     1 -9999 -9999
1976 04 02 03    30  -100 -9999   250    30     0 -9999 -9999
1976 04 02 06    70  -100 -9999    70    70     0 -9999 -9999
1976 04 02 09    90  -110 -9999    70    50     0 -9999 -9999
1976 04 02 12    80   -90 -9999    50    50     0 -9999 -9999
1976 04 02 18    30   -50 -9999     0     0     2 -9999 -9999
1976 04 02 21    30   -80 -9999   220    60     2 -9999 -9999
1976 04 03 00    30   -40 -9999   220    60     2 -9999 -9999
1976 04 03 03    60   -40 -9999   220    30     1 -9999 -9999
1976 04 03 06   120   -50 -9999     0     0     3 -9999 -9999
1976 04 03 09   120   -80 -9999    70    70     6 -9999 -9999
1976 04 03 12    90   -80 -9999    70    70     7 -9999 -9999
1976 04 03 18    40   -40 -9999     0     0     7 -9999 -9999
1976 04 03 21    40   -40 -9999     0     0     8 -9999 -9999
1976 04 04 00    50   -50 -9999   250    40     8 -9999 -9999
1976 04 04 06    90   -70 -9999   220    50     8 -9999 -9999
1976 04 04 09    70   -70 -9999    20    80     8 -9999 -9999
1976 04 04 12    70   -30 -9999   360    10     8 -9999 -9999
1976 04 04 18    40  -120 -9999   220    40     7 -9999 -9999
1976 04 04 21    30  -140 -9999   220    30     7 -9999 -9999
1976 04 05 03    40  -250 -9999   180    30     5 -9999 -9999
1976 04 05 06    60  -280 -9999   270    60     5 -9999 -9999
1976 04 05 09    90  -350 -9999   360    80     2 -9999 -9999
1976 04 05 12    80  -250 -9999   290    60     7 -9999 -9999
1976 04 05 18    40  -160 -9999   200    70     2 -9999 -9999
1976 04 05 21    10  -160 -9999   260    50     0 -9999 -9999
1976 04 06 00   -10  -160 -9999   220    30     0 -9999 -9999
1976 04 06 03    30   -60 -9999   220    40     0 -9999 -9999
1976 04 06 06    80  -180 -9999    20    20     1 -9999 -9999
1976 04 06 09   100  -150 -9999    40    60     2 -9999 -9999
1976 04 06 12    90  -110 -9999    70    40     7 -9999 -9999
1976 04 06 21     0   -80 -9999   220    40     2 -9999 -9999
1976 04 07 00    10   -90 -9999   220    50     2 -9999 -9999
1976 04 07 03    40   -50 -9999   200    50     7 -9999 -9999
1976 04 07 06    90  -130 -9999   180    60     7 -9999 -9999
1976 04 07 09   120  -120 -9999     0     0     7 -9999 -9999
1976 04 07 12   110  -120 -9999    70    80     7 -9999 -9999
1976 04 07 18    30   -60 -9999   220    10     0 -9999 -9999
1976 04 07 21    30   -20 -9999   220    50     0 -9999 -9999
1976 04 08 03    60  -130 -9999   220    70     2 -9999 -9999
1976 04 08 06   120  -150 -9999 -9999 -9999     0 -9999 -9999
1976 04 08 09   150 -9999 -9999   140    20     1 -9999 -9999
1976 04 08 12   150  -190 -9999   320    50     1 -9999 -9999
1976 04 08 18    30   -40 -9999   250    40     3 -9999 -9999
1976 04 08 21 -9999 -9999 -9999   250    40     3 -9999 -9999
1976 04 09 03    70  -180 -9999   200    60     3 -9999 -9999
1976 04 09 06   140  -230 -9999   220    40     2 -9999 -9999
1976 04 09 09   180  -190 -9999   200    20     2 -9999 -9999
1976 04 09 12   150  -160 -9999    40    70     6 -9999 -9999
1976 04 09 18    50   -80 -9999     0     0     4 -9999 -9999
1976 04 09 21    40  -100 -9999   220    60     2 -9999 -9999
1976 04 10 00     0  -110 -9999    70    50     0 -9999 -9999
1976 04 10 06    90  -140 -9999    40    30     7 -9999 -9999
1976 04 10 09   100  -160 -9999    40    60     6 -9999 -9999
1976 04 10 12    80  -130 -9999 -9999 -9999     6 -9999 -9999
1976 04 11 00    20   -40 -9999     0     0     7 -9999 -9999
1976 04 11 03    40   -80 -9999    70    20     7 -9999 -9999
1976 04 11 06    70   -90 -9999    70    40     7 -9999 -9999
1976 04 11 09   100  -110 -9999    70    60     7 -9999 -9999
1976 04 11 12    90  -100 -9999    70    50     7 -9999 -9999
1976 04 11 18    30   -70 -9999   360    20     6 -9999 -9999
1976 04 12 03    40   -70 -9999   220    10     7 -9999 -9999
1976 04 12 06    90  -130 -9999    90    30     7 -9999 -9999
1976 04 12 09   110  -120 -9999    40    40     7 -9999 -9999
1976 04 12 12   110  -110 -9999   250    30     7 -9999 -9999
1976 04 12 18   100   -40 -9999     0     0     0 -9999 -9999
1976 04 12 21    50   -20 -9999     0     0     7 -9999 -9999
1976 04 13 00    50   -50 -9999   220    50     7 -9999 -9999
1976 04 13 03    70   -90 -9999   220    40     2 -9999 -9999
1976 04 13 06   130  -130 -9999   250    30     2 -9999 -9999
1976 04 13 09   150  -180 -9999   200    50     6 -9999 -9999
1976 04 13 12   130  -110 -9999   220    40     8 -9999 -9999
1976 04 13 18    50   -70 -9999   250    20     2 -9999 -9999
1976 04 13 21    30   -70 -9999   250    70     2 -9999 -9999
1976 04 14 00 -9999 -9999 -9999   220    40     2 -9999 -9999
1976 04 14 06   150  -120 -9999    70    10     5 -9999 -9999
1976 04 14 09   180  -160 -9999   260    80     6 -9999 -9999
1976 04 14 12   240  -130 -9999   250    60     7 -9999 -9999
1976 04 14 18    60   -90 -9999   220    30     2 -9999 -9999
1976 04 14 21    70  -100 -9999   220    40     2 -9999 -9999
1976 04 15 00    70   -90 -9999   200    50     7 -9999 -9999
1976 04 15 03   120   -50 -9999   250    50     7 -9999 -9999
1976 04 15 06   170   -70 -9999   220   100     2 -9999 -9999
1976 04 15 09   170   -90 -9999   250    70     7 -9999 -9999
1976 04 15 12   140   -60 -9999   270    60     6 -9999 -9999
1976 04 16 03   100  -120 -9999   220    30     7 -9999 -9999
1976 04 16 06   160   -90 -9999   180    20     7 -9999 -9999
1976 04 16 09   150  -190 -9999    70    70     7 -9999 -9999
1976 04 16 12   130  -140 -9999 -9999 -9999     7 -9999 -9999
1976 04 16 18    80   -90 -9999   220    10     7 -9999 -9999
1976 04 16 21    70   -90 -9999   220    20     7 -9999 -9999
1976 04 17 00    70   -40 -9999     0     0     7 -9999 -9999
1976 04 17 03   100   -50 -9999     0     0     5 -9999 -9999
1976 04 17 06   150   -80 -9999   220    70     6 -9999 -9999
1976 04 17 09   140  -100 -9999    70    60     7 -9999 -9999
1976 04 17 12   120   -90 -9999    70    60     7 -9999 -9999
1976 04 17 18    80   -80 -9999   200    40     0 -9999 -9999
1976 04 17 21    50   -70 -9999   220    50     7 -9999 -9999
1976 04 18 00    60   -90 -9999   220    60     5 -9999 -9999
1976 04 18 03   110   -50 -9999   220    60     6 -9999 -9999
1976 04 18 06   180   -60 -9999   220    60     5 -9999 -9999
1976 04 18 09   160   -80 -9999    70    80     8 -9999 -9999
1976 04 18 12   170   -80 -9999    20    40     7 -9999 -9999
1976 04 18 21    80     0 -9999   250    50     7 -9999 -9999
1976 04 19 00    60    50 -9999   250    30     6 -9999 -9999
1976 04 19 03   150   -10 -9999   250    30     7 -9999 -9999
1976 04 19 06   210   -50 -9999   180    20     6 -9999 -9999
1976 04 19 09   230   -70 -9999   220    70     6 -9999 -9999
1976 04 19 12   220   -70 -9999    40    70     6 -9999 -9999
1976 04 19 18   140   -90 -9999   220    50     2 -9999 -9999
1976 04 19 21   100   -60 -9999   200    30     7 -9999 -9999
1976 04 20 00   100  -100 -9999   220    50     3 -9999 -9999
1976 04 20 03   140   -70 -9999   210    30     1 -9999 -9999
1976 04 20 06   220  -110 -9999   220    30     1 -9999 -9999
1976 04 20 09   240 -9999 -9999   250   160     1 -9999 -9999
1976 04 20 12   210  -170 -9999   250    80     2 -9999 -9999
1976 04 20 18 -9999 -9999 -9999   200    10     0 -9999 -9999
1976 04 21 00    40   -50 -9999    70    60     1 -9999 -9999
1976 04 21 03    80   -80 -9999   360    30     9 -9999 -9999
1976 04 21 06   120   -90 -9999    70    50     9 -9999 -9999
1976 04 21 09   130   -90 -9999    70    90     9 -9999 -9999
1976 04 21 12   100  -150 -9999    70    60     9 -9999 -9999
1976 04 21 18    80  -100 -9999    20    20     9 -9999 -9999
1976 04 21 21    80  -100 -9999   220    20     1 -9999 -9999
1976 04 22 00    80  -110 -9999   270    20     9 -9999 -9999
1976 04 22 03    90  -100 -9999     0     0     9 -9999 -9999
1976 04 22 06   120  -150 -9999    70    20     9 -9999 -9999
1976 04 22 09   140  -110 -9999    70    60     9 -9999 -9999
1976 04 22 12   120  -100 -9999    70    50     9 -9999 -9999
1976 04 22 18    80   -50 -9999     0     0     9 -9999 -9999
1976 04 22 21    70   -80 -9999   220    20     0 -9999 -9999
1976 04 23 00    60   -80 -9999   220    20     1 -9999 -9999
1976 04 23 03    90   -70 -9999     0     0     9 -9999 -9999
1976 04 23 06   130   -90 -9999    70    40     9 -9999 -9999
1976 04 23 12   150   -80 -9999    70    60     9 -9999 -9999
1976 04 23 21   100  -100 -9999   220    50     0 -9999 -9999
1976 04 24 00    70   -90 -9999   220    80     2 -9999 -9999
1976 04 24 03   120   -70 -9999   270    50     1 -9999 -9999
1976 04 24 06   190   -90 -9999    70    50     0 -9999 -9999
1976 04 24 09   220  -130 -9999    70    70     0 -9999 -9999
1976 04 24 12   200  -110 -9999    70    60     0 -9999 -9999
1976 04 25 03   160    10 -9999   220    30     7 -9999 -9999
1976 04 25 06   210     0 -9999     0     0     7 -9999 -9999
1976 04 25 09   220  -100 -9999    90    40     7 -9999 -9999
1976 04 25 12   210  -120 -9999    20    50     2 -9999    -1
1976 04 26 03   140   -60 -9999   200    50     7 -9999 -9999
1976 04 26 06 -9999   -60 -9999   200    10     1 -9999 -9999
1976 04 26 09   230 -9999 -9999   220    40     2 -9999 -9999
1976 04 26 12   210   -90 -9999    70    60     3 -9999 -9999
1976 04 26 18   110     0 -9999   220    30     0 -9999 -9999
1976 04 26 21   110   -90 -9999   220    50     0 -9999 -9999
1976 04 27 00   100  -120 -9999   220    60     1 -9999 -9999
1976 04 27 03   140   -90 -9999   220    40     0 -9999 -9999
1976 04 27 06   240 -9999 -9999    70    30     0 -9999 -9999
1976 04 27 09   210   -80 -9999    40    80     0 -9999 -9999
1976 04 27 12   180   -60 -9999    70    70     1 -9999 -9999
1976 04 27 18   120   -50 -9999    70   100     8 -9999 -9999
1976 04 28 00    90   -90 -9999 -9999 -9999     0 -9999 -9999
1976 04 28 06   110   -90 -9999    90    50     9 -9999 -9999
1976 04 28 09   140   -80 -9999    70    40     9 -9999 -9999
1976 04 28 12   130   -80 -9999    70    50     9 -9999 -9999
1976 04 29 06   140  -110 -9999    70    30     7 -9999 -9999
1976 04 29 09   170  -100 -9999    40    30     7 -9999 -9999
1976 04 29 12   140  -100 -9999    70    60     7 -9999 -9999
1976 04 29 18    80   -40 -9999     0     0     7 -9999 -9999
1976 04 29 21    80   -70 -9999   220 -9999     6 -9999 -9999
1976 04 30 00    60   -60 -9999   220    50     7 -9999 -9999
1976 04 30 03   110   -70 -9999   250    30     7 -9999 -9999
1976 04 30 06   150   -90 -9999    40    50     8 -9999 -9999
1976 04 30 09   170   -90 -9999    70    60     7 -9999 -9999
1976 04 30 12   160   -90 -9999    70    80     8 -9999 -9999
1976 05 01 00    60  -180 -9999   220    30     7 -9999 -9999
1976 05 01 06   160   -90 -9999    40    30     7 -9999 -9999
1976 05 01 09   180   -90 -9999    70    30     7 -9999 -9999
1976 05 01 12   170   -90 -9999    70    60     7 -9999 -9999
1976 05 01 18   110   -10 -9999     0     0     7 -9999 -9999
1976 05 02 00    80   -40 -9999   220    20     7 -9999 -9999
1976 05 02 03   120   -60 -9999   220    30     7 -9999 -9999
1976 05 02 06   180   -90 -9999     0     0     7 -9999 -9999
1976 05 02 09   170   -70 -9999   250    30     7 -9999 -9999
1976 05 02 12   160   -40 -9999   220    40     8 -9999 -9999
1976 05 02 18 -9999 -9999 -9999   220    30     8 -9999 -9999
1976 05 02 21   130     0 -9999   320    80     8 -9999 -9999
1976 05 03 00   100   -20 -9999   220    30     7 -9999 -9999
1976 05 03 03   130   -20 -9999   220    50     8 -9999 -9999
1976 05 03 06   160   -20 -9999     0     0     8 -9999 -9999
1976 05 03 09    60   -30 -9999   270    60     8 -9999 -9999
1976 05 03 12   160   -10 -9999   250    20     7 -9999    -1
1976 05 03 18    20     0 -9999   250    20     7 -9999 -9999
1976 05 03 21   110   -20 -9999 -9999 -9999     8 -9999 -9999
1976 05 04 00    90   -20 -9999   220    40     7 -9999 -9999
1976 05 04 03   130   -30 -9999   220    30     7 -9999 -9999
1976 05 04 06   170   -70 -9999   360    70     7 -9999 -9999
1976 05 04 09   180   -90 -9999    70    70     7 -9999 -9999
1976 05 04 12   180   -70 -9999    20    10     7 -9999 -9999
1976 05 04 18   100   -10 -9999     0     0     2 -9999 -9999
1976 05 04 21    80   -20 -9999   270    30     2 -9999 -9999
1976 05 05 00    70   -30 -9999   270    10     6 -9999 -9999
1976 05 05 03   140   -70 -9999   220    20     7 -9999 -9999
1976 05 05 06   180   -40 -9999   250    30     7 -9999 -9999
1976 05 05 09   180   -60 -9999   250    80     7 -9999 -9999
1976 05 05 12   180   -40 -9999   250    40     7 -9999 -9999
1976 05 05 18   110   -20 -9999   220    30     7 -9999 -9999
1976 05 05 21   110   -10 -9999    20    40     5 -9999 -9999
1976 05 06 00   100   -20 -9999   220    40     1 -9999 -9999
1976 05 06 06 -9999 -9999 -9999   180    50     5 -9999 -9999
1976 05 06 09   170   -70 -9999    40    40     7 -9999 -9999
1976 05 06 12   170   -40 -9999   250    30     7 -9999 -9999
1976 05 06 18   110   -50 -9999   220    50     7 -9999 -9999
1976 05 07 00    50   -40 -9999   250    30     7 -9999 -9999
1976 05 07 06   190   -60 -9999     0     0     7 -9999 -9999
1976 05 07 09   150   -10 -9999   320    80     8 -9999 -9999
1976 05 07 12   120    20 -9999   340    40     8 -9999    -1
1976 05 07 18   100  -120 -9999   220    20     8 -9999    -1
1976 05 07 21    90    90 -9999   220    20     8 -9999 -9999
1976 05 08 00    60    30 -9999   110    30 -9999 -9999    30
1976 05 08 03    70    30 -9999    40    30     7 -9999 -9999
1976 05 08 06   100    60 -9999    40    80     7 -9999    -1
1976 05 08 09    90    40 -9999    70    50     7 -9999 -9999
1976 05 08 12    90    40 -9999    70    70     7 -9999     2
1976 05 08 18    50    30 -9999   200    20     2 -9999    -1
1976 05 08 21    60    20 -9999   200    50     0 -9999 -9999
1976 05 09 00    40    10 -9999   250    50     1 -9999 -9999
1976 05 09 06   160   -10 -9999    70    30     4 -9999 -9999
1976 05 09 09   180   -20 -9999    40    60     5 -9999 -9999
1976 05 09 12   120    50 -9999   180    70     7 -9999    -1
1976 05 09 18   110    30 -9999   220    20     7 -9999 -9999
1976 05 10 00    80    30 -9999   220    20     7 -9999    70
1976 05 10 06   170    20 -9999    40    20     7 -9999 -9999
1976 05 10 09   160    20 -9999   140    10     7 -9999 -9999
1976 05 10 12   150    20 -9999    70    40     6 -9999    -1
1976 05 10 18   130    10 -9999   200    40     8 -9999 -9999
1976 05 11 00    90    20 -9999   220    10     7 -9999 -9999
1976 05 11 03   140    10 -9999   250    30     1 -9999 -9999
1976 05 11 06   190   -10 -9999   340    20     2 -9999 -9999
1976 05 11 09   190   -10 -9999    20    20     7 -9999 -9999
1976 05 11 12   160    30 -9999    70    10     7 -9999    -1
1976 05 11 18   100    50 -9999   250    40     2 -9999 -9999
1976 05 11 21    90    30 -9999   220    30     2 -9999 -9999
1976 05 12 00    80    30 -9999   220    50     1 -9999 -9999
1976 05 12 06   220   -10 -9999   250    30     3 -9999 -9999
1976 05 12 09   230   -30 -9999    70    40     6 -9999 -9999
1976 05 12 12   240   -10 -9999    70    40     7 -9999 -9999
1976 05 12 21   130    20 -9999    70    50     1 -9999 -9999
1976 05 13 00    90    30 -9999   220    20     7 -9999 -9999
1976 05 13 03   150     0 -9999   250    40     7 -9999 -9999
1976 05 13 06   210   -10 -9999    40    20     7 -9999 -9999
1976 05 13 09   230   -10 -9999    40    20     7 -9999 -9999
1976 05 13 12   220 -9999 -9999   250    40     7 -9999 -9999
1976 05 14 03   180    20 -9999   220    20     7 -9999 -9999
1976 05 14 06   240   -40 -9999   250    30     3 -9999 -9999
1976 05 14 09   230   -30 -9999   320    50     7 -9999 -9999
1976 05 14 12   210   -10 -9999   250    70     7 -9999    -1
1976 05 15 00   180    60 -9999   250    20     7 -9999 -9999
1976 05 15 03   160    30 -9999     0     0     7 -9999 -9999
1976 05 15 06   110     0 -9999   220    10     7 -9999    -1
1976 05 15 09   190    10 -9999   170    50     7 -9999 -9999
1976 05 15 12   190   -10 -9999    70    50     6 -9999    -1
1976 05 15 18   130   -40 -9999   270    20     2 -9999    -1
1976 05 15 21    90   -20 -9999   200    30     5 -9999 -9999
1976 05 16 00    90   -30 -9999   250    40     7 -9999 -9999
1976 05 16 09   210 -9999 -9999   200    10     4 -9999 -9999
1976 05 16 12   210  -110 -9999   290    60     7 -9999 -9999
1976 05 16 18   120  -140 -9999    90    50     1 -9999 -9999
1976 05 16 21    70   -90 -9999     0     0     1 -9999 -9999
1976 05 17 00    50   -90 -9999   250    30     1 -9999 -9999
1976 05 17 03   130  -130 -9999   250    30     1 -9999 -9999
1976 05 17 06   190  -160 -9999     0     0     1 -9999 -9999
1976 05 17 09   220  -210 -9999   360    20     2 -9999 -9999
1976 05 17 12   230  -130 -9999   360    50     2 -9999 -9999
1976 05 17 18   120   -50 -9999    70    30     4 -9999 -9999
1976 05 17 21    80   -40 -9999     0     0     0 -9999 -9999
1976 05 18 00    60   -50 -9999   220    20     2 -9999    -1
1976 05 18 03   150   -90 -9999   220    40     1 -9999 -9999
1976 05 18 06   210  -150 -9999   250    40     2 -9999 -9999
1976 05 18 09   200 -9999 -9999    40    60     7 -9999 -9999
1976 05 18 12   200   -50 -9999    20    40     7 -9999 -9999
1976 05 18 18   140   -20 -9999   360    30     2 -9999 -9999
1976 05 18 21   100   -40 -9999 -9999 -9999     7 -9999 -9999
1976 05 19 00    90   -50 -9999    70    30     5 -9999 -9999
1976 05 19 03   140   -40 -9999    40    40     3 -9999 -9999
1976 05 19 06   170   -40 -9999    70    60     6 -9999 -9999
1976 05 19 09   200   -20 -9999    40    80     7 -9999 -9999
1976 05 19 12   190   -30 -9999    40    60     7 -9999 -9999
1976 05 19 18   130    10 -9999     0     0     1 -9999 -9999
1976 05 19 21   100     0 -9999   220    20     0 -9999 -9999
1976 05 20 00   100     0 -9999   200    20     7 -9999 -9999
1976 05 20 03   140     0 -9999    90    20     7 -9999 -9999
1976 05 20 06   180   -20 -9999   160    20     7 -9999 -9999
1976 05 20 09   190   -30 -9999    90    10     7 -9999 -9999
1976 05 20 12   190   -50 -9999   270    50     8 -9999 -9999
1976 05 20 18   130   -20 -9999   250    30     7 -9999 -9999
1976 05 21 00    80   -10 -9999   270    40     5 -9999 -9999
1976 05 21 09   230   -90 -9999   220    30     8 -9999 -9999
1976 05 21 12   210   -40 -9999    90    30     7 -9999 -9999
1976 05 21 18   150    10 -9999   110    60     5 -9999 -9999
1976 05 21 21   110    20 -9999     0     0     3 -9999 -9999
1976 05 22 00   120   -20 -9999   200    30     1 -9999 -9999
1976 05 22 03   180   -20 -9999   180    30     0 -9999 -9999
1976 05 22 06   230   -20 -9999   270    20     2 -9999 -9999
1976 05 22 09   260   -30 -9999     0     0     6 -9999 -9999
1976 05 22 12   240     0 -9999    40    50     4 -9999 -9999
1976 05 22 18   140     0 -9999   180    10     2 -9999 -9999
1976 05 23 00   130   -30 -9999   250    30     0 -9999 -9999
1976 05 23 03   180   -30 -9999   220    30     0 -9999 -9999
1976 05 23 06   250   -50 -9999   270    40     5 -9999 -9999
1976 05 23 09   270   -20 -9999    40    30     6 -9999 -9999
1976 05 23 12   250   -40 -9999    40   100     7 -9999 -9999
1976 05 23 18   150    10 -9999   250    20     1 -9999 -9999
1976 05 23 21   140     0 -9999   220    50     3 -9999 -9999
1976 05 24 00   160   -40 -9999   200    30     7 -9999 -9999
1976 05 24 03   190     0 -9999   250    40     7 -9999 -9999
1976 05 24 09   270   -70 -9999   320    30     7 -9999 -9999
1976 05 24 12   240     0 -9999    70    90     7 -9999 -9999
1976 05 24 18   140     0 -9999     0     0     7 -9999 -9999
1976 05 24 21   140     0 -9999   220    10     5 -9999 -9999
1976 05 25 00   120    20 -9999   200    30     7 -9999 -9999
1976 05 25 03   190   -20 -9999   220    30     7 -9999 -9999
1976 05 25 06   230   -70 -9999    70    90     7 -9999 -9999
1976 05 25 09   240   -40 -9999   220    40     7 -9999 -9999
1976 05 25 12   230   -40 -9999     0     0     7 -9999 -9999
1976 05 25 18   160     0 -9999   220    60     7 -9999 -9999
1976 05 25 21   160     0 -9999   270    90     8 -9999 -9999
1976 05 26 03   190    10 -9999   220    40     7 -9999 -9999
1976 05 26 06   210    20 -9999    90    20     7 -9999 -9999
1976 05 26 09   170    30 -9999   160    20     7 -9999 -9999
1976 05 26 12   180    10 -9999    90    20     7 -9999    -1
1976 05 26 21   120   100 -9999   220   300     1 -9999 -9999
1976 05 27 00   100   -20 -9999   220    40     5 -9999    -1
1976 05 27 06   220   -20 -9999     0     0     6 -9999 -9999
1976 05 27 09   210   -30 -9999     0     0     7 -9999 -9999
1976 05 27 12   200   -10 -9999    70    70     7 -9999    -1
1976 05 27 18   150   -40 -9999 -9999 -9999     4 -9999 -9999
1976 05 27 21   120   -50 -9999   220    50     0 -9999 -9999
1976 05 28 00   100   -50 -9999   220    40     0 -9999 -9999
1976 05 28 03   160   -70 -9999   250    50     0 -9999 -9999
1976 05 28 06   210   -90 -9999   250    40     1 -9999 -9999
1976 05 28 09   260   -70 -9999   220    20     3 -9999 -9999
1976 05 28 12   230   -20 -9999    40    70     5 -9999 -9999
1976 05 28 18   160    20 -9999    40    30     0 -9999 -9999
1976 05 28 21   120    30 -9999   220    20     0 -9999 -9999
1976 05 29 00 -9999 -9999 -9999   250    20     0 -9999 -9999
1976 05 29 03   200    80 -9999   290    20     1 -9999 -9999
1976 05 29 06   230   -30 -9999   180    40     2 -9999 -9999
1976 05 29 09   270   -50 -9999    40    30     5 -9999 -9999
1976 05 29 12   220   -80 -9999    90    30     7 -9999     5
1976 05 29 18   140    10 -9999   250    20     1 -9999 -9999
1976 05 30 00   140     0 -9999     0     0     7 -9999 -9999
1976 05 30 03   190    10 -9999    90    30     6 -9999 -9999
1976 05 30 06   220   -20 -9999   220    90     6 -9999 -9999
1976 05 30 09   210    30 -9999    40   150     6 -9999 -9999
1976 05 30 12   160    60 -9999    70    30     7 -9999    -1
1976 05 30 18   150    50 -9999   250    60     7 -9999    -1
1976 05 30 21   130    40 -9999   220    40     7 -9999 -9999
1976 05 31 00   120    20 -9999   220    40     6 -9999 -9999
1976 05 31 03   170    10 -9999   200    30     1 -9999 -9999
1976 05 31 06   210  -110 -9999   200    20     1 -9999 -9999
1976 05 31 09   250   -50 -9999   160    30     3 -9999 -9999
1976 05 31 12   220   -10 -9999    70    70     7 -9999 -9999
1976 05 31 18   150    20 -9999   110    20     2 -9999    -1
1976 05 31 21   130    30 -9999     0     0     6 -9999 -9999
1976 06 01 00   110    30 -9999     0     0     7 -9999 -9999
1976 06 01 03   180    20 -9999     0     0     1 -9999 -9999
1976 06 01 06   220    10 -9999    20    20     2 -9999 -9999
1976 06 01 09   240    10 -9999    70   100     7 -9999 -9999
1976 06 01 12   230   -20 -9999   360    70     7 -9999 -9999
1976 06 01 18   140    30 -9999   360    20     1 -9999 -9999
1976 06 02 00    90    30 -9999   200    30     1 -9999 -9999
1976 06 02 03   180 -9999 -9999   250    30     1 -9999 -9999
1976 06 02 06   240   -30 -9999     0     0     1 -9999 -9999
1976 06 02 09   250     0 -9999    70    70     7 -9999 -9999
1976 06 02 12 -9999 -9999 -9999    40    70     6 -9999 -9999
1976 06 02 18   150    40 -9999     0     0     1 -9999 -9999
1976 06 02 21   140    30 -9999    20    20     7 -9999 -9999
1976 06 03 00   130    20 -9999   290    40     3 -9999 -9999
1976 06 03 03   190   -20 -9999   220    40     7 -9999 -9999
1976 06 03 06   210    10 -9999    40    70     7 -9999 -9999
1976 06 03 12   250   -60 -9999   220    80     3 -9999 -9999
1976 06 03 18   150     0 -9999    40    30     1 -9999 -9999
1976 06 04 00   100     0 -9999   220    20     6 -9999 -9999
1976 06 04 03   150    10 -9999 -9999 -9999     6 -9999 -9999
1976 06 04 06   220   -40 -9999   290    70     7 -9999 -9999
1976 06 04 09   220   -20 -9999    40    50     7 -9999 -9999
1976 06 04 12   190     0 -9999    70    60     7 -9999    -1
1976 06 04 21   130     0 -9999     0     0     1 -9999 -9999
1976 06 05 00   120    60 -9999     0     0     7 -9999 -9999
1976 06 05 03   180    20 -9999    20    10     6 -9999 -9999
1976 06 05 06   210     0 -9999    40    40     6 -9999 -9999
1976 06 05 09   190     0 -9999   340   100     5 -9999 -9999
1976 06 05 12   180    30 -9999    40    70     7 -9999    -1
1976 06 05 18   110    40 -9999   200    30     7 -9999    -1
1976 06 05 21   120    40 -9999   160    40     7 -9999 -9999
1976 06 06 00   100    70 -9999   220    40     7 -9999     2
1976 06 06 03    80    60 -9999   200    20     7 -9999 -9999
1976 06 06 06   150    70 -9999     0     0     6 -9999    30
1976 06 06 12   150    70 -9999    40    40     6 -9999     5
1976 06 06 21   110    80 -9999   320    10     2 -9999 -9999
1976 06 07 00   100    50 -9999   200    20     7 -9999 -9999
1976 06 07 03   160    60 -9999   250    20     7 -9999 -9999
1976 06 07 06   190    10 -9999    20    30     7 -9999 -9999
1976 06 07 09   200    40 -9999    70    30     7 -9999 -9999
1976 06 07 12   170    50 -9999     0     0     2 -9999    30
1976 06 07 18   130    50 -9999   200    50     4 -9999 -9999
1976 06 07 21   130    40 -9999   200    40     1 -9999 -9999
1976 06 08 00   120    40 -9999   200    60     0 -9999 -9999
1976 06 08 03   170    30 -9999   200    40     0 -9999 -9999
1976 06 08 06   220    20 -9999    70    20     1 -9999 -9999
1976 06 08 09   270   -50 -9999   290    40     2 -9999 -9999
1976 06 08 12   240    40 -9999    70    60     3 -9999 -9999
1976 06 08 18   180    60 -9999    70    20     6 -9999 -9999
1976 06 08 21   150    60 -9999   200    40     1 -9999 -9999
1976 06 09 00   150    50 -9999   220    50     7 -9999 -9999
1976 06 09 03   190    60 -9999   220    40     5 -9999 -9999
1976 06 09 06   250    30 -9999     0     0     3 -9999 -9999
1976 06 09 09   260    50 -9999    40    50     6 -9999 -9999
1976 06 09 12   180    70 -9999   290    30     8 -9999    70
1976 06 09 18   170    70 -9999   200    20     7 -9999    -1
1976 06 09 21   160    20 -9999    40    30     7 -9999 -9999
1976 06 10 00   130    90 -9999    40    20     8 -9999     5
1976 06 10 03 -9999 -9999 -9999    20    30     7 -9999 -9999
1976 06 10 06   160   100 -9999    70    50     7 -9999    -1
1976 06 10 12   130   110 -9999     0     0     8 -9999    20
1976 06 10 18   130    80 -9999   220    40     8 -9999    -1
1976 06 10 21   120    70 -9999   250    50     7 -9999 -9999
1976 06 11 00   130    70 -9999   220    40     7 -9999 -9999
1976 06 11 03   150    80 -9999   200    40     7 -9999 -9999
1976 06 11 06   190    50 -9999   190    30     7 -9999 -9999
1976 06 11 09   220    40 -9999   320    30     7 -9999 -9999
1976 06 11 12   230    30 -9999     0     0     4 -9999 -9999
1976 06 11 18   140    70 -9999   220    20     0 -9999 -9999
1976 06 11 21   120    70 -9999   250    20     0 -9999 -9999
1976 06 12 03   180    50 -9999   200    20     0 -9999 -9999
1976 06 12 06   240   -40 -9999   250    40     1 -9999 -9999
1976 06 12 09   260   -20 -9999    90    10     5 -9999 -9999
1976 06 12 12   230    20 -9999    70    30     6 -9999 -9999
1976 06 12 18   170    40 -9999    70   100 -9999 -9999 -9999
1976 06 12 21   140 -9999 -9999    90    20     9 -9999 -9999
1976 06 13 00   130 -9999 -9999   200    40     8 -9999 -9999
1976 06 13 03   180    40 -9999   180    40     0 -9999 -9999
1976 06 13 06   230   -60 -9999   220    30     1 -9999 -9999
1976 06 13 09   240   -40 -9999    70    40     6 -9999 -9999
1976 06 13 12   230   -30 -9999   140    30     6 -9999 -9999
1976 06 13 18   160    30 -9999    70    40     5 -9999 -9999
1976 06 14 00   140    30 -9999   180    20     7 -9999    -1
1976 06 14 03   170    40 -9999   250    20     7 -9999 -9999
1976 06 14 06   220     0 -9999    20    30     6 -9999 -9999
1976 06 14 09   230    10 -9999    40    30     5 -9999 -9999
1976 06 14 12   160    30 -9999   110    50     7 -9999    40
1976 06 14 18   180    80 -9999   220    20     6 -9999    -1
1976 06 14 21   130    70 -9999   220    50     6 -9999 -9999
1976 06 15 03   110    60 -9999   220    40     7 -9999 -9999
1976 06 15 06   200    60 -9999    70    30     7 -9999    -1
1976 06 15 09   170    60 -9999   160    30     8 -9999 -9999
1976 06 15 12   130   100 -9999    40    40     8 -9999    10
1976 06 16 03    80    70 -9999    70    40     8 -9999 -9999
1976 06 16 09    80    60 -9999    20    50     8 -9999 -9999
1976 06 16 12    90    40 -9999    20    70     7 -9999    -1
1976 06 16 18    70    50 -9999    70    30     8 -9999    -1
1976 06 16 21    60    50 -9999    40    20     7 -9999 -9999
1976 06 17 00    60    50 -9999     0     0     7 -9999    -1
1976 06 17 06    90    70 -9999    40    40     8 -9999    10
1976 06 17 09    80    70 -9999    40    40     8 -9999 -9999
1976 06 17 12   110    60 -9999    40    30     7 -9999    50
1976 06 17 21    60    50 -9999     0     0     7 -9999 -9999
1976 06 18 00    70    50 -9999   220    50     7 -9999 -9999
1976 06 18 03   100    70 -9999    70    50     7 -9999 -9999
1976 06 18 06 -9999 -9999 -9999    40    60     7 -9999 -9999
1976 06 18 09   130    70 -9999    70    40     7 -9999 -9999
1976 06 18 12   160    40 -9999    40    30     6 -9999 -9999
1976 06 18 18    70    60 -9999     0     0     3 -9999  2900
1976 06 18 21   110    10 -9999   200    50     6 -9999 -9999
1976 06 19 00    90     0 -9999   220    40     2 -9999 -9999
1976 06 19 03   130    70 -9999   220    40     2 -9999 -9999
1976 06 19 06   180     0 -9999   140    20     6 -9999 -9999
1976 06 19 09   190    10 -9999    70    50     6 -9999 -9999
1976 06 19 12   160    40 -9999   250    30     7 -9999 -9999
1976 06 19 18   100    60 -9999   220    20     1 -9999 -9999
1976 06 19 21   140    70 -9999   180    10     0 -9999 -9999
1976 06 20 00   100    20 -9999   220    50     1 -9999 -9999
19