1974 01 01 00  -110  -300 -9999   270    50     3 -9999 -9999
1974 01 01 09   -20  -220 -9999    90    50     1 -9999 -9999
1974 01 01 12   -70  -320 -9999   110    10     6 -9999 -9999
1974 01 01 21 -9999 -9999 -9999   250    60     6 -9999 -9999
1974 01 02 00   -80  -250 -9999   220    60     1 -9999 -9999
1974 01 02 03   -50  -270 -9999   250    60     7 -9999 -9999
1974 01 02 06     0  -200 -9999   220    50     8 -9999 -9999
1974 01 02 12   -60  -240 -9999    70    60     7 -9999 -9999
1974 01 02 21  -100  -230 -9999   220    70     0 -9999 -9999
1974 01 03 00  -100  -240 -9999   250    50     0 -9999 -9999
1974 01 03 03  -150  -290 -9999   250    30     0 -9999 -9999
1974 01 03 09   -40  -220 -9999    90    40     1 -9999 -9999
1974 01 03 12   -80  -230 -9999     0     0     7 -9999 -9999
1974 01 03 18   -90  -220 -9999     0     0     7 -9999 -9999
1974 01 04 00    20  -230 -9999   120    20     7 -9999 -9999
1974 01 04 03 -9999  -220 -9999   250    30     7 -9999 -9999
1974 01 04 06 -9999 -9999 -9999     0     0     6 -9999 -9999
1974 01 04 09   -30  -190 -9999    70    40     6 -9999 -9999
1974 01 04 12   -70  -200 -9999    70    40     2 -9999 -9999
1974 01 04 18  -110  -190 -9999   220    10     7 -9999 -9999
1974 01 04 21  -130  -210 -9999     0     0     1 -9999 -9999
1974 01 05 00  -140  -200 -9999   250    20     0 -9999 -9999
1974 01 05 06   -60  -230 -9999   200    20     7 -9999 -9999
1974 01 05 09   -40  -170 -9999    90    30     7 -9999 -9999
1974 01 05 12   -90  -190 -9999    70    40     7 -9999 -9999
1974 01 05 18  -120  -180 -9999   220    30     7 -9999 -9999
1974 01 05 21  -110  -180 -9999   250    70     7 -9999 -9999
1974 01 06 00  -120  -190 -9999   270    30     7 -9999 -9999
1974 01 06 06   -90  -190 -9999   220    20     7 -9999 -9999
1974 01 06 09   -50  -190 -9999   150    40     3 -9999 -9999
1974 01 06 12   -80   -80 -9999    70    60     8 -9999 -9999
1974 01 06 21  -150  -180 -9999    90    20     5 -9999 -9999
1974 01 07 12  -100  -170 -9999     0     0     1 -9999 -9999
1974 01 07 18  -140  -210 -9999   250    60     0 -9999 -9999
1974 01 07 21  -150  -220 -9999   250    30     1 -9999 -9999
1974 01 08 00  -170  -230 -9999   250    40     0 -9999 -9999
1974 01 08 06  -100  -220 -9999   250    50     4 -9999 -9999
1974 01 08 09   -50  -220 -9999    90    10     1 -9999 -9999
1974 01 08 12  -100  -210 -9999    70    40     1 -9999 -9999
1974 01 08 18  -100  -210 -9999   250    50     4 -9999 -9999
1974 01 09 06   -90  -200 -9999   220    40     7 -9999 -9999
1974 01 09 09   -60  -160 -9999    90    20     7 -9999 -9999
1974 01 09 12  -100  -110 -9999    70    40     7 -9999 -9999
1974 01 09 18 -9999 -9999 -9999     0     0     7 -9999 -9999
1974 01 10 00  -130  -190 -9999     0     0     7 -9999 -9999
1974 01 10 03  -160  -200 -9999   200    20     6 -9999 -9999
1974 01 10 06   -70  -170 -9999     0     0     2 -9999 -9999
1974 01 10 09   -80  -170 -9999    70    80     6 -9999 -9999
1974 01 10 12  -100  -180 -9999    40    40     6 -9999 -9999
1974 01 10 18  -160  -200 -9999   250    20     1 -9999 -9999
1974 01 11 00  -150  -190 -9999   250    40     1 -9999 -9999
1974 01 11 03  -120  -230 -9999   220    50     6 -9999 -9999
1974 01 11 06  -110  -180 -9999    90    50     6 -9999 -9999
1974 01 11 09   -80  -240 -9999    90    60     7 -9999 -9999
1974 01 11 12  -110  -190 -9999    70    20     7 -9999 -9999
1974 01 11 21  -150  -190 -9999   220    20     7 -9999 -9999
1974 01 12 00  -170  -210 -9999   270    20     2 -9999 -9999
1974 01 12 03  -180  -220 -9999   250    40     2 -9999 -9999
1974 01 12 06   -80  -180 -9999    90    30     2 -9999 -9999
1974 01 12 09  -170  -190 -9999    40    50     3 -9999 -9999
1974 01 12 18  -160  -200 -9999   120    10     1 -9999 -9999
1974 01 12 21  -160  -210 -9999   250    40     7 -9999 -9999
1974 01 13 00  -170  -220 -9999   250    50     7 -9999 -9999
1974 01 13 03  -150  -210 -9999   250    50     7 -9999 -9999
1974 01 13 06  -110  -210 -9999     0     0     7 -9999 -9999
1974 01 13 09  -100  -200 -9999    70    30     7 -9999 -9999
1974 01 13 18  -160  -200 -9999   210    10     1 -9999     0
1974 01 13 21  -170  -210 -9999   250    60     0 -9999 -9999
1974 01 14 00  -170  -230 -9999   250    50     1 -9999 -9999
1974 01 14 03  -170  -230 -9999   250    60     7 -9999 -9999
1974 01 14 06  -110  -210 -9999   250    40     7 -9999 -9999
1974 01 14 12   -90  -200 -9999    40    60     7 -9999 -9999
1974 01 14 18  -170  -210 -9999   250    10     2 -9999 -9999
1974 01 14 21 -9999 -9999 -9999   220    20     2 -9999 -9999
1974 01 15 03  -200  -250 -9999   220    50     1 -9999 -9999
1974 01 15 06  -120  -220 -9999   220    30     2 -9999 -9999
1974 01 15 09  -110  -210 -9999    90    30     6 -9999 -9999
1974 01 15 12  -140  -220 -9999    70    30     7 -9999 -9999
1974 01 15 21  -170  -220 -9999   220    20     6 -9999 -9999
1974 01 16 00  -190  -230 -9999     0     0     7 -9999     0
1974 01 16 03  -190  -230 -9999   270    30     7 -9999 -9999
1974 01 16 09   -90  -180 -9999    70    70     7 -9999 -9999
1974 01 16 12  -120  -200 -9999    90    30     7 -9999 -9999
1974 01 16 18  -140  -200 -9999     0     0     6 -9999 -9999
1974 01 16 21  -150  -200 -9999   220    10     3 -9999 -9999
1974 01 17 00  -170  -210 -9999   220    10     2 -9999 -9999
1974 01 17 03  -160  -210 -9999   200    30     6 -9999 -9999
1974 01 17 06   -70  -220 -9999   250    40     2 -9999 -9999
1974 01 17 09   -60 -9999 -9999    70    70     7 -9999 -9999
1974 01 17 12  -100  -190 -9999 -9999 -9999     7 -9999 -9999
1974 01 17 18  -120  -190 -9999     0     0     2 -9999 -9999
1974 01 18 00  -140  -180 -9999   200    20     0 -9999 -9999
1974 01 18 03  -170  -210 -9999     0     0     1 -9999 -9999
1974 01 18 06   -60  -200 -9999    70    50     1 -9999 -9999
1974 01 18 09   -70  -160 -9999    90    80     1 -9999 -9999
1974 01 18 12  -110  -180 -9999    40    50     2 -9999 -9999
1974 01 18 18  -100  -200 -9999   220    20     0 -9999 -9999
1974 01 18 21  -160  -200 -9999   250    40     0 -9999 -9999
1974 01 19 00  -150  -200 -9999   250    50     1 -9999 -9999
1974 01 19 03  -170  -220 -9999   290    20     1 -9999 -9999
1974 01 19 06  -100  -160 -9999    70    20     2 -9999 -9999
1974 01 19 09   -70  -160 -9999    40    50     2 -9999 -9999
1974 01 19 12  -110  -180 -9999    70    50     5 -9999 -9999
1974 01 19 18  -150  -190 -9999     0     0     0 -9999 -9999
1974 01 20 00  -130  -180 -9999   220    30     2 -9999 -9999
1974 01 20 06   -90  -160 -9999     0     0     7 -9999 -9999
1974 01 20 09   -80  -160 -9999    70    20     7 -9999 -9999
1974 01 20 12  -110  -190 -9999    90    40     7 -9999 -9999
1974 01 20 18  -120  -170 -9999    20    20     2 -9999 -9999
1974 01 21 00   -90  -170 -9999   220    50     2 -9999 -9999
1974 01 21 03  -120  -190 -9999     0     0     2 -9999 -9999
1974 01 21 06   -80  -150 -9999    40    60     2 -9999 -9999
1974 01 21 09   -80  -160 -9999    90    60     2 -9999 -9999
1974 01 21 12   -90  -160 -9999    70    50     2 -9999 -9999
1974 01 21 18  -150  -190 -9999   220    20     0 -9999 -9999
1974 01 22 00  -150  -200 -9999   250    40     6 -9999 -9999
1974 01 22 03  -160  -200 -9999   220    30     1 -9999 -9999
1974 01 22 06   -60  -170 -9999     0     0     1 -9999 -9999
1974 01 22 09   -50  -160 -9999    70    80     2 -9999 -9999
1974 01 22 12   -90  -160 -9999    40    30     3 -9999 -9999
1974 01 22 18  -140  -190 -9999   250    30     0 -9999 -9999
1974 01 22 21  -160  -200 -9999   220    20     2 -9999 -9999
1974 01 23 00  -150  -200 -9999   220    60     2 -9999 -9999
1974 01 23 03  -130  -160 -9999     0     0     7 -9999 -9999
1974 01 23 06   -60  -160 -9999     0     0     7 -9999 -9999
1974 01 23 09   -50  -160 -9999    70    50     7 -9999 -9999
1974 01 23 12   -70  -160 -9999    40    40     7 -9999 -9999
1974 01 23 18  -100  -180 -9999   220    30     0 -9999 -9999
1974 01 23 21  -130  -180 -9999   250    30     0 -9999 -9999
1974 01 24 06    10  -190 -9999   220    40     1 -9999 -9999
1974 01 24 09   -20  -160 -9999    70    60     2 -9999 -9999
1974 01 24 12   -50  -170 -9999    70    50     2 -9999 -9999
1974 01 24 21  -130  -200 -9999   270    40     0 -9999 -9999
1974 01 25 03  -140  -220 -9999   220    10     6 -9999 -9999
1974 01 25 06   -50  -210 -9999     0     0     7 -9999 -9999
1974 01 25 09   -20  -220 -9999     0     0     7 -9999 -9999
1974 01 25 12   -40  -210 -9999    90    20     7 -9999 -9999
1974 01 25 18   -80  -170 -9999   120    30     8 -9999 -9999
1974 01 25 21   -70  -200 -9999     0     0     7 -9999 -9999
1974 01 26 00   -70  -210 -9999   220    50     6 -9999 -9999
1974 01 26 06   -20  -230 -9999   220    50     7 -9999 -9999
1974 01 26 09   -60  -200 -9999    70    30     8 -9999 -9999
1974 01 26 12   -60 -9999 -9999 -9999 -9999     8 -9999 -9999
1974 01 26 18   -70  -160 -9999   250    50     8 -9999 -9999
1974 01 27 00   -40  -170 -9999   220    20     8 -9999     0
1974 01 27 03   -60  -240 -9999   270    60     5 -9999 -9999
1974 01 27 06   -20  -320 -9999   220    40     7 -9999 -9999
1974 01 27 09   -10  -250 -9999   270    30     1 -9999 -9999
1974 01 27 12   -30  -240 -9999   250    30     1 -9999 -9999
1974 01 27 18  -110  -150 -9999     0     0     8 -9999 -9999
1974 01 27 21  -120  -160 -9999   340    10     8 -9999 -9999
1974 01 28 00  -130  -170 -9999   220    20     7 -9999 -9999
1974 01 28 03  -160  -200 -9999   250    30     5 -9999 -9999
1974 01 28 06  -100  -120 -9999    90    20     2 -9999 -9999
1974 01 28 09   -60  -140 -9999    70    50     2 -9999 -9999
1974 01 28 12   -90  -160 -9999    40    40     7 -9999 -9999
1974 01 29 03  -170  -210 -9999   270    20     1 -9999 -9999
1974 01 29 06  -100  -170 -9999    70    50     7 -9999 -9999
1974 01 29 09   -80  -140 -9999    40    30     7 -9999 -9999
1974 01 29 18  -170  -180 -9999   200    20     7 -9999 -9999
1974 01 29 21  -130 -9999 -9999     0     0     7 -9999 -9999
1974 01 30 00  -130  -180 -9999   250    40     7 -9999 -9999
1974 01 30 03  -130  -180 -9999     0     0     7 -9999 -9999
1974 01 30 06   -70  -140 -9999    70    30     7 -9999 -9999
1974 01 30 09   -50  -140 -9999    90    60     7 -9999 -9999
1974 01 30 12 -9999 -9999 -9999    70    30     7 -9999 -9999
1974 01 30 21  -100  -120 -9999   270    30     8 -9999 -9999
1974 01 31 00   -90  -120 -9999   220    50     7 -9999 -9999
1974 01 31 03  -120  -160 -9999     0     0     7 -9999 -9999
1974 01 31 06   -70  -100 -9999    70    30     5 -9999 -9999
1974 01 31 09   -70  -110 -9999    90    60     7 -9999 -9999
1974 01 31 12   -90  -100 -9999    70    60     8 -9999 -9999
1974 01 31 18  -100  -100 -9999    70    20     8 -9999 -9999
1974 01 31 21  -100  -190 -9999     0     0     8 -9999 -9999
1974 02 01 06   -70  -110 -9999   180    10     7 -9999     0
1974 02 01 18  -100  -120 -9999     0     0     7 -9999     5
1974 02 02 03  -100  -120 -9999     0     0     7 -9999 -9999
1974 02 02 06   -70  -110 -9999   250    40     7 -9999 -9999
1974 02 02 09   -50  -110 -9999   250    50     7 -9999 -9999
1974 02 02 12   -60  -100 -9999    70    20     8 -9999 -9999
1974 02 02 18   -90 -9999 -9999    70    20     8 -9999 -9999
1974 02 03 00   -90  -110 -9999   250    50     3 -9999 -9999
1974 02 03 03   -90  -110 -9999   250    20     8 -9999 -9999
1974 02 03 09   -70  -100 -9999    70    40     7 -9999 -9999
1974 02 03 12   -80  -110 -9999    70    50     7 -9999 -9999
1974 02 03 18  -100  -120 -9999    40    20     8 -9999    10
1974 02 03 21  -140  -150 -9999   250    20     7 -9999 -9999
1974 02 04 00  -140  -160 -9999   250    20     3 -9999 -9999
1974 02 04 03  -130  -160 -9999   250   130     7 -9999 -9999
1974 02 04 06   -80  -140 -9999   250    20     6 -9999 -9999
1974 02 04 09   -80  -130 -9999    70    30     6 -9999 -9999
1974 02 04 12  -100  -140 -9999    70    40     7 -9999 -9999
1974 02 04 18  -100  -110 -9999    70    30     8 -9999     5
1974 02 04 21  -110  -120 -9999    70    20     8 -9999 -9999
1974 02 05 00  -130  -130 -9999     0     0     6 -9999    10
1974 02 05 03  -130  -140 -9999   250    20     8 -9999 -9999
1974 02 05 06   -90  -130 -9999     0     0     8 -9999     5
1974 02 05 09 -9999 -9999 -9999    40    40     7 -9999 -9999
1974 02 05 12  -110  -120 -9999    40    30     5 -9999 -9999
1974 02 05 18  -190  -210 -9999   250    50     2 -9999 -9999
1974 02 05 21  -200  -230 -9999   250    30     0 -9999 -9999
1974 02 06 00  -210  -240 -9999   250   120     0 -9999 -9999
1974 02 06 06  -140  -220 -9999   270    30     1 -9999 -9999
1974 02 06 09  -120  -220 -9999    70    20     1 -9999 -9999
1974 02 06 12  -150  -180 -9999    40    20     1 -9999 -9999
1974 02 06 18  -200  -230 -9999   250    50     7 -9999 -9999
1974 02 06 21  -200  -230 -9999   270    70 -9999 -9999 -9999
1974 02 07 06  -190  -250 -9999   220    70     1 -9999 -9999
1974 02 07 09  -110  -220 -9999    70    30     1 -9999 -9999
1974 02 07 12  -150  -170 -9999    40    40     0 -9999 -9999
1974 02 07 18  -200  -210 -9999   250    50     0 -9999 -9999
1974 02 07 21  -210  -240 -9999   250    40     0 -9999 -9999
1974 02 08 00  -220  -270 -9999   250    50     0 -9999 -9999
1974 02 08 06  -120  -260 -9999   200 -9999     2 -9999 -9999
1974 02 08 09  -120  -180 -9999    70    50     2 -9999 -9999
1974 02 08 12  -160  -190 -9999    70    30     1 -9999 -9999
1974 02 08 18  -200  -230 -9999   250    50     1 -9999 -9999
1974 02 09 06  -130  -240 -9999     0     0     1 -9999 -9999
1974 02 09 09  -120  -190 -9999    70    20     1 -9999 -9999
1974 02 09 12  -160  -190 -9999    40    30     0 -9999 -9999
1974 02 09 15 -9999  -150 -9999   270    20     8 -9999 -9999
1974 02 09 18  -190  -220 -9999   250    50     0 -9999 -9999
1974 02 09 21  -210  -240 -9999   220    60     0 -9999 -9999
1974 02 10 00  -210  -240 -9999   220    50     0 -9999 -9999
1974 02 10 06   -90  -250 -9999   220    30     6 -9999 -9999
1974 02 10 09   -90  -230 -9999    70    40     3 -9999 -9999
1974 02 10 12  -130  -160 -9999    40    40     6 -9999 -9999
1974 02 11 03  -140  -190 -9999     0     0     7 -9999 -9999
1974 02 11 06  -110  -210 -9999     0     0     7 -9999 -9999
1974 02 11 09   -90  -190 -9999    40    30     8 -9999 -9999
1974 02 11 12  -120  -170 -9999    40    40     5 -9999 -9999
1974 02 11 18 -9999 -9999 -9999   250    70     0 -9999 -9999
1974 02 11 21  -150  -220 -9999   250    80     0 -9999 -9999
1974 02 12 00  -150  -240 -9999   250    80     0 -9999 -9999
1974 02 12 06   -60  -270 -9999   220    60     1 -9999 -9999
1974 02 12 09   -80  -160 -9999    90    50     6 -9999 -9999
1974 02 12 12  -110  -180 -9999    70    40     5 -9999 -9999
1974 02 12 18  -150  -220 -9999   210    50     0 -9999 -9999
1974 02 12 21  -160  -210 -9999   150    60     0 -9999 -9999
1974 02 13 00  -130  -200 -9999   250    90     0 -9999 -9999
1974 02 13 03  -120  -220 -9999   250    10     1 -9999 -9999
1974 02 13 06   -70  -190 -9999     0     0     7 -9999 -9999
1974 02 13 09   -60  -150 -9999    70    40     5 -9999 -9999
1974 02 13 12   -80  -180 -9999    40    40     7 -9999 -9999
1974 02 13 18    20  -170 -9999   200   110     8 -9999 -9999
1974 02 13 21  -130 -9999 -9999   220    50     5 -9999 -9999
1974 02 14 00  -110  -180 -9999   250    70     3 -9999 -9999
1974 02 14 03  -100  -180 -9999   220    70     7 -9999 -9999
1974 02 14 06    10  -130 -9999   220    40     7 -9999 -9999
1974 02 14 09   -40  -130 -9999    40    30     6 -9999 -9999
1974 02 14 12   -60  -130 -9999     0     0     7 -9999 -9999
1974 02 14 18   -90  -160 -9999   250    70     0 -9999 -9999
1974 02 14 21   -90  -160 -9999   100    30     6 -9999 -9999
1974 02 15 00   -70  -160 -9999   290    70     6 -9999 -9999
1974 02 15 06    20  -140 -9999   200    40     2 -9999 -9999
1974 02 15 09    60  -180 -9999   160    20     2 -9999 -9999
1974 02 16 00   -80  -100 -9999   270    20     1 -9999 -9999
1974 02 16 03   -60  -160 -9999   220    10     0 -9999 -9999
1974 02 16 09    10  -170 -9999   120    30     0 -9999 -9999
1974 02 16 18 -9999 -9999 -9999   250    50     2 -9999 -9999
1974 02 16 21   -80  -170 -9999   220    50     0 -9999 -9999
1974 02 17 00   -80  -190 -9999   150    70     1 -9999 -9999
1974 02 17 03   -50  -210 -9999   250    60     7 -9999 -9999
1974 02 17 06    20  -160 -9999   220    40     7 -9999 -9999
1974 02 17 09    60 -9999 -9999   220    50     7 -9999 -9999
1974 02 17 12   -10  -100 -9999    70    50     7 -9999 -9999
1974 02 17 18   -50  -140 -9999   220    50     0 -9999 -9999
1974 02 17 21   -80  -150 -9999   270    40     1 -9999 -9999
1974 02 18 00   -70  -180 -9999   220    50     2 -9999 -9999
1974 02 18 09     0  -140 -9999    90    70     7 -9999 -9999
1974 02 18 12    70   -30 -9999     0     0     4 -9999 -9999
1974 02 18 18   -70  -110 -9999   220    20     1 -9999 -9999
1974 02 18 21   -70  -120 -9999   250    30     1 -9999 -9999
1974 02 19 00   -90  -120 -9999     0     0     2 -9999 -9999
1974 02 19 03   -70  -110 -9999   250    30     7 -9999 -9999
1974 02 19 06   -10  -100 -9999     0     0     7 -9999 -9999
1974 02 19 09    30  -100 -9999    70    50     6 -9999 -9999
1974 02 19 12   -10  -110 -9999    70    40     1 -9999 -9999
1974 02 19 18   -40  -190 -9999   250    70     1 -9999 -9999
1974 02 20 00 -9999 -9999 -9999   220    20     6 -9999 -9999
1974 02 20 03   -50  -140 -9999   230    10     3 -9999 -9999
1974 02 20 06    60  -140 -9999   220    50     6 -9999 -9999
1974 02 20 09    90  -110 -9999   220    70     6 -9999 -9999
1974 02 20 12     0   -70 -9999    90    30     7 -9999 -9999
1974 02 20 18 -9999 -9999 -9999   250    40     7 -9999 -9999
1974 02 20 21   -40  -100 -9999 -9999 -9999     7 -9999 -9999
1974 02 21 00   -70  -100 -9999    40    30     1 -9999 -9999
1974 02 21 03   -50   -90 -9999    70    30     8 -9999 -9999
1974 02 21 06    20   -60 -9999   360    50     7 -9999 -9999
1974 02 21 09   -10  -130 -9999    70    50     8 -9999 -9999
1974 02 21 12   -50  -110 -9999    90    70     8 -9999 -9999
1974 02 21 18   -80  -120 -9999    70    40     8 -9999 -9999
1974 02 21 21   -90  -120 -9999    70    40     8 -9999 -9999
1974 02 22 00  -100  -120 -9999    70    30     8 -9999 -9999
1974 02 22 03  -110  -120 -9999    70    40     8 -9999 -9999
1974 02 22 06  -100  -130 -9999    70    40     8 -9999 -9999
1974 02 22 09   -80  -120 -9999    90    30     6 -9999 -9999
1974 02 22 12   -90  -140 -9999    50    70     7 -9999 -9999
1974 02 22 18  -120  -130 -9999    70    60     8 -9999     5
1974 02 22 21   -50   -60 -9999     0     0     8 -9999 -9999
1974 02 23 00  -160  -180 -9999    40    30     7 -9999     5
1974 02 23 03  -150  -160 -9999    90    30     7 -9999 -9999
1974 02 23 06  -130  -160 -9999    90    30     7 -9999 -9999
1974 02 23 09  -110  -150 -9999    90    30     1 -9999 -9999
1974 02 23 12  -120  -140 -9999    40    40     7 -9999 -9999
1974 02 23 18  -150  -160 -9999 -9999 -9999     6 -9999     2
1974 02 23 21  -160  -170 -9999     0     0     2 -9999 -9999
1974 02 24 00  -170  -180 -9999     0     0     2 -9999 -9999
1974 02 24 03  -160 -9999 -9999 -9999 -9999     6 -9999 -9999
1974 02 24 06  -110  -180 -9999     0     0     5 -9999     0
1974 02 24 09  -110  -170 -9999    40    40     6 -9999 -9999
1974 02 24 12  -120  -160 -9999    70    30     8 -9999 -9999
1974 02 24 18  -130  -140 -9999   110    20     8 -9999 -9999
1974 02 25 00  -140  -150 -9999     0     0     7 -9999 -9999
1974 02 25 03  -130  -140 -9999     0     0     8 -9999 -9999
1974 02 25 09  -100  -140 -9999     0     0     8 -9999 -9999
1974 02 25 12  -110  -120 -9999     0     0     7 -9999 -9999
1974 02 26 00  -140  -180 -9999   220    70     0 -9999     0
1974 02 26 03  -140  -180 -9999   250    60     0 -9999 -9999
1974 02 26 06  -100  -160 -9999    70    40     0 -9999 -9999
1974 02 26 09  -100  -130 -9999    70    50     0 -9999 -9999
1974 02 26 12  -110  -130 -9999    70    30     7 -9999 -9999
1974 02 26 18  -130  -190 -9999   270    20     2 -9999    70
1974 02 26 21  -150  -160 -9999   250    50     2 -9999 -9999
1974 02 27 00  -160  -180 -9999   250    60     0 -9999 -9999
1974 02 27 06  -120  -140 -9999    90    20     3 -9999 -9999
1974 02 27 09   -90  -130 -9999    40    40     2 -9999 -9999
1974 02 27 12  -100  -120 -9999    70    30     7 -9999 -9999
1974 02 27 21  -120  -140 -9999     0     0     3 -9999 -9999
1974 02 28 00  -130  -140 -9999     0     0     6 -9999 -9999
1974 02 28 06   -70  -110 -9999     0     0     7 -9999 -9999
1974 02 28 12   -70  -120 -9999    90    20     7 -9999 -9999
1974 02 28 18  -140  -150 -9999   220    30     0 -9999 -9999
1974 02 28 21  -130  -150 -9999   250    50     0 -9999 -9999
1974 03 01 06   -60  -120 -9999    40    50     2 -9999 -9999
1974 03 01 12   -50  -100 -9999    70    20     7 -9999 -9999
1974 03 01 18  -110  -120 -9999     0     0     7 -9999 -9999
1974 03 01 21  -110  -120 -9999   250    20     6 -9999 -9999
1974 03 02 00   -40   -60 -9999 -9999 -9999     2 -9999 -9999
1974 03 02 03   -90  -120 -9999   220    10     7 -9999 -9999
1974 03 02 06   -50  -100 -9999    90    30     7 -9999 -9999
1974 03 02 09   -30   -90 -9999    90    20     7 -9999 -9999
1974 03 02 12   -30   -90 -9999    70    40     7 -9999 -9999
1974 03 03 00  -100  -130 -9999     0     0     7 -9999 -9999
1974 03 03 03   -80  -110 -9999   220    20     7 -9999 -9999
1974 03 03 09   -10   -90 -9999    90    70     6 -9999 -9999
1974 03 03 12   -30   -80 -9999    90    60     3 -9999 -9999
1974 03 04 00   -60  -130 -9999   270    20     0 -9999 -9999
1974 03 04 03  -100  -130 -9999   230    30     1 -9999 -9999
1974 03 04 06   -30   -90 -9999    90    50     2 -9999 -9999
1974 03 04 09     0   -60 -9999    90    60     5 -9999 -9999
1974 03 04 12   -10  -100 -9999    70    50     2 -9999 -9999
1974 03 05 06   -30   -50 -9999    90    30     1 -9999 -9999
1974 03 05 09   -10  -110 -9999    90    50     7 -9999 -9999
1974 03 05 12   -30   -70 -9999    70    70     7 -9999 -9999
1974 03 05 21   -60   -70 -9999     0     0     7 -9999 -9999
1974 03 06 00   -80  -120 -9999   250    40     4 -9999 -9999
1974 03 06 03   -80  -180 -9999   220    40     7 -9999 -9999
1974 03 06 06   -40  -110 -9999    90    50     3 -9999 -9999
1974 03 06 09   -10  -100 -9999    70    60     3 -9999 -9999
1974 03 06 12   -30   -90 -9999    90    30     5 -9999 -9999
1974 03 06 21   -40 -9999 -9999   200    20     8 -9999 -9999
1974 03 07 00   -70   -90 -9999    40    20     7 -9999 -9999
1974 03 07 03   -50   -70 -9999     0     0     8 -9999 -9999
1974 03 07 06   -20   -90 -9999    90    30     8 -9999 -9999
1974 03 07 09     0   -80 -9999    90    50     7 -9999 -9999
1974 03 07 12   -10   -90 -9999    90    60     7 -9999 -9999
1974 03 07 18   -40   -60 -9999    20    20     7 -9999     0
1974 03 07 21   -30   -70 -9999   250    20     8 -9999 -9999
1974 03 08 06    10   -90 -9999    90    20     1 -9999 -9999
1974 03 08 09    30  -100 -9999    70    40     3 -9999 -9999
1974 03 08 12    10   -90 -9999    70    60     7 -9999 -9999
1974 03 08 18   -30 -9999 -9999    70    10     8 -9999 -9999
1974 03 08 21   -30  -160 -9999     0     0     7 -9999 -9999
1974 03 09 00   -40   -60 -9999     0     0     7 -9999     0
1974 03 09 03   -40   -70 -9999   220    40     2 -9999 -9999
1974 03 09 06    10   -90 -9999    40    20     7 -9999 -9999
1974 03 09 09    40   -90 -9999    70    20     5 -9999 -9999
1974 03 09 12    20  -100 -9999    70    70     3 -9999 -9999
1974 03 09 18   -10   -70 -9999    20    20     8 -9999 -9999
1974 03 09 21   -30   -50 -9999     0     0     5 -9999 -9999
1974 03 10 00   -50   -70 -9999     0     0     6 -9999 -9999
1974 03 10 03   -20   -60 -9999     0     0     7 -9999 -9999
1974 03 10 06    20   -70 -9999    70    40     7 -9999 -9999
1974 03 10 09    30   -60 -9999    90    50     7 -9999 -9999
1974 03 10 12    10   -50 -9999    90    60     8 -9999 -9999
1974 03 10 21   -20   -30 -9999     0     0     8 -9999 -9999
1974 03 11 00   -30   -40 -9999 -9999 -9999     7 -9999    10
1974 03 11 03   -70  -110 -9999   250    50     7 -9999 -9999
1974 03 11 06   -20  -110 -9999   220    30     6 -9999     0
1974 03 11 09    20  -110 -9999   220    30     6 -9999 -9999
1974 03 11 12    30  -110 -9999   220    40     6 -9999 -9999
1974 03 11 18   -20   -40 -9999    40    30     8 -9999    10
1974 03 12 00   -30   -40 -9999     0     0     8 -9999    30
1974 03 12 09     0   -30 -9999    70    50     6 -9999 -9999
1974 03 12 12     0   -30 -9999    40    70     7 -9999 -9999
1974 03 12 18   -20   -30 -9999    40    30     8 -9999     0
1974 03 12 21   -30   -40 -9999    70    30     8 -9999 -9999
1974 03 13 00   -40   -40 -9999     0     0     8 -9999    30
1974 03 13 06   -40   -40 -9999    90    30     8 -9999 -9999
1974 03 13 09    30   -80 -9999   250    30     1 -9999 -9999
1974 03 13 12    40  -100 -9999     0     0     1 -9999 -9999
1974 03 13 18     0  -160 -9999   200    40     7 -9999 -9999
1974 03 13 21   -20 -9999 -9999   250    40     7 -9999 -9999
1974 03 14 00   -20  -150 -9999   250    50     7 -9999 -9999
1974 03 14 03 -9999  -150 -9999   250    30     6 -9999 -9999
1974 03 14 06    10  -100 -9999    70    60     2 -9999 -9999
1974 03 14 09    30   -80 -9999    70    50     2 -9999 -9999
1974 03 14 12    30   -80 -9999    70    20     1 -9999 -9999
1974 03 14 21   -30   -90 -9999   150    50     7 -9999 -9999
1974 03 15 00   -40   -70 -9999   270    20     7 -9999 -9999
1974 03 15 06    10   -70 -9999    70    30     6 -9999 -9999
1974 03 15 09    40   -70 -9999    70    50     7 -9999 -9999
1974 03 15 12    30   -70 -9999    90    40     6 -9999 -9999
1974 03 15 18    80   -50 -9999    40    30     7 -9999 -9999
1974 03 15 21   -10   -60 -9999   340    20     4 -9999 -9999
1974 03 16 00   -10   -70 -9999     0     0     7 -9999     0
1974 03 16 03     0   -60 -9999     0     0     8 -9999 -9999
1974 03 16 12    30   -50 -9999     0     0     7 -9999     0
1974 03 16 18   -10 -9999 -9999   220    20     1 -9999 -9999
1974 03 16 21   -30   -70 -9999   270    10     0 -9999 -9999
1974 03 17 00   -30   -90 -9999   250    50     0 -9999 -9999
1974 03 17 06    40  -110 -9999   160    30     0 -9999 -9999
1974 03 17 12    70  -100 -9999    90    30     1 -9999 -9999
1974 03 17 21   -10   -60 -9999   220    30     2 -9999 -9999
1974 03 18 00   -20   -70 -9999   180    20     1 -9999 -9999
1974 03 18 03     0   -80 -9999   220    30     1 -9999 -9999
1974 03 18 06    70  -100 -9999    70    20     1 -9999 -9999
1974 03 18 09   100   -40 -9999    90    70     1 -9999 -9999
1974 03 18 12    90   -50 -9999    70    60     1 -9999 -9999
1974 03 19 00   -10   -50 -9999     0     0     1 -9999 -9999
1974 03 19 03    40   -60 -9999   250    30     3 -9999 -9999
1974 03 19 06   130   -40 -9999   190    20     2 -9999 -9999
1974 03 19 09   130   -60 -9999    70    70     3 -9999 -9999
1974 03 19 12   110   -70 -9999    90    60     5 -9999 -9999
1974 03 19 18    30   -40 -9999   250    40     0 -9999 -9999
1974 03 19 21    10   -50 -9999   220    50     1 -9999 -9999
1974 03 20 00    10   -60 -9999   220    40     0 -9999 -9999
1974 03 20 06   120   -40 -9999     0     0     2 -9999 -9999
1974 03 20 12   160   -30 -9999    40    50     1 -9999 -9999
1974 03 20 18    70   -30 -9999   250    80     5 -9999 -9999
1974 03 21 00    50   -30 -9999   250    50     1 -9999 -9999
1974 03 21 03   120   -40 -9999   250    60     6 -9999 -9999
1974 03 21 06   180   -40 -9999   220    40     7 -9999 -9999
1974 03 21 09   -10   -50 -9999   270    20     5 -9999 -9999
1974 03 21 21    70   -40 -9999   250    60     3 -9999 -9999
1974 03 22 00   100   -50 -9999   220    50     3 -9999 -9999
1974 03 22 06   150 -9999 -9999   250    50     7 -9999 -9999
1974 03 22 09   130   -20 -9999    90    60     7 -9999 -9999
1974 03 22 12   140   -10 -9999   340    30     6 -9999     0
1974 03 22 18    70  -130 -9999   180    20     3 -9999 -9999
1974 03 22 21   -20  -100 -9999     0     0     2 -9999 -9999
1974 03 23 00     0  -100 -9999   200    20     2 -9999 -9999
1974 03 23 03    50  -170 -9999   360   100     1 -9999 -9999
1974 03 23 06    60  -200 -9999   360    90     1 -9999 -9999
1974 03 23 09    60  -140 -9999   360   100     6 -9999 -9999
1974 03 23 12    50   -70 -9999   360    60     1 -9999 -9999
1974 03 24 06    80  -210 -9999   220    40     0 -9999 -9999
1974 03 24 09    50  -100 -9999    70    70     0 -9999 -9999
1974 03 24 12    40   -90 -9999    70    50     2 -9999 -9999
1974 03 25 03   -30   -30 -9999    40    50     8 -9999 -9999
1974 03 25 06   -20   -30 -9999    70    60     8 -9999 -9999
1974 03 25 09   -20   -20 -9999    70    60     8 -9999 -9999
1974 03 25 12   -20   -40 -9999    70    50     8 -9999 -9999
1974 03 25 18   -40   -40 -9999    70    30     8 -9999 -9999
1974 03 26 00   -40   -40 -9999    40    20     8 -9999 -9999
1974 03 26 03   -30   -50 -9999    40    20     7 -9999 -9999
1974 03 26 06     0     0 -9999    40    40     7 -9999     0
1974 03 26 09    30   -60 -9999    90    50     2 -9999 -9999
1974 03 26 12    20   -50 -9999    40    70     8 -9999 -9999
1974 03 26 18   -10   -40 -9999    70    20     7 -9999 -9999
1974 03 26 21   -20   -40 -9999   250    10     1 -9999 -9999
1974 03 27 03   -10   -50 -9999   270    10     6 -9999 -9999
1974 03 27 06    40   -60 -9999    90    50     0 -9999 -9999
1974 03 27 09    90   -60 -9999    70    60     5 -9999 -9999
1974 03 27 12 -9999 -9999 -9999    70    40     7 -9999 -9999
1974 03 28 00    20   -70 -9999   220    30     6 -9999 -9999
1974 03 28 06   100   -40 -9999    70    40     1 -9999 -9999
1974 03 28 09   120   -40 -9999    70    50     2 -9999 -9999
1974 03 28 12   100   -40 -9999    70    60     3 -9999 -9999
1974 03 28 18    40   -20 -9999     0     0     1 -9999 -9999
1974 03 28 21    30   -30 -9999   250    40     8 -9999 -9999
1974 03 29 00    20   -30 -9999   220    20     7 -9999 -9999
1974 03 29 06   120   -30 -9999    40    20     7 -9999 -9999
1974 03 29 09   120   -30 -9999   360    40     7 -9999 -9999
1974 03 29 12   140     0 -9999     0     0     1 -9999 -9999
1974 03 29 18    50   -20 -9999   250    40     2 -9999 -9999
1974 03 30 00    30   -40 -9999   250    60     1 -9999 -9999
1974 03 30 03    70   -40 -9999   250    60     1 -9999 -9999
1974 03 30 06   150   -70 -9999   220    30     1 -9999 -9999
1974 03 30 09   180  -110 -9999    70    30     5 -9999 -9999
1974 03 30 12   140   -70 -9999    90    50     6 -9999 -9999
1974 03 30 18   140    20 -9999     0     0     6 -9999 -9999
1974 03 30 21    40   -40 -9999   250    10     0 -9999 -9999
1974 03 31 00    30   -60 -9999   250    40     5 -9999 -9999
1974 03 31 06   120   -80 -9999    40    20     7 -9999 -9999
1974 03 31 12   130   -40 -9999     0     0     7 -9999 -9999
1974 03 31 18    70   -30 -9999   220    20     7 -9999 -9999
1974 03 31 21    50   -30 -9999   220    30     7 -9999 -9999
1974 04 01 06   150   -60 -9999   220    10     6 -9999 -9999
1974 04 01 12   140   -60 -9999    70    70     7 -9999 -9999
1974 04 01 18    70   -30 -9999   220    20     7 -9999 -9999
1974 04 01 21    40   -30 -9999   250    40     2 -9999 -9999
1974 04 02 03   110   -60 -9999   220    30     1 -9999 -9999
1974 04 02 06   180   -60 -9999   250    50     0 -9999 -9999
1974 04 02 12   160   -50 -9999    70    60     7 -9999 -9999
1974 04 03 06   160   -40 -9999    90    40     3 -9999 -9999
1974 04 03 09 -9999 -9999 -9999 -9999 -9999     7 -9999 -9999
1974 04 03 12   160   -40 -9999    90    30     7 -9999 -9999
1974 04 03 21    70   -60 -9999   120    60     7 -9999 -9999
1974 04 04 00    70   -80 -9999   250    30     7 -9999 -9999
1974 04 04 03 -9999  -100 -9999   250    20     5 -9999 -9999
1974 04 04 06   150  -140 -9999   270    80     1 -9999 -9999
1974 04 04 09   170  -210 -9999   250    50     7 -9999 -9999
1974 04 04 12   150 -9999 -9999   270    80     7 -9999 -9999
1974 04 04 18    60   -40 -9999    90    30     8 -9999 -9999
1974 04 04 21    60   -10 -9999 -9999 -9999     8 -9999 -9999
1974 04 05 00    50     0 -9999    20    30     7 -9999 -9999
1974 04 05 03    60     0 -9999     0     0     7 -9999 -9999
1974 04 05 06    80   -10 -9999   250    20     7 -9999     0
1974 04 05 12   120  -230 -9999   340    80     2 -9999 -9999
1974 04 05 18    20  -130 -9999     0     0     0 -9999 -9999
1974 04 05 21    10  -160 -9999   220    40     0 -9999 -9999
1974 04 06 03    40   -60 -9999   220    20     1 -9999 -9999
1974 04 06 06    60   -70 -9999    90    70     1 -9999 -9999
1974 04 06 09    90  -120 -9999    40    50     2 -9999 -9999
1974 04 06 12    90   -60 -9999    70    60     7 -9999 -9999
1974 04 06 18    40   -20 -9999    40    20     7 -9999 -9999
1974 04 06 21    30   -30 -9999    70    30     7 -9999 -9999
1974 04 07 00    30   -20 -9999     0     0     7 -9999 -9999
1974 04 07 03    40   -20 -9999    70    70     8 -9999 -9999
1974 04 07 06    70   -30 -9999    90    70     7 -9999 -9999
1974 04 07 12    90   -20 -9999    70    60     7 -9999 -9999
1974 04 07 18    40  -180 -9999     0     0     0 -9999 -9999
1974 04 07 21    30   -10 -9999   290    20     0 -9999 -9999
1974 04 08 00    10   -20 -9999    90    20     6 -9999 -9999
1974 04 08 03    50   -20 -9999     0     0     7 -9999 -9999
1974 04 08 06    90   -20 -9999   110    20     5 -9999 -9999
1974 04 08 09   120   -30 -9999    70    60     7 -9999 -9999
1974 04 08 12   110   -30 -9999    70    60     7 -9999 -9999
1974 04 08 21    40   -30 -9999   250    20     0 -9999 -9999
1974 04 09 03    60   -20 -9999     0     0     7 -9999 -9999
1974 04 09 06   130    20 -9999     0     0     7 -9999 -9999
1974 04 09 09   110   -40 -9999    90    70     7 -9999 -9999
1974 04 10 03    60  -160 -9999   250    50     3 -9999 -9999
1974 04 10 09   170  -230 -9999   220   140     1 -9999 -9999
1974 04 10 12   170  -240 -9999   290    70     2 -9999 -9999
1974 04 10 18    70  -130 -9999   220    20     1 -9999 -9999
1974 04 10 21    60  -160 -9999   250    50     5 -9999 -9999
1974 04 11 00    30  -120 -9999   220    30     7 -9999 -9999
1974 04 11 06   140  -130 -9999    40    20     7 -9999 -9999
1974 04 11 09   160  -140 -9999    70    80     7 -9999 -9999
1974 04 12 03    90  -100 -9999   220    20     2 -9999 -9999
1974 04 12 06   150  -110 -9999    70    10     7 -9999 -9999
1974 04 12 09   170  -100 -9999    40    60     5 -9999 -9999
1974 04 12 21    40   -60 -9999   220    20     2 -9999 -9999
1974 04 13 00    50  -100 -9999   250    30     7 -9999 -9999
1974 04 13 06 -9999  -100 -9999    40    30     7 -9999 -9999
1974 04 13 09   120  -110 -9999    70    30     7 -9999 -9999
1974 04 13 12   190   -90 -9999    40    50     0 -9999 -9999
1974 04 13 21    60   -60 -9999   220    20     0 -9999 -9999
1974 04 14 00    50   -80 -9999   170    50     1 -9999 -9999
1974 04 14 03   110  -100 -9999   290    40     7 -9999 -9999
1974 04 14 06   200  -130 -9999   340    10     5 -9999 -9999
1974 04 14 18   120   -40 -9999   250    20     7 -9999 -9999
1974 04 14 21 -9999   -80 -9999   220    50     7 -9999 -9999
1974 04 15 00   120   -50 -9999   250    40     7 -9999 -9999
1974 04 15 03   150   -70 -9999   250    60     7 -9999 -9999
1974 04 15 06   210  -250 -9999   250    70     3 -9999 -9999
1974 04 15 09   230  -180 -9999   250    70     3 -9999 -9999
1974 04 15 12   210  -170 -9999   220    10     7 -9999 -9999
1974 04 15 18   190 -9999 -9999   250    50     7 -9999 -9999
1974 04 15 21    80   -90 -9999   250    30     0 -9999 -9999
1974 04 16 00    50  -100 -9999   250    70     1 -9999 -9999
1974 04 16 03   130  -140 -9999   220    60     1 -9999 -9999
1974 04 16 06   210  -140 -9999     0     0     1 -9999 -9999
1974 04 16 12   220  -140 -9999    70    40     1 -9999 -9999
1974 04 16 18   100   -60 -9999   270    30     0 -9999 -9999
1974 04 16 21   100  -110 -9999   250    60     2 -9999 -9999
1974 04 17 03   130   -20 -9999   220    10     7 -9999 -9999
1974 04 17 09   110   -10 -9999   260    30     7 -9999 -9999
1974 04 17 18    60   -60 -9999   200    30     1 -9999 -9999
1974 04 17 21    60  -100 -9999   220    20     0 -9999 -9999
1974 04 18 00    20 -9999 -9999     0     0     0 -9999 -9999
1974 04 18 03   100  -130 -9999   250    40     2 -9999 -9999
1974 04 18 06   160  -170 -9999    90    10     1 -9999 -9999
1974 04 18 09   190  -210 -9999   200    40     3 -9999 -9999
1974 04 18 12   170  -180 -9999    70   100     7 -9999 -9999
1974 04 18 18    80   -20 -9999    70    20     0 -9999 -9999
1974 04 18 21    60   -40 -9999   270    20     0 -9999 -9999
1974 04 19 00    40   -50 -9999   250    20     8 -9999 -9999
1974 04 19 03   110   -10 -9999   220    30     3 -9999 -9999
1974 04 19 06   180   -60 -9999    40    20     7 -9999 -9999
1974 04 19 18    80     0 -9999   250    40     2 -9999 -9999
1974 04 19 21    60   -30 -9999   250    70     1 -9999 -9999
1974 04 20 00    90   -30 -9999   220    40     6 -9999 -9999
1974 04 20 03   100   -50 -9999   250    30     7 -9999 -9999
1974 04 20 06   160   -70 -9999    70    30     7 -9999 -9999
1974 04 20 09   180   -40 -9999    40    70     7 -9999 -9999
1974 04 20 12   160   -20 -9999    40    80     7 -9999 -9999
1974 04 20 18    90    10 -9999   220    30     2 -9999 -9999
1974 04 21 06   180   -10 -9999    70    60     0 -9999 -9999
1974 04 21 09   120   -10 -9999    70    60     2 -9999 -9999
1974 04 21 12   190    10 -9999    70    60     0 -9999 -9999
1974 04 21 21   100    10 -9999   220    30     0 -9999 -9999
1974 04 22 00   100   -40 -9999   250    50     1 -9999 -9999
1974 04 22 03   140   -40 -9999   220    20     0 -9999 -9999
1974 04 22 06   220   -70 -9999   270    50     7 -9999 -9999
1974 04 22 09 -9999 -9999 -9999   220    40 -9999 -9999 -9999
1974 04 22 18   100   -20 -9999   250    50     5 -9999 -9999
1974 04 22 21   140   -20 -9999   250    30     8 -9999 -9999
1974 04 23 00   130   -30 -9999   220    50     6 -9999 -9999
1974 04 23 03   140     0 -9999   250    50     8 -9999 -9999
1974 04 23 06   190   -20 -9999    70    60     7 -9999 -9999
1974 04 23 09   190   -60 -9999    70    90     8 -9999 -9999
1974 04 24 00    70    40 -9999   220    40     2 -9999    40
1974 04 24 03   110    20 -9999   220    50     5 -9999 -9999
1974 04 24 06   200   -10 -9999   250    30     2 -9999 -9999
1974 04 24 12   200   -30 -9999    70    40     1 -9999     0
1974 04 24 18   120   -60 -9999   250    60     0 -9999 -9999
1974 04 24 21   200     0 -9999   250    50     3 -9999 -9999
1974 04 25 00   100     0 -9999   220    20     7 -9999 -9999
1974 04 25 03   160   -20 -9999   200    60     7 -9999 -9999
1974 04 25 09   250   -70 -9999   320    20     5 -9999 -9999
1974 04 25 12   240   -90 -9999    40    40     3 -9999 -9999
1974 04 25 18   140     0 -9999   220    30 -9999 -9999 -9999
1974 04 25 21   130   -60 -9999   250    60     2 -9999 -9999
1974 04 26 03   160   -50 -9999   220    20     7 -9999 -9999
1974 04 26 06   210   -30 -9999    90    20     7 -9999 -9999
1974 04 26 09   230   -40 -9999    90    30     5 -9999 -9999
1974 04 26 12   210   -30 -9999    90    60     7 -9999 -9999
1974 04 26 18   150    20 -9999     0     0     8 -9999 -9999
1974 04 26 21   120   -20 -9999   270    20     0 -9999 -9999
1974 04 27 00   120   -20 -9999   250    20     7 -9999 -9999
1974 04 27 03   170   -30 -9999    70    80     7 -9999 -9999
1974 04 27 06   180   -40 -9999    90    90     7 -9999 -9999
1974 04 27 12 -9999 -9999 -9999    70    60     6 -9999 -9999
1974 04 27 18   110    10 -9999   220    20     0 -9999 -9999
1974 04 27 21   100   -20 -9999   270    30     0 -9999 -9999
1974 04 28 03   140     0 -9999   250    20     0 -9999 -9999
1974 04 28 06   180   -40 -9999    70    10     0 -9999 -9999
1974 04 28 09   200   -40 -9999    90    70     0 -9999 -9999
1974 04 28 12   180   -40 -9999    90    50     0 -9999 -9999
1974 04 28 21   120    20 -9999   220    30     8 -9999 -9999
1974 04 29 00   110    20 -9999   200    70     1 -9999     0
1974 04 29 03   130    20 -9999   220    60     6 -9999 -9999
1974 04 29 06   180   -20 -9999     0     0     6 -9999 -9999
1974 04 29 09   210   -30 -9999    90    60     6 -9999 -9999
1974 04 29 12   180   -20 -9999    70    80     7 -9999 -9999
1974 04 29 18   110    20 -9999   270    10     7 -9999 -9999
1974 04 29 21   100    40 -9999   220    40     0 -9999 -9999
1974 04 30 00    90   -30 -9999   250    40     0 -9999 -9999
1974 04 30 03   140   -10 -9999   250    30     7 -9999 -9999
1974 04 30 06   190   -20 -9999    70    40     7 -9999 -9999
1974 04 30 12   200   -60 -9999    70    70     2 -9999 -9999
1974 04 30 18   140   -10 -9999     0     0 -9999 -9999 -9999
1974 04 30 21   140   -50 -9999   250    40     7 -9999 -9999
1974 05 01 00   130   -70 -9999   220    40     3 -9999 -9999
1974 05 01 03   150     0 -9999   220    30     4 -9999 -9999
1974 05 01 06   210   -60 -9999    90    20     0 -9999 -9999
1974 05 01 12   210   -50 -9999    70    70     7 -9999 -9999
1974 05 01 18   150   -40 -9999   220    20     7 -9999 -9999
1974 05 02 00   120   -20 -9999   220    30     7 -9999 -9999
1974 05 02 03   150   -10 -9999   250    30     7 -9999 -9999
1974 05 02 06   210   -20 -9999     0     0     7 -9999 -9999
1974 05 02 09   220   -20 -9999    70    20     7 -9999 -9999
1974 05 02 12   260    70 -9999   270    20     8 -9999 -9999
1974 05 02 18   140     0 -9999     0     0     7 -9999 -9999
1974 05 02 21   130   -20 -9999   220    20     7 -9999 -9999
1974 05 03 00   150   -40 -9999   270    20     7 -9999 -9999
1974 05 03 12   180   -20 -9999   250   140     7 -9999 -9999
1974 05 03 18   130    20 -9999   220    50     7 -9999 -9999
1974 05 04 03    50    40 -9999     0     0     7 -9999 -9999
1974 05 04 06   100    40 -9999   270    90     8 -9999   120
1974 05 04 09   150     0 -9999     0     0     3 -9999 -9999
1974 05 04 12   150     0 -9999    90    30     1 -9999 -9999
1974 05 04 18    90   -50 -9999   270    40     2 -9999 -9999
1974 05 04 21    90   -70 -9999   250    30     1 -9999 -9999
1974 05 05 00    60   -30 -9999   170    50     2 -9999 -9999
1974 05 05 03   110   -50 -9999   250    50     7 -9999 -9999
1974 05 05 06   170   -40 -9999   220    20     6 -9999 -9999
1974 05 05 09   200   -20 -9999    70    50     6 -9999 -9999
1974 05 05 12   170   -10 -9999    90    30     7 -9999 -9999
1974 05 05 18   110    30 -9999   220    20     7 -9999    70
1974 05 06 00   100    40 -9999   250    40     7 -9999 -9999
1974 05 06 03   120   -40 -9999   220    60     7 -9999 -9999
1974 05 06 06   170   -50 -9999   200    20     7 -9999 -9999
1974 05 06 09   150   -50 -9999   140    20     7 -9999 -9999
1974 05 06 12   160   -70 -9999   360    50     3 -9999     0
1974 05 06 18    80    30 -9999    40    20     0 -9999 -9999
1974 05 06 21    80    20 -9999   250    50     0 -9999 -9999
1974 05 07 00    50    20 -9999   250    20     0 -9999 -9999
1974 05 07 03   110    20 -9999     0     0     0 -9999 -9999
1974 05 07 06   120    30 -9999    70    70     1 -9999 -9999
1974 05 07 09   150    20 -9999    40    60     2 -9999 -9999
1974 05 07 12   130    50 -9999    70    60     7 -9999 -9999
1974 05 08 00    50    40 -9999    70    40     8 -9999 -9999
1974 05 08 03    50    50 -9999    70    40     8 -9999 -9999
1974 05 08 06    80    40 -9999    70    60     8 -9999 -9999
1974 05 08 09    90    30 -9999    70    40     8 -9999 -9999
1974 05 08 18    90    20 -9999   360    40     8 -9999 -9999
1974 05 09 00    60    30 -9999     0     0     6 -9999     0
1974 05 09 06   140    20 -9999    70    30     7 -9999 -9999
1974 05 09 09   160    20 -9999    20    30     7 -9999 -9999
1974 05 09 12   160    30 -9999    40    40     7 -9999 -9999
1974 05 09 18   120    40 -9999   220    30     7 -9999 -9999
1974 05 09 21   110    50 -9999   220    30 -9999 -9999 -9999
1974 05 10 00   100    40 -9999   220    20     7 -9999 -9999
1974 05 10 03   140    30 -9999   220    60     7 -9999 -9999
1974 05 10 06   180     0 -9999   220    20     7 -9999 -9999
1974 05 10 09   180     0 -9999    40    50     7 -9999 -9999
1974 05 10 12   160   120 -9999    70    40     7 -9999 -9999
1974 05 10 18   120    30 -9999   250    20     3 -9999 -9999
1974 05 10 21    80    10 -9999     0     0     8 -9999 -9999
1974 05 11 00    80    30 -9999   270    20     7 -9999    20
1974 05 11 06   180   -20 -9999    90    60     7 -9999 -9999
1974 05 11 09   140    10 -9999    20   100     8 -9999 -9999
1974 05 11 12   130    20 -9999    70    30     7 -9999 -9999
1974 05 11 18   100    50 -9999     0     0     7 -9999     0
1974 05 12 03   180   100 -9999    70    30     1 -9999 -9999
1974 05 12 06 -9999 -9999 -9999     0     0     5 -9999 -9999
1974 05 12 09   160     0 -9999    70   100     7 -9999 -9999
1974 05 12 12   150     0 -9999     0     0     1 -9999 -9999
1974 05 12 18    90    20 -9999   360    20     0 -9999 -9999
1974 05 12 21    90     0 -9999   200    30     0 -9999 -9999
1974 05 13 00    80   -10 -9999   250    50     2 -9999  1000
1974 05 13 06   200   -60 -9999    90    10     6 -9999 -9999
1974 05 13 09   210   -30 -9999 -9999 -9999     6 -9999 -9999
1974 05 13 12 -9999 -9999 -9999   250   100     7 -9999 -9999
1974 05 13 18   130    40 -9999   250    30     7 -9999     0
1974 05 13 21   120    50 -9999   200   430     8 -9999 -9999
1974 05 14 06   120    60 -9999   270    60     7 -9999    20
1974 05 14 09   170    30 -9999   250    60     7 -9999 -9999
1974 05 14 12   180     0 -9999   250    90     7 -9999     0
1974 05 14 18   120    40 -9999   220    50     1 -9999 -9999
1974 05 15 00   110    20 -9999   220    60     7 -9999 -9999
1974 05 15 03   150     0 -9999   250    50     7 -9999 -9999
1974 05 15 06   200   -40 -9999   250    20     2 -9999 -9999
1974 05 15 09   130   -70 -9999   250    60     7 -9999 -9999
1974 05 15 12   220   -60 -9999   320    50     1 -9999 -9999
1974 05 15 18   140   -50 -9999     0     0     0 -9999 -9999
1974 05 15 21   110   -50 -9999   250    50     0 -9999 -9999
1974 05 16 00   100   -40 -9999   220    50     6 -9999 -9999
1974 05 16 03   140   -40 -9999   220    40     2 -9999 -9999
1974 05 16 06   200   -50 -9999   160    20     2 -9999 -9999
1974 05 16 09   210   -40 -9999   200    30     7 -9999 -9999
1974 05 16 12   200   -90 -9999   320    70     7 -9999     0
1974 05 16 18   130   -30 -9999   220    30     0 -9999     0
1974 05 16 21   110   -40 -9999   220    30     0 -9999 -9999
1974 05 17 00    90   -40 -9999   220    50     1 -9999 -9999
1974 05 17 03   140   -30 -9999 -9999 -9999     7 -9999 -9999
1974 05 17 09   190   -20 -9999   270    20     7 -9999 -9999
1974 05 17 18   190    50 -9999     0     0     1 -9999     0
1974 05 17 21   280    70 -9999    70    50     8 -9999 -9999
1974 05 18 00   320 -9999 -9999     0     0     7 -9999     0
1974 05 18 03   120    50 -9999   220    20     7 -9999 -9999
1974 05 18 06   150    50 -9999    70    60     7 -9999 -9999
1974 05 18 12   140    40 -9999    40    50     7 -9999 -9999
1974 05 18 18   110    60 -9999    90    30     7 -9999 -9999
1974 05 19 06   120    50 -9999     0     0     7 -9999    40
1974 05 19 12   110 -9999 -9999   250    40     8 -9999 -9999
1974 05 19 18   100    30 -9999   220    60     1 -9999 -9999
1974 05 20 00    80    20 -9999   250    50     0 -9999 -9999
1974 05 20 03   130    10 -9999   220    40     0 -9999 -9999
1974 05 20 09   200     0 -9999    90    20     6 -9999 -9999
1974 05 20 12   200   -10 -9999   270    60     7 -9999 -9999
1974 05 20 18 -9999 -9999 -9999   270    20     7 -9999 -9999
1974 05 20 21   130    10 -9999   220    40     5 -9999 -9999
1974 05 21 00   120     0 -9999 -9999 -9999     3 -9999 -9999
1974 05 21 03   150    40 -9999   220    50     5 -9999 -9999
1974 05 21 06   200    30 -9999     0     0     4 -9999 -9999
1974 05 21 09   220   -50 -9999   250    40     6 -9999 -9999
1974 05 21 12   210   -50 -9999   250    60     7 -9999 -9999
1974 05 22 00   110    20 -9999   220    40     2 -9999 -9999
1974 05 22 03   160    10 -9999   250    20     1 -9999 -9999
1974 05 22 06   220     0 -9999   180    40     6 -9999 -9999
1974 05 22 09   230   -30 -9999    40    20     6 -9999 -9999
1974 05 22 12   220    10 -9999    90    30     7 -9999 -9999
1974 05 22 18   160    50 -9999   220    20     2 -9999 -9999
1974 05 22 21   120    40 -9999   250    20     1 -9999 -9999
1974 05 23 00   130    30 -9999   250    30     7 -9999 -9999
1974 05 23 03   160 -9999 -9999   270    30     7 -9999 -9999
1974 05 23 06   210     0 -9999   140    10     7 -9999 -9999
1974 05 23 09   210   -40 -9999   140    40     7 -9999 -9999
1974 05 23 12   210   -50 -9999   340    40     7 -9999 -9999
1974 05 23 18   160   -10 -9999     0     0     1 -9999 -9999
1974 05 23 21   130     0 -9999     0     0     3 -9999 -9999
1974 05 24 00   130   -20 -9999   250    40     1 -9999 -9999
1974 05 24 06   230   -40 -9999   250    50     5 -9999 -9999
1974 05 24 21   240    50 -9999   220    50     0 -9999 -9999
1974 05 25 00   120   -20 -9999   250    40     2 -9999 -9999
1974 05 25 03   180   -10 -9999   220    50     7 -9999 -9999
1974 05 25 06   240   -40 -9999    40    10     2 -9999 -9999
1974 05 25 09   260     0 -9999    40    20     7 -9999 -9999
1974 05 26 00   190   -10 -9999   220    40     7 -9999 -9999
1974 05 26 03   180    20 -9999   220    40     8 -9999 -9999
1974 05 26 06 -9999    20 -9999    70    80     7 -9999 -9999
1974 05 26 09 -9999   -50 -9999   290    20     7 -9999 -9999
1974 05 26 12   250   -40 -9999     0     0     7 -9999 -9999
1974 05 26 18   180    10 -9999   220    50     2 -9999 -9999
1974 05 26 21   150 -9999 -9999   220    30     3 -9999 -9999
1974 05 27 00   130    20 -9999   250    40     7 -9999 -9999
1974 05 27 03   180    20 -9999   220    20     7 -9999 -9999
1974 05 27 06   220   -10 -9999    70    60     7 -9999 -9999
1974 05 27 09   230   -10 -9999    70    70     7 -9999 -9999
1974 05 27 12   230     0 -9999    40    60     7 -9999 -9999
1974 05 27 18   160    50 -9999     0     0     3 -9999 -9999
1974 05 27 21   150    30 -9999   220    20     0 -9999 -9999
1974 05 28 00   150    20 -9999   270    30     7 -9999 -9999
1974 05 28 06   220    30 -9999    70    80     6 -9999 -9999
1974 05 28 09   230    30 -9999    70    40     7 -9999 -9999
1974 05 28 12   220    40 -9999     0     0     7 -9999     0
1974 05 28 18   190    50 -9999    20    30     7 -9999 -9999
1974 05 29 00   150    60 -9999   320    40     7 -9999 -9999
1974 05 29 03   200    50 -9999   220    30     7 -9999 -9999
1974 05 29 06   210    40 -9999     0     0     7 -9999 -9999
1974 05 29 09 -9999 -9999 -9999     0     0     6 -9999 -9999
1974 05 29 18   160    50 -9999   250    20     6 -9999 -9999
1974 05 30 00   120    40 -9999   250    20     6 -9999 -9999
1974 05 30 03   180   -30 -9999   250    30     7 -9999 -9999
1974 05 30 06   240   -30 -9999   180    30     7 -9999 -9999
1974 05 30 09   260   -40 -9999   110    20     7 -9999 -9999
1974 05 30 12   230   -20 -9999    70    20     6 -9999 -9999
1974 05 30 18   150   -10 -9999     0     0 -9999 -9999 -9999
1974 05 31 00   130 -9999 -9999   250    60     0 -9999 -9999
1974 05 31 03   180   -60 -9999   220    60     0 -9999 -9999
1974 05 31 09   280   -20 -9999    40    20     2 -9999 -9999
1974 05 31 12   260   -20 -9999    70    70     1 -9999 -9999
1974 05 31 21   170   -20 -9999   110    20     0 -9999 -9999
1974 06 01 00   150     0 -9999   250    30     2 -9999 -9999
1974 06 01 06   230    20 -9999   220    20     7 -9999 -9999
1974 06 01 09   250     0 -9999   360    80     7 -9999 -9999
1974 06 01 12   230     0 -9999   360    70     7 -9999     0
1974 06 01 18   160     0 -9999    40    30     6 -9999 -9999
1974 06 01 21   140    20 -9999   270    30     6 -9999 -9999
1974 06 02 03   170   -10 -9999   250    30     6 -9999 -9999
1974 06 02 06   210  -150 -9999   340    90     2 -9999 -9999
1974 06 02 09   220  -170 -9999   320    70     2 -9999 -9999
1974 06 03 00   130  -110 -9999   110    20     0 -9999 -9999
1974 06 03 12   150   -70 -9999     0     0     7 -9999 -9999
1974 06 03 18   120   -50 -9999   250    10     1 -9999 -9999
1974 06 03 21   100   -50 -9999   250    30     0 -9999 -9999
1974 06 04 00    80   -30 -9999   250    20     0 -9999 -9999
1974 06 04 03   160   -80 -9999   220    10     0 -9999 -9999
1974 06 04 06   200   -50 -9999    70    50     7 -9999 -9999
1974 06 04 09 -9999 -9999 -9999    40    30     7 -9999 -9999
1974 06 04 12   200   -10 -9999    70    70     7 -9999 -9999
1974 06 04 18   160    40 -9999    20    20     7 -9999 -9999
1974 06 04 21   150 -9999 -9999     0     0     7 -9999 -9999
1974 06 05 03   180    30 -9999   250    20     8 -9999 -9999
1974 06 05 06   220     0 -9999    90    10     7 -9999 -9999
1974 06 05 09   230    10 -9999    90    70     8 -9999 -9999
1974 06 06 00   130  -240 -9999   220    10     7 -9999 -9999
1974 06 06 09   210     0 -9999   270    20     7 -9999 -9999
1974 06 06 12   200    10 -9999   290    60     8 -9999 -9999
1974 06 06 18   160    30 -9999   110    30     8 -9999 -9999
1974 06 07 00   150    10 -9999   250    20     8 -9999 -9999
1974 06 07 03   180    20 -9999   120    30     7 -9999 -9999
1974 06 07 06   210    10 -9999    10    80     7 -9999 -9999
1974 06 07 09   220    20 -9999    90    40     6 -9999 -9999
1974 06 07 12   170 -9999 -9999   270    90     7 -9999 -9999
1974 06 07 18   120  -180 -9999   250    40     7 -9999    10
1974 06 07 21   110     0 -9999   220    40     2 -9999 -9999
1974 06 08 00    90    70 -9999   250    50     7 -9999 -9999
1974 06 08 06   160    70 -9999     0     0     7 -9999    70
1974 06 08 09   160 -9999 -9999    70    40     7 -9999 -9999
1974 06 08 12   170    30 -9999    20    20     7 -9999 -9999
1974 06 08 18   120    80 -9999     0     0     7 -9999 -9999
1974 06 09 00   110 -9999 -9999   220    20     7 -9999 -9999
1974 06 09 03   150    50 -9999   110    20     2 -9999 -9999
1974 06 09 06   200    30 -9999   250    10     3 -9999 -9999
1974 06 09 12   170    70 -9999   270    40     7 -9999 -9999
1974 06 09 18   130    90 -9999   220    20     7 -9999 -9999
1974 06 09 21   140    70 -9999   220    30     6 -9999 -9999
1974 06 10 00   110   -50 -9999   220    40     2 -9999 -9999
1974 06 10 06 -9999 -9999 -9999   290    40     2 -9999 -9999
1974 06 10 09   240    20 -9999   320    20     5 -9999 -9999
1974 06 10 18   180    60 -9999    20    10     2 -9999     0
1974 06 11 06   180    40 -9999   250   120     7 -9999 -9999
1974 06 11 12   190    30 -9999   250    30     3 -9999     0
1974 06 11 18   150    50 -9999   220    50     0 -9999 -9999
1974 06 12 00   110    20 -9999   220    40     2 -9999 -9999
1974 06 12 06   230    30 -9999 -9999 -9999     7 -9999 -9999
1974 06 12 12   210    50 -9999    70    40     7 -9999    10
1974 06 12 21   130    40 -9999   220    50     0 -9999 -9999
1974 06 13 00   120    40 -9999   100 -9999     1 -9999 -9999
1974 06 13 03   170    30 -9999   220    40     1 -9999 -9999
1974 06 13 06   230   -30 -9999   220    30     1 -9999 -9999
1974 06 13 09   280   -20 -9999   220    40     2 -9999 -9999
1974 06 13 12   270    20 -9999   170    50     4 -9999 -9999
1974 06 13 18   170    50 -9999   250    50     0 -9999 -9999
1974 06 14 09   160    90 -9999   290    40     7 -9999 -9999
1974 06 14 12   190    80 -9999   220    30     6 -9999     0
1974 06 15 00   120    20 -9999   220    40     3 -9999 -9999
1974 06 15 06   230     0 -9999     0     0     5 -9999 -9999
1974 06 15 09   250    50 -9999     0     0     7 -9999 -9999
1974 06 15 12   240    50 -9999    70    90     7 -9999 -9999
1974 06 15 18   170    60 -9999     0     0     7 -9999 -9999
1974 06 15 21   170    50 -9999   230    40     6 -9999 -9999
1974 06 16 00   150     0 -9999   220    40     7 -9999 -9999
1974 06 16 06   250   -50 -9999   220    10     2 -9999 -9999
1974 06 16 09   240   -20 -9999   140    90     6 -9999 -9999
1974 06 16 12   250    20 -9999     0     0     4 -9999 -9999
1974 06 16 18   150    50 -9999   220    20     2 -9999 -9999
1974 06 16 21   140    30 -9999   250    60     1 -9999 -9999
1974 06 17 00   130    20 -9999   250    40     1 -9999 -9999
1974 06 17 03   200     0 -9999   320    40     1 -9999 -9999
1974 06 17 06   260     0 -9999   220    10     2 -9999 -9999
1974 06 17 09   270   -40 -9999     0     0     7 -9999 -9999
1974 06 17 12   250    20 -9999    70    40     6 -9999 -9999
1974 06 17 18   170    20 -9999    20    40     0 -9999 -9999
1974 06 17 21   150    60 -9999     0     0     0 -9999 -9999
1974 06 18 00   150     0 -9999   220    20     0 -9999 -9999
1974 06 18 03   200    20 -9999   250    20     0 -9999 -9999
1974 06 18 06   240    40 -9999    70    40     2 -9999 -9999
1974 06 18 09   230    10 -9999   270   130     7 -9999 -9999
1974 06 18 12   230    20 -9999   250    70     7 -9999     0
1974 06 18 18   190    20 -9999   220    40     1 -9999 -9999
1974 06 18 21   170    20 -9999   250    50     7 -9999 -9999
1974 06 19 00   150    20 -9999   220    60     7 -9999 -9999
1974 06 19 03   200    20 -9999   220    30     7 -9999 -9999
1974 06 19 06   210    10 -9999   160    50     7 -9999 -9999
1974 06 19 09   120    30 -9999   160    50     7 -9999 -9999
1974 06 19 12   210    50 -9999   300    50     7 -9999 -9999
1974 06 20 00   200   100 -9999   200    40     7 -9999 -9999
1974 06 20 03   110    50 -9999   250    40     1 -9999 -9999
1974 06 20 06   230   -10 -9999     0     0     6 -9999 -9999
1974 06 20 09   270   -20 -9999   250    40     7 -9999 -9999
1974 06 20 12   210    30 -9999    70    50     3 -9999 -9999
1974 06 20 18   150    60 -9999   110    20     2 -9999 -9999
1974 06 21 00   120    50 -9999   250   200     0 -9999 -9999
1974 06 21 03   190   -20 -9999    20    50     6 -9999 -9999
1974 06 21 06   240   -10 -9999    20    30     2 -9999 -9999
1974 06 21 18   190   -20 -9999   340    60     6 -9999 -9999
1974 06 21 21   160    40 -9999    90    90     6 -9999 -9999
1974 06 22 00   110    80 -9999    70    40     7 -9999 -9999
1974 06 22 06   190    20 -9999   270    40     3 -9999 -9999
1974 06 22 09   200    20 -9999    90    60     7 -9999 -9999
1974 06 22 12   170    40 -9999   320    70     7 -9999 -9999
1974 06 22 21    80    70 -9999    70    70     8 -9999 -9999
1974 06 23 03    70    50 -9999   250    20     8 -9999 -9999
1974 06 23 06    80    70 -9999     0     0     8 -9999    40
1974 06 23 09    90    80 -9999    70    30     8 -9999 -9999
1974 06 23 12    70    40 -9999    90    40     8 -9999   110
1974 06 23 18    70    60 -9999    90    10     8 -9999    80
1974 06 23 21    70    50 -9999    70    20     7 -9999 -9999
1974 06 24 00    70    60 -9999    40    10     8 -9999    10
1974 06 24 09    80    60 -9999    70    80     8 -9999 -9999
1974 06 24 12    80    70 -9999 -9999 -9999     8 -9999    40
1974 06 24 18    80    60 -9999   220    30     7 -9999     0
1974 06 25 06   140    70 -9999    40    30     6 -9999 -9999
1974 06 25 09   220    80 -9999    90    40     7 -9999 -9999
1974 06 25 12   120    60 -9999    70    70     7 -9999 -9999
1974 06 25 21    90    70 -9999     0     0     7 -9999 -9999
1974 06 26 06   160    10 -9999    40    20     7 -9999 -9999
1974 06 26 09   160    70 -9999    90    50     7 -9999 -9999
1974 06 27 00    90    50 -9999   250    60     0 -9999 -9999
1974 06 27 06   200    20 -9999     0     0     1 -9999 -9999
1974 06 27 12   200    40 -9999    70    50     7 -9999 -9999
1974 06 28 00   120    60 -9999   220    30     1 -9999 -9999
1974 06 28 06   210    40 -9999     0     0     1 -9999 -9999
1974 06 28 09   240 -9999 -9999    90    20     2 -9999 -9999
1974 06 28 12   230    80 -9999    90    40     2 -9999 -9999
1974 06 29 03   110    80 -9999   240    20     2 -9999 -9999
1974 06 29 06   210    80 -9999    90    30     7 -9999 -9999
1974 06 29 09   170    70 -9999   220   100     7 -9999 -9999
1974 06 30 03   180    60 -9999   220    50     2 -9999 -9999
1974 06 30 06   240    50 -9999 -9999 -9999     3 -9999 -9999
1974 06 30 09   240    70 -9999    90   100     7 -9999 -9999
1974 07 01 03   190    50 -9999   250    30     2 -9999 -9999
1974 07 01 06   250    50 -9999     0     0     3 -9999 -9999
1974 07 01 09   230    10 -9999    20    50     7 -9999 -9999
1974 07 01 12   210    50 -9999    20    40     5 -9999     5
1974 07 02 00   250    80 -9999   320    30     7 -9999 -9999
1974 07 02 12   250    70 -9999     0     0     6 -9999     0
1974 07 03 12   170    70 -9999   270    60     7 -9999     0
1974 07 04 03   140    90 -9999   220    30     8 -9999 -9999
1974 07 04 09   140   100 -9999   250    40     8 -9999 -9999
1974 07 04 12   140    90 -9999   250    40     8 -9999    10
1974 07 04 18   130    70 -9999   220    30     8 -9999     0
1974 07 04 21   120    80 -9999   250    30     7 -9999 -9999
1974 07 05 00   120    80 -9999   250    40     8 -9999 -9999
1974 07 05 06   190    80 -9999   200    20     7 -9999 -9999
1974 07 05 09   170    90 -9999 -9999 -9999     7 -9999 -9999
1974 07 05 12   170    70 -9999   250    50     7 -9999    20
1974 07 05 18   140    60 -9999   220    40     7 -9999     0
1974 07 06 18   180    40 -9999    90    30     7 -9999 -9999
1974 07 06 21   140    70 -9999   250    40     2 -9999 -9999
1974 07 07 00   140    70 -9999   270    30     5 -9999 -9999
1974 07 07 03   180    60 -9999   220    50     2 -9999 -9999
1974 07 07 06   210    70 -9999     0     0     7 -9999 -9999
1974 07 07 09   230    50 -9999   160    50     7 -9999 -9999
1974 07 07 12   220    60 -9999    90    40     7 -9999     0
1974 07 07 18   170    70 -9999    90    20     7 -9999     0
1974 07 07 21   160    50 -9999   220    50     6 -9999 -9999
1974 07 08 00   150    50 -9999   220    40     6 -9999 -9999
1974 07 08 06   240    40 -9999     0     0     2 -9999 -9999
1974 07 08 12   240    70 -9999     0     0     7 -9999 -9999
1974 07 08 18   160    70 -9999   270    50     1 -9999 -9999
1974 07 09 00   140    40 -9999   250    40     1 -9999 -9999
1974 07 09 06   240    20 -9999   220    40     1 -9999 -9999
1974 07 09 09   270    10 -9999   220    30     2 -9999 -9999
1974 07 09 12   290   -20 -9999     0     0     2 -9999 -9999
1974 07 10 00   150    30 -9999   250    30     6 -9999 -9999
1974 07 10 06   250    30 -9999     0     0     1 -9999     0
1974 07 10 09   290    60 -9999     0     0     2 -9999 -9999
1974 07 10 12   270    60 -9999    70    60     7 -9999 -9999
1974 07 10 18   180    70 -9999    70    50     7 -9999     0
1974 07 11 06   260    60 -9999     0     0     2 -9999 -9999
1974 07 11 09   270    60 -9999   200    30     7 -9999 -9999
1974 07 11 18   180    80 -9999   250    40     0 -9999     0
1974 07 11 21   190 -9999 -9999   220    50     7 -9999 -9999
1974 07 12 00   170    70 -9999   250    20     7 -9999 -9999
1974 07 12 03   220    80 -9999   250    70     7 -9999 -9999
1974 07 12 06   260    80 -9999     0     0     7 -9999 -9999
1974 07 12 09   240   100 -9999   270    30     7 -9999 -9999
1974 07 12 12   190   100 -9999   220    60     7 -9999 -9999
1974 07 12 18   180    60 -9999   290    90     8 -9999 -9999
1974 07 12 21   170    90 -9999   220    60     7 -9999 -9999
1974 07 13 00   160    60 -9999   220    40     7 -9999     0
1974 07 13 03   190    60 -9999   220    50     6 -9999 -9999
1974 07 13 06   240    50 -9999   250    30     4 -9999     0
1974 07 13 09   270    40 -9999   140    60     5 -9999 -9999
1974 07 13 12   270    30 -9999    70    80     7 -9999 -9999
1974 07 13 18   160    80 -9999    70    40     1 -9999     0
1974 07 13 21   170    70 -9999   220    40     0 -9999 -9999
1974 07 14 00   140    30 -9999 -9999 -9999     0 -9999 -9999
1974 07 14 03   200    20 -9999   220    40     0 -9999 -9999
1974 07 14 06   260     0 -9999    70    30     1 -9999 -9999
1974 07 14 09   270    20 -9999    70    30     1 -9999 -9999
1974 07 14 18   170    70 -9999   220    10     0 -9999 -9999
1974 07 14 21   180    30 -9999   220    40     0 -9999 -9999
1974 07 15 06   280     0 -9999   270    50     1 -9999 -9999
1974 07 15 09   290    30 -9999    70    20     2 -9999 -9999
1974 07 15 12   290    70 -9999     0     0     5 -9999 -9999
1974 07 15 18   180    90 -9999     0     0     0 -9999 -9999
1974 07 15 21   170 -9999 -9999   270    30     2 -9999 -9999
1974 07 16 00   180    40 -9999   220    50     0 -9999 -9999
1974 07 16 03   210    90 -9999     0     0     7 -9999 -9999
1974 07 16 06   260    60 -9999     0     0     7 -9999 -9999
1974 07 16 09   300    40 -9999   270    10     7 -9999 -9999
1974 07 16 12   270    70 -9999   220    30     7 -9999 -9999
1974 07 16 18   200   100 -9999     0     0     3 -9999 -9999
1974 07 17 00   190    80 -9999   250    40     7 -9999 -9999
1974 07 17 03   220    70 -9999   220    40     7 -9999 -9999
1974 07 17 06   270    80 -9999     0     0     7 -9999 -9999
1974 07 17 12   250   100 -9999    90    20     7 -9999 -9999
1974 07 17 18   220    60 -9999   250    40     7 -9999 -9999
1974 07 17 21   190    30 -9999   220    40     1 -9999 -9999
1974 07 18 00   170    10 -9999   220    50     1 -9999 -9999
1974 07 18 06   270    30 -9999     0     0     1 -9999 -9999
1974 07 18 09   300    20 -9999     0     0     1 -9999 -9999
1974 07 18 12   290    30 -9999     0     0     2 -9999 -9999
1974 07 18 21   180    20 -9999   250    40     1 -9999 -9999
1974 07 19 00   170    20 -9999   220    40     1 -9999 -9999
1974 07 19 03   220    20 -9999   220    20     2 -9999 -9999
1974 07 19 06   280    50 -9999   320    10     2 -9999 -9999
19