1975 01 01 00  -140  -190 -9999   250    70     2 -9999 -9999
1975 01 01 03  -160  -210 -9999   220    50     1 -9999 -9999
1975 01 01 06  -120  -200 -9999     0     0     1 -9999 -9999
1975 01 01 09   -70  -130 -9999     0     0     1 -9999 -9999
1975 01 01 12  -150  -180 -9999    40    30     0 -9999 -9999
1975 01 01 18 -9999 -9999 -9999   250    30     0 -9999 -9999
1975 01 01 21  -160  -210 -9999   250    60     0 -9999 -9999
1975 01 02 00  -150  -220 -9999   250    70     0 -9999 -9999
1975 01 02 06   -90  -210 -9999   220    50     1 -9999 -9999
1975 01 02 09   -60  -170 -9999   270    30     1 -9999 -9999
1975 01 02 12   -90  -120 10433     0     0     7 -9999 -9999
1975 01 02 18  -160  -210 -9999   250    30     7 -9999 -9999
1975 01 02 21  -130  -220 -9999   250    40     6 -9999 -9999
1975 01 03 00  -110  -220 -9999   250    60     2 -9999 -9999
1975 01 03 03  -100  -230 -9999   250    90     7 -9999 -9999
1975 01 03 06   -80  -210 -9999   250    20     3 -9999 -9999
1975 01 03 09   -70  -160 -9999    40    20     2 -9999 -9999
1975 01 03 12  -120  -200 -9999    40    10     1 -9999 -9999
1975 01 03 21  -140  -200 -9999   220    50     6 -9999 -9999
1975 01 04 00  -140  -200 -9999   220    40     7 -9999 -9999
1975 01 04 03  -140  -190 -9999   220    60     7 -9999 -9999
1975 01 04 06  -100  -140 -9999    90    30     7 -9999 -9999
1975 01 04 09   -90  -160 -9999     0     0     7 -9999 -9999
1975 01 04 12  -110  -160 -9999     0     0     7 -9999 -9999
1975 01 04 18 -9999  -180 -9999   220    20     1 -9999 -9999
1975 01 04 21   -40  -180 -9999   250    30     7 -9999 -9999
1975 01 05 00  -140  -190 -9999   220    50     2 -9999 -9999
1975 01 05 03  -110  -170 -9999   250    60     6 -9999 -9999
1975 01 05 06   -90  -210 -9999 -9999 -9999     7 -9999 -9999
1975 01 05 09   -90  -140 -9999    70    30     7 -9999 -9999
1975 01 05 12  -130  -170 -9999   250    20     5 -9999 -9999
1975 01 05 18  -150  -180 -9999   250    20     1 -9999 -9999
1975 01 05 21  -120  -180 -9999   250    80     1 -9999 -9999
1975 01 06 00  -130  -180 -9999   250    70     1 -9999 -9999
1975 01 06 06   -70  -120 -9999   270    40     7 -9999 -9999
1975 01 06 09   -90 -9999 -9999    40    30     7 -9999 -9999
1975 01 06 12  -100  -140 -9999     0     0     7 -9999 -9999
1975 01 06 18  -130  -160 -9999   250    30     0 -9999 -9999
1975 01 07 03  -140  -190 -9999   250    70     7 -9999 -9999
1975 01 07 06   -80  -160 -9999   250    40     7 -9999 -9999
1975 01 07 09   -50  -150 -9999   250    30     7 -9999 -9999
1975 01 07 12  -100  -140 -9999    70    50     7 -9999 -9999
1975 01 07 18  -110  -150 -9999   220    50     7 -9999 -9999
1975 01 08 00  -110  -150 -9999   250    20     1 -9999 -9999
1975 01 08 03  -150  -180 -9999   250    20     2 -9999 -9999
1975 01 08 06   -70  -160 -9999   220    20     6 -9999 -9999
1975 01 08 09   -70  -110 -9999    70    40     6 -9999 -9999
1975 01 08 12  -110  -160 -9999 -9999 -9999     2 -9999 -9999
1975 01 08 18  -150  -180 -9999   250    20     0 -9999 -9999
1975 01 08 21  -140  -170 -9999   250    50     0 -9999 -9999
1975 01 09 00  -100  -170 -9999   220    40     1 -9999 -9999
1975 01 09 03  -100  -180 -9999   250    40     0 -9999 -9999
1975 01 09 06   -50  -160 -9999   250    60     0 -9999 -9999
1975 01 09 09 -9999 -9999 -9999   250    40     0 -9999 -9999
1975 01 09 12   -90  -130 -9999    40    30     0 -9999 -9999
1975 01 09 21  -110  -170 -9999   250    50     0 -9999 -9999
1975 01 10 03  -120  -190 -9999   250    80     0 -9999 -9999
1975 01 10 06   -70  -190 -9999   220    50     0 -9999 -9999
1975 01 10 09   -30  -140 -9999     0     0     0 -9999 -9999
1975 01 10 12   -90  -130 -9999     0     0     1 -9999 -9999
1975 01 10 21  -130  -190 -9999   250    60     0 -9999 -9999
1975 01 11 00  -130  -200 -9999   250    50     0 -9999 -9999
1975 01 11 03  -110  -210 -9999   250    40     1 -9999 -9999
1975 01 11 06   -60  -190 -9999   250    40     1 -9999 -9999
1975 01 11 09   -60  -110 -9999    70    30     1 -9999 -9999
1975 01 11 12  -110  -150 -9999    40    30     1 -9999 -9999
1975 01 11 18  -130  -180 -9999   220    60     0 -9999 -9999
1975 01 12 00  -140  -190 -9999   250    60     0 -9999 -9999
1975 01 12 03  -130  -190 -9999   250    40     1 -9999 -9999
1975 01 12 06   -50  -190 -9999   250    30     1 -9999 -9999
1975 01 12 09   -40  -110 -9999    70    30     1 -9999 -9999
1975 01 12 12  -110  -140 -9999    40    40     0 -9999 -9999
1975 01 12 18  -150  -180 -9999   250    40     0 -9999 -9999
1975 01 13 03  -120  -200 -9999 -9999 -9999     7 -9999 -9999
1975 01 13 06   -90  -170 -9999   220    10     7 -9999 -9999
1975 01 13 09   -60  -130 -9999    90    30     5 -9999 -9999
1975 01 13 12   -90  -160 -9999   250    20     7 -9999 -9999
1975 01 13 18  -140  -190 -9999   220    20     0 -9999 -9999
1975 01 13 21  -130  -200 -9999   250    70     1 -9999 -9999
1975 01 14 00  -150  -220 -9999   250    60     1 -9999 -9999
1975 01 14 03  -130  -210 -9999   220    50     6 -9999 -9999
1975 01 14 06   -80  -210 -9999   220    30     1 -9999 -9999
1975 01 14 09   -60  -160 -9999    70    20     1 -9999 -9999
1975 01 14 12  -110  -160 -9999   220    20     7 -9999 -9999
1975 01 14 18  -140  -180 -9999   220    40     2 -9999 -9999
1975 01 14 21  -130  -180 -9999   250    30     3 -9999 -9999
1975 01 15 00  -120  -180 -9999   250    70     2 -9999 -9999
1975 01 15 03  -130  -170 -9999   250    50     7 -9999 -9999
1975 01 15 06   -70  -180 -9999   250    20     7 -9999 -9999
1975 01 15 09   -60  -140 -9999    90    30     7 -9999 -9999
1975 01 15 12 -9999 -9999 -9999   220    20     7 -9999 -9999
1975 01 15 18   -70  -160 -9999   250    60     7 -9999 -9999
1975 01 15 21 -9999 -9999 10009   250    60     7 -9999 -9999
1975 01 16 03   -90  -140 -9999   250    80     8 -9999 -9999
1975 01 16 06   -90  -120 -9999   250    50     8 -9999    -1
1975 01 16 12   -70  -120 -9999   270    30     3 -9999    -1
1975 01 17 03  -170  -240 -9999   220    60     1 -9999 -9999
1975 01 17 06  -120  -220 -9999   250    50     7 -9999 -9999
1975 01 17 09   -70  -220 -9999   220    20     2 -9999 -9999
1975 01 17 12  -130  -200 -9999     0     0     7 -9999 -9999
1975 01 17 21  -180  -220 -9999   250    40     1 -9999 -9999
1975 01 18 03  -160  -200 -9999   210    40     7 -9999 -9999
1975 01 18 06  -120  -180 -9999   250    30     7 -9999 -9999
1975 01 18 09   -90  -160 -9999     0     0     7 -9999 -9999
1975 01 18 12  -130  -150 -9999    70    30     7 -9999 -9999
1975 01 18 18  -200  -220 -9999     0     0     0 -9999 -9999
1975 01 18 21  -220  -250 -9999   270    30     1 -9999 -9999
1975 01 19 00  -220  -250 -9999   290    20     1 -9999 -9999
1975 01 19 03  -200  -230 -9999   220    30     7 -9999 -9999
1975 01 19 06  -110  -210 -9999   220    60     1 -9999 -9999
1975 01 19 09   -70  -210 -9999   250    30     0 -9999 -9999
1975 01 19 12  -130  -160 -9999   220    20     0 -9999 -9999
1975 01 19 18  -200  -220 -9999   250    30     0 -9999 -9999
1975 01 19 21  -220  -250 -9999   220    50     0 -9999 -9999
1975 01 20 00  -210  -250 -9999   220    50     0 -9999 -9999
1975 01 20 03 -9999  -280 -9999   250    60     0 -9999 -9999
1975 01 20 06  -110  -250 -9999   230    50     0 -9999 -9999
1975 01 20 09   -60  -250 -9999   230    30     0 -9999 -9999
1975 01 20 12  -130  -200 -9999    40    30     0 -9999 -9999
1975 01 21 03  -150  -270 -9999   250    80     0 -9999 -9999
1975 01 21 06   -90  -220 -9999   220    60     1 -9999 -9999
1975 01 21 09   -60  -160 -9999    70    30     1 -9999 -9999
1975 01 21 12  -120  -170 -9999    40    30     7 -9999 -9999
1975 01 21 18  -130  -200 -9999   250    70     7 -9999 -9999
1975 01 21 21  -120  -250 -9999   250    80     0 -9999 -9999
1975 01 22 00  -120  -220 -9999   250    70     8 -9999 -9999
1975 01 22 06   -20  -300 -9999   220    50     6 -9999 -9999
1975 01 22 09   -60  -260 -9999    70    40     6 -9999 -9999
1975 01 22 12  -120  -180 -9999     0     0     7 -9999 -9999
1975 01 22 18  -150  -190 -9999   250    60     5 -9999 -9999
1975 01 22 21  -160  -210 -9999   250    60     1 -9999 -9999
1975 01 23 00  -130  -220 -9999   220    70     0 -9999 -9999
1975 01 23 03  -140  -250 -9999   250    40     0 -9999 -9999
1975 01 23 06   -70  -220 -9999   250    40     0 -9999 -9999
1975 01 23 09   -30  -160 -9999    70    10     0 -9999 -9999
1975 01 23 12  -130  -160 -9999    30    30     0 -9999 -9999
1975 01 23 18  -170  -200 -9999   250    20     0 -9999 -9999
1975 01 23 21  -180  -220 -9999   220    50     0 -9999 -9999
1975 01 24 00  -150  -220 -9999   220    70     2 -9999 -9999
1975 01 24 03  -100  -220 -9999   220    50     7 -9999 -9999
1975 01 24 06   -90  -180 -9999     0     0     3 -9999 -9999
1975 01 24 09 -9999 -9999 -9999 -9999 -9999     1 -9999 -9999
1975 01 24 12   -20  -190 -9999    40    60     1 -9999 -9999
1975 01 24 18  -140  -200 -9999   250    30     0 -9999 -9999
1975 01 24 21  -160  -210 -9999   250    60     0 -9999 -9999
1975 01 25 00  -150  -180 -9999   250    30     0 -9999 -9999
1975 01 25 03  -120  -220 -9999   220    60     0 -9999 -9999
1975 01 25 06  -110  -180 -9999    70    20     0 -9999 -9999
1975 01 25 09   -90  -150 -9999    90    40     0 -9999 -9999
1975 01 25 12  -110  -180 -9999    90    30     1 -9999 -9999
1975 01 25 18  -150  -210 -9999   250    50     0 -9999 -9999
1975 01 25 21  -180  -220 -9999   280    50     0 -9999 -9999
1975 01 26 03  -120  -210 -9999   220    70     7 -9999 -9999
1975 01 26 06   -70  -210 -9999   270    30     2 -9999 -9999
1975 01 26 09   -60  -170 -9999    90    50     4 -9999 -9999
1975 01 26 12  -100  -140 -9999    40    20     7 -9999 -9999
1975 01 26 18  -160  -190 -9999   250    50     0 -9999    -1
1975 01 26 21  -160  -200 -9999   250    50     6 -9999 -9999
1975 01 27 00  -140  -190 -9999   250    50     5 -9999 -9999
1975 01 27 03  -160  -210 -9999   250    30     7 -9999 -9999
1975 01 27 06   -60  -140 -9999   250    40     7 -9999 -9999
1975 01 27 09   -40  -130 -9999    70    30     7 -9999 -9999
1975 01 27 12   -80  -140 -9999    70    30     7 -9999 -9999
1975 01 27 18   -90  -140 -9999   250    60     7 -9999 -9999
1975 01 27 21   -90  -150 -9999   210    30     7 -9999 -9999
1975 01 28 00   -80  -200 -9999   210    30     1 -9999 -9999
1975 01 28 03  -100  -180 -9999   250    50     2 -9999 -9999
1975 01 28 06   -60  -150 -9999    40    10     1 -9999 -9999
1975 01 28 09   -50  -130 -9999    40    60     5 -9999 -9999
1975 01 28 12   -80  -130 -9999   270    20     7 -9999 -9999
1975 01 28 18  -120  -160 -9999   220    40     7 -9999 -9999
1975 01 28 21  -130  -160 -9999   220    30     7 -9999 -9999
1975 01 29 00  -120  -160 -9999   250    50     7 -9999 -9999
1975 01 29 03  -130  -160 -9999   250    20     2 -9999 -9999
1975 01 29 06   -40  -130 -9999     0     0     6 -9999 -9999
1975 01 29 09   -30  -120 -9999    70    40     2 -9999 -9999
1975 01 29 18  -100  -130 -9999   270    20     7 -9999 -9999
1975 01 29 21   -80  -120 -9999   220   200     8 -9999 -9999
1975 01 30 00   -70  -130 -9999   270    50     8 -9999 -9999
1975 01 30 03  -100  -150 -9999   250    50     1 -9999 -9999
1975 01 30 06   -30  -100 -9999   250    30     6 -9999 -9999
1975 01 30 09   -50   -90 -9999    70    60     7 -9999 -9999
1975 01 30 18   -90  -140 -9999   250    30     6 -9999 -9999
1975 01 30 21   -90 -9999 -9999   250    40     7 -9999 -9999
1975 01 31 00   -70  -120 -9999   270    50     7 -9999 -9999
1975 01 31 06   -60  -120 -9999    70    40     8 -9999 -9999
1975 01 31 12   -60   -90 -9999    70    20     8 -9999    -1
1975 01 31 18  -100  -150 -9999   220    20     6 -9999    -1
1975 01 31 21   -80   -90 -9999     0     0     2 -9999 -9999
1975 02 01 00  -110  -130 -9999   220    50     7 -9999    -1
1975 02 01 03  -120  -150 -9999   220    30     6 -9999 -9999
1975 02 01 06   -60  -120 -9999   220    30     7 -9999 -9999
1975 02 01 09   -50   -90 -9999    90    30     2 -9999 -9999
1975 02 01 12   -70   -90 -9999    70    50     7 -9999    -1
1975 02 01 18   -80   -90 -9999     0     0     8 -9999    -1
1975 02 01 21   -90   -90 -9999     0     0     7 -9999 -9999
1975 02 02 00  -120  -180 -9999   250    10     5 -9999 -9999
1975 02 02 03  -150  -180 -9999   250    30     7 -9999 -9999
1975 02 02 06   -90  -130 -9999     0     0     7 -9999 -9999
1975 02 02 09   -70  -110 -9999    90    30     7 -9999 -9999
1975 02 02 12   -80 -9999 -9999    70    10     8 -9999 -9999
1975 02 02 18  -120  -140 -9999   250    20     6 -9999    -1
1975 02 02 21   -60 -9999 -9999 -9999 -9999     6 -9999 -9999
1975 02 03 00  -140  -290 -9999   250    40     2 -9999    -1
1975 02 03 03   -70  -180 -9999   200    40     5 -9999 -9999
1975 02 03 06   -50  -160 -9999    70    30     2 -9999 -9999
1975 02 03 09     0  -190 -9999   250    50     2 -9999 -9999
1975 02 03 12   -50  -390 -9999     0     0     1 -9999 -9999
1975 02 03 18  -120  -300 -9999     0     0     0 -9999 -9999
1975 02 03 21  -120  -240 -9999   220    50     0 -9999 -9999
1975 02 04 00  -190  -260 -9999   220    20     0 -9999 -9999
1975 02 04 03  -170  -250 -9999     0     0     0 -9999 -9999
1975 02 04 09   -80  -130 -9999    90    50     2 -9999 -9999
1975 02 04 12  -100  -130 -9999    90    50     7 -9999    -1
1975 02 04 18  -140  -160 -9999   270    20     7 -9999     4
1975 02 04 21  -140  -170 -9999   250    40     2 -9999 -9999
1975 02 05 00  -160  -190 -9999   250    10     7 -9999    -1
1975 02 05 03  -140  -170 -9999   250    30     7 -9999 -9999
1975 02 05 06  -110  -160 -9999     0     0     7 -9999 -9999
1975 02 05 09  -100  -130 -9999    70    40     7 -9999 -9999
1975 02 05 12  -110  -120 -9999    40    50     7 -9999    -1
1975 02 05 18  -150  -160 -9999     0     0     2 -9999    -1
1975 02 05 21   -70 -9999 -9999   270    10     4 -9999 -9999
1975 02 06 00  -160  -170 -9999   250    20     2 -9999    -1
1975 02 06 03  -160  -190 -9999   220    30     7 -9999 -9999
1975 02 06 06  -110  -170 -9999     0     0     7 -9999    -1
1975 02 06 09  -100  -130 -9999    70    40     7 -9999 -9999
1975 02 06 18  -170 -9999 -9999   270    40     2 -9999 -9999
1975 02 06 21  -180  -200 -9999   250    30     1 -9999 -9999
1975 02 07 00  -180  -210 -9999   220    40     0 -9999 -9999
1975 02 07 06  -100  -150 -9999     0     0     2 -9999 -9999
1975 02 07 09   -90  -150 -9999    90    50     7 -9999 -9999
1975 02 07 12  -120  -170 -9999    70    30     7 -9999 -9999
1975 02 07 18  -160  -180 -9999   250    30     2 -9999 -9999
1975 02 07 21  -150  -180 -9999   250    60     1 -9999 -9999
1975 02 08 00  -150  -190 -9999   220    40     1 -9999 -9999
1975 02 08 03  -130  -180 -9999   240    50     7 -9999 -9999
1975 02 08 06   -70  -160 -9999    40    20     7 -9999 -9999
1975 02 08 09   -60  -140 -9999    70    30     6 -9999 -9999
1975 02 08 12   -90  -150 -9999    70    60     2 -9999 -9999
1975 02 08 21  -130  -170 -9999   250    10     2 -9999 -9999
1975 02 09 00  -110  -170 -9999   220    80     8 -9999 -9999
1975 02 09 03   -90  -140 -9999   220    20     7 -9999 -9999
1975 02 09 06   -40  -140 -9999   250    30     7 -9999 -9999
1975 02 09 09   -40  -110 -9999    40    20     7 -9999 -9999
1975 02 09 12   -50  -110 -9999    70    50     7 -9999 -9999
1975 02 09 18 -9999 -9999 10155   290    10     0 -9999 -9999
1975 02 09 21 -9999 -9999 -9999   240    60     0 -9999 -9999
1975 02 10 03  -150  -180 -9999   250    30     1 -9999 -9999
1975 02 10 06   -50  -160 -9999   250    20     2 -9999 -9999
1975 02 10 09   -30  -130 -9999    70    40     2 -9999 -9999
1975 02 10 12   -60  -140 -9999    70    30     6 -9999 -9999
1975 02 10 18  -110  -160 -9999   250    50     1 -9999 -9999
1975 02 10 21  -120  -180 -9999   250    50     0 -9999 -9999
1975 02 11 00  -110  -180 -9999 -9999 -9999     0 -9999 -9999
1975 02 11 03  -130  -170 -9999   250    50     1 -9999 -9999
1975 02 11 06   -30  -160 -9999     0     0     1 -9999 -9999
1975 02 11 09   -40  -120 -9999    70    60     4 -9999 -9999
1975 02 11 12   -60  -120 -9999    70    30     3 -9999 -9999
1975 02 11 21  -130  -160 -9999   220    50     0 -9999 -9999
1975 02 12 00  -140  -170 -9999   250    60     0 -9999 -9999
1975 02 12 03  -110  -180 -9999   250    50     7 -9999 -9999
1975 02 12 06   -50  -140 -9999     0     0     6 -9999 -9999
1975 02 12 09   -40  -140 -9999    40    20     7 -9999 -9999
1975 02 12 12   -60  -130 -9999    70    30     7 -9999 -9999
1975 02 12 18  -120  -160 -9999    50    30     8 -9999 -9999
1975 02 12 21  -100  -120 -9999   250    20     8 -9999 -9999
1975 02 13 00   -80  -130  9750 -9999 -9999     8 -9999 -9999
1975 02 13 03   -90  -130 -9999   250    20     8 -9999 -9999
1975 02 13 06   -50  -130 -9999     0     0     6 -9999 -9999
1975 02 13 12   -40  -130 -9999   250    50     8 -9999 -9999
1975 02 13 18   -50  -160 -9999   250    50     7 -9999 -9999
1975 02 14 00   -60  -200 -9999   220    70     7 -9999 -9999
1975 02 14 03 -9999 -9999 -9999   250    80     7 -9999 -9999
1975 02 14 09   210  -160 -9999   250    40     7 -9999 -9999
1975 02 14 12   -40  -190 -9999   250    50     8 -9999 -9999
1975 02 14 18   -70  -250 -9999   220    70     7 -9999 -9999
1975 02 14 21   -70  -240 -9999   250    50     5 -9999 -9999
1975 02 15 00   -90  -230 -9999   250    50     0 -9999 -9999
1975 02 15 06   -30  -230 -9999   180    20     7 -9999 -9999
1975 02 15 09   -30  -220 -9999    70    20     7 -9999 -9999
1975 02 15 12   -50  -130 -9999     0     0     7 -9999 -9999
1975 02 15 18   -70   -90 -9999     0     0     8 -9999    -1
1975 02 16 00   -90  -120 -9999   160    10     7 -9999    10
1975 02 16 03   -90  -100 -9999     0     0     8 -9999 -9999
1975 02 16 06   -50   -90 -9999     0     0     8 -9999    -1
1975 02 16 09   -40   -90 -9999    90    20     2 -9999 -9999
1975 02 16 12   -60  -100 -9999    90    40     2 -9999    -1
1975 02 16 18   -80  -100 -9999    40    20     8 -9999     4
1975 02 16 21  -110  -150 -9999   250    20     6 -9999 -9999
1975 02 17 00  -140  -180 -9999   250    50     2 -9999    50
1975 02 17 03  -160  -210 -9999   250    50     0 -9999 -9999
1975 02 17 06   -80 -9999 -9999   220    40     0 -9999    -1
1975 02 17 09   -50  -140 -9999     0     0     1 -9999 -9999
1975 02 17 12   -70  -130 -9999    70    30     0 -9999 -9999
1975 02 17 18  -110  -150 -9999   250    30     7 -9999    -1
1975 02 17 21  -130  -160 -9999   250    30     0 -9999 -9999
1975 02 18 00  -130  -180 -9999   250    50     0 -9999    -1
1975 02 18 03  -140  -190 -9999   220    60     3 -9999 -9999
1975 02 18 06   -90  -190 -9999   220    30     2 -9999 -9999
1975 02 18 09   -40  -140 -9999    90   140     1 -9999 -9999
1975 02 18 12   -50  -150 -9999    40    30     1 -9999 -9999
1975 02 18 18  -120  -270 -9999   250    50     0 -9999 -9999
1975 02 18 21  -140  -180 -9999   250    40     6 -9999 -9999
1975 02 19 00  -100  -170 -9999   220    40     5 -9999 -9999
1975 02 19 03  -110  -160 -9999   250    30     6 -9999 -9999
1975 02 19 06   -60  -130 -9999    70    20     7 -9999 -9999
1975 02 19 09   -50  -130 -9999    40    20     7 -9999 -9999
1975 02 19 12   -50  -130 -9999    90    20     7 -9999 -9999
1975 02 19 18  -110  -140 -9999   250    30     7 -9999 -9999
1975 02 19 21  -110  -150 -9999   250    50     6 -9999 -9999
1975 02 20 00  -140  -170 -9999   270    20     2 -9999 -9999
1975 02 20 03  -130  -180 -9999   250    50     7 -9999 -9999
1975 02 20 06   -60  -110 -9999   250    50     7 -9999 -9999
1975 02 20 12   -40  -120 -9999    70    30     7 -9999 -9999
1975 02 20 18    10  -140 -9999   270    30     0 -9999 -9999
1975 02 20 21  -130  -180 -9999   250    40     0 -9999 -9999
1975 02 21 00  -120  -170 -9999   250    70     0 -9999 -9999
1975 02 21 03  -130  -180 -9999   250    50     6 -9999 -9999
1975 02 21 09   -20  -120 -9999    90    60     5 -9999 -9999
1975 02 21 12   -30 -9999 -9999    70    30     7 -9999 -9999
1975 02 21 21   220  -150 10222   250    60     0 -9999 -9999
1975 02 22 00  -130  -160 -9999   250    10     0 -9999 -9999
1975 02 22 03 -9999 -9999 -9999 -9999 -9999     2 -9999 -9999
1975 02 22 06   -30  -130 -9999     0     0     1 -9999 -9999
1975 02 22 09   -10  -120 -9999    90    50     2 -9999 -9999
1975 02 22 18   -60 -9999 -9999   250    40     7 -9999 -9999
1975 02 22 21   -70  -110 -9999   250    30     7 -9999 -9999
1975 02 23 00   -70  -120 -9999   220    50     1 -9999 -9999
1975 02 23 03   -70  -120 -9999     0     0     6 -9999 -9999
1975 02 23 06   -10   -90 -9999 -9999 -9999     6 -9999 -9999
1975 02 23 09    10  -100 -9999    90    50     7 -9999 -9999
1975 02 23 12    10   -60 -9999     0     0     7 -9999 -9999
1975 02 23 18   -30  -100 -9999   250    50     1 -9999 -9999
1975 02 23 21    10  -120 -9999   150    20     1 -9999 -9999
1975 02 24 00 -9999 -9999 -9999   120   230     1 -9999 -9999
1975 02 24 03     0  -110 -9999   250    50     3 -9999 -9999
1975 02 24 06    80  -160 -9999   250    70     6 -9999 -9999
1975 02 24 09    80  -210 -9999   250    30     7 -9999 -9999
1975 02 24 12    60  -120 -9999    70    40     7 -9999 -9999
1975 02 24 18    20  -130 -9999   220    30     7 -9999 -9999
1975 02 25 00   -10  -140 -9999   220    40     5 -9999 -9999
1975 02 25 03 -9999  -180 -9999   300 -9999     6 -9999 -9999
1975 02 25 06    70  -120 -9999   200    20     7 -9999 -9999
1975 02 25 09    70  -130 -9999    70    80     7 -9999 -9999
1975 02 25 12    20   -80 -9999    70    30     7 -9999 -9999
1975 02 25 18   -20   -70 -9999   220    30     1 -9999 -9999
1975 02 25 21   -70   -70 -9999     0     0     6 -9999 -9999
1975 02 26 03   -50  -100 -9999   250    20     0 -9999 -9999
1975 02 26 06     0  -130 -9999    70    30     0 -9999 -9999
1975 02 26 09    10  -110 -9999    90    70     0 -9999 -9999
1975 02 26 12   -10  -100 -9999    70    50     5 -9999 -9999
1975 02 26 18   -40   -90 -9999 -9999 -9999     0 -9999 -9999
1975 02 26 21   -60  -100 -9999   220    20     0 -9999 -9999
1975 02 27 00   -70  -110 -9999   250    20     5 -9999 -9999
1975 02 27 03   -60  -110 -9999     0     0     7 -9999 -9999
1975 02 27 06   -10  -100 -9999     0     0     7 -9999 -9999
1975 02 27 09    10   -90 -9999    70    20     7 -9999 -9999
1975 02 27 12    10  -110 -9999    70    30     7 -9999 -9999
1975 02 27 21   -40   -80 -9999   270    20     7 -9999 -9999
1975 02 28 00   -50   -60 -9999   220    50     7 -9999 -9999
1975 02 28 03   -30   -90 -9999   360    20     7 -9999 -9999
1975 02 28 06    30  -100 -9999   270    10     7 -9999 -9999
1975 02 28 09    30  -100 -9999    90    40     7 -9999 -9999
1975 02 28 12    30  -100 -9999    90    20     7 -9999 -9999
1975 02 28 18   -30   -60 -9999     0     0     6 -9999 -9999
1975 02 28 21   -40   -60 -9999     0     0     7 -9999 -9999
1975 03 01 00   -60   -80 -9999   220    20     7 -9999 -9999
1975 03 01 03   -40   -70 -9999   220    30     7 -9999 -9999
1975 03 01 06    20   -90 -9999    90    30     2 -9999 -9999
1975 03 01 09    50   -90 -9999    90    50     6 -9999 -9999
1975 03 01 12    30   -80 -9999    90    40     7 -9999 -9999
1975 03 01 18     0   -50 -9999     0     0     7 -9999 -9999
1975 03 02 00   -10   -70 -9999   220    50     4 -9999 -9999
1975 03 02 03    10   -80 -9999   220    60     5 -9999 -9999
1975 03 02 06    60  -160 -9999     0     0     6 -9999 -9999
1975 03 02 09    70  -110 -9999    90    80     6 -9999 -9999
1975 03 02 12    30   -60 -9999    70    40     3 -9999 -9999
1975 03 02 18     0   -40 -9999     0     0     8 -9999 -9999
1975 03 02 21 -9999 -9999 10222     0     0     7 -9999 -9999
1975 03 03 00   -20   -40 -9999   320    10     7 -9999 -9999
1975 03 03 03   -10   -50 -9999     0     0     7 -9999 -9999
1975 03 03 06    20   -70 -9999    90    30     7 -9999 -9999
1975 03 03 09    30   -60 -9999    90    40     7 -9999 -9999
1975 03 03 12    30   -70 -9999    70    40     7 -9999 -9999
1975 03 03 18   -10   -50 -9999     0     0     8 -9999 -9999
1975 03 03 21   -10   -70 -9999     0     0     8 -9999 -9999
1975 03 04 00     0   -70 -9999   220    20     7 -9999 -9999
1975 03 04 03    10   -80 -9999 -9999 -9999     8 -9999 -9999
1975 03 04 06    20   -70 -9999     0     0     8 -9999 -9999
1975 03 04 09    50   -60 -9999     0     0     2 -9999 -9999
1975 03 04 12    50   -60 -9999    70    10     3 -9999 -9999
1975 03 04 18    10   -60 -9999    90    20     8 -9999 -9999
1975 03 04 21   -20   -20 -9999     0     0     8 -9999 -9999
1975 03 05 00   -20   -30 -9999   250    30     7 -9999    10
1975 03 05 03     0   -30 -9999   220    60     8 -9999 -9999
1975 03 05 06    30   -40 -9999 -9999 -9999     7 -9999 -9999
1975 03 05 09    40   -40 -9999    90    40     8 -9999 -9999
1975 03 05 12    20   -70 -9999   160    30     8 -9999 -9999
1975 03 06 03   -20   -60 -9999   250    30     7 -9999 -9999
1975 03 06 06    20   -70 -9999   250    40     6 -9999    -1
1975 03 06 09    30  -110 -9999   250    60     6 -9999 -9999
1975 03 06 12    20  -210 -9999   270    90     7 -9999 -9999
1975 03 06 18   -30  -210 -9999   250    30     2 -9999 -9999
1975 03 06 21   -60  -230 -9999   250    40     0 -9999 -9999
1975 03 07 00   -70  -230 -9999 -9999 -9999     2 -9999 -9999
1975 03 07 03   -60  -250 -9999   220    60     7 -9999 -9999
1975 03 07 06   -10  -240 -9999   250    80     5 -9999 -9999
1975 03 07 09    30  -270 -9999   220    50     6 -9999 -9999
1975 03 07 12    20  -160 -9999   270    20     7 -9999 -9999
1975 03 07 18   -40  -130 -9999   250    50     2 -9999 -9999
1975 03 07 21   -30  -200 -9999   250    50 -9999 -9999 -9999
1975 03 08 00   -30  -220 -9999   220    50     2 -9999 -9999
1975 03 08 03   -30  -210 -9999   220    80     6 -9999 -9999
1975 03 08 06    30  -230 -9999   250    40     7 -9999 -9999
1975 03 08 09    50  -220 -9999    70    60     7 -9999 -9999
1975 03 08 12    20  -180 -9999    90    30     7 -9999 -9999
1975 03 08 18   -40   -90 -9999   220    20     1 -9999 -9999
1975 03 08 21   -40   -90 -9999   270    20     6 -9999 -9999
1975 03 09 00   -40   -80 -9999     0     0     2 -9999 -9999
1975 03 09 03   -30  -100 -9999   220    20     1 -9999 -9999
1975 03 09 06    10  -100 -9999    70    30     7 -9999 -9999
1975 03 09 09    30  -100 -9999    90    20     7 -9999 -9999
1975 03 09 12    20   -90 -9999    70    40     7 -9999 -9999
1975 03 09 18   -20   -60 -9999     0     0     6 -9999 -9999
1975 03 09 21   -20   -70 -9999   220    10     8 -9999 -9999
1975 03 10 00   -30   -60 -9999     0     0     3 -9999  2900
1975 03 10 03   -20   -50 -9999    70    40     8 -9999 -9999
1975 03 10 06   -20   -30 -9999    70    20     8 -9999     4
1975 03 10 09     0   -10 -9999   140    10     8 -9999 -9999
1975 03 10 12    10   -50 -9999    70    40     8 -9999    -1
1975 03 10 18   -20   -40 -9999    40    40     8 -9999    -1
1975 03 10 21   -30   -40 -9999    70    10     8 -9999 -9999
1975 03 11 00 -9999 -9999 -9999    90    10     7 -9999    -1
1975 03 11 03   -20   -40 -9999     0     0     8 -9999 -9999
1975 03 11 06   -10   -30 -9999    40    40     8 -9999    -1
1975 03 11 09     0   -30 -9999    70    30     8 -9999 -9999
1975 03 11 12     0   -30 -9999   140    20     8 -9999    -1
1975 03 11 21   -20   -40 -9999     0     0     7 -9999 -9999
1975 03 12 00   -30   -50 -9999     0     0     7 -9999    -1
1975 03 12 03   -20   -50 -9999   220    20     7 -9999 -9999
1975 03 12 06    30   -60 -9999   270    20     7 -9999    -1
1975 03 12 09    40   -90 -9999   160    10     7 -9999 -9999
1975 03 12 12    40   -70 -9999    40    40     8 -9999 -9999
1975 03 12 18    50   -70 -9999   220    20     2 -9999 -9999
1975 03 12 21   -10  -170 -9999   200    40     1 -9999 -9999
1975 03 13 03     0  -230 -9999   200    50     1 -9999 -9999
1975 03 13 06    50  -160 -9999   200    30     7 -9999 -9999
1975 03 13 09    90  -240 -9999   250    30     6 -9999 -9999
1975 03 13 12    70  -240 -9999    90    30     7 -9999 -9999
1975 03 13 18   -20  -140 -9999   250    30     3 -9999 -9999
1975 03 13 21   -10  -230 -9999   250    60     1 -9999 -9999
1975 03 14 00   -20  -230 -9999   250    60     1 -9999 -9999
1975 03 14 03   -10  -140 -9999   220    70     6 -9999 -9999
1975 03 14 06    60  -210 -9999   230    20     2 -9999 -9999
1975 03 14 09    90  -170 -9999   270    40     6 -9999 -9999
1975 03 14 12    60  -160 -9999   270    80     6 -9999 -9999
1975 03 14 18   -10   -90 -9999   220    30     1 -9999 -9999
1975 03 14 21   -30  -100 -9999     0     0     2 -9999 -9999
1975 03 15 00   -40  -100 -9999   270    20 -9999 -9999 -9999
1975 03 15 03     0  -120 -9999   220    20     2 -9999 -9999
1975 03 15 06    70   -90 -9999     0     0     7 -9999 -9999
1975 03 15 09    90  -100 -9999     0     0     7 -9999 -9999
1975 03 15 12    80  -100 -9999    70    20     7 -9999 -9999
1975 03 15 18    20   -90 -9999   250    50     2 -9999 -9999
1975 03 15 21    10  -160 -9999 -9999 -9999     5 -9999 -9999
1975 03 16 00   -10  -110 -9999   250    30     1 -9999 -9999
1975 03 16 03    30  -160 -9999   220    30     1 -9999 -9999
1975 03 16 06    80  -180 -9999   180    10     5 -9999 -9999
1975 03 16 09    80  -250 -9999     0     0     6 -9999 -9999
1975 03 16 12    70  -220 -9999   270    80     2 -9999 -9999
1975 03 16 18    20  -170 -9999   270    30     2 -9999 -9999
1975 03 16 21   -30  -140 -9999   250    40     1 -9999 -9999
1975 03 17 00   -30  -160 -9999   250    60     1 -9999 -9999
1975 03 17 03     0  -150 -9999   250    50     1 -9999 -9999
1975 03 17 06    70  -180 -9999   250    30     1 -9999 -9999
1975 03 17 09    70  -150 -9999   270    40     6 -9999 -9999
1975 03 17 12    90  -270 -9999   320    70     7 -9999 -9999
1975 03 17 18   -20  -120 -9999 -9999 -9999     2 -9999 -9999
1975 03 17 21   -30  -150 -9999 -9999 -9999     2 -9999 -9999
1975 03 18 00   -60  -130 -9999   250    20     1 -9999 -9999
1975 03 18 03   -10  -160 -9999   250    50     2 -9999 -9999
1975 03 18 09    70  -160 -9999    70    30     6 -9999 -9999
1975 03 18 18    10   -60 -9999   270    10     6 -9999 -9999
1975 03 18 21     0   -60 -9999   220    20     2 -9999 -9999
1975 03 19 00   -30   -60 -9999   220    20     1 -9999 -9999
1975 03 19 06    50   -90 -9999     0     0     1 -9999 -9999
1975 03 19 09    90  -120 -9999   180    30     1 -9999 -9999
1975 03 19 12    80  -110 -9999    70    30     1 -9999 -9999
1975 03 19 18    10   -80 -9999    40    20     4 -9999 -9999
1975 03 19 21   -10   -90 -9999   250    30     1 -9999 -9999
1975 03 20 06   100  -130 -9999   250    50     1 -9999 -9999
1975 03 20 09   140  -200 -9999   200    20     1 -9999 -9999
1975 03 20 18    50  -200 -9999   220    50     0 -9999 -9999
1975 03 20 21    30  -190 -9999   250    70     0 -9999 -9999
1975 03 21 00    20  -250 -9999   220    80     0 -9999 -9999
1975 03 21 03    40  -240 -9999   250    70     1 -9999 -9999
1975 03 21 06   120  -220 -9999   220    20     7 -9999 -9999
1975 03 21 09   130  -170 -9999    40    70     3 -9999 -9999
1975 03 21 12    90  -160 -9999    70    60     7 -9999 -9999
1975 03 21 18 -9999 -9999 -9999    90    20     7 -9999 -9999
1975 03 21 21    60   -80 -9999     0     0     4 -9999 -9999
1975 03 22 00   -20   -80 -9999     0     0 -9999 -9999 -9999
1975 03 22 06    40  -150 -9999   110    30     7 -9999 -9999
1975 03 22 09    60  -120 -9999    90    40     7 -9999 -9999
1975 03 22 12    60  -150 -9999    40    40     7 -9999 -9999
1975 03 22 18    10  -120 -9999    70    20     7 -9999 -9999
1975 03 22 21 -9999   -90 -9999     0     0     8 -9999 -9999
1975 03 23 00   -20  -100 -9999   210    10     7 -9999 -9999
1975 03 23 03     0   -90 -9999     0     0     8 -9999 -9999
1975 03 23 06    50  -120 -9999    70    40     7 -9999 -9999
1975 03 23 09    70  -110 -9999    40    30     7 -9999 -9999
1975 03 23 12    60  -120 -9999    70    50     7 -9999 -9999
1975 03 23 18    10   -70 -9999     0     0     8 -9999 -9999
1975 03 23 21     0   -90 -9999   100    10     8 -9999 -9999
1975 03 24 00     0  -110 -9999   250    40     8 -9999 -9999
1975 03 24 03    20  -130 -9999   250    40     7 -9999 -9999
1975 03 24 06    60  -130 -9999   200    50     7 -9999 -9999
1975 03 24 09    60  -160 -9999     0     0     7 -9999 -9999
1975 03 24 12    60  -130 -9999    70    60     7 -9999 -9999
1975 03 24 18     0   -60 -9999     0     0     7 -9999 -9999
1975 03 24 21    10  -110 -9999   220    30     7 -9999 -9999
1975 03 25 00   -20  -100 -9999   250    30     7 -9999 -9999
1975 03 25 06    90  -110 -9999    40    20     6 -9999 -9999
1975 03 25 09   100  -110 -9999    50   130     8 -9999 -9999
1975 03 25 12    90   -70 -9999   270   100     1 -9999 -9999
1975 03 25 18    50   -80 -9999   220    50     6 -9999 -9999
1975 03 25 21    40   -90 -9999   250    60     6 -9999 -9999
1975 03 26 03    60   -90 -9999   250    50     7 -9999 -9999
1975 03 26 06   130  -120 -9999   180    40     5 -9999 -9999
1975 03 26 09   130  -120 -9999    40    80     3 -9999 -9999
1975 03 26 12   100  -110 -9999    70    60     7 -9999 -9999
1975 03 26 21    20   -70 -9999   220    30     2 -9999 -9999
1975 03 27 00    10   -70 -9999   250    20     6 -9999 -9999
1975 03 27 03    40   -70 -9999   220    50     7 -9999 -9999
1975 03 27 09   110   -70 -9999   120    50     7 -9999 -9999
1975 03 27 12 -9999 -9999 -9999    40    50     3 -9999 -9999
1975 03 27 18    30   -60 -9999     0     0     1 -9999 -9999
1975 03 27 21    10   -60 -9999 -9999 -9999 -9999 -9999 -9999
1975 03 28 00    10   -90 -9999   250    50     1 -9999 -9999
1975 03 28 03    60   -90 -9999   250    50     1 -9999 -9999
1975 03 28 06   140  -130 -9999   180    40     1 -9999 -9999
1975 03 28 09   160  -110 -9999    70    80     2 -9999 -9999
1975 03 28 12   120  -100 -9999    70    60     3 -9999 -9999
1975 03 28 18    30   -70 -9999   250    40     0 -9999 -9999
1975 03 28 21    30   -70 -9999   250    40     0 -9999 -9999
1975 03 29 00    10   -70 -9999   220    30     0 -9999 -9999
1975 03 29 03    50   -70 -9999     0     0     0 -9999 -9999
1975 03 29 06   130  -110 -9999     0     0     6 -9999 -9999
1975 03 29 09   150  -130 -9999    40    80     6 -9999 -9999
1975 03 29 12   130  -100 -9999    70    50     7 -9999 -9999
1975 03 29 18    40   -50 -9999   250    40     0 -9999    -1
1975 03 29 21    60   -90 -9999   250    50     1 -9999 -9999
1975 03 30 00    20   -90 -9999   250    40     2 -9999 -9999
1975 03 30 03    60   -70 -9999   220    30     7 -9999 -9999
1975 03 30 09   160  -110 -9999    90    60     2 -9999 -9999
1975 03 30 12   140  -120 -9999    90    70     0 -9999 -9999
1975 03 30 18    40   -60 -9999   220    30     0 -9999 -9999
1975 03 30 21    40   -90 -9999   250    50     0 -9999 -9999
1975 03 31 00    40 -9999 -9999   250    40     7 -9999 -9999
1975 03 31 03    50   -90 -9999   250    50     7 -9999 -9999
1975 03 31 06   130   -90 -9999   200    20     7 -9999 -9999
1975 03 31 09   160  -130 -9999    70    70     7 -9999 -9999
1975 03 31 12   150  -110 -9999    70    60     7 -9999 -9999
1975 03 31 18 -9999 -9999 -9999   250    30     2 -9999 -9999
1975 03 31 21    40   -80 -9999   250    60     0 -9999 -9999
1975 04 01 00    20   -70 -9999   250    50     2 -9999 -9999
1975 04 01 03    60  -160 -9999     0     0     7 -9999 -9999
1975 04 01 06   140  -100 -9999    90    30     7 -9999 -9999
1975 04 01 09   150  -140 -9999   110    40     7 -9999 -9999
1975 04 01 12   130   -90 -9999    90    20     7 -9999 -9999
1975 04 01 18    90   -60 -9999 -9999 -9999     2 -9999 -9999
1975 04 01 21    90   -60 -9999   230    50     6 -9999 -9999
1975 04 02 00    70   -50 -9999   220    20     7 -9999 -9999
1975 04 02 06   130   -60 -9999   250    50     8 -9999 -9999
1975 04 02 09   140   -40 -9999   220    30     8 -9999 -9999
1975 04 02 12   140   -50 -9999   250    30     7 -9999 -9999
1975 04 02 18   100  -100 -9999   250    40     7 -9999 -9999
1975 04 02 21    80 -9999 -9999   250    50     7 -9999 -9999
1975 04 03 00    70  -110 -9999   150    30     3 -9999 -9999
1975 04 03 03   100  -120 -9999   220    40     7 -9999 -9999
1975 04 03 06   160  -120 -9999   220    10     7 -9999 -9999
1975 04 03 09   160  -210 -9999    90    40     7 -9999 -9999
1975 04 03 12   130  -140 -9999    70    50     8 -9999 -9999
1975 04 03 18    90   -50 -9999    70    20     8 -9999 -9999
1975 04 03 21    90   -40 -9999    70    20     8 -9999 -9999
1975 04 04 00 -9999 -9999 -9999    10    10     8 -9999 -9999
1975 04 04 03    60   -40 -9999    40    30     8 -9999 -9999
1975 04 04 06    70   -30 -9999    40    40     7 -9999    -1
1975 04 04 12    90   -30 -9999   250    20     7 -9999 -9999
1975 04 04 18    60   -10 -9999     0     0     8 -9999 -9999
1975 04 04 21    60   -20 -9999    40    20     8 -9999 -9999
1975 04 05 00    40   -30 -9999   250    20     8 -9999 -9999
1975 04 05 03    70   -30 -9999   320    50     7 -9999 -9999
1975 04 05 06   130   -40 -9999   220    30     7 -9999 -9999
1975 04 05 09   160  -110 -9999     0     0     7 -9999 -9999
1975 04 05 12   150  -220 -9999   340    50     7 -9999 -9999
1975 04 05 18    70  -120 -9999   220    40     2 -9999 -9999
1975 04 05 21    50  -120 -9999   250    50     2 -9999 -9999
1975 04 06 03    80  -120 -9999   220    30     7 -9999 -9999
1975 04 06 06   160  -130 -9999     0     0     7 -9999 -9999
1975 04 06 12   130   -90 -9999    70    60     7 -9999 -9999
1975 04 06 18    70   -30 -9999    70    20     6 -9999 -9999
1975 04 06 21    50   -40 -9999   230    20     0 -9999 -9999
1975 04 07 00    50   -50 -9999   250    50     6 -9999 -9999
1975 04 07 03    80   -40 -9999   250    40     7 -9999 -9999
1975 04 07 06   140   -50 -9999   270    40     1 -9999 -9999
1975 04 07 09   160   -90 -9999   250    20     2 -9999 -9999
1975 04 07 12   120   -90 -9999    70    70     3 -9999 -9999
1975 04 07 18    80   -50 -9999     0     0     2 -9999 -9999
1975 04 08 00    20  -170 10009   220    20     7 -9999 -9999
1975 04 08 03    80   -60 -9999   250    30     7 -9999 -9999
1975 04 08 06    90   -20 -9999   250    70     7 -9999    -1
1975 04 08 09    90 -9999 -9999   220    60     7 -9999 -9999
1975 04 08 12    80   -10 -9999   270    20     8 -9999    -1
1975 04 08 18    50   -10 -9999   250    30     7 -9999    -1
1975 04 08 21    40   -30 -9999    70    30     6 -9999 -9999
1975 04 09 00    10   -30 -9999   250    50     6 -9999 -9999
1975 04 09 03    50   -20 -9999   220    20     7 -9999 -9999
1975 04 09 06   110  -110 -9999    40    10     7 -9999 -9999
1975 04 09 09   120  -130 -9999    70    50     7 -9999 -9999
1975 04 09 12    90   -50 -9999    70    90     8 -9999 -9999
1975 04 09 18    30    20 -9999   210    60     8 -9999    -1
1975 04 10 00    90     0 -9999   250    50     7 -9999    -1
1975 04 10 03    30   -10 -9999   250    40     7 -9999 -9999
1975 04 10 06   100   -50 -9999   250    40     1 -9999 -9999
1975 04 10 09   120   -80 -9999   250    90     6 -9999 -9999
1975 04 10 12   100   -40 -9999   250    50     5 -9999    -1
1975 04 10 18    60   -30 -9999 -9999 -9999 -9999 -9999 -9999
1975 04 11 00    40   -50 -9999   220    50     0 -9999 -9999
1975 04 11 03    70   -60 -9999   200    70     0 -9999 -9999
1975 04 11 06   130  -100 -9999   220    30     1 -9999 -9999
1975 04 11 09   160  -130 -9999     0     0     1 -9999 -9999
1975 04 11 12   150  -140 -9999   110    20     1 -9999 -9999
1975 04 11 18    60   -10 -9999     0     0     0 -9999 -9999
1975 04 12 00    40   -90 -9999   220    50     0 -9999 -9999
1975 04 12 06   150  -120 -9999   250    10     1 -9999 -9999
1975 04 12 09   170  -160 -9999    70    20     2 -9999 -9999
1975 04 12 12   150  -130 -9999   160    20     6 -9999 -9999
1975 04 12 18    70   -70 -9999   220    50     0 -9999 -9999
1975 04 12 21    60 -9999 -9999   220    60     0 -9999 -9999
1975 04 13 00    50   -70 -9999   220    30     0 -9999 -9999
1975 04 13 06   150  -110 -9999     0     0     2 -9999 -9999
1975 04 13 12   160  -120 -9999   270    20     7 -9999 -9999
1975 04 13 18    70   -40 -9999   250    40     0 -9999    -1
1975 04 13 21    70   -60 -9999   220    50     0 -9999 -9999
1975 04 14 00    50   -60 -9999   250    60     1 -9999 -9999
1975 04 14 03 -9999 -9999 -9999   220    50     0 -9999 -9999
1975 04 14 06   150  -100 -9999   220    20     2 -9999 -9999
1975 04 14 09   170  -170 -9999   250    20     6 -9999 -9999
1975 04 14 12   140   -90 -9999   160    40     7 -9999 -9999
1975 04 15 00    10 -9999 -9999   270    40     1 -9999 -9999
1975 04 15 03    90   -90 -9999   220    60     0 -9999 -9999
1975 04 15 06   160  -200 -9999   250    50     1 -9999 -9999
1975 04 15 09   180  -220 -9999   200    20     2 -9999 -9999
1975 04 15 12   180   160 -9999     0     0     1 -9999 -9999
1975 04 15 21 -9999 -9999 -9999 -9999 -9999     0 -9999 -9999
1975 04 16 00    40  -110 -9999   250    50     1 -9999 -9999
1975 04 16 03   110  -140 -9999   220    70     1 -9999 -9999
1975 04 16 06   180  -160 -9999   180    20     1 -9999 -9999
1975 04 16 09   210  -210 -9999   180    20     1 -9999 -9999
1975 04 16 12   200  -230 -9999   360    90     1 -9999 -9999
1975 04 16 18   140  -160 -9999   160    20     0 -9999 -9999
1975 04 16 21   100  -110 -9999   340    20     1 -9999 -9999
1975 04 17 00   140  -180 -9999   110    60     2 -9999 -9999
1975 04 17 03   180  -230 -9999    70   120     5 -9999 -9999
1975 04 17 06    80  -180 -9999    70   110     9 -9999 -9999
1975 04 17 09    60  -140 -9999    70    60     9 -9999 -9999
1975 04 17 12    50  -120 -9999    90    20     9 -9999 -9999
1975 04 17 18    50  -120 -9999    70    40     9 -9999 -9999
1975 04 17 21    40   -90 -9999     0     0     9 -9999 -9999
1975 04 18 00    30  -120 -9999   250    70     6 -9999 -9999
1975 04 18 03    50  -130 -9999    70    40     6 -9999 -9999
1975 04 18 06    70  -140 -9999    70    80     9 -9999 -9999
1975 04 18 09    90  -160 -9999    70    60     9 -9999 -9999
1975 04 18 12    80  -130 -9999    70    20     9 -9999 -9999
1975 04 18 18    50   -90 -9999   110    20     6 -9999 -9999
1975 04 19 00    30   -60 -9999     0     0     9 -9999 -9999
1975 04 19 03    60  -120 -9999    70    50     9 -9999 -9999
1975 04 19 06    90  -130 -9999    90    40     9 -9999 -9999
1975 04 19 09   120  -120 -9999    90    50     9 -9999 -9999
1975 04 19 12   110   -90 -9999    70    70     9 -9999 -9999
1975 04 19 18    80   -50 -9999     0     0     9 -9999 -9999
1975 04 19 21    60   -40 -9999   250    30     9 -9999 -9999
1975 04 20 00 -9999 -9999 -9999    40    20     9 -9999 -9999
1975 04 20 03    70 -9999 -9999     0     0     9 -9999 -9999
1975 04 20 06   100  -110 -9999    70    40     9 -9999 -9999
1975 04 20 09 -9999   -90 -9999    70    30     9 -9999 -9999
1975 04 20 12   110  -100 -9999    70    50     9 -9999 -9999
1975 04 20 18    50   -40 -9999   250    20     6 -9999 -9999
1975 04 20 21    30   -40 -9999   220    20     0 -9999 -9999
1975 04 21 00    30   -60 -9999   250    70     3 -9999 -9999
1975 04 21 06   170  -100 -9999   140    10     1 -9999 -9999
1975 04 21 09   170   -90 -9999    70    70     0 -9999 -9999
1975 04 21 12   150   -90 -9999    70    40     0 -9999 -9999
1975 04 21 18    70    20 -9999 -9999 -9999     0 -9999 -9999
1975 04 21 21    70   -70 -9999   220    40     2 -9999 -9999
1975 04 22 00    80   -70 -9999   220    60     2 -9999 -9999
1975 04 22 03   120   -40 -9999   220    30     6 -9999 -9999
1975 04 22 06   190  -130 -9999   250    30     2 -9999 -9999
1975 04 22 09   210  -100 -9999   250    50     7 -9999 -9999
1975 04 22 12   190  -100 -9999 -9999 -9999     2 -9999 -9999
1975 04 23 03   150  -120 -9999   220    20     1 -9999 -9999
1975 04 23 09   170 -9999 -9999   250    50     1 -9999 -9999
1975 04 23 12   160   -70 -9999   270    90     1 -9999 -9999
1975 04 23 18    80  -110 -9999    90    20     2 -9999 -9999
1975 04 23 21    60 -9999 -9999    90    20     0 -9999 -9999
1975 04 24 00    50   -70 -9999     0     0     9 -9999 -9999
1975 04 24 06   120  -140 -9999    90    40     9 -9999 -9999
1975 04 24 09   120  -110 -9999    70    70     9 -9999 -9999
1975 04 24 12   110   -80 -9999    90    40     9 -9999 -9999
1975 04 24 18    60   -40 -9999     0     0     6 -9999 -9999
1975 04 25 00    40   -60 -9999   250    50     9 -9999 -9999
1975 04 25 03   100  -110 -9999   250    60     7 -9999 -9999
1975 04 25 06 -9999 -9999 -9999    40    70     7 -9999 -9999
1975 04 25 09   160  -110 -9999    40    60     7 -9999 -9999
1975 04 25 12   140   -60 -9999    70    60     9 -9999 -9999
1975 04 25 18    90   -20 -9999   250    20     7 -9999 -9999
1975 04 25 21    50   -10 -9999   200    20     6 -9999 -9999
1975 04 26 00    50   -30 -9999   250    30     2 -9999 -9999
1975 04 26 06   130   -80 -9999   110    40     0 -9999 -9999
1975 04 26 09   160   -50 -9999    70    50     0 -9999 -9999
1975 04 26 12   140   -90 -9999    70    50     0 -9999 -9999
1975 04 27 00    50   -60 -9999   220    20     8 -9999 -9999
1975 04 27 06   130   -90 -9999    70    20     9 -9999 -9999
1975 04 27 09   150  -120 -9999    70    70     9 -9999 -9999
1975 04 27 12   130  -110 -9999 -9999 -9999 -9999 -9999 -9999
1975 04 27 18    80   -40 -9999     0     0     7 -9999 -9999
1975 04 27 21    90   -90 -9999   220    30     7 -9999 -9999
1975 04 28 00 -9999 -9999 -9999   220    50     2 -9999 -9999
1975 04 28 03   110  -150 -9999     0     0     0 -9999 -9999
1975 04 28 06   150  -100 -9999    70    40     0 -9999 -9999
1975 04 28 09   170   -90 -9999    90    60     0 -9999 -9999
1975 04 28 12   -10   -80 -9999    20    30     1 -9999 -9999
1975 04 28 21    90    10 -9999   220    20     9 -9999 -9999
1975 04 29 00    50    20 -9999   210    60     3 -9999 -9999
1975 04 29 03   100     0 -9999   200    50     0 -9999 -9999
1975 04 29 06   170   -70 -9999   250    10     2 -9999 -9999
1975 04 29 09   190  -140 -9999    20    20     2 -9999 -9999
1975 04 29 12   190  -140 -9999    70    60     2 -9999 -9999
1975 04 29 18    80   -30 -9999     0     0     0 -9999 -9999
1975 04 29 21    90   -90 -9999   220    40     0 -9999 -9999
1975 04 30 00    70   -60 -9999   220    40     0 -9999 -9999
1975 04 30 03   120   -80 -9999   200    50     1 -9999 -9999
1975 04 30 06   190  -160 -9999   180    20     1 -9999 -9999
1975 04 30 09   220  -140 -9999     0     0     2 -9999 -9999
1975 04 30 12   190  -160 -9999    70    60     5 -9999 -9999
1975 04 30 18   110   -70 -9999 -9999 -9999     0 -9999 -9999
1975 04 30 21    80   -70 -9999   250    40     0 -9999 -9999
1975 05 01 00    60   -50 -9999     0     0     0 -9999 -9999
1975 05 01 03   100   -90 -9999   250    40     0 -9999 -9999
1975 05 01 06   150   -10 10151    90    30     8 -9999 -9999
1975 05 01 09 -9999 -9999 -9999    90    70     0 -9999 -9999
1975 05 01 12   150  -100 -9999    70    80     9 -9999 -9999
1975 05 01 18    90   -20 -9999     0     0     0 -9999 -9999
1975 05 02 00    80   -20 -9999   250    30     0 -9999 -9999
1975 05 02 03   120   -70 -9999   220    30     9 -9999 -9999
1975 05 02 06   160   -50 -9999     0     0     9 -9999 -9999
1975 05 02 09   170   -70 -9999    40   100     9 -9999 -9999
1975 05 02 12   150   -80 -9999    90    70     7 -9999 -9999
1975 05 02 18   100   -10 -9999     0     0     0 -9999 -9999
1975 05 02 21    80   -20 -9999   220    20     1 -9999 -9999
1975 05 03 00 -9999  -180 10009     0     0     7 -9999 -9999
1975 05 03 06   150   -70 -9999    70    50     0 -9999 -9999
1975 05 03 09   190   -80 -9999    70    50     7 -9999 -9999
1975 05 03 12   160   -90 -9999    70    80     7 -9999 -9999
1975 05 03 18   110   -20 -9999   360    20     2 -9999 -9999
1975 05 03 21    90   -50 -9999   180    10     7 -9999 -9999
1975 05 04 00    90   -40 -9999   250    30     8 -9999 -9999
1975 05 04 03   110   -10 -9999   220    30     8 -9999 -9999
1975 05 04 06   150   -20 -9999   250    50     7 -9999 -9999
1975 05 04 09   130    10 -9999   200    40     7 -9999 -9999
1975 05 04 12   100    10 -9999   200    90     8 -9999    -1
1975 05 04 18    70    40 -9999    40    20     8 -9999    40
1975 05 04 21    70    30 -9999   220    60     7 -9999 -9999
1975 05 05 00    60    20 -9999   220    40     6 -9999    -1
1975 05 05 03    90     0 -9999   220    50     8 -9999 -9999
1975 05 05 09   160   -40 -9999   200    30     8 -9999 -9999
1975 05 05 12   130   -50 -9999   180    50     8 -9999 -9999
1975 05 05 18    90   -30 -9999   220    70     8 -9999 -9999
1975 05 05 21   160     0 10061   290    60     8 -9999 -9999
1975 05 06 00    50     0 -9999   220    80     8 -9999 -9999
1975 05 06 06    60    30 -9999    20    20     7 -9999    20
1975 05 06 09    90    20 -9999   270    30     8 -9999 -9999
1975 05 06 12    60    10 -9999   250    40     8 -9999    10
1975 05 06 18    50     0 -9999   200    30     7 -9999    -1
1975 05 06 21    20    20 -9999   220    30     2 -9999 -9999
1975 05 07 00 -9999 -9999 -9999     0     0 -9999 -9999 -9999
1975 05 07 03    70   -50 -9999   230    40     7 -9999 -9999
1975 05 07 06   130   -70 -9999   250    10     7 -9999 -9999
1975 05 07 09   120  -120 -9999   340    70     7 -9999 -9999
1975 05 07 12   120  -150 -9999   340    60     6 -9999 -9999
1975 05 07 18    60  -130 -9999     0     0     2 -9999 -9999
1975 05 07 21    40  -110 -9999   220    30     1 -9999 -9999
1975 05 08 00    30  -100 -9999   220    60     1 -9999 -9999
1975 05 08 03    90   -80 -9999   220    30     0 -9999 -9999
1975 05 08 06   150  -120 -9999     0     0     2 -9999 -9999
1975 05 08 09   180  -110 -9999   250    20     2 -9999 -9999
1975 05 08 12   160  -110 -9999    70    10     6 -9999 -9999
1975 05 08 21   100 -9999 10057     0     0     5 -9999 -9999
1975 05 09 00    50   -50 -9999   220    30     7 -9999 -9999
1975 05 09 03   120   -90 -9999   220    50     7 -9999 -9999
1975 05 09 06   180  -120 -9999   270    10     7 -9999 -9999
1975 05 09 09 -9999  -250 -9999    70    10     2 -9999 -9999
1975 05 09 12   190  -170 -9999    40    40     7 -9999 -9999
1975 05 09 18   130 -9999 -9999    90    30     9 -9999 -9999
1975 05 09 21   100   -60 -9999     0     0     6 -9999 -9999
1975 05 10 00    70   -30 -9999     0     0     7 -9999 -9999
1975 05 10 03   110   -70 -9999    70    30     7 -9999 -9999
1975 05 10 06   120   -40 -9999   200    20     7 -9999    -1
1975 05 10 09   150   -50 -9999   270    50     7 -9999 -9999
1975 05 10 12    90    40 -9999     0     0     7 -9999    10
1975 05 10 18    80    30 -9999   250    30     7 -9999 -9999
1975 05 10 21    90   -10 -9999   200    20     6 -9999 -9999
1975 05 11 00    40     0 -9999   230    10     1 -9999 -9999
1975 05 11 03   120   -40 -9999   220    30     1 -9999 -9999
1975 05 11 06   160   -60 -9999     0     0     2 -9999 -9999
1975 05 11 09   220  -110 -9999   180    20     6 -9999 -9999
1975 05 11 12   190  -140 -9999   220    20     6 -9999 -9999
1975 05 11 18   100   -10 -9999    90    30     6 -9999 -9999
1975 05 12 00   100     0 -9999   200    30     8 -9999    -1
1975 05 12 03   120   -10 -9999   220    40     2 -9999 -9999
1975 05 12 06   160   -10 -9999   270    30     7 -9999 -9999
1975 05 12 09   160   -10 -9999    70    30     7 -9999 -9999
1975 05 12 12   140   -20 -9999    70    50     5 -9999    -1
1975 05 12 21    60   -50 -9999   250    20     1 -9999 -9999
1975 05 13 00    80   -40 -9999   220    30     7 -9999 -9999
1975 05 13 03   120   -40 -9999   200    30     2 -9999 -9999
1975 05 13 06   170   -30 -9999     0     0     6 -9999 -9999
1975 05 13 09   190   -40 -9999     0     0     6 -9999 -9999
1975 05 13 12   180  -140 -9999   270   100     1 -9999 -9999
1975 05 13 21    90  -100 -9999   250    10     5 -9999 -9999
1975 05 14 00   180 -9999 10090   250    80     8 -9999    -1
1975 05 14 06   160  -170 -9999   280    30     3 -9999 -9999
1975 05 14 09   170  -170 -9999   250    90     1 -9999 -9999
1975 05 14 12   180  -230 -9999   340    40     1 -9999 -9999
1975 05 14 18    90  -140 -9999    90    60     1 -9999 -9999
1975 05 14 21    50   -90 -9999    40    20     0 -9999 -9999
1975 05 15 00    40  -100 -9999    20    20     1 -9999   400
1975 05 15 03    90  -130 -9999   230    30     6 -9999 -9999
1975 05 15 06   140  -120 -9999     0     0     2 -9999 -9999
1975 05 15 09   160  -130 -9999    70    80     6 -9999 -9999
1975 05 15 12   130   -60 -9999    70    70     7 -9999 -9999
1975 05 15 21 -9999 -9999 -9999   220    30     7 -9999 -9999
1975 05 16 00    70   -30 -9999    90    20     8 -9999 -9999
1975 05 16 03   130   -90 -9999   270    80     7 -9999 -9999
1975 05 16 06   130   -50 -9999   270    60     8 -9999 -9999
1975 05 16 09   150   -30 -9999   250    70     7 -9999 -9999
1975 05 16 12   140   -60 -9999   180    70     8 -9999 -9999
1975 05 17 03   130     0 -9999   200    40     8 -9999 -9999
1975 05 17 06   170   -50 -9999   270    60     7 -9999 -9999
1975 05 17 09   190   -30 -9999     0     0     8 -9999 -9999
1975 05 17 12   190   -20 -9999     0     0     7 -9999 -9999
1975 05 17 18    90    10 -9999   250    50     7 -9999    -1
1975 05 17 21   100   -20 -9999   220    40     3 -9999 -9999
1975 05 18 00    60   -20 -9999   250    40     7 -9999 -9999
1975 05 18 03   120   -20 -9999   220    50     4 -9999 -9999
1975 05 18 06   180   -90 -9999   220    10     3 -9999 -9999
1975 05 18 09   220  -100 -9999   200    20     6 -9999 -9999
1975 05 18 12   220  -130 -9999   250    80     5 -9999 -9999
1975 05 18 18   140   -50 -9999   180    30     7 -9999 -9999
1975 05 18 21   110   -50 -9999   250    20     1 -9999 -9999
1975 05 19 00   110   -60 -9999   220    30     7 -9999 -9999
1975 05 19 06   190   -90 -9999   320    20     7 -9999 -9999
1975 05 19 09   200   -80 -9999   140    50     7 -9999 -9999
1975 05 19 12   200   -60 -9999    90    20     7 -9999 -9999
1975 05 19 18   130   -50 -9999    90    30     7 -9999 -9999
1975 05 19 21   110   -30 -9999   210    30     3 -9999 -9999
1975 05 20 00    80   -40 -9999   250    30     7 -9999 -9999
1975 05 20 06   190 -9999 -9999    20    50     2 -9999 -9999
1975 05 20 09   210  -100 -9999    40    20     3 -9999 -9999
1975 05 20 12   200  -160 -9999   110    60     7 -9999 -9999
1975 05 21 03   120    20 -9999   220    40     7 -9999 -9999
1975 05 21 06   170   -20 -9999     0     0     8 -9999 -9999
1975 05 21 09   170   -80 -9999   340    40     7 -9999 -9999
1975 05 21 12   150   -40 -9999    40    50     8 -9999    -1
1975 05 21 18   100    20 -9999   220    40     8 -9999 -9999
1975 05 21 21   100    10 -9999   250    20     6 -9999 -9999
1975 05 22 00    70    20 -9999   210    50     8 -9999 -9999
1975 05 22 06   170   -20 -9999   180    30     3 -9999 -9999
1975 05 22 09   200   -70 -9999    20    30     7 -9999 -9999
1975 05 22 12   170   -60 -9999     0     0     7 -9999 -9999
1975 05 23 00    90    30 -9999   220    30     8 -9999    -1
1975 05 23 06   160    10 -9999   220    30     7 -9999 -9999
1975 05 23 09   170  -150 -9999   270    40     7 -9999 -9999
1975 05 23 12   170  -180 -9999   360    90     1 -9999    -1
1975 05 24 03   130  -100 -9999   220    20     8 -9999 -9999
1975 05 24 06   180  -160 -9999   220    30     0 -9999 -9999
1975 05 24 09   210  -110 -9999   180    50     2 -9999 -9999
1975 05 24 12   200   -60 -9999    90    20     7 -9999 -9999
1975 05 25 03   140   -50 -9999   230    30     1 -9999 -9999
1975 05 25 06   200   -50 -9999     0     0     7 -9999 -9999
1975 05 25 09   170   -50 -9999   340   100     8 -9999 -9999
1975 05 25 12   170   -30 -9999    40    40     7 -9999    -1
1975 05 26 06   190   -30 -9999    40    70     7 -9999 -9999
1975 05 26 09   180   -70 -9999   250    50     7 -9999 -9999
1975 05 26 12   180   -30 -9999    70    60     7 -9999    -1
1975 05 26 21   120   -10 -9999   220    30     7 -9999 -9999
1975 05 27 00    90     0 -9999   180    20     7 -9999 -9999
1975 05 27 03   140   -10 -9999     0     0     1 -9999 -9999
1975 05 27 06   200   -30 -9999    90    30     7 -9999 -9999
1975 05 27 09   220   -40 -9999   140    10     7 -9999 -9999
1975 05 27 12   230   -70 -9999   250    50     7 -9999 -9999
1975 05 27 18   120   -10 -9999     0     0     0 -9999 -9999
1975 05 27 21   110   -40 -9999   140    50     0 -9999 -9999
1975 05 28 00   110   -60 -9999   250    50     2 -9999 -9999
1975 05 28 03   160   -50 -9999   250    40     7 -9999 -9999
1975 05 28 06   220   -40 -9999   110    10     5 -9999 -9999
1975 05 28 09   240  -110 -9999   220    30     3 -9999 -9999
1975 05 28 12   240  -100 -9999   220    50     5 -9999 -9999
1975 05 28 18   160   -50 -9999   250    30     5 -9999 -9999
1975 05 28 21   140     0 -9999   250    40     7 -9999 -9999
1975 05 29 00   130   -10 -9999   220    50     1 -9999 -9999
1975 05 29 03   180   -10 -9999   220    40     0 -9999 -9999
1975 05 29 06   230   -40 -9999     0     0     5 -9999 -9999
1975 05 29 09   250   -70 -9999   130 -9999     7 -9999 -9999
1975 05 29 12   240   -20 -9999     0     0     6 -9999 -9999
1975 05 29 18   150     0 -9999   220   100     6 -9999 -9999
1975 05 30 00   130     0 -9999   220    50     5 -9999 -9999
1975 05 30 03   170     0 -9999   210    40     7 -9999 -9999
1975 05 30 06   230   -20 -9999    90    20     7 -9999 -9999
1975 05 30 09   240   -20 -9999    90    40     7 -9999 -9999
1975 05 30 12   240   -50 -9999   270    50     7 -9999 -9999
1975 05 30 18   160    10 -9999   250    40     2 -9999 -9999
1975 05 30 21   140    10 -9999   220    30     7 -9999 -9999
1975 06 01 00   120    10 -9999   250    20     5 -9999 -9999
1975 06 01 03   180    10 -9999   220    20     6 -9999 -9999
1975 06 01 06 -9999    10 -9999    90    70     7 -9999    -1
1975 06 01 09   190    10 -9999    90    30     8 -9999 -9999
1975 06 01 18   180    10 -9999   220    20     6 -9999 -9999
1975 06 02 00   110    30 -9999   220    10     7 -9999 -9999
1975 06 02 03   160    30 -9999   220    30     6 -9999 -9999
1975 06 02 06   190    20 -9999   200    10     7 -9999    -1
1975 06 02 09   200    20 -9999    40    70     7 -9999 -9999
1975 06 02 12   180    40 -9999   250    70     6 -9999    -1
1975 06 02 18   140    50 -9999   220    30     0 -9999 -9999
1975 06 03 00   120    40 -9999   220    20     1 -9999 -9999
1975 06 03 03   180    30 -9999   220    40     2 -9999 -9999
1975 06 03 06   220   -10 -9999   220   120     7 -9999 -9999
1975 06 03 09   250     0 -9999     0     0     7 -9999 -9999
1975 06 03 12   230   -30 -9999   250    30     7 -9999 -9999
1975 06 03 18   170    20 -9999     0     0     5 -9999 -9999
1975 06 03 21   130     0 -9999   250    20     0 -9999 -9999
1975 06 04 00   130   -60 -9999   220    40     0 -9999 -9999
1975 06 04 03   190   -10 -9999   250    40     1 -9999 -9999
1975 06 04 06   250   -10 -9999     0     0     7 -9999 -9999
1975 06 04 09   270  -100 -9999   250    30     7 -9999 -9999
1975 06 04 12 -9999 -9999 -9999     0     0     7 -9999 -9999
1975 06 04 18   190   -70 -9999   220    20     6 -9999 -9999
1975 06 04 21   130   -30 -9999   270    90     3 -9999 -9999
1975 06 05 00   130   -40 -9999   220    50     6 -9999 -9999
1975 06 05 03   190   -10 -9999   250    30     7 -9999 -9999
1975 06 05 06   220    10 -9999    70    20     7 -9999 -9999
1975 06 05 12   230    20 -9999    90    20     7 -9999    -1
1975 06 05 18   170    30 -9999   200    30     7 -9999 -9999
1975 06 05 21   140 -9999 -9999 -9999 -9999 -9999 -9999 -9999
1975 06 06 00   150    60 -9999   220    50     7 -9999 -9999
1975 06 06 06   230    10 -9999   220    30     7 -9999 -9999
1975 06 06 09   220     0 -9999   360    90     7 -9999 -9999
1975 06 06 12   210     0 -9999   110    20     6 -9999 -9999
1975 06 06 18   150   -10 -9999   220    50     2 -9999 -9999
1975 06 07 00   130   -20 -9999   220    30     7 -9999 -9999
1975 06 07 03   170     0 -9999   250    20     7 -9999 -9999
1975 06 07 06   220   -30 -9999     0     0     7 -9999 -9999
1975 06 07 12   220 -9999 -9999   250   120     7 -9999 -9999
1975 06 07 18   150   -10 -9999   220    60     6 -9999 -9999
1975 06 07 21   130   -10 -9999   110    20     7 -9999 -9999
1975 06 08 03   110  -270 -9999   340    60     7 -9999 -9999
1975 06 08 06   140  -180 -9999   340   100     7 -9999 -9999
1975 06 08 09   170  -140 -9999   320    70     5 -9999 -9999
1975 06 09 00   110  -100 -9999    70    50     2 -9999 -9999
1975 06 09 03   160   -40 -9999   250    20     1 -9999 -9999
1975 06 09 06   190   -10 -9999    70   120     1 -9999 -9999
1975 06 09 09   200   -10 -9999    90   120     1 -9999 -9999
1975 06 09 12   190     0 -9999    70    50     2 -9999 -9999
1975 06 09 18   110    20 -9999     0     0     0 -9999 -9999
1975 06 09 21 -9999 -9999 -9999 -9999 -9999     0 -9999 -9999
1975 06 10 00    90   -10 -9999   220    40     0 -9999 -9999
1975 06 10 03   150   -40 -9999   220    30     0 -9999 -9999
1975 06 10 06   200   -10 -9999     0     0     1 -9999 -9999
1975 06 10 09   240   -20 -9999     0     0     2 -9999 -9999
1975 06 10 12   200   -10 -9999    90    50     7 -9999 -9999
1975 06 10 18   130    20 -9999     0     0     1 -9999 -9999
1975 06 10 21   110   -10 -9999 -9999 -9999     1 -9999 -9999
1975 06 11 03   170    20 -9999   180    10     2 -9999 -9999
1975 06 11 06   230   -20 -9999   250    30     2 -9999 -9999
1975 06 11 09   280   -20 -9999   340    80     7 -9999 -9999
1975 06 11 12   240   -40 -9999    70    30     6 -9999 -9999
1975 06 11 18   170     0 -9999   220    30     6 -9999 -9999
1975 06 11 21   160     0 -9999   200    50     2 -9999 -9999
1975 06 12 00   140    10 -9999   220    30     1 -9999 -9999
1975 06 12 03   190     0 -9999   250    30     1 -9999 -9999
1975 06 12 06   240   -30 -9999     0     0     6 -9999 -9999
1975 06 12 09   260   -70 -9999   290    30     7 -9999 -9999
1975 06 12 12   230     0 -9999   220    60     7 -9999    -1
1975 06 12 18   190    30 -9999   220    20     6 -9999    -1
1975 06 13 00   180    20 -9999   220    40     7 -9999 -9999
1975 06 13 03   200    40 -9999   220    40     7 -9999 -9999
1975 06 13 06   210     0 -9999    70    30     7 -9999 -9999
1975 06 13 09   220    30 -9999    90    30 -9999 -9999 -9999
1975 06 13 12   210     0 -9999   360    60     6 -9999    -1
1975 06 14 06   220    40 -9999   220    20     6 -9999    -1
1975 06 14 09   240    30 -9999     0     0     7 -9999 -9999
1975 06 14 12   230    30 -9999    20    50     7 -9999 -9999
1975 06 14 18   150    50 -9999     0     0     2 -9999 -9999
1975 06 14 21   150    40 -9999   250    30     2 -9999 -9999
1975 06 15 00   160    40 -9999   250    40     0 -9999 -9999
1975 06 15 03   190    50 -9999   250    30     1 -9999 -9999
1975 06 15 06   250    10 -9999   270    60     1 -9999 -9999
1975 06 15 09   250    20 -9999   180    40     7 -9999 -9999
1975 06 15 12   250     0 -9999    90    10     5 -9999 -9999
1975 06 15 18   190    20 -9999    70    40     2 -9999 -9999
1975 06 15 21   160    20 -9999   250    30     2 -9999 -9999
1975 06 16 03   200    20 -9999   220    30     0 -9999 -9999
1975 06 16 06   270   -70 -9999   250    40     1 -9999 -9999
1975 06 16 09   290   -30 -9999   340    30     1 -9999 -9999
1975 06 16 12   250     0 -9999    90    40     7 -9999 -9999
1975 06 16 18   200    20 -9999   360    20     0 -9999 -9999
1975 06 16 21   160    20 -9999   250    30     6 -9999 -9999
1975 06 17 03   210   -10 -9999   200    50     2 -9999 -9999
1975 06 17 06   280     0 -9999     0     0     3 -9999 -9999
1975 06 17 09   260   -20 -9999    40    90     7 -9999 -9999
1975 06 17 12   240    30 -9999     0     0     6 -9999    -1
1975 06 17 18   180    20 -9999   220    20     2 -9999    -1
1975 06 17 21   140    30 -9999   120    20     2 -9999 -9999
1975 06 18 00   120    40 -9999   250    50     2 -9999 -9999
1975 06 18 03   200    20 -9999   220    30     1 -9999 -9999
1975 06 18 06   250   -50 -9999   250    40     7 -9999 -9999
1975 06 18 09   270   -70 -9999   270    80     7 -9999 -9999
1975 06 18 12   250   -90 -9999 -9999 -9999     3 -9999 -9999
1975 06 18 18   190   -40 -9999    90    30     7 -9999 -9999
1975 06 18 21   160     0 -9999   270    20     7 -9999 -9999
1975 06 19 00   150     0 -9999   270    40     7 -9999 -9999
1975 06 19 03   180    10 -9999   220    50     7 -9999 -9999
1975 06 19 06   200   -10 -9999     0     0     7 -9999 -9999
1975 06 19 12   170    10 -9999   160    50     7 -9999 -9999
1975 06 19 18   120    50 -9999   250    30     2 -9999 -9999
1975 06 19 21   100    50 -9999   250    20     6 -9999 -9999
1975 06 20 00   110     0 -9999   250    40     1 -9999 -9999
1975 06 20 03 -9999 -9999 -9999   270    50     7 -9999 -9999
1975 06 20 06   210   -20 -9999    90    20     2 -9999 -9999
1975 06 20 09   230   -30 -9999   250    20     7 -9999 -9999
1975 06 20 12   190   -30 -9999   270    40     7 -9999 -9999
1975 06 21 00    90 -9999 -9999   250    50     1 -9999 -9999
1975 06 21 03   160    10 -9999   220    50     7 -9999 -9999
1975 06 21 06   190    20 -9999    40    20     7 -9999 -9999
1975 06 21 12   150    20 -9999   250   110     7 -9999    -1
1975 06 21 18   120    20 -9999   220   200     1 -9999 -9999
1975 06 21 21    90    40 -9999   220    60     1 -9999 -9999
1975 06 22 00   100    20 -9999   220    40     8 -9999 -9999
1975 06 22 03   150    20 -9999   220    30     7 -9999 -9999
1975 06 22 06   210    30 -9999     0     0     7 -9999 -9999
1975 06 22 09   190    30 -9999    90    30     7 -9999 -9999
1975 06 22 12   190    30 -9999    70    50     7 -9999 -9999
1975 06 22 18   120    60 -9999   220    40     4 -9999 -9999
1975 06 22 21   130    50 -9999   220    50     7 -9999 -9999
1975 06 23 00   110    60 -9999   220    30     1 -9999 -9999
19