1973 01 01 00  -180  -250 -9999   250    40     0 -9999 -9999
1973 01 01 03  -200  -250 -9999   250    30     1 -9999 -9999
1973 01 01 06  -120  -230 -9999    40    10     1 -9999 -9999
1973 01 01 09  -110  -210 -9999    90    30     1 -9999 -9999
1973 01 01 12  -160  -230 -9999   220    20     1 -9999 -9999
1973 01 01 18  -160  -210 -9999   250    20     7 -9999 -9999
1973 01 01 21  -120  -200 -9999   270    30     7 -9999 -9999
1973 01 02 00  -140  -200 -9999   220    50     2 -9999 -9999
1973 01 02 06  -110  -220 -9999   250    60     5 -9999 -9999
1973 01 02 09  -110  -180 -9999    70    50     3 -9999 -9999
1973 01 02 12  -150  -200 -9999   270    30     6 -9999 -9999
1973 01 02 18 -9999 -9999 -9999   250    50     0 -9999 -9999
1973 01 02 21 -9999 -9999 -9999     0     0     0 -9999 -9999
1973 01 03 03 -9999 -9999 -9999   220    30     7 -9999 -9999
1973 01 03 06 -9999 -9999 -9999   250    60     7 -9999 -9999
1973 01 03 09   -80  -190 -9999    70    50     7 -9999 -9999
1973 01 03 12  -150  -180 -9999    90    20     2 -9999 -9999
1973 01 03 18  -120  -170 -9999   250    50     8 -9999 -9999
1973 01 03 21  -100 -9999 -9999   250    80     8 -9999 -9999
1973 01 04 00  -140  -220 -9999   200   200     2 -9999 -9999
1973 01 04 03 -9999 -9999 -9999   250    20     6 -9999 -9999
1973 01 04 06   -30  -230 -9999   320    20     6 -9999 -9999
1973 01 04 09 -9999 -9999 -9999    60    40     5 -9999 -9999
1973 01 04 12  -130  -150 -9999    90    20     6 -9999 -9999
1973 01 05 00  -170  -230 -9999   250    40     0 -9999 -9999
1973 01 05 03  -160  -240 -9999   250    70     2 -9999 -9999
1973 01 05 06 -9999 -9999 -9999   220    50     1 -9999 -9999
1973 01 05 09   -60  -190 -9999     0     0     6 -9999 -9999
1973 01 05 12 -9999 -9999 -9999   110    20     7 -9999 -9999
1973 01 05 15   -70  -140 10384   200    30     7 -9999 -9999
1973 01 06 06  -170  -220 -9999   250    20     1 -9999 -9999
1973 01 06 09   -50  -160 -9999    70    50     2 -9999 -9999
1973 01 06 12 -9999 -9999 -9999     0     0     7 -9999 -9999
1973 01 06 18 -9999 -9999 -9999   270    20     0 -9999 -9999
1973 01 07 09   -70  -140 -9999    70    60     0 -9999 -9999
1973 01 07 12  -110  -190 -9999 -9999 -9999     0 -9999 -9999
1973 01 07 18  -120  -190 -9999   250    70     0 -9999 -9999
1973 01 08 06   -60  -170 -9999   250    50     1 -9999 -9999
1973 01 08 09   -20  -170 -9999    90    50     7 -9999 -9999
1973 01 08 12  -110  -180 -9999    40    30     7 -9999 -9999
1973 01 08 18  -160  -200 -9999   220    30     1 -9999 -9999
1973 01 08 21  -140  -200 -9999   220    40     1 -9999 -9999
1973 01 09 00  -130  -200 -9999   150    60     1 -9999 -9999
1973 01 09 03  -130  -200 -9999   250    30     7 -9999 -9999
1973 01 09 06   -60  -200 -9999   250    50     7 -9999 -9999
1973 01 09 09   -20  -170 -9999     0     0     6 -9999 -9999
1973 01 09 12   -60  -160 -9999     0     0     7 -9999 -9999
1973 01 09 18  -100  -160 -9999   220    30     7 -9999 -9999
1973 01 09 21  -100  -160 -9999   270    20     6 -9999 -9999
1973 01 10 00   -90  -190 -9999 -9999 -9999     7 -9999 -9999
1973 01 10 06   -40  -140 -9999     0     0     7 -9999 -9999
1973 01 10 09   -80  -130 -9999    70    60     7 -9999 -9999
1973 01 10 12  -100  -140 -9999     0     0     7 -9999 -9999
1973 01 10 18   -80  -160 -9999   220    30     7 -9999 -9999
1973 01 10 21  -110  -140 -9999   250    50     1 -9999 -9999
1973 01 11 03  -110  -190 -9999   250    50 -9999 -9999 -9999
1973 01 11 06   -70  -180 -9999   250    50     7 -9999 -9999
1973 01 11 09   -40  -160 -9999   270    20     7 -9999 -9999
1973 01 11 12   -60  -130 -9999   250    20     7 -9999 -9999
1973 01 11 18   -90  -180 -9999   220    30     7 -9999 -9999
1973 01 12 00   -60  -170 -9999   220    60     6 -9999 -9999
1973 01 12 03 -9999 -9999 -9999   250    70 -9999 -9999 -9999
1973 01 12 06   -40 -9999 -9999   250    60     5 -9999 -9999
1973 01 12 09   -60  -130 -9999    70    10     7 -9999 -9999
1973 01 12 12   -70  -120 -9999     0     0     7 -9999 -9999
1973 01 12 18  -110 -9999 -9999   250    90     7 -9999 -9999
1973 01 12 21   -90  -140 -9999   250    70     1 -9999 -9999
1973 01 13 00  -100  -160 -9999   250    40     1 -9999 -9999
1973 01 13 03  -100  -190 -9999   250    40     4 -9999 -9999
1973 01 13 06   -20  -190 -9999   220    30 -9999 -9999 -9999
1973 01 13 09   -40  -130 -9999    70    60     2 -9999 -9999
1973 01 13 12   -90  -130 -9999    70    50     5 -9999 -9999
1973 01 13 18  -130 -9999 -9999   250    20     6 -9999 -9999
1973 01 13 21  -140  -160 -9999   250    30 -9999 -9999 -9999
1973 01 14 00  -130  -170 -9999   220    40     7 -9999 -9999
1973 01 14 03  -140  -180 -9999   270    10     2 -9999 -9999
1973 01 14 06   -80  -160 -9999    70    20     1 -9999 -9999
1973 01 14 09   -60  -130 -9999    90    50     1 -9999 -9999
1973 01 14 12   -90  -150 -9999    40    50     0 -9999 -9999
1973 01 14 21   -40  -190 -9999   250    70     0 -9999 -9999
1973 01 15 00 -9999 -9999 -9999   250    50     0 -9999 -9999
1973 01 15 03  -140  -220 -9999   250    20     1 -9999 -9999
1973 01 15 06   -40  -230 -9999   290    20     1 -9999 -9999
1973 01 15 09   -50  -160 -9999    70    60     1 -9999 -9999
1973 01 15 12  -100  -180 -9999    70    10     1 -9999 -9999
1973 01 15 18  -140  -180 -9999   270    30     1 -9999 -9999
1973 01 15 21  -150  -190 -9999   250    30     2 -9999 -9999
1973 01 16 00  -140 -9999 -9999 -9999 -9999     1 -9999 -9999
1973 01 16 03  -100  -210 -9999   250    40 -9999 -9999 -9999
1973 01 16 06   -60  -170 -9999    70    30 -9999 -9999 -9999
1973 01 16 09   -50  -160 -9999    70    50     1 -9999 -9999
1973 01 16 12   -90  -150 -9999   110    10     3 -9999 -9999
1973 01 16 18  -100  -170 -9999   250    10     7 -9999 -9999
1973 01 16 21  -140  -180 -9999   250    30     7 -9999 -9999
1973 01 17 00  -140  -190 -9999   220    40     3 -9999 -9999
1973 01 17 03  -130  -190 -9999   250    20     1 -9999 -9999
1973 01 17 06   -40  -230 -9999   250    40     2 -9999 -9999
1973 01 17 12 -9999 -9999 -9999   110    30     7 -9999 -9999
1973 01 17 18  -100  -150 -9999   220    30     7 -9999 -9999
1973 01 17 21  -100  -170 -9999   250    70     7 -9999 -9999
1973 01 18 00  -110 -9999 -9999   250    70     8 -9999 -9999
1973 01 18 06   -30  -170 -9999    70    60     7 -9999 -9999
1973 01 18 09 -9999 -9999 -9999    40    40     7 -9999 -9999
1973 01 18 12   -50  -180 -9999    90    30     7 -9999 -9999
1973 01 18 18   -50  -100 -9999   250    70     8 -9999 -9999
1973 01 18 21   -50  -100 -9999   220    40     8 -9999 -9999
1973 01 20 00   -60  -100 -9999   220    60     8 -9999 -9999
1973 01 20 06   -30  -140 -9999   220    40     7 -9999 -9999
1973 01 20 09   -50  -130 -9999    70    30     0 -9999 -9999
1973 01 20 12   -70  -130 -9999    70    30     8 -9999 -9999
1973 01 20 18   -80  -420 -9999   220    10     8 -9999 -9999
1973 01 20 21   -80  -420 -9999   100    20     8 -9999 -9999
1973 01 21 00   -80  -120 -9999     0     0     8 -9999 -9999
1973 01 21 03   -80   -90 -9999     0     0     8 -9999 -9999
1973 01 21 06   -60   -80 -9999     0     0     8 -9999 -9999
1973 01 21 09   -60   -70 -9999    40    40     7 -9999 -9999
1973 01 21 12   -80   -90 -9999    70    20     8 -9999 -9999
1973 01 21 18   -90   -90 -9999     0     0     7 -9999 -9999
1973 01 21 21   -90  -100 -9999     0     0     8 -9999 -9999
1973 01 22 00  -110  -150 -9999   200    20     8 -9999 -9999
1973 01 22 06   -50 -9999 -9999   110    10     2 -9999 -9999
1973 01 22 09   -50  -110 -9999    70    50     1 -9999 -9999
1973 01 22 12   -90  -110 -9999    40    50     3 -9999 -9999
1973 01 22 18  -110  -130 -9999   250    70     5 -9999 -9999
1973 01 23 00  -150  -170 -9999     0     0     9 -9999 -9999
1973 01 23 03  -160  -190 -9999   220 -9999     7 -9999 -9999
1973 01 23 06   -70  -140 -9999    70    40     6 -9999 -9999
1973 01 23 09   -60  -130 -9999    70    50     1 -9999 -9999
1973 01 23 12   -90  -130 -9999    70    60     5 -9999 -9999
1973 01 23 18 -9999 -9999 -9999   220    30     1 -9999 -9999
1973 01 23 21  -120  -160 -9999   250    50     0 -9999 -9999
1973 01 24 00  -140  -180 -9999   250    50     0 -9999 -9999
1973 01 24 06   -80  -130 -9999    40    20     7 -9999 -9999
1973 01 24 12   -90  -140 -9999    70    40     5 -9999 -9999
1973 01 24 18  -130  -160 -9999   250    20     2 -9999 -9999
1973 01 24 21  -120  -160 -9999   250    30     8 -9999 -9999
1973 01 25 00  -110  -150 -9999   220    20     7 -9999 -9999
1973 01 25 03  -110  -150 -9999    70    40     8 -9999 -9999
1973 01 25 06   -90  -130 -9999    70    30     8 -9999 -9999
1973 01 25 12 -9999 -9999 -9999    70    20     8 -9999 -9999
1973 01 25 18  -100  -110 -9999    70    20     8 -9999 -9999
1973 01 25 21  -100  -120 -9999    70    30     8 -9999 -9999
1973 01 26 00  -110 -9999 -9999     0     0     8 -9999 -9999
1973 01 26 03  -120  -150 -9999   270    50     7 -9999 -9999
1973 01 26 06   -90  -220 -9999   220    50     6 -9999 -9999
1973 01 26 12  -130  -220 -9999    40    30     1 -9999 -9999
1973 01 26 18  -150  -290 -9999   250    60     0 -9999 -9999
1973 01 26 21  -180  -280 -9999   250    60 -9999 -9999 -9999
1973 01 27 00 -9999 -9999 -9999   250    50     3 -9999 -9999
1973 01 27 03  -210  -290 -9999   250    50     2 -9999 -9999
1973 01 27 06  -120  -260 -9999   250    50     1 -9999 -9999
1973 01 27 09   -80  -280 -9999     0     0     2 -9999 -9999
1973 01 27 12  -150  -230 -9999    70    40 -9999 -9999 -9999
1973 01 27 18  -200  -250 -9999   250    60     0 -9999 -9999
1973 01 27 21  -200  -250 -9999   250    50     0 -9999 -9999
1973 01 28 00  -220  -260 -9999   220    40     0 -9999 -9999
1973 01 28 03  -210  -250 -9999   250    40     0 -9999 -9999
1973 01 28 06  -130  -210 -9999   320    10     0 -9999 -9999
1973 01 28 09  -110  -210 -9999    90    40     0 -9999 -9999
1973 01 28 12  -150  -220 -9999    70    10     0 -9999 -9999
1973 01 28 18  -190  -230 -9999   250    30     0 -9999 -9999
1973 01 28 21  -200  -250 -9999   250    80     0 -9999 -9999
1973 01 29 00  -200  -250 -9999   250    50     0 -9999 -9999
1973 01 29 06  -110  -220 -9999   250    10     3 -9999 -9999
1973 01 29 09   -90  -180 -9999    90    30     7 -9999 -9999
1973 01 29 12  -120  -170 -9999    70    20     7 -9999 -9999
1973 01 29 18 -9999 -9999 -9999   250    20     6 -9999 -9999
1973 01 29 21 -9999 -9999 -9999   250    30     2 -9999 -9999
1973 01 30 00  -160  -200 -9999   270    30     1 -9999 -9999
1973 01 30 03 -9999 -9999 10222 -9999 -9999     7 -9999 -9999
1973 01 30 06   -60  -160 -9999   250    50     7 -9999 -9999
1973 01 30 09 -9999 -9999 -9999    40    20     7 -9999 -9999
1973 01 30 12  -110  -160 -9999     0     0     7 -9999 -9999
1973 01 30 18  -100  -150 -9999   250    30     7 -9999 -9999
1973 01 30 21 -9999 -9999 -9999     0     0     8 -9999 -9999
1973 02 01 06   -70  -160 -9999   270    80     6 -9999 -9999
1973 02 01 09   -60  -120 -9999    90    50     7 -9999 -9999
1973 02 01 12  -100  -130 -9999    40    30     6 -9999 -9999
1973 02 01 18  -120  -160 -9999   200    30     3 -9999 -9999
1973 02 01 21  -120  -160 -9999   250    60     1 -9999 -9999
1973 02 02 00  -130  -170 -9999   220    30     2 -9999 -9999
1973 02 02 06   -60  -140 -9999   250    10     7 -9999 -9999
1973 02 02 09   -60  -100 -9999    70    60     6 -9999 -9999
1973 02 02 12   -80  -120 -9999    70    40     4 -9999 -9999
1973 02 02 18  -100  -170 -9999   250    50     0 -9999 -9999
1973 02 02 21   -60  -230 -9999   200    30     0 -9999 -9999
1973 02 03 00  -110  -250 -9999   220    50     0 -9999 -9999
1973 02 03 03  -110  -250 -9999   220    40     1 -9999 -9999
1973 02 03 06   -20  -240 -9999   250    40     1 -9999 -9999
1973 02 03 09   -50  -130 -9999    40    60     1 -9999 -9999
1973 02 03 12   -80  -120 -9999    70    30     1 -9999 -9999
1973 02 03 18  -120  -160 -9999   220    50     0 -9999 -9999
1973 02 04 03  -180  -240 -9999   270    20     1 -9999 -9999
1973 02 04 06   -80  -220 -9999    70    40     2 -9999 -9999
1973 02 04 09   -70 -9999 -9999    90    50     5 -9999 -9999
1973 02 04 12   -90  -220 -9999    70    20     7 -9999 -9999
1973 02 04 18  -120  -150 -9999   270    20     5 -9999 -9999
1973 02 05 00 -9999 -9999 -9999   250    20     0 -9999 -9999
1973 02 05 03   -40  -150 10006   220    40     7 -9999 -9999
1973 02 05 06  -100  -130 -9999    20    20     2 -9999 -9999
1973 02 05 09   -70  -120 -9999    70    50     7 -9999 -9999
1973 02 05 12 -9999 -9999 -9999    90    30     7 -9999 -9999
1973 02 05 18  -130  -160 -9999   250    40     0 -9999 -9999
1973 02 05 21  -150  -180 -9999   250    40     2 -9999 -9999
1973 02 06 00  -160  -190 -9999   220    40     1 -9999 -9999
1973 02 06 03   -60  -190 -9999   250    30     7 -9999 -9999
1973 02 06 06   -60  -140 -9999   220    20     4 -9999 -9999
1973 02 06 12   -80  -120 -9999    70    40     8 -9999 -9999
1973 02 06 18 -9999 -9999 -9999   250    60     1 -9999 -9999
1973 02 06 21  -120  -160 -9999   270    30     1 -9999 -9999
1973 02 07 00  -130  -270 -9999   250    50     4 -9999 -9999
1973 02 07 03  -140  -170 -9999   220    10     7 -9999 -9999
1973 02 07 06   -70  -150 -9999    40    10     7 -9999 -9999
1973 02 07 12   -70  -130 -9999    90    20     7 -9999 -9999
1973 02 07 18   -70  -170 -9999   220    60     1 -9999 -9999
1973 02 07 21   -80  -190 -9999   250    80     1 -9999 -9999
1973 02 08 00  -100  -200 -9999   250    80     1 -9999 -9999
1973 02 08 03  -100  -210 -9999   250    60     7 -9999 -9999
1973 02 08 06     0  -220 -9999     0     0     7 -9999 -9999
1973 02 08 09   -40  -140 -9999    70    60     7 -9999 -9999
1973 02 08 12   -60  -140 -9999    90    30     7 -9999 -9999
1973 02 08 18  -140  -170 -9999     0     0     0 -9999 -9999
1973 02 08 21  -130  -160 -9999   250    50     0 -9999 -9999
1973 02 09 00  -110  -180 -9999   250    60     0 -9999 -9999
1973 02 09 03  -140  -190 -9999     0     0     2 -9999 -9999
1973 02 09 06   -40  -140 -9999    70    40     7 -9999 -9999
1973 02 09 09   -30  -130 -9999    90    50     6 -9999 -9999
1973 02 09 12   -50  -130 -9999    90    20     8 -9999 -9999
1973 02 09 18   -90  -160 -9999   250    50     6 -9999 -9999
1973 02 10 00  -120  -160 -9999   270    40     0 -9999 -9999
1973 02 10 06   -40  -130 -9999    90    20     7 -9999 -9999
1973 02 10 09   -10  -120 -9999    70    80     8 -9999 -9999
1973 02 10 12   -40  -120 -9999 -9999 -9999     7 -9999 -9999
1973 02 10 18   -90  -120 -9999   220    10     7 -9999 -9999
1973 02 10 21  -100  -130 -9999   200 -9999     2 -9999 -9999
1973 02 11 00  -100  -160 -9999   270    40     0 -9999 -9999
1973 02 11 03   -80  -230 -9999   250    70     1 -9999 -9999
1973 02 11 06    30  -160 -9999   270    50     1 -9999 -9999
1973 02 11 09    10  -110 -9999    70    70     0 -9999 -9999
1973 02 11 12   -20  -320 -9999    70    50     0 -9999 -9999
1973 02 11 21  -100  -170 -9999   250    60     0 -9999 -9999
1973 02 12 00  -110  -160 -9999   250    50     0 -9999 -9999
1973 02 12 03  -110  -170 -9999   270    60     0 -9999 -9999
1973 02 12 06     0  -250 -9999   220    40     0 -9999 -9999
1973 02 12 09    20  -190 -9999    70    70     0 -9999 -9999
1973 02 12 12   -20  -140 -9999    90    40     0 -9999 -9999
1973 02 12 18   -90  -140 -9999   250    40     0 -9999 -9999
1973 02 12 21  -110  -150 -9999   250    20     0 -9999 -9999
1973 02 13 00  -120  -160 -9999   250    50     0 -9999 -9999
1973 02 13 03   -60  -230 -9999   320    40     2 -9999 -9999
1973 02 13 06    30  -240 -9999   220    30     1 -9999 -9999
1973 02 13 09    30  -240 -9999    40    50     1 -9999 -9999
1973 02 13 12   -10  -140 -9999    90    40     1 -9999 -9999
1973 02 13 18   -80  -140 -9999   220    40     0 -9999 -9999
1973 02 13 21  -100  -160 -9999   270    60     0 -9999 -9999
1973 02 14 00   -60  -230 -9999   250    70     0 -9999 -9999
1973 02 14 03   -50  -230 -9999   250    70     2 -9999 -9999
1973 02 14 06    50  -300 -9999   220    40     4 -9999 -9999
1973 02 14 09    50  -180 -9999    70    60     2 -9999 -9999
1973 02 14 12     0  -140 -9999    70    50     3 -9999 -9999
1973 02 14 18   -40  -140 -9999   250    70     3 -9999 -9999
1973 02 14 21 -9999 -9999 -9999   250    40     2 -9999 -9999
1973 02 15 00   -30  -230 -9999   250    70     2 -9999 -9999
1973 02 15 03     0  -180 -9999   250    50     6 -9999 -9999
1973 02 15 06    50  -230 -9999   270    50     2 -9999 -9999
1973 02 15 09    90  -280 -9999   250    20     2 -9999 -9999
1973 02 15 21   -60  -140 -9999   250    40     2 -9999 -9999
1973 02 16 00   -80  -160 -9999   250    70     2 -9999 -9999
1973 02 16 03   -50  -160 -9999   220    50     3 -9999 -9999
1973 02 16 06    20  -160 -9999     0     0     1 -9999 -9999
1973 02 16 09    30   -70 -9999    70    70     3 -9999 -9999
1973 02 16 12   -10  -140 -9999    40    50     1 -9999 -9999
1973 02 16 18   -50  -150 -9999   250    80     1 -9999 -9999
1973 02 16 21   -40  -160 -9999   220    50     2 -9999 -9999
1973 02 17 00   -50  -170 -9999   220    50     0 -9999 -9999
1973 02 17 06    40  -160 -9999   200    50     1 -9999 -9999
1973 02 17 09    90  -200 -9999     0     0     1 -9999 -9999
1973 02 17 12    70  -300 -9999   360    80     2 -9999 -9999
1973 02 17 18   -40  -210 -9999   270    60     5 -9999 -9999
1973 02 17 21   -50  -220 -9999   220    70     1 -9999 -9999
1973 02 18 00   -40  -220 -9999 -9999 -9999     6 -9999 -9999
1973 02 18 03   -20  -210 -9999   220    60     0 -9999 -9999
1973 02 18 06   -30  -160 -9999    40    80     1 -9999 -9999
1973 02 18 09   -10  -150 -9999    70    80     0 -9999 -9999
1973 02 18 12   -40  -150 -9999    70    50     9 -9999 -9999
1973 02 18 18   -80  -140 -9999   220    10     0 -9999 -9999
1973 02 18 21   -80  -160 -9999   250    50     0 -9999 -9999
1973 02 19 00   -90  -160 -9999   270    40     0 -9999 -9999
1973 02 19 03   -90  -150 -9999     0     0     6 -9999 -9999
1973 02 19 06   -50  -160 -9999    70    40     6 -9999 -9999
1973 02 19 09   -20  -180 -9999    90    60     0 -9999 -9999
1973 02 19 12   -40  -150 -9999    70    40     7 -9999 -9999
1973 02 19 21   -20 -9999 -9999   250    20     2 -9999 -9999
1973 02 20 00     0  -110 -9999   270    40     7 -9999 -9999
1973 02 20 03    20   -70 -9999   250    70     7 -9999 -9999
1973 02 20 06    50   -70 -9999   250    60     7 -9999 -9999
1973 02 20 09    60   -80 -9999   250   120     7 -9999 -9999
1973 02 20 12    50   -80 -9999   250    50     7 -9999 -9999
1973 02 20 18    40   -70 -9999   250   130     7 -9999 -9999
1973 02 20 21    30   -70 -9999   250    50     3 -9999 -9999
1973 02 21 00     0   -90 -9999   250    60     2 -9999 -9999
1973 02 21 03    30   -90 -9999   220    40     3 -9999 -9999
1973 02 21 06   100   -90 -9999     0     0     3 -9999 -9999
1973 02 21 09   120  -170 -9999   250    90     3 -9999 -9999
1973 02 21 18   -30  -140 -9999    70 -9999     1 -9999 -9999
1973 02 21 21   -40  -150 -9999    40    30     6 -9999 -9999
1973 02 22 00   -50 -9999 -9999   250    30     6 -9999 -9999
1973 02 22 03   -30  -160 -9999   290    10     3 -9999 -9999
1973 02 22 06    30  -140 -9999     0     0     0 -9999 -9999
1973 02 22 09    20   -40 -9999    70    70     7 -9999 -9999
1973 02 22 12     0  -130 -9999    70    30     7 -9999 -9999
1973 02 22 18   -30  -130 -9999   270    40     0 -9999 -9999
1973 02 23 00   -60  -140 -9999   220    10     0 -9999 -9999
1973 02 23 03   -50  -230 -9999   220    20     7 -9999 -9999
1973 02 23 06    20  -120 -9999     0     0     1 -9999 -9999
1973 02 23 09    30   -70 -9999    90    40     0 -9999 -9999
1973 02 23 12    10  -140 -9999    90    30     7 -9999 -9999
1973 02 23 18   -40  -130 -9999   220    20     1 -9999 -9999
1973 02 23 21   -50  -220 -9999   220    30     3 -9999 -9999
1973 02 25 00    20     0 -9999   250    30     7 -9999 -9999
1973 02 25 03    20  -100 -9999   220    50     7 -9999 -9999
1973 02 25 09    60  -150 -9999    90    70     7 -9999 -9999
1973 02 25 21   -20  -100 -9999    90    20     7 -9999 -9999
1973 02 26 00 -9999 -9999 -9999   220    10     7 -9999 -9999
1973 02 26 03     0  -170 -9999   220    40     7 -9999 -9999
1973 02 26 06    10  -130 -9999    90    50     7 -9999 -9999
1973 02 26 09 -9999  -160 -9999    70    50     6 -9999 -9999
1973 02 26 12    10  -130 -9999    70    40     5 -9999 -9999
1973 02 26 18   -60   -80 -9999   270    30     1 -9999 -9999
1973 02 26 21   -60   -90 -9999     0     0     2 -9999 -9999
1973 02 27 00    80  -110 -9999     0     0     6 -9999 -9999
1973 02 27 06   -10  -120 -9999    70    20     7 -9999 -9999
1973 02 27 12   -20   -80 -9999    90    30     7 -9999 -9999
1973 02 27 18   -50  -250 -9999   250   270     1 -9999 -9999
1973 02 27 21   -70  -250 -9999   270    50     1 -9999 -9999
1973 02 28 00   -70  -250 -9999   250    20     0 -9999 -9999
1973 02 28 03   -50  -250 -9999   220    50     2 -9999 -9999
1973 02 28 06    20  -210 -9999   250    80     7 -9999 -9999
1973 02 28 09    20  -170 -9999   270    80     7 -9999 -9999
1973 02 28 12     0  -140 -9999   270    80     7 -9999 -9999
1973 02 28 18   -40  -180 -9999   250    10     7 -9999 -9999
1973 03 01 00   -30   -50 10193    40    30     6 -9999 -9999
1973 03 01 03   -70  -140 -9999    70    30     7 -9999 -9999
1973 03 01 06   -30   -90 -9999    20    20     7 -9999 -9999
1973 03 01 09   -10  -100 -9999    80    80     7 -9999 -9999
1973 03 01 12   -40   -90 -9999    40    70     3 -9999 -9999
1973 03 01 18   -70   -90 -9999    70    20     7 -9999 -9999
1973 03 01 21   -70   -90 -9999    40    20     6 -9999 -9999
1973 03 02 00   -70  -100 -9999    70    20     7 -9999 -9999
1973 03 02 06   -60   -70 -9999    90    50     8 -9999 -9999
1973 03 02 09   -60   -70 -9999    70    30     8 -9999 -9999
1973 03 02 21 -9999 -9999 -9999   250    50     1 -9999 -9999
1973 03 03 06   -70  -140 -9999     0     0     1 -9999 -9999
1973 03 03 09   -40   -90 -9999    70    30     7 -9999 -9999
1973 03 03 12   -60   -80 -9999    90    50     8 -9999 -9999
1973 03 03 18   -80   -90 -9999    70    30     8 -9999 -9999
1973 03 03 21   -80   -90 -9999    70    30     8 -9999 -9999
1973 03 04 03   -90   -90 -9999    70    20     8 -9999 -9999
1973 03 04 06   -60   -90 -9999    70    20     7 -9999 -9999
1973 03 04 09   -60  -100 -9999    10    30     7 -9999 -9999
1973 03 04 12   -80  -110 -9999    90    10     7 -9999 -9999
1973 03 04 18  -120  -160 -9999   250    60     0 -9999 -9999
1973 03 04 21  -120  -180 -9999   220    70     0 -9999 -9999
1973 03 05 00  -140  -190 -9999   250   100     0 -9999 -9999
1973 03 05 03  -130  -200 -9999   250    80     2 -9999 -9999
1973 03 05 06   -60  -160 -9999   220    60     2 -9999 -9999
1973 03 05 09   -10  -160 -9999   250    30     6 -9999 -9999
1973 03 05 12   -10  -110 -9999     0     0     2 -9999 -9999
1973 03 05 18  -120  -160 -9999   270    50     0 -9999 -9999
1973 03 05 21   -90  -140 -9999   250    70     0 -9999 -9999
1973 03 06 00  -140  -180 -9999   270    60     0 -9999 -9999
1973 03 06 06   -30  -160 -9999   250    40     7 -9999 -9999
1973 03 06 09     0  -130 -9999     0     0     7 -9999 -9999
1973 03 06 12   -20  -120 -9999   250    30     8 -9999 -9999
1973 03 06 18   -80  -110 -9999   250    30     1 -9999 -9999
1973 03 06 21  -100  -120 -9999   250    30     5 -9999 -9999
1973 03 07 00 -9999 -9999 -9999   250    50     2 -9999 -9999
1973 03 07 03  -100  -120 -9999   220    40     7 -9999 -9999
1973 03 07 06   -40  -110 -9999     0     0     7 -9999 -9999
1973 03 07 12   -20   -90 -9999    70    20     7 -9999 -9999
1973 03 07 18   -40   -80 -9999     0     0     8 -9999 -9999
1973 03 07 21   -50   -90 -9999     0     0     8 -9999 -9999
1973 03 08 00   -50   -90 -9999     0     0     8 -9999 -9999
1973 03 08 03   -50   -70 -9999     0     0     8 -9999 -9999
1973 03 08 06   -20   -90 -9999     0     0     8 -9999 -9999
1973 03 08 09    10   -80 -9999   180    30     6 -9999 -9999
1973 03 08 18   -20   -70 -9999     0     0     7 -9999 -9999
1973 03 08 21   -40   -70 -9999   250    20     7 -9999 -9999
1973 03 09 00   -50   -70 -9999   220    20     2 -9999 -9999
1973 03 09 03   -50   -90 -9999   340    20     6 -9999 -9999
1973 03 09 06   -10   -70 -9999    90    40     8 -9999 -9999
1973 03 09 09    10   -60 -9999   110    30     8 -9999 -9999
1973 03 09 12    10   -90 -9999   110    30     8 -9999 -9999
1973 03 09 18   -20   -30 -9999    70    20     8 -9999 -9999
1973 03 09 21   -30   -40 -9999     0     0     8 -9999 -9999
1973 03 10 00   -30   -40 -9999    70    20     8 -9999 -9999
1973 03 10 03   -30   -40 -9999    40    20     8 -9999 -9999
1973 03 10 06   -20   -30 -9999    40    20     8 -9999 -9999
1973 03 10 09   -10   -20 -9999    70    30     8 -9999 -9999
1973 03 10 12   -30   -40 -9999    90    60     8 -9999 -9999
1973 03 10 18   -40   -50 -9999    90    50     8 -9999 -9999
1973 03 11 09   -20   -50 -9999    70    10     2 -9999 -9999
1973 03 11 12   -30   -50 -9999    70    10     7 -9999 -9999
1973 03 11 18   -50   -50 -9999   270    10     7 -9999 -9999
1973 03 12 00   -70 -9999 -9999   220    40     2 -9999 -9999
1973 03 12 03   -70  -120 -9999   250    50     7 -9999 -9999
1973 03 12 06   -40  -100 -9999   250    50     7 -9999 -9999
1973 03 12 09   -10  -130 -9999   250    30     7 -9999 -9999
1973 03 12 12   -20   -90 -9999     0     0     8 -9999 -9999
1973 03 12 18   -60  -110 -9999   270    10     8 -9999 -9999
1973 03 12 21   -70  -150 -9999   250    60     0 -9999 -9999
1973 03 13 00   -90  -170 -9999   250    60     0 -9999 -9999
1973 03 13 06   -30  -140 -9999   220    40     0 -9999 -9999
1973 03 13 09    10  -130 -9999   220    40     0 -9999 -9999
1973 03 13 12     0   -90 -9999     0     0     0 -9999 -9999
1973 03 13 18  -110  -150 -9999   250    50     0 -9999 -9999
1973 03 13 21  -130  -180 -9999   270    30     0 -9999 -9999
1973 03 14 00  -120  -180 -9999   270    50     0 -9999 -9999
1973 03 14 03   -90  -170 -9999   220    40     0 -9999 -9999
1973 03 14 06   -30  -180 -9999   220    30     0 -9999 -9999
1973 03 14 09   -10  -120 -9999    40    10     3 -9999 -9999
1973 03 14 12 -9999 -9999 -9999    40    30     7 -9999 -9999
1973 03 14 18   -80  -120 -9999   280    40     7 -9999 -9999
1973 03 14 21   -90  -110 -9999   250    50     0 -9999 -9999
1973 03 15 00   -40  -120 -9999   220    70     1 -9999 -9999
1973 03 15 03    10  -110 -9999   180    10     7 -9999 -9999
1973 03 15 06    10  -110 -9999   180    10     7 -9999 -9999
1973 03 15 09     0   -40 -9999    90    20     7 -9999 -9999
1973 03 15 12     0   -60 -9999    40    20     7 -9999 -9999
1973 03 15 21   -50  -100 -9999   270    30     8 -9999 -9999
1973 03 16 00   -60   -80 -9999   270    30     8 -9999 -9999
1973 03 16 03   -50   -80 -9999   250    20     8 -9999 -9999
1973 03 16 06    10   -60 -9999   250    10     8 -9999 -9999
1973 03 16 09    30   -60 -9999   250    10     8 -9999 -9999
1973 03 16 12    10   -40 -9999     0     0     7 -9999 -9999
1973 03 17 00   -60  -110 -9999   250    80     1 -9999 -9999
1973 03 17 03 -9999 -9999 -9999   150    80     0 -9999 -9999
1973 03 17 06    10  -100 -9999   220    60     0 -9999 -9999
1973 03 17 09    40   -60 -9999     0     0     3 -9999 -9999
1973 03 17 12    30   -50 -9999     0     0     7 -9999 -9999
1973 03 17 18   -30   -90 -9999   250    50     0 -9999 -9999
1973 03 17 21   -40   -90 -9999   250    40     0 -9999 -9999
1973 03 18 00   -20   -90 -9999   250    60     0 -9999 -9999
1973 03 18 06    40   -80 -9999   220    80     0 -9999 -9999
1973 03 18 09    80   -50 -9999   250    20     3 -9999 -9999
1973 03 18 12    70   -50 -9999     0     0     6 -9999 -9999
1973 03 18 18   -10   -30 -9999   270    30     5 -9999 -9999
1973 03 18 21   -10  -130 -9999   250    30     7 -9999 -9999
1973 03 19 00     0   -50 -9999   250    40     7 -9999 -9999
1973 03 19 03    10   -60 -9999   250    60     7 -9999 -9999
1973 03 19 06    60   -40 -9999     0     0     5 -9999 -9999
1973 03 19 09    90   -30 -9999    90    10     2 -9999 -9999
1973 03 19 12    80   -50 -9999    90    20     7 -9999 -9999
1973 03 19 18    10   -20 -9999   220    20     7 -9999 -9999
1973 03 19 21    40    40 -9999   220    60     7 -9999 -9999
1973 03 20 00    20   -20 -9999   220    50     7 -9999 -9999
1973 03 20 03    30   -10 -9999   250    30     7 -9999 -9999
1973 03 20 06    70   -30 -9999   220    10     7 -9999 -9999
1973 03 20 09    70   -50 -9999   290    30     8 -9999 -9999
1973 03 20 12    70   -40 -9999     0     0     2 -9999 -9999
1973 03 20 18    20   -30 -9999   250    20     8 -9999 -9999
1973 03 21 06    60   -20 -9999     0     0     2 -9999 -9999
1973 03 21 09    90   -90 -9999   270    30     2 -9999 -9999
1973 03 21 12    70     0 -9999    70    50     1 -9999 -9999
1973 03 21 18    10   -20 -9999   250    50     1 -9999 -9999
1973 03 22 00     0  -100 -9999   250    80     2 -9999 -9999
1973 03 22 06    90  -110 -9999   220    30     1 -9999 -9999
1973 03 22 09   100   -40 -9999    90    50     2 -9999 -9999
1973 03 22 12    90   -30 -9999    90    30     6 -9999 -9999
1973 03 22 18    10   -20 -9999   180    20     2 -9999 -9999
1973 03 23 00   -10   -20 -9999   250    30     3 -9999 -9999
1973 03 23 03    20   -40 -9999   270    60     7 -9999 -9999
1973 03 23 06    90   -50 -9999   250    10     7 -9999 -9999
1973 03 23 09   130   -40 -9999    90    50     7 -9999 -9999
1973 03 23 12   110   -20 -9999    70    40     7 -9999 -9999
1973 03 23 18    40   -10 -9999   220    40     9 -9999 -9999
1973 03 23 21    20   -20 -9999   250    50     7 -9999 -9999
1973 03 24 00    10   -30 -9999     0     0     2 -9999 -9999
1973 03 24 03    50   -20 -9999     0     0     7 -9999 -9999
1973 03 24 06   120   -40 -9999    20    30     7 -9999 -9999
1973 03 24 12   120   -10 -9999    90    40     7 -9999 -9999
1973 03 24 18    30   -20 -9999   250    10     2 -9999 -9999
1973 03 24 21    20   -30 -9999   290    20     1 -9999 -9999
1973 03 25 00    20   -50 -9999   200    20     4 -9999 -9999
1973 03 25 06   130   -30 -9999     0     0     7 -9999 -9999
1973 03 25 09 -9999 -9999 -9999     0     0     7 -9999 -9999
1973 03 25 12 -9999 -9999 -9999    70    20     7 -9999 -9999
1973 03 25 18   110   -20 -9999   220    50     8 -9999 -9999
1973 03 25 21    90   -20 -9999   250    60     8 -9999 -9999
1973 03 26 00    70   -30 -9999   220    50     8 -9999 -9999
1973 03 26 09   150   -50 -9999    70    50     7 -9999 -9999
1973 03 26 12   130   -30 -9999    90    40     7 -9999 -9999
1973 03 26 18    80   -10 -9999     0     0     8 -9999 -9999
1973 03 26 21    60    10 -9999   220    50     2 -9999 -9999
1973 03 27 03    70     0 -9999   250    60     8 -9999 -9999
1973 03 27 06   100   -10 -9999   220    40     8 -9999 -9999
1973 03 27 09   130   -20 -9999   250    40     8 -9999 -9999
1973 03 27 12   130   -30 -9999   220    20     7 -9999 -9999
1973 03 27 18    50   -10 -9999     0     0     6 -9999 -9999
1973 03 28 00    20   -20 -9999   220    20 -9999 -9999 -9999
1973 03 28 03    50   -30 -9999   250    60     8 -9999 -9999
1973 03 28 06    20    10 -9999     0     0     8 -9999 -9999
1973 03 28 09    30    20 -9999     0     0     8 -9999 -9999
1973 03 28 12    30    20 -9999 -9999 -9999     8 -9999 -9999
1973 03 28 18    30     0 -9999   220    50     3 -9999 -9999
1973 03 28 21    40     0 -9999   220    30     7 -9999 -9999
1973 03 29 00    10   -10 -9999     0     0     1 -9999 -9999
1973 03 29 03    30     0 -9999   280    30     6 -9999 -9999
1973 03 29 06    80     0 -9999   270    20     7 -9999 -9999
1973 03 29 09   100     0 -9999     0     0     7 -9999 -9999
1973 03 29 12    90     0 -9999   270    70     7 -9999 -9999
1973 03 29 18    60     0 -9999   220    30     7 -9999 -9999
1973 03 29 21    40   -10 -9999   220    30     4 -9999 -9999
1973 03 30 00    20     0 -9999   200    10     6 -9999 -9999
1973 03 30 03    50    10 -9999   270    30     8 -9999 -9999
1973 03 30 06   100   -10 -9999   270    10     0 -9999 -9999
1973 03 30 09 -9999 -9999 -9999   110    20     7 -9999 -9999
1973 03 30 12   110     0 -9999   250    20     8 -9999 -9999
1973 03 30 18    50    10 -9999     0     0     2 -9999 -9999
1973 03 30 21    30   -10 -9999   270    20     1 -9999 -9999
1973 03 31 06    90     0 -9999     0     0     7 -9999 -9999
1973 03 31 09   110     0 -9999     0     0     8 -9999 -9999
1973 03 31 12    90    20 -9999   250    10     8 -9999 -9999
1973 03 31 18    70     0 -9999   220    30     8 -9999 -9999
1973 03 31 21    50   -20 -9999   250    20     8 -9999 -9999
1973 04 01 00    50   -30 -9999   220    50     8 -9999 -9999
1973 04 01 03    60   -40 -9999   270    40     7 -9999 -9999
1973 04 01 06   110   -60 -9999   250    50     3 -9999 -9999
1973 04 01 09   140   -50 -9999   220    30     3 -9999 -9999
1973 04 01 12   140  -120 -9999   250    30     2 -9999 -9999
1973 04 01 18    40    30 -9999    70    40     5 -9999 -9999
1973 04 02 00    30    20 -9999     0     0     7 -9999 -9999
1973 04 02 03    40    10 -9999   270    30     6 -9999 -9999
1973 04 02 09   120     0 -9999    70    70     6 -9999 -9999
1973 04 02 12   120   -20 -9999    90    50     7 -9999 -9999
1973 04 02 18    60    10 -9999     0     0     6 -9999 -9999
1973 04 02 21    40     0 -9999   270    30     2 -9999 -9999
1973 04 03 00    20   -10 -9999   220    20     2 -9999 -9999
1973 04 03 03    60     0 -9999     0     0     0 -9999 -9999
1973 04 03 06   100   -10 -9999    70    20     7 -9999 -9999
1973 04 03 09   130   -20 -9999    90    50     7 -9999 -9999
1973 04 03 12   130   -10 -9999    90    60     1 -9999 -9999
1973 04 03 15 -9999 -9999 10166   280    10     5 -9999 -9999
1973 04 03 18    50    10 -9999   250    30     1 -9999 -9999
1973 04 04 03    90   -20 -9999   220    50     3 -9999 -9999
1973 04 04 06   150   -30 -9999    70    50     3 -9999 -9999
1973 04 04 09   160   -10 -9999    90    60     5 -9999 -9999
1973 04 04 12   140     0 -9999    90    30     7 -9999 -9999
1973 04 04 18    80    20 -9999   220    20     2 -9999 -9999
1973 04 04 21 -9999 -9999 10009   250    30     3 -9999 -9999
1973 04 05 00    30   -10 -9999   220    30     3 -9999 -9999
1973 04 05 03   100   -10 -9999   220    60     7 -9999 -9999
1973 04 05 06   150   -40 -9999   220    50     7 -9999 -9999
1973 04 05 09   170   -40 -9999     0     0     7 -9999 -9999
1973 04 05 12   160   -20 -9999    70   100     6 -9999 -9999
1973 04 05 18    90   -50 -9999   250    30     3 -9999 -9999
1973 04 06 00    70   -60 -9999   220    50     0 -9999 -9999
1973 04 06 03   100   -40 -9999   250    50     1 -9999 -9999
1973 04 06 06   170  -110 -9999   270   100     4 -9999 -9999
1973 04 06 09   200  -120 -9999   270   100     2 -9999 -9999
1973 04 06 12   180  -100 -9999   250    70     1 -9999 -9999
1973 04 06 18    80   -60 -9999   250    30     1 -9999 -9999
1973 04 07 00    40   -70 -9999   270    40     5 -9999 -9999
1973 04 07 03   100   -50 -9999   250    20     7 -9999 -9999
1973 04 07 06   180   -80 -9999   160    10     3 -9999 -9999
1973 04 07 09   170   -70 -9999    70    90     7 -9999 -9999
1973 04 07 12   150   -50 -9999    70    90     7 -9999 -9999
1973 04 08 00    90   -10 -9999    70    40     8 -9999 -9999
1973 04 08 03    80     0 -9999   200    50 -9999 -9999 -9999
1973 04 08 06    60    30 -9999   270    20     8 -9999 -9999
1973 04 08 09   100    20 -9999   250    60     7 -9999 -9999
1973 04 08 12   120     0 -9999   250    30     7 -9999 -9999
1973 04 08 18    50    10 -9999     0     0     0 -9999 -9999
1973 04 09 00    30    10 -9999   250    20     1 -9999 -9999
1973 04 09 03    50     0 -9999   270    30     7 -9999 -9999
1973 04 09 06   120   -40 -9999    90    30     0 -9999 -9999
1973 04 09 09   150   -30 -9999    70    60     2 -9999 -9999
1973 04 09 12   120     0 -9999    70    70     5 -9999 -9999
1973 04 09 18    80     0 -9999     0     0     0 -9999 -9999
1973 04 10 03    80    10 -9999   250    30     0 -9999 -9999
1973 04 10 06   130   -10 -9999     0     0     0 -9999 -9999
1973 04 10 12   130     0 -9999    90    50     8 -9999 -9999
1973 04 10 18    90    20 -9999    70    20     8 -9999 -9999
1973 04 11 00    50    20 -9999   200    10     9 -9999 -9999
1973 04 11 03    90    10 -9999     0     0     7 -9999 -9999
1973 04 11 06   120 -9999 -9999   220    20     8 -9999 -9999
1973 04 11 09   130    10 -9999   220    20     7 -9999 -9999
1973 04 11 12   120     0 -9999   220    40     7 -9999 -9999
1973 04 11 18   100   -60 -9999   220    60     8 -9999 -9999
1973 04 11 21    80   -70 -9999   250    70     7 -9999 -9999
1973 04 12 00    70   -60 -9999   250    50     7 -9999 -9999
1973 04 12 03    90   -10 -9999   210    40     6 -9999 -9999
1973 04 12 06   130   -60 -9999   140    30     6 -9999 -9999
1973 04 12 09   160   -70 -9999   220    50     6 -9999 -9999
1973 04 12 12   150  -130 -9999   250    60     6 -9999 -9999
1973 04 12 18    70   -70 -9999   250    30     1 -9999 -9999
1973 04 12 21    50   -90 -9999   220    30     1 -9999 -9999
1973 04 13 00    30   -80 -9999   220    30     1 -9999 -9999
1973 04 13 03    80 -9999 -9999   220    30     1 -9999 -9999
1973 04 13 06   130  -180 -9999   360    70     2 -9999 -9999
1973 04 13 09   130  -160 -9999   360    70     2 -9999 -9999
1973 04 13 12   140  -130 -9999   270    30     1 -9999 -9999
1973 04 13 18    40  -120 -9999   220    20     1 -9999 -9999
1973 04 13 21    50  -120 -9999   220    70     0 -9999 -9999
1973 04 14 00    30  -140 -9999   220    70     2 -9999 -9999
1973 04 14 06   150   -60 -9999   250    30     6 -9999 -9999
1973 04 14 09   170  -190 -9999    70    40     7 -9999 -9999
1973 04 14 12   160  -130 -9999    40    60     7 -9999 -9999
1973 04 14 18    70   -90 -9999    40    20     7 -9999 -9999
1973 04 14 21    50   -80 -9999    20    10     7 -9999 -9999
1973 04 15 00    30   -70 -9999   270    20     7 -9999 -9999
1973 04 15 03    80   -70 -9999   220    10     7 -9999 -9999
1973 04 15 06    90   -90 -9999    90    90     7 -9999 -9999
1973 04 15 12   110  -100 -9999    70    70     1 -9999 -9999
1973 04 15 18    50   -80 -9999    40    70     7 -9999 -9999
1973 04 15 21    40   -70 -9999    70    20     8 -9999 -9999
1973 04 16 00    30   -70 -9999    70    30     9 -9999 -9999
1973 04 16 06    70   -90 -9999    90    30     9 -9999 -9999
1973 04 16 09    90  -100 -9999    90    50     9 -9999 -9999
1973 04 16 12    80   -90 -9999    70    60     9 -9999 -9999
1973 04 16 18    40 -9999 -9999     0     0     9 -9999 -9999
1973 04 16 21    20 -9999 -9999   220    20     9 -9999 -9999
1973 04 17 00    20   -70 -9999   250    50     9 -9999 -9999
1973 04 17 03    50   -90 -9999   250    30     9 -9999 -9999
1973 04 17 06   100  -110 -9999     0     0     9 -9999 -9999
1973 04 17 09   130  -120 -9999    90    30     9 -9999 -9999
1973 04 17 12   110  -120 -9999    70    70     9 -9999 -9999
1973 04 17 18    40   -50 -9999   250    30     9 -9999 -9999
1973 04 18 00    30  -100 -9999   220    80     0 -9999 -9999
1973 04 18 03    80  -110 -9999   220    80     0 -9999 -9999
1973 04 18 06   150  -110 -9999   200    10     0 -9999 -9999
1973 04 18 09   160  -120 -9999    40    60     0 -9999 -9999
1973 04 18 12   140  -100 -9999    70    70     7 -9999 -9999
1973 04 18 18    60   -50 -9999   220    30     0 -9999 -9999
1973 04 18 21    40   -50 -9999   220    20     1 -9999 -9999
1973 04 19 00    40   -60 -9999   250    30     7 -9999 -9999
1973 04 19 03    90   -90 -9999   240    30     6 -9999 -9999
1973 04 19 06   150  -110 -9999    70    30     6 -9999 -9999
1973 04 19 09   170  -110 -9999    40    60     6 -9999 -9999
1973 04 19 12   160   -90 -9999    90    50     5 -9999 -9999
1973 04 19 18   100   -70 -9999   250    50     0 -9999 -9999
1973 04 19 21    70   -70 -9999   250    60     2 -9999 -9999
1973 04 20 00    60     0 -9999   250    70     6 -9999 -9999
1973 04 20 03   110   -50 -9999   220    40     7 -9999 -9999
1973 04 20 06   200   -70 -9999 -9999 -9999     6 -9999 -9999
1973 04 20 09   220  -110 -9999   270    50     6 -9999 -9999
1973 04 20 12   210  -130 -9999   250    30     7 -9999 -9999
1973 04 20 18   100   -30 -9999   270    30     3 -9999 -9999
1973 04 20 21   100   -60 -9999   250    50     7 -9999 -9999
1973 04 21 00   110   -60 -9999   250    50     7 -9999 -9999
1973 04 21 03   130   -30 -9999   220    40     7 -9999 -9999
1973 04 21 06   200   -60 -9999   290    10     7 -9999 -9999
1973 04 21 09   230   -90 -9999   250    20     7 -9999 -9999
1973 04 21 12   190   -50 -9999   160    30     8 -9999 -9999
1973 04 22 03   160   -30 -9999   220    30     2 -9999 -9999
1973 04 22 06   220  -130 -9999   250   140     3 -9999 -9999
1973 04 22 09   230  -140 -9999   250    80     5 -9999 -9999
1973 04 22 12   200   -60 -9999   250    50     7 -9999 -9999
1973 04 22 18   110   -20 -9999     0     0     2 -9999 -9999
1973 04 23 00   100   -40 -9999   250    40     7 -9999 -9999
1973 04 23 03   160   -40 -9999   250    50     7 -9999 -9999
1973 04 23 06   210  -110 -9999   270    20     7 -9999 -9999
1973 04 23 09   220   -70 -9999   360    40     7 -9999 -9999
1973 04 23 12   200   -70 -9999   220    80     2 -9999 -9999
1973 04 23 18   130   -30 -9999   200    70     5 -9999 -9999
1973 04 24 00   110   -20 -9999   220    40     3 -9999 -9999
1973 04 24 03   140   -20 -9999   250    30     7 -9999 -9999
1973 04 24 09   190  -140 -9999   360    10     3 -9999 -9999
1973 04 24 12   190   -60 -9999    70    80     7 -9999 -9999
1973 04 24 18   160     0 10026    70    20     2 -9999 -9999
1973 04 24 21 -9999 -9999 -9999    40    20     7 -9999 -9999
1973 04 25 00   120     0 -9999   250    30     8 -9999 -9999
1973 04 25 03   140    10 -9999   220    20     7 -9999 -9999
1973 04 25 06   180   -20 -9999    90    50     7 -9999 -9999
1973 04 25 12   180     0 -9999   320    60     8 -9999 -9999
1973 04 26 00   120    10 -9999   250    40     7 -9999 -9999
1973 04 26 03   150    10 -9999   200    50     7 -9999 -9999
1973 04 26 06   200   -30 -9999     0     0     7 -9999 -9999
1973 04 26 09   230  -140 -9999   270    60     6 -9999 -9999
1973 04 26 12   220   -40 -9999    70    70     7 -9999 -9999
1973 04 26 18   130    50 -9999     0     0     5 -9999 -9999
1973 04 27 03   120 -9999 -9999   200    20     7 -9999 -9999
1973 04 27 06   190   -20 -9999   220    40     7 -9999 -9999
1973 04 27 09   190   -90 -9999   250    50     7 -9999 -9999
1973 04 27 12   150     0 -9999   320   100     7 -9999 -9999
1973 04 27 18   110   -40 -9999   250    30     2 -9999 -9999
1973 04 27 21   100   -90 -9999   150    10     1 -9999 -9999
1973 04 28 00   100   -90 -9999   220    30     1 -9999 -9999
1973 04 28 03   140   -60 -9999   220    10     1 -9999 -9999
1973 04 28 09    20  -170 10316   270    60     7 -9999 -9999
1973 04 28 12   190   -90 -9999   270    70     6 -9999 -9999
1973 04 28 18   120     0 -9999   220    50     2 -9999 -9999
1973 04 28 21    90   -20 -9999   270    40     2 -9999 -9999
1973 04 29 00    80   -30 -9999   250    40     5 -9999 -9999
1973 04 29 06   200   -50 -9999   220    40     5 -9999 -9999
1973 04 29 09   210   -70 -9999   220    80     6 -9999 -9999
1973 04 29 12   200   -60 -9999   250    50     2 -9999 -9999
1973 04 29 18 -9999 -9999 -9999   290    30     6 -9999 -9999
1973 04 30 00    90     0 -9999   110    20     7 -9999 -9999
1973 04 30 03   130    10 -9999   250    40     6 -9999 -9999
1973 04 30 06   180   -40 -9999   220    30     0 -9999 -9999
1973 04 30 09   220   -90 -9999   270    30     7 -9999 -9999
1973 04 30 12   200   -80 -9999   270    60     6 -9999 -9999
1973 04 30 18   120   -20 -9999   250    30     2 -9999 -9999
1973 04 30 21    80   -10 -9999   250    20     3 -9999 -9999
1973 05 01 00    80    20 -9999     0     0     6 -9999 -9999
1973 05 01 06   150     0 -9999    90    60     2 -9999 -9999
1973 05 01 09   180   -10 -9999    70    40     6 -9999 -9999
1973 05 01 12   160    10 -9999    90    90     7 -9999 -9999
1973 05 01 15   200    80 10092    40    30     7 -9999 -9999
1973 05 01 18   120    30 -9999     0     0     7 -9999 -9999
1973 05 01 21   110    20 -9999    70    40     7 -9999 -9999
1973 05 02 00    90    30 -9999    70    40     1 -9999 -9999
1973 05 02 06   110    20 -9999    70    60     8 -9999 -9999
1973 05 02 09   130    30 -9999    70    20     7 -9999 -9999
1973 05 02 12   140    30 -9999    40    10     7 -9999 -9999
1973 05 02 21    80    30 -9999   250    10     1 -9999 -9999
1973 05 03 00    60    30 -9999   270    20     0 -9999 -9999
1973 05 03 03   110    20 -9999    70    30     7 -9999 -9999
1973 05 03 06   150    20 -9999    70    30     7 -9999 -9999
1973 05 03 09   190     0 -9999    70    20     7 -9999 -9999
1973 05 03 12   140    40 -9999     0     0     7 -9999 -9999
1973 05 04 00   110    10 -9999   220    40     7 -9999 -9999
1973 05 04 03   160     0 -9999   270    60     6 -9999 -9999
1973 05 04 06   200   -30 -9999   270    50     6 -9999 -9999
1973 05 04 09   220  -160 -9999   220    60     1 -9999 -9999
1973 05 04 12   210  -120 -9999   250    80     6 -9999 -9999
1973 05 04 18   120   -30 -9999   220    20     3 -9999 -9999
1973 05 04 21   100   -50 -9999   250    40     1 -9999 -9999
1973 05 05 00   100   -60 -9999   250    50     7 -9999 -9999
1973 05 05 03   170   -40 -9999   290    60     2 -9999 -9999
1973 05 05 06   210   -90 -9999   220    40     3 -9999 -9999
1973 05 05 09   200   -80 -9999   230    20     7 -9999 -9999
1973 05 05 12   190   -40 -9999    70    30     6 -9999 -9999
1973 05 06 00   120   -20 -9999    90    50     7 -9999 -9999
1973 05 06 03   110    30 -9999   250    50     8 -9999 -9999
1973 05 06 06   130    30 -9999   220    60     7 -9999 -9999
1973 05 06 09   180    20 -9999   220    40     7 -9999 -9999
1973 05 06 12   140    30 -9999   110    60     7 -9999 -9999
1973 05 07 00 -9999 -9999 10014   340    50     8 -9999 -9999
1973 05 07 03   140     0 -9999   250    30     7 -9999 -9999
1973 05 07 06   170    10 -9999    40    20     7 -9999 -9999
1973 05 07 09   190   -30 -9999    90    80     7 -9999 -9999
1973 05 07 12   160     0 -9999    70   100     7 -9999 -9999
1973 05 08 03   100    20 -9999   220    20     7 -9999 -9999
1973 05 08 06   150   -90 -9999     0     0     7 -9999 -9999
1973 05 08 09   160   -50 -9999   140    20     7 -9999 -9999
1973 05 08 12   130   -10 -9999    90    30     7 -9999 -9999
1973 05 09 00    70    10 -9999   220    30     7 -9999 -9999
1973 05 09 03   110   -20 -9999   220    20     7 -9999 -9999
1973 05 09 06   150     0 -9999    90    40     7 -9999 -9999
1973 05 09 09   170   -20 -9999   360    40     7 -9999 -9999
1973 05 09 12   170   -10 -9999     0     0     7 -9999 -9999
1973 05 10 03   100    30 -9999   220    30     6 -9999 -9999
1973 05 10 06   160    10 -9999   110    20     6 -9999 -9999
1973 05 10 09   180     0 -9999   220    40     7 -9999 -9999
1973 05 10 12   140    20 -9999    40    10     7 -9999 -9999
1973 05 10 18   110    20 -9999   220    30     6 -9999 -9999
1973 05 10 21   100     0 10144   270    20     4 -9999 -9999
1973 05 11 00    80    10 -9999   250    50     7 -9999 -9999
1973 05 11 03   130    10 -9999   220    20     5 -9999 -9999
1973 05 11 06   190   -60 -9999   270    50     6 -9999 -9999
1973 05 11 09 -9999 -9999 -9999   270    40     3 -9999 -9999
1973 05 11 12   230   -30 -9999   220    30     3 -9999 -9999
1973 05 11 18   130   -40 -9999   250    40     0 -9999 -9999
1973 05 12 00   180   -50 -9999   250    40     1 -9999 -9999
1973 05 12 03   150   -50 -9999   220    40     2 -9999 -9999
1973 05 12 06   220   -90 -9999   220    60     6 -9999 -9999
1973 05 12 09   250  -190 -9999   280    90     6 -9999 -9999
1973 05 12 12   240  -270 -9999   320    80     2 -9999 -9999
1973 05 12 18   130   -70 -9999   250    30     5 -9999 -9999
1973 05 12 21   130   -70 -9999   270    40     6 -9999 -9999
1973 05 13 00    90   -60 -9999   220    40     6 -9999 -9999
1973 05 13 03   170  -100 -9999   250    50     7 -9999 -9999
1973 05 13 06   210   -90 -9999    40    20     7 -9999 -9999
1973 05 13 09   190   -50 -9999    70    70     8 -9999 -9999
1973 05 13 12   160   -20 -9999   110    30     7 -9999 -9999
1973 05 14 03   120    10 -9999    90    20     6 -9999 -9999
1973 05 14 06   150   -40 -9999   140    30     4 -9999 -9999
1973 05 14 09   190  -220 -9999   270   100     2 -9999 -9999
1973 05 14 12   160  -120 -9999   360   100     6 -9999 -9999
1973 05 15 03   120  -200 -9999    40    10     1 -9999 -9999
1973 05 15 06   160  -170 -9999    40    60     0 -9999 -9999
1973 05 15 12    40   -60 -9999    70    60     1 -9999 -9999
1973 05 15 18    70   -40 -9999    90    20     0 -9999 -9999
1973 05 15 21    40   -20 -9999 -9999 -9999     0 -9999 -9999
1973 05 16 00    40   -20 -9999   250    30     1 -9999 -9999
1973 05 16 06   140   -40 -9999   360   130     0 -9999 -9999
1973 05 16 09   180   -60 -9999 -9999 -9999     5 -9999 -9999
1973 05 16 12   150   -90 -9999    70    80     1 -9999 -9999
1973 05 16 18    70   -30 -9999     0     0     0 -9999 -9999
1973 05 17 00    40   -20 -9999   250    30     1 -9999 -9999
1973 05 17 03   110   -60 -9999   220    50     7 -9999 -9999
1973 05 17 06   170   -80 -9999   200    40     7 -9999 -9999
1973 05 17 09   190   -60 -9999    70    10     7 -9999 -9999
1973 05 17 12   170   -60 -9999    70    80     7 -9999 -9999
1973 05 17 18   100     0 -9999     0     0     7 -9999 -9999
1973 05 17 21    90   -30 -9999   250    40     6 -9999 -9999
1973 05 18 00    90   -60 -9999   270    20 -9999 -9999 -9999
1973 05 18 03   140   -60 -9999   220    50     5 -9999 -9999
1973 05 18 06   210   -30 -9999     0     0     7 -9999 -9999
1973 05 18 09   200   -70 -9999   360    60     7 -9999 -9999
1973 05 18 12   180   -40 -9999   290    30     7 -9999 -9999
1973 05 18 18   130     0 -9999   220    30     7 -9999 -9999
1973 05 19 00   110    10 -9999   220    60     7 -9999 -9999
1973 05 19 03   100    20 -9999   220    70     8 -9999 -9999
1973 05 19 06   150     0 -9999     0     0     2 -9999 -9999
1973 05 19 09   190    10 -9999   220    50     5 -9999 -9999
1973 05 19 12   170   -10 -9999    70    80     7 -9999 -9999
1973 05 19 18   100    20 -9999   220    20     2 -9999 -9999
1973 05 20 00    80     0 -9999   220    30     2 -9999 -9999
1973 05 20 03   160   -10 -9999   270    20     1 -9999 -9999
1973 05 20 06   210   -70 -9999   320    20     6 -9999 -9999
1973 05 20 09   210   -60 -9999    70    60     7 -9999 -9999
1973 05 20 12   200   -20 -9999    40    50     6 -9999 -9999
1973 05 20 15   230    60 10022   360    30     7 -9999 -9999
1973 05 20 18   170     0 -9999   200    20     6 -9999 -9999
1973 05 20 21   150    20 -9999     0     0     8 -9999 -9999
1973 05 21 03   130    40 -9999   270    30     8 -9999 -9999
1973 05 21 06   100    70 -9999   250    40     8 -9999 -9999
1973 05 21 09   210    50 -9999   250    50     7 -9999 -9999
1973 05 21 12   110    60 -9999   250    50     7 -9999 -9999
1973 05 21 18    90    40 -9999   220    50     1 -9999 -9999
1973 05 21 21    70    30 -9999   220    60     1 -9999 -9999
1973 05 22 00    70    20 -9999   200    50     1 -9999 -9999
1973 05 22 03   140     0 -9999   220    40     3 -9999 -9999
1973 05 22 06   190   -60 -9999   270    30     2 -9999 -9999
1973 05 22 09   210  -110 -9999   320    50     2 -9999 -9999
1973 05 22 12   210   -80 -9999     0     0     2 -9999 -9999
1973 05 22 15   190 -9999 10059   200    10     3 -9999 -9999
1973 05 22 18   130   -50 -9999   220    50     2 -9999 -9999
1973 05 23 03   150   -40 -9999   220    50     7 -9999 -9999
1973 05 23 06   210   -30 -9999   220    50     6 -9999 -9999
1973 05 23 09   240   -90 -9999   270    90     7 -9999 -9999
1973 05 23 12   170     0 -9999   250    70     7 -9999 -9999
1973 05 23 21   130    10 -9999   220    80     6 -9999 -9999
1973 05 24 03   170   -20 -9999 -9999 -9999     2 -9999 -9999
1973 05 24 06   230   -80 -9999   250    90     2 -9999 -9999
1973 05 24 09   230  -110 -9999   290   140     7 -9999 -9999
1973 05 24 12   220   -80 -9999   250    60     1 -9999 -9999
1973 05 24 18   150   -30 -9999   220    40     1 -9999 -9999
1973 05 24 21   130   -10 -9999   250    20     7 -9999 -9999
1973 05 25 03   170   -20 -9999   250    60     2 -9999 -9999
1973 05 25 06   220   -30 -9999   270    10     2 -9999 -9999
1973 05 25 09   240   -20 -9999 -9999 -9999 -9999 -9999 -9999
1973 05 25 12   230   -60 -9999   320    60     7 -9999 -9999
1973 05 26 03   180    20 -9999    70    50     2 -9999 -9999
1973 05 26 06   220    10 -9999   270    10     2 -9999 -9999
1973 05 26 09   250     0 -9999     0     0     7 -9999 -9999
1973 05 26 12   210     0 -9999   360    80     7 -9999 -9999
1973 05 27 03   150    50 -9999   270    20     8 -9999 -9999
1973 05 27 06   170    50 -9999 -9999 -9999     8 -9999 -9999
1973 05 27 09   130    80 -9999   110    40     8 -9999 -9999
1973 05 27 12   100    90 -9999   220    10     8 -9999 -9999
1973 05 27 18   120    70 -9999   220    40     7 -9999 -9999
1973 05 27 21   100    70 -9999   250    60     2 -9999 -9999
1973 05 28 00   100    30 -9999   250    50     1 -9999 -9999
1973 05 28 03   140    10 -9999   270    60     2 -9999 -9999
1973 05 28 06   190     0 -9999   220    30     2 -9999 -9999
1973 05 28 09   220   -80 -9999   270    30     2 -9999 -9999
1973 05 28 12   220   -90 -9999   270    60     1 -9999 -9999
1973 05 28 18   120    40 -9999    90    40     0 -9999 -9999
1973 05 28 21    90 -9999 -9999   350    20     1 -9999 -9999
1973 05 29 00   100    30 -9999   250    40     6 -9999 -9999
1973 05 29 03   140    30 -9999   220    50     7 -9999 -9999
1973 05 29 06    90   -10 -9999   250    50     4 -9999 -9999
1973 05 29 09   200    40 -9999   140    40     7 -9999 -9999
1973 05 29 12   120    50 -9999   250    80     8 -9999 -9999
1973 05 30 00   100    30 -9999   250    50     7 -9999 -9999
1973 05 30 03   110    20 -9999     0     0     7 -9999 -9999
1973 05 30 06   150    30 -9999     0     0     7 -9999 -9999
1973 05 30 09   160    30 -9999    70    80     2 -9999 -9999
1973 05 30 12   150    20 -9999    70    60     6 -9999 -9999
1973 05 30 18    90    60 -9999   250    30     1 -9999 -9999
1973 05 30 21   100    20 -9999   220    40     1 -9999 -9999
1973 05 31 00    70    20 -9999   220    40     2 -9999 -9999
1973 05 31 09   190   -30 -9999    40    20     7 -9999 -9999
1973 05 31 12   190   -10 -9999   110    30     7 -9999 -9999
1973 05 31 18    90    50 -9999    90    20     2 -9999 -9999
1973 05 31 21    90   -50 -9999   250    20     3 -9999 -9999
1973 06 01 00    90    50 -9999   220    30     8 -9999 -9999
1973 06 01 03   130    50 -9999   220    40     1 -9999 -9999
1973 06 01 06   190    20 -9999    40    10     2 -9999 -9999
1973 06 01 09   210    40 -9999   210    30     3 -9999 -9999
1973 06 01 12   190    50 -9999    40    60     6 -9999 -9999
1973 06 01 18   120    60 -9999     0     0     0 -9999 -9999
1973 06 01 21   130    50 -9999   220    40     2 -9999 -9999
1973 06 02 00   120    40 -9999   220    50     4 -9999 -9999
1973 06 02 03   170    40 -9999   270    40     1 -9999 -9999
1973 06 02 06   210    40 -9999    90    60     2 -9999 -9999
1973 06 02 09   170    70 -9999    70    40     7 -9999 -9999
1973 06 02 12   190    30 -9999    70    70     7 -9999 -9999
1973 06 02 18   150    40 -9999   220    40     3 -9999     0
1973 06 03 00   130    30 -9999   220    40     7 -9999 -9999
1973 06 03 03   160    40 -9999   250    80     7 -9999 -9999
1973 06 03 06   210    40 -9999   270    30     7 -9999 -9999
1973 06 03 09   250     0 -9999   270    30     6 -9999 -9999
1973 06 03 12   230   -30 -9999   250    90     7 -9999 -9999
1973 06 03 18   160    20 -9999   220    50     3 -9999 -9999
1973 06 03 21   150    20 -9999   250    40     7 -9999 -9999
1973 06 04 00   150    10 -9999    90    20     7 -9999 -9999
1973 06 04 03   180   -50 -9999   250    40     3 -9999 -9999
1973 06 04 06   220   -10 -9999   220    30     7 -9999 -9999
1973 06 04 09   240   -70 -9999   250    70     2 -9999 -9999
1973 06 04 12   230  -100 -9999   320    80     2 -9999 -9999
1973 06 04 18   130   -10 -9999   270    10     1 -9999 -9999
1973 06 04 21   130   -60 -9999   220    40     1 -9999 -9999
1973 06 05 00   110   -30 -9999   250    30     1 -9999 -9999
1973 06 05 03   180   -30 -9999   250    30     1 -9999 -9999
1973 06 05 06   220   -60 -9999   270    40     2 -9999 -9999
1973 06 05 09   250   -50 -9999     0     0     7 -9999 -9999
1973 06 05 12   220    10 -9999    70    40     7 -9999 -9999
1973 06 05 18   150    20 -9999    70    40     2 -9999 -9999
1973 06 05 21   110    20 -9999   140    40     2 -9999 -9999
1973 06 06 00   140     0 -9999   220    40     6 -9999 -9999
1973 06 06 03   180   -10 -9999   220    40     7 -9999 -9999
1973 06 06 06   230    10 -9999   250    20     2 -9999 -9999
1973 06 06 12   240   -70 -9999   320    60     7 -9999 -9999
1973 06 07 03   170    40 -9999   220    40 -9999 -9999 -9999
1973 06 07 06   230    10 -9999    70    10     2 -9999 -9999
1973 06 07 09   240   -20 -9999   270    20     5 -9999 -9999
1973 06 07 12   140   -70 -9999   290    60     7 -9999 -9999
1973 06 08 00   130    60 -9999   200    10     7 -9999 -9999
1973 06 08 09   120    20 -9999    20    40     6 -9999 -9999
1973 06 08 12   220    30 -9999    90   120     2 -9999 -9999
1973 06 08 21   110    80 -9999    60    40     7 -9999 -9999
1973 06 09 00   170    80 -9999   220    20     7 -9999 -9999
1973 06 09 03   140 -9999 -9999   250    30     2 -9999 -9999
1973 06 09 06   160    70 -9999   140    20     7 -9999    40
1973 06 09 09   170   100 -9999   220    40     2 -9999 -9999
1973 06 09 12   180   110 -9999    70    40     1 -9999 -9999
1973 06 09 18   120   100 -9999     0     0     0 -9999 -9999
1973 06 09 21   110   100 -9999   220    10     0 -9999 -9999
1973 06 10 00   120    90 -9999   220    50     3 -9999 -9999
1973 06 10 03   180    60 -9999   220    50     1 -9999 -9999
1973 06 10 06   210 -9999 -9999    70    60     2 -9999 -9999
1973 06 10 12   130    80 -9999    70    50     2 -9999 -9999
1973 06 10 18   160    70 -9999   250    50     7 -9999 -9999
1973 06 10 21   170    30 -9999   220    40     5 -9999 -9999
1973 06 11 06   140    30 -9999   110    20     7 -9999 -9999
1973 06 11 09   260    30 -9999   220    40     3 -9999 -9999
1973 06 11 12   250 -9999 -9999   270   100     2 -9999 -9999
1973 06 11 18   180   -20 -9999   120    40     5 -9999 -9999
1973 06 11 21   190     0 -9999   270    20     0 -9999 -9999
1973 06 12 00   120    20 -9999   270    20     2 -9999 -9999
1973 06 12 03   190 -9999 -9999   220    10     6 -9999 -9999
1973 06 12 06   230     0 -9999   270    30     7 -9999 -9999
1973 06 12 12   230   -40 -9999   340    40     7 -9999 -9999
1973 06 12 18   170    10 -9999   120    30     7 -9999 -9999
1973 06 12 21   150   -10 -9999   120    30     7 -9999 -9999
1973 06 13 00   140    10 -9999   250    60     7 -9999 -9999
1973 06 13 03   170   110 -9999   220    20     7 -9999 -9999
1973 06 13 06   230   -10 -9999    90    20     2 -9999 -9999
1973 06 13 09   230   -70 -9999   340    80     7 -9999 -9999
1973 06 13 12   220     0 -9999    90    50     6 -9999 -9999
1973 06 13 18   180     0 -9999   160    30     7 -9999     0
1973 06 13 21   150    20 -9999   210    40     7 -9999 -9999
1973 06 14 00   120    40 -9999    90    30     7 -9999 -9999
1973 06 14 03   180    50 -9999     0     0     7 -9999 -9999
1973 06 14 06   200     0 -9999   220    40     7 -9999 -9999
1973 06 14 09   230   -10 -9999   290    20     6 -9999 -9999
1973 06 15 00   130  -170 -9999   220    50     7 -9999 -9999
1973 06 15 03   160   -10 -9999   220    60     1 -9999 -9999
1973 06 15 06   200   -20 -9999    20    50     7 -9999 -9999
1973 06 15 09   210   -10 -9999    40    20     7 -9999 -9999
1973 06 15 12   170    30 -9999    70   110     7 -9999 -9999
1973 06 16 00   110    30 -9999   250    50     1 -9999 -9999
1973 06 16 03   170    10 -9999   200    40     1 -9999 -9999
1973 06 16 06   220     0 -9999    90    20     2 -9999 -9999
1973 06 16 09   230   -10 -9999    70    50     6 -9999 -9999
1973 06 16 12 -9999 -9999 -9999    70    80     4 -9999 -9999
1973 06 16 18   120    60 -9999    40    10     7 -9999     0
1973 06 17 00   130    30 -9999    70    20     0 -9999 -9999
1973 06 17 03   170    60 -9999     0     0     1 -9999 -9999
1973 06 17 06   220    30 -9999    40    20     1 -9999 -9999
1973 06 17 09   240     0 -9999    70    30     5 -9999 -9999
1973 06 17 12   220    40 -9999    70    70     7 -9999 -9999
1973 06 17 18   140    50 -9999     0     0     2 -9999 -9999
1973 06 17 21   120    30 -9999   250    30     1 -9999 -9999
1973 06 18 00   140    10 -9999   250    50     1 -9999 -9999
1973 06 18 03   180    20 -9999   220    30     2 -9999 -9999
1973 06 18 06   230    30 -9999   160    10     7 -9999 -9999
1973 06 18 09   220    40 -9999   320    10     7 -9999 -9999
1973 06 18 12   290    50 -9999    70    60     7 -9999 -9999
1973 06 18 18   160    50 -9999   250    50     6 -9999 -9999
1973 06 18 21   150    40 -9999   250    70     8 -9999 -9999
1973 06 19 00   140    30 -9999   220    70     7 -9999 -9999
1973 06 19 03   170    50 -9999   220    50     6 -9999 -9999
1973 06 19 06   230    40 -9999   110    10     6 -9999 -9999
1973 06 19 12   170 -9999 -9999   110    40     7 -9999 -9999
1973 06 19 18   130    90 -9999     0     0     7 -9999 -9999
1973 06 20 00   130    50 -9999   250    40     6 -9999 -9999
1973 06 20 06   220    30 -9999    70    20     3 -9999 -9999
1973 06 20 12   210    30 -9999    90    30     6 -9999 -9999
1973 06 20 18   170    10 -9999   200    30     7 -9999 -9999
1973 06 21 00   130    20 -9999   220    20     4 -9999 -9999
1973 06 21 03   190    30 -9999   200    20     1 -9999 -9999
1973 06 21 06   230    20 -9999   200    20     2 -9999 -9999
1973 06 21 12   230     0 -9999   270    30     7 -9999 -9999
1973 06 22 00   110    40 -9999   270    30     6 -9999 -9999
1973 06 22 03   170    60 -9999 -9999 -9999     2 -9999 -9999
1973 06 22 06   230    40 -9999    40    20     2 -9999 -9999
1973 06 22 09   250    20 -9999    70    20     6 -9999 -9999
1973 06 22 12   240    30 -9999    40    50     7 -9999 -9999
1973 06 22 18   200   -20 -9999   290   100     1 -9999 -9999
1973 06 22 21 -9999 -9999 -9999   220    40     1 -9999 -9999
1973 06 23 00   130    10 -9999   250    50     1 -9999 -9999
1973 06 23 03   180    20 -9999   250    50     1 -9999 -9999
1973 06 23 06   240   -30 -9999   270    50     1 -9999 -9999
1973 06 23 12   280     0 -9999   360    20     2 -9999 -9999
1973 06 23 18   170    50 -9999    20    30     0 -9999 -9999
1973 06 23 21   160   130 -9999   220    20     0 -9999 -9999
1973 06 24 00   150     0 -9999   250    60     1 -9999 -9999
1973 06 24 03   200    20 -9999   220    40     1 -9999 -9999
1973 06 24 06   260    30 -9999     0     0     1 -9999 -9999
1973 06 24 09   290    50 -9999    70    60     7 -9999 -9999
1973 06 24 12   270    30 -9999   360    30     7 -9999 -9999
1973 06 24 18   170    60 -9999     0     0     1 -9999 -9999
1973 06 24 21   170    20 -9999   250    30     0 -9999 -9999
1973 06 25 00   160    20 -9999   250    30     2 -9999 -9999
1973 06 25 03 -9999 -9999 -9999   220    30 -9999 -9999 -9999
1973 06 25 12   260    80 -9999    40    40     6 -9999 -9999
1973 06 25 18   180    70 -9999     0     0     3 -9999 -9999
1973 06 25 21   200    40 -9999   250    40     6 -9999 -9999
1973 06 26 00   160    60 -9999   250    30     6 -9999 -9999
1973 06 26 03   220    70 -9999   220    50     7 -9999 -9999
1973 06 26 06   280 -9999 -9999     0     0     6 -9999 -9999
1973 06 26 12   290    10 -9999   340    20     7 -9999 -9999
1973 06 26 18   210    50 -9999   110    20     7 -9999 -9999
1973 06 26 21   200    40 -9999   140    40     7 -9999 -9999
1973 06 27 00   180    50 -9999   180    10     7 -9999 -9999
1973 06 27 12   270   -50 -9999   290    90     3 -9999 -9999
1973 06 27 18   180     0 -9999    40    50     3 -9999 -9999
1973 06 27 21   270   -40 -9999   140    20     6 -9999 -9999
1973 06 28 00   140     0 -9999   220    50     2 -9999 -9999
1973 06 28 03   180    20 -9999   220    30     2 -9999 -9999
1973 06 28 06   230   -30 -9999   180    40     2 -9999 -9999
1973 06 28 09   260   -50 -9999   110    20     2 -9999 -9999
1973 06 28 18   160   -20 -9999    90    60     2 -9999 -9999
1973 06 28 21   140   -10 -9999    90    40     2 -9999 -9999
1973 06 29 00   110    10 -9999     0     0     1 -9999 -9999
1973 06 29 03   170     0 -9999   220    20     0 -9999 -9999
1973 06 29 06   230    10 -9999   270    10     1 -9999 -9999
1973 06 29 12   220    60 -9999    70    70     0 -9999 -9999
1973 06 29 21   140    80 -9999   220    20     0 -9999 -9999
1973 06 30 00   130    70 -9999   250    30     0 -9999 -9999
1973 06 30 06   240    60 -9999     0     0     0 -9999 -9999
1973 06 30 09   280    80 -9999    70    80     0 -9999 -9999
1973 06 30 12   250    80 -9999    70    70     0 -9999 -9999
1973 06 30 18   180    90 -9999   250    20     0 -9999 -9999
1973 07 01 00   190    60 -9999   220    50     0 -9999 -9999
1973 07 01 06   290    30 -9999     0     0     2 -9999 -9999
1973 07 01 09   320     0 -9999   250    60     5 -9999 -9999
1973 07 01 12   210   -40 -9999   250    90     2 -9999 -9999
1973 07 02 00   150   -30 -9999   220    40     1 -9999 -9999
1973 07 02 06   280   -80 -9999   250    60     1 -9999 -9999
1973 07 02 12   290   -40 -9999 -9999 -9999     2 -9999 -9999
19