1978 01 01 00  -150  -230 -9999   250    60     6 -9999 -9999
1978 01 01 03  -160  -230 -9999   250    30     2 -9999 -9999
1978 01 01 06   -70  -320 -9999   220    60     2 -9999 -9999
1978 01 01 09   -60  -230 -9999    70    50     3 -9999 -9999
1978 01 01 12  -110  -210 -9999    70    30     5 -9999    -1
1978 01 01 18  -140  -220 -9999   250    30     0 -9999 -9999
1978 01 01 21  -160  -240 -9999   250    30     1 -9999 -9999
1978 01 02 00  -170  -240 -9999   180    10     1 -9999 -9999
1978 01 02 03  -190  -220 -9999   250    20     1 -9999 -9999
1978 01 02 06   -60  -250 -9999     0     0     1 -9999 -9999
1978 01 02 09  -120  -190 -9999    70    50     1 -9999 -9999
1978 01 02 12   -10  -180 -9999    70    20     1 -9999 -9999
1978 01 02 18  -140  -180 -9999     0     0     9 -9999 -9999
1978 01 03 03  -160  -250 -9999   220    20     1 -9999 -9999
1978 01 03 06   -60  -250 -9999   250    60     1 -9999 -9999
1978 01 03 09   -80  -230 -9999    70    50     0 -9999 -9999
1978 01 03 12  -130  -180 -9999    70    30     0 -9999 -9999
1978 01 03 18  -140  -210 -9999   250    60     0 -9999 -9999
1978 01 03 21  -130  -240 -9999   250    60     0 -9999 -9999
1978 01 04 00  -120  -260 -9999   250    60     0 -9999 -9999
1978 01 04 03  -130  -270 -9999   250    70     0 -9999 -9999
1978 01 04 06   -60  -320 -9999   250    60     0 -9999 -9999
1978 01 04 09   -70 -9999 -9999    70    40     0 -9999 -9999
1978 01 04 12  -140  -210 -9999    90    20     0 -9999 -9999
1978 01 04 18  -150  -220 -9999   250    50     0 -9999 -9999
1978 01 04 21  -120  -260 -9999   250    50     0 -9999 -9999
1978 01 05 00  -130  -250 -9999   250    60     0 -9999 -9999
1978 01 05 03  -140  -260 -9999   250    60     0 -9999 -9999
1978 01 05 06   -70  -270 -9999   250    30     0 -9999 -9999
1978 01 05 09   -90  -250 -9999    70    50     0 -9999 -9999
1978 01 05 12  -160  -190 -9999    70    40     1 -9999 -9999
1978 01 05 18  -150  -220 -9999   250    60     0 -9999 -9999
1978 01 05 21  -150  -230 -9999   250    50     0 -9999 -9999
1978 01 06 00  -170  -240 -9999   220    20     1 -9999 -9999
1978 01 06 03  -150  -240 -9999   250    60     3 -9999 -9999
1978 01 06 06   -80  -250 -9999   250    60     7 -9999 -9999
1978 01 06 09   -30  -250 -9999    90    60     7 -9999 -9999
1978 01 06 12  -130  -190 -9999     0     0     7 -9999    -1
1978 01 06 21  -140  -220 -9999   250    40     0 -9999 -9999
1978 01 07 00  -130  -220 -9999   270    50     1 -9999 -9999
1978 01 07 03  -100  -230 -9999   150    50     7 -9999 -9999
1978 01 07 06   -70  -210 -9999     0     0     7 -9999 -9999
1978 01 07 09   -30  -240 -9999 -9999 -9999     7 -9999 -9999
1978 01 07 12  -120  -190 -9999    70    60     7 -9999 -9999
1978 01 07 18  -140  -190 -9999   250    30     0 -9999 -9999
1978 01 07 21  -140  -200 -9999   250    40     2 -9999 -9999
1978 01 08 00  -140  -150 -9999    90    30     8 -9999    -1
1978 01 08 03  -140  -230 -9999   250    50     7 -9999 -9999
1978 01 08 06   -70  -230 -9999    70    30     7 -9999 -9999
1978 01 08 09   -80  -220 -9999    90    40     1 -9999 -9999
1978 01 08 12  -140  -200 -9999    90    50     6 -9999 -9999
1978 01 08 18  -150  -200 -9999   250    40     0 -9999 -9999
1978 01 08 21  -160  -210 -9999   250    40     0 -9999 -9999
1978 01 09 00  -160  -220 -9999   250    40     0 -9999 -9999
1978 01 09 03  -170  -220 -9999     0     0     7 -9999 -9999
1978 01 09 09   -60  -230 -9999    70    50     2 -9999 -9999
1978 01 09 12  -100  -150 -9999   140    20     4 -9999    -1
1978 01 09 18  -140  -210 -9999   250    30     0 -9999 -9999
1978 01 09 21  -160  -210 -9999   250    30     0 -9999 -9999
1978 01 10 00  -170  -220 -9999   270    40 -9999 -9999 -9999
1978 01 10 03  -180  -210 -9999     0     0     2 -9999 -9999
1978 01 10 06   -70  -270 -9999   220    20     6 -9999 -9999
1978 01 10 09   -60  -190 -9999    70    50     6 -9999 -9999
1978 01 10 18   130  -210 -9999   220    30     0 -9999 -9999
1978 01 10 21 -9999  -200 -9999     0     0     6 -9999 -9999
1978 01 11 00   110  -190 -9999   250    30     3 -9999 -9999
1978 01 11 03 -9999  -190 -9999   220    40     2 -9999 -9999
1978 01 11 06   -20  -200 -9999   270    50     7 -9999 -9999
1978 01 11 09   -50  -210 -9999    40    50     7 -9999 -9999
1978 01 11 12   -90  -170 -9999    70    30     7 -9999 -9999
1978 01 11 18   -40  -200 -9999    70    50     7 -9999 -9999
1978 01 11 21   -60  -150 -9999   250    60     8 -9999 -9999
1978 01 12 00   -70  -160 -9999   250    30     7 -9999 -9999
1978 01 12 03   -90  -160 -9999   220    20     7 -9999 -9999
1978 01 12 06   -50  -140 -9999    70    20     8 -9999 -9999
1978 01 12 09   -50  -160 -9999    70    30     8 -9999 -9999
1978 01 12 12   -50  -180 -9999   250    30     8 -9999 -9999
1978 01 12 18   -70  -100 -9999   250    30     8 -9999    -1
1978 01 12 21   -70   -90 -9999     0     0     8 -9999 -9999
1978 01 13 03  -120  -130 -9999    90    20     8 -9999 -9999
1978 01 13 06   -90  -130 -9999    40    10     8 -9999    -1
1978 01 13 09   -80  -100 -9999    90    20     4 -9999 -9999
1978 01 13 12   -90  -120 -9999     0     0     7 -9999    -1
1978 01 13 18  -130  -160 -9999   250    30     6 -9999    -1
1978 01 13 21  -140  -170 -9999     0     0     3 -9999 -9999
1978 01 14 00  -170  -200 -9999   250    20     2 -9999    -1
1978 01 14 03  -150  -180 -9999     0     0     7 -9999 -9999
1978 01 14 06  -120  -170 -9999   220    40     5 -9999    -1
1978 01 14 09   -90 -9999 -9999   200    10     3 -9999 -9999
1978 01 14 12  -110  -130 -9999    70    50     7 -9999    -1
1978 01 14 18  -130  -150 -9999    70    10     7 -9999    10
1978 01 14 21  -140  -170 -9999   220    20     7 -9999 -9999
1978 01 15 00  -160 -9999 -9999   250    20     8 -9999     5
1978 01 15 06  -140  -200 -9999     0     0     5 -9999    -1
1978 01 15 09  -140  -190 -9999    90    20     7 -9999 -9999
1978 01 15 12  -170  -190 -9999    90    20     2 -9999    -1
1978 01 15 18  -220  -250 -9999   250    30     3 -9999    -1
1978 01 15 21  -220  -250 -9999   250    30     0 -9999 -9999
1978 01 16 00  -220  -250 -9999   250    60     0 -9999 -9999
1978 01 16 06  -170  -230 -9999   270    20     1 -9999 -9999
1978 01 16 09  -130  -220 -9999    70    20     2 -9999 -9999
1978 01 16 12  -180  -230 -9999     0     0     7 -9999 -9999
1978 01 16 18  -200  -230 -9999   250    20     7 -9999 -9999
1978 01 16 21  -190  -230 -9999   200    20     0 -9999 -9999
1978 01 17 06  -140  -220 -9999     0     0     7 -9999 -9999
1978 01 17 09  -140  -210 -9999    40    30     6 -9999 -9999
1978 01 17 12  -160  -210 -9999     0     0     7 -9999 -9999
1978 01 17 18  -200  -240 -9999    50    50     2 -9999 -9999
1978 01 18 09  -140  -200 -9999    70    20     1 -9999 -9999
1978 01 18 12  -160  -210 -9999     0     0     0 -9999 -9999
1978 01 18 18  -140  -210 -9999   220    80     0 -9999 -9999
1978 01 19 06   -90  -250 -9999   220    60     0 -9999 -9999
1978 01 19 09   -50  -220 -9999   250    50     0 -9999 -9999
1978 01 19 12  -120  -230 -9999    70    20     0 -9999 -9999
1978 01 19 18  -140  -210 -9999   250    80     0 -9999 -9999
1978 01 19 21  -140  -230 -9999   250    90     0 -9999 -9999
1978 01 20 00  -140  -250 -9999   250    80     0 -9999 -9999
1978 01 20 06   -80  -220 -9999   270    50     1 -9999 -9999
1978 01 20 09   -20  -200 -9999     0     0     1 -9999 -9999
1978 01 20 12  -110  -180 -9999    70    20     0 -9999 -9999
1978 01 20 18  -120  -200 -9999   250    50     0 -9999 -9999
1978 01 20 21  -120  -230 -9999   250    70     1 -9999 -9999
1978 01 21 06   -50  -210 -9999     0     0     7 -9999 -9999
1978 01 21 09   -80  -170 -9999    70    40     7 -9999 -9999
1978 01 21 12  -100  -180 -9999 -9999 -9999     7 -9999 -9999
1978 01 21 18  -140  -180 -9999   270    70     3 -9999 -9999
1978 01 21 21  -180  -180 -9999   250    70     0 -9999 -9999
1978 01 22 09   -50  -160 -9999    90    50     5 -9999 -9999
1978 01 22 12   -90  -180 -9999     0     0     7 -9999 -9999
1978 01 23 03   -90  -170 -9999   250    70     7 -9999 -9999
1978 01 23 09   -20  -160 -9999   250    40     7 -9999 -9999
1978 01 23 12   -50  -140 -9999     0     0     7 -9999 -9999
1978 01 23 18   -90  -170 -9999   250    80     7 -9999 -9999
1978 01 23 21   -70  -200 -9999   220    40     5 -9999 -9999
1978 01 24 00   -90  -190 -9999   250    50     6 -9999 -9999
1978 01 24 03  -100  -200 -9999   250    40     7 -9999 -9999
1978 01 24 06   -40  -140 -9999   250    30     7 -9999 -9999
1978 01 24 09   -50  -140 -9999    90    40     7 -9999 -9999
1978 01 24 12   -80  -150 -9999     0     0     7 -9999 -9999
1978 01 24 18    80  -180 -9999   200   220     8 -9999 -9999
1978 01 24 21  -120  -150 -9999   270    30     7 -9999 -9999
1978 01 25 00  -110  -150 -9999    70    60     7 -9999 -9999
1978 01 25 03  -100  -160 -9999   250    70     7 -9999 -9999
1978 01 25 06   -60  -160 -9999   220    50     7 -9999 -9999
1978 01 25 09   -40  -140 -9999    90    50     7 -9999 -9999
1978 01 25 12   -90  -160 -9999     0     0     1 -9999 -9999
1978 01 25 18  -110  -160 -9999   250    20     0 -9999 -9999
1978 01 26 00  -140  -210 -9999   250    60     0 -9999 -9999
1978 01 26 03  -150  -210 -9999   250    40     1 -9999 -9999
1978 01 26 06   -70  -240 -9999   250    30     1 -9999 -9999
1978 01 26 09   -70  -150 -9999    70    40     1 -9999 -9999
1978 01 26 12  -120  -190 -9999    90    50     6 -9999 -9999
1978 01 26 18  -140  -190 -9999   250    50     0 -9999 -9999
1978 01 26 21  -150  -200 -9999   270    50     0 -9999 -9999
1978 01 27 00  -160  -200 -9999   270    50     0 -9999 -9999
1978 01 27 03  -150  -200 -9999   250    40     7 -9999 -9999
1978 01 27 06  -100  -210 -9999 -9999 -9999     7 -9999 -9999
1978 01 27 09   -60  -160 -9999    20    30     7 -9999 -9999
1978 01 27 12  -120  -170 -9999    90    30     7 -9999 -9999
1978 01 27 18  -150  -180 -9999   280    20     2 -9999 -9999
1978 01 27 21  -150  -180 -9999   220    20     6 -9999 -9999
1978 01 28 00  -150  -190 -9999   270    40     8 -9999 -9999
1978 01 28 03  -160  -190 -9999   250    10     7 -9999 -9999
1978 01 28 06   -80  -160 -9999    80   170     6 -9999 -9999
1978 01 28 09   -30  -170 -9999   250    30     7 -9999 -9999
1978 01 28 12   -80  -130 -9999    90    30     7 -9999 -9999
1978 01 28 21  -100  -130 -9999   250    20     7 -9999 -9999
1978 01 29 00  -110  -150 -9999    70    30     7 -9999 -9999
1978 01 29 03  -120  -140 -9999    40    30     7 -9999 -9999
1978 01 29 06   -90  -140 -9999     0     0     7 -9999 -9999
1978 01 29 09   -50  -130 -9999     0     0     7 -9999 -9999
1978 01 29 12   -70  -150 -9999    90    20     7 -9999 -9999
1978 01 29 18  -150  -160 -9999   250    20     1 -9999 -9999
1978 01 29 21  -140  -160 -9999   250    20     0 -9999 -9999
1978 01 30 00  -140  -170 -9999   250    40     5 -9999 -9999
1978 01 30 03  -150  -180 -9999   220    10     1 -9999 -9999
1978 01 30 06   -90  -150 -9999    40    30     0 -9999 -9999
1978 01 30 09   -70  -140 -9999    70    50     2 -9999 -9999
1978 01 30 13   -90  -150 -9999    40    30     0 -9999 -9999
1978 01 30 18  -150  -180 -9999   250    40     0 -9999 -9999
1978 01 31 03  -150  -190 -9999   250    30     6 -9999 -9999
1978 01 31 06   -70  -240 -9999   220    40     7 -9999 -9999
1978 01 31 09   -40  -140 -9999    90    30     8 -9999 -9999
1978 01 31 12  -110  -160 -9999    70    50     3 -9999 -9999
1978 01 31 18  -140  -160 -9999   340    20     7 -9999 -9999
1978 01 31 21  -130  -160 -9999   270    50     7 -9999 -9999
1978 02 01 00  -150  -180 -9999   250    20     1 -9999 -9999
1978 02 01 03  -130  -160 -9999   250    30     6 -9999 -9999
1978 02 01 06   -60  -170 -9999   220    20     7 -9999 -9999
1978 02 01 09   -40  -130 -9999    50    40     7 -9999 -9999
1978 02 01 12   -80  -130 -9999    90    40     7 -9999 -9999
1978 02 01 18  -100  -130 -9999   250    30     7 -9999 -9999
1978 02 01 21  -110  -140 -9999   140    20     7 -9999 -9999
1978 02 02 00  -130  -140 -9999    70    20     7 -9999 -9999
1978 02 02 06   -50  -160 -9999   250    20     1 -9999 -9999
1978 02 02 09   -70  -120 -9999    70    80     3 -9999 -9999
1978 02 02 12  -100  -140 -9999    40    30     7 -9999 -9999
1978 02 02 18  -140  -160 -9999     0     0     1 -9999 -9999
1978 02 02 21  -170  -190 -9999     0     0     1 -9999 -9999
1978 02 03 00  -160  -180 -9999     0     0     6 -9999 -9999
1978 02 03 06   -70  -160 -9999    70    50     6 -9999 -9999
1978 02 03 09   -70  -140 -9999    70    70     7 -9999 -9999
1978 02 03 12  -100  -140 -9999    70    20     7 -9999    -1
1978 02 03 18 -9999 -9999 -9999   250    20     6 -9999    -1
1978 02 04 03  -120  -240 -9999   250    30     1 -9999 -9999
1978 02 04 06   -20 -9999 -9999   230    20     7 -9999 -9999
1978 02 04 09   -50  -230 -9999    40    80     2 -9999 -9999
1978 02 04 12  -100  -140 -9999    40    70     7 -9999 -9999
1978 02 04 18  -140  -160 -9999     0     0     6 -9999 -9999
1978 02 04 21  -140  -160 -9999   220    30     4 -9999 -9999
1978 02 05 00  -150  -180 -9999     0     0     7 -9999 -9999
1978 02 05 03  -140  -150 -9999    70    10     7 -9999 -9999
1978 02 05 06  -120  -140 -9999    70    20     7 -9999    -1
1978 02 05 09   -90  -150 -9999    40    40     6 -9999 -9999
1978 02 05 12  -100  -160 -9999    90    40     7 -9999    -1
1978 02 05 18  -140  -160 -9999   220    20     2 -9999    -1
1978 02 05 21  -140  -150 -9999    40    20     5 -9999 -9999
1978 02 06 00  -140  -160 -9999     0     0     9 -9999 -9999
1978 02 06 03  -140  -160 -9999   250    10     8 -9999 -9999
1978 02 06 06  -120  -160 -9999     0     0     8 -9999    -1
1978 02 06 09  -100  -140 -9999    40    30     8 -9999 -9999
1978 02 06 12   -40   -70 -9999     0     0     7 -9999    -1
1978 02 06 18  -130  -150 -9999     0     0     8 -9999    -1
1978 02 06 21  -120  -150 -9999    70    30     8 -9999 -9999
1978 02 07 00  -140  -150 -9999    70    30     8 -9999    -1
1978 02 07 06  -120  -130 -9999    90    30     8 -9999    10
1978 02 07 09  -120  -160 -9999    70    40     8 -9999 -9999
1978 02 07 12  -130  -150 -9999    70    50     8 -9999     5
1978 02 07 18  -160  -190 -9999     0     0     7 -9999     5
1978 02 07 21  -150  -180 -9999   250    20     5 -9999 -9999
1978 02 08 00  -170  -200 -9999   270    30     2 -9999     3
1978 02 08 06  -140  -210 -9999     0     0     7 -9999    -1
1978 02 08 09  -120  -180 -9999    70    50     5 -9999 -9999
1978 02 08 12  -160  -180 -9999    70    50     7 -9999    -1
1978 02 08 18  -180  -200 -9999     0     0     2 -9999    -1
1978 02 08 21  -200  -230 -9999   250    50     3 -9999 -9999
1978 02 09 00  -220  -250 -9999     0     0     0 -9999    -1
1978 02 09 03  -240  -270 -9999   250    30     5 -9999 -9999
1978 02 09 06  -150  -200 -9999    70    10     8 -9999 -9999
1978 02 09 09  -150  -200 -9999    60    70     1 -9999 -9999
1978 02 09 12  -170  -200 -9999    70    20     1 -9999 -9999
1978 02 09 18  -230  -260 -9999   250    30     0 -9999    -1
1978 02 09 21  -220  -250 -9999   220    30     0 -9999 -9999
1978 02 10 00  -200  -260 -9999   220    60     0 -9999 -9999
1978 02 10 03  -180  -280 -9999   250    80     0 -9999 -9999
1978 02 10 06  -140  -230 -9999    90    30     0 -9999 -9999
1978 02 10 09  -130  -210 -9999    90    50     0 -9999 -9999
1978 02 10 12  -150  -230 -9999    70    30     1 -9999 -9999
1978 02 10 18  -190  -250 -9999   250    70     0 -9999 -9999
1978 02 10 21  -200  -260 -9999   270    50     0 -9999 -9999
1978 02 11 06  -110  -180 -9999    40    20     7 -9999 -9999
1978 02 11 09  -100  -230 -9999    90    30     0 -9999 -9999
1978 02 11 12  -130  -270 -9999    70    30     0 -9999 -9999
1978 02 11 18  -150  -230 -9999   250    40     0 -9999 -9999
1978 02 11 21  -140  -220 -9999   250    40     0 -9999 -9999
1978 02 12 00  -170  -180 -9999     0     0     7 -9999 -9999
1978 02 12 03  -150  -230 -9999   220    20     1 -9999 -9999
1978 02 12 06   -50  -160 -9999    70    30     0 -9999 -9999
1978 02 12 09  -100  -190 -9999    90    70     6 -9999 -9999
1978 02 12 12  -130  -220 -9999     0     0     6 -9999 -9999
1978 02 12 18  -130  -200 -9999   250    90     0 -9999 -9999
1978 02 12 21  -140  -200 -9999   250    60     0 -9999 -9999
1978 02 13 00  -170  -220 -9999   220    20     0 -9999 -9999
1978 02 13 03  -160  -200 -9999     0     0     2 -9999 -9999
1978 02 13 06   -70  -170 -9999     0     0     1 -9999 -9999
1978 02 13 09   -70  -150 -9999    90    50     1 -9999 -9999
1978 02 13 12  -100  -170 -9999    70    50     3 -9999 -9999
1978 02 13 18  -130  -170 -9999   250    40     2 -9999 -9999
1978 02 13 21 -9999  -190 -9999   270    50     0 -9999 -9999
1978 02 14 00  -130  -190 -9999   250    50     3 -9999 -9999
1978 02 14 03  -120  -180 -9999   250    20     7 -9999 -9999
1978 02 14 06   -80  -160 -9999    70    20     7 -9999 -9999
1978 02 14 09   -80  -160 -9999    40    10     7 -9999 -9999
1978 02 14 12   -80  -130 -9999    40    40     7 -9999 -9999
1978 02 14 18  -110  -150 -9999   270    20     7 -9999 -9999
1978 02 14 21  -120  -160 -9999     0     0     2 -9999 -9999
1978 02 15 00  -120  -170 -9999   220    30     3 -9999 -9999
1978 02 15 03  -130  -170 -9999     0     0     7 -9999 -9999
1978 02 15 06  -150  -150 -9999    70    30     7 -9999 -9999
1978 02 15 09   -80  -160 -9999    70    70     7 -9999 -9999
1978 02 15 12  -100  -170 -9999    90    20     7 -9999 -9999
1978 02 15 21  -130  -160 -9999   220    30     2 -9999 -9999
1978 02 16 00  -140  -170 -9999   270    20     5 -9999 -9999
1978 02 16 03  -140  -170 -9999 -9999 -9999     7 -9999 -9999
1978 02 16 06   -80  -160 -9999    70    50     7 -9999 -9999
1978 02 16 09   -70  -160 -9999    70    40     7 -9999 -9999
1978 02 16 12   -80  -180 -9999    70    30     4 -9999 -9999
1978 02 16 21  -120  -190 -9999   250    80     0 -9999 -9999
1978 02 17 00  -130  -200 -9999   250    70     0 -9999 -9999
1978 02 17 03  -120  -200 -9999   220    70     0 -9999 -9999
1978 02 17 06   -40  -190 -9999   250    60     0 -9999 -9999
1978 02 17 09   -50  -160 -9999    90    70     0 -9999 -9999
1978 02 17 12   -80  -170 -9999    90    50     0 -9999 -9999
1978 02 17 18  -130  -180 -9999   250    40     0 -9999 -9999
1978 02 17 21  -150  -180 -9999   250    30     0 -9999 -9999
1978 02 18 00  -140  -190 -9999   250    60     0 -9999 -9999
1978 02 18 03  -140  -190 -9999 -9999 -9999     0 -9999 -9999
1978 02 18 06   -50  -200 -9999     0     0     0 -9999 -9999
1978 02 18 09   -40  -170 -9999    40    60     1 -9999 -9999
1978 02 18 12   -80  -140 -9999    90    50     7 -9999 -9999
1978 02 18 18  -130  -150 -9999     0     0     4 -9999 -9999
1978 02 18 21  -130  -160 -9999   250    30     6 -9999 -9999
1978 02 19 00  -130  -150 -9999   250    20     7 -9999    -1
1978 02 19 03  -130  -150 -9999   220    30     7 -9999 -9999
1978 02 19 06   -70  -120 -9999    70    30     7 -9999    -1
1978 02 19 09   -60  -140 -9999    70    40     6 -9999 -9999
1978 02 19 12   -90  -130 -9999    90    30     7 -9999    -1
1978 02 19 18  -130  -150 -9999   250    20     6 -9999    -1
1978 02 19 21  -150  -170 -9999   250    30     0 -9999 -9999
1978 02 20 00  -150  -190 -9999   220    50     0 -9999 -9999
1978 02 20 03  -150  -210 -9999   250    70     2 -9999 -9999
1978 02 20 06   -80  -220 -9999   220    20     7 -9999 -9999
1978 02 20 09   -60  -200 -9999    90    30     7 -9999 -9999
1978 02 20 12   -90  -160 -9999    90    40     7 -9999 -9999
1978 02 21 03  -130  -170 -9999   250    20     1 -9999 -9999
1978 02 21 06   -50  -170 -9999    70    50     1 -9999 -9999
1978 02 21 09   -50  -160 -9999    90    60     2 -9999 -9999
1978 02 21 12   -70  -170 -9999    70    30     7 -9999 -9999
1978 02 21 18   -90  -170 -9999   250    60     2 -9999 -9999
1978 02 22 00  -120  -170 -9999   250    50     0 -9999 -9999
1978 02 22 03   -90  -160 -9999   250    40     0 -9999 -9999
1978 02 22 06    10  -150 -9999    90    20     0 -9999 -9999
1978 02 22 09   -20  -150 -9999    70    60     0 -9999 -9999
1978 02 22 12   -50  -160 -9999    70    50     0 -9999 -9999
1978 02 22 18   -80  -140 -9999   250    60     0 -9999 -9999
1978 02 22 21  -110  -160 -9999   250    40     0 -9999 -9999
1978 02 23 00  -100  -160 -9999   220    30     6 -9999 -9999
1978 02 23 03   -90  -170 -9999   250    30     7 -9999 -9999
1978 02 23 06    10  -160 -9999    90    30     1 -9999 -9999
1978 02 23 09     0  -160 -9999    70    60     7 -9999 -9999
1978 02 23 12   -10  -150 -9999    90    30     7 -9999 -9999
1978 02 23 18   -60  -140 -9999   220    40     2 -9999 -9999
1978 02 23 21   -60  -150 -9999   250    30     0 -9999 -9999
1978 02 24 00   -60  -140 -9999   250    50     2 -9999 -9999
1978 02 24 03   -60  -140 -9999     0     0     6 -9999 -9999
1978 02 24 06    10  -130 -9999    90    30     2 -9999 -9999
1978 02 24 09    20  -140 -9999    90    50     1 -9999 -9999
1978 02 24 12   -10  -110 -9999    90    40     1 -9999 -9999
1978 02 24 18   -60  -120 -9999   250    20     1 -9999 -9999
1978 02 24 21   -70  -130 -9999   250    60     2 -9999 -9999
1978 02 25 00   -70  -160 -9999   250    50     1 -9999 -9999
1978 02 25 03   -50  -170 -9999   250    20     1 -9999 -9999
1978 02 25 06    40  -180 -9999   270    10     1 -9999    20
1978 02 25 09    10  -160 -9999    90    70     2 -9999 -9999
1978 02 25 12    10  -110 -9999    70    50     7 -9999 -9999
1978 02 25 18   -40  -120 -9999   250    60     0 -9999 -9999
1978 02 25 21   -50  -160 -9999   250    70     6 -9999 -9999
1978 02 26 00   -60  -160 -9999   250    70     0 -9999 -9999
1978 02 26 03   -30  -170 -9999   250    40     6 -9999 -9999
1978 02 26 06    40  -140 -9999    70    20     7 -9999 -9999
1978 02 26 09    50  -130 -9999    70    20     7 -9999 -9999
1978 02 26 12    30  -160 -9999    70    50     7 -9999 -9999
1978 02 26 18     0  -140 -9999   250    60     7 -9999 -9999
1978 02 26 21   -40  -130 -9999   250    50     7 -9999 -9999
1978 02 27 00   -20  -160 -9999   250    60     7 -9999 -9999
1978 02 27 03   -10  -190 -9999   250    70     2 -9999 -9999
1978 02 27 06    90  -180 -9999   220    30     0 -9999 -9999
1978 02 27 09   110  -220 -9999    90    30     1 -9999 -9999
1978 02 27 12    60   -90 -9999    90    60     3 -9999 -9999
1978 02 27 18   -10   -60 -9999   250    30     7 -9999 -9999
1978 02 28 00   -40   -90 -9999   250    60     6 -9999 -9999
1978 02 28 03   -30  -100 -9999   250    70     6 -9999 -9999
1978 02 28 06    30   -80 -9999    70    20     6 -9999 -9999
1978 02 28 09    60  -100 -9999    90    60     5 -9999 -9999
1978 02 28 12    70  -270 -9999   290   120     6 -9999 -9999
1978 02 28 18     0  -300 -9999   220    30     0 -9999 -9999
1978 03 01 03   -40  -230 -9999   250    50     7 -9999 -9999
1978 03 01 12    20  -110 -9999    70    40     7 -9999 -9999
1978 03 01 15    70   -60 -9999   180    20     8 -9999 -9999
1978 03 01 18   -30   -70 -9999   250    30     2 -9999 -9999
1978 03 01 21   -40   -90 -9999   250    50     3 -9999 -9999
1978 03 02 00   -70  -110 -9999   250    30     2 -9999 -9999
1978 03 02 03   -50  -120 -9999   250    70     5 -9999 -9999
1978 03 02 06    20   -80 -9999     0     0     1 -9999 -9999
1978 03 02 09    50  -120 -9999    90    20     2 -9999 -9999
1978 03 02 12    30   -80 -9999    70    70     1 -9999 -9999
1978 03 02 18   -30   -70 -9999   250    30     0 -9999 -9999
1978 03 02 21   -50   -90 -9999   250    30     0 -9999 -9999
1978 03 03 00   -50   -90 -9999   250    50     0 -9999 -9999
1978 03 03 03   -30  -100 -9999   270    30     6 -9999 -9999
1978 03 03 09    50   -90 -9999    40    60     7 -9999 -9999
1978 03 03 12    10   -90 -9999    90    40     2 -9999 -9999
1978 03 03 21   -50   -70 -9999     0     0     1 -9999 -9999
1978 03 04 00   -50   -90 -9999   270    20     6 -9999 -9999
1978 03 04 03   -40   -70 -9999   220    20     7 -9999 -9999
1978 03 04 06    40   -60 -9999    70    20     7 -9999 -9999
1978 03 04 09    50 -9999 -9999    90    60     3 -9999 -9999
1978 03 04 12    40   -70 -9999    70    30     6 -9999 -9999
1978 03 04 18   -10   -40 -9999     0     0     0 -9999 -9999
1978 03 04 21   -10   -50 -9999   120    20     7 -9999 -9999
1978 03 05 00   -20   -50 -9999   250    60     7 -9999 -9999
1978 03 05 03   -10  -100 -9999   220    50     7 -9999 -9999
1978 03 05 06    50   -70 -9999    90    20     5 -9999 -9999
1978 03 05 09    70   -70 -9999    40    60     3 -9999 -9999
1978 03 05 12    40   -50 -9999    90    50     8 -9999 -9999
1978 03 05 18   -10   -40 -9999    40    20     6 -9999 -9999
1978 03 05 21     0   -60 -9999     0     0     8 -9999 -9999
1978 03 06 00   -10   -30 -9999   220    40     2 -9999 -9999
1978 03 06 03     0   -30 -9999     0     0     7 -9999 -9999
1978 03 06 06    50   -60 -9999   180    40     7 -9999 -9999
1978 03 06 09    40   -40 -9999    70    10     7 -9999 -9999
1978 03 06 12    20   -20 -9999    70    70     7 -9999    -1
1978 03 06 18   -40  -190 -9999   200    20     0 -9999    -1
1978 03 06 21   -50  -220 -9999   250    50     0 -9999 -9999
1978 03 07 00   -50  -220 -9999   220    50     2 -9999 -9999
1978 03 07 03   -20  -220 -9999   250    30     7 -9999 -9999
1978 03 07 06    60  -190 -9999   270    30     3 -9999 -9999
1978 03 07 09    90  -210 -9999   220    40     6 -9999 -9999
1978 03 07 12    40  -130 -9999    90    70     7 -9999 -9999
1978 03 07 18     0   -30 -9999    70    20     7 -9999 -9999
1978 03 07 21   -20   -50 -9999   220    20     6 -9999 -9999
1978 03 08 00   -30   -60 -9999   180    20     7 -9999 -9999
1978 03 08 03   -20   -40 -9999    70    30     7 -9999 -9999
1978 03 08 06    10   -30 -9999    70    50     7 -9999    -1
1978 03 08 09    10   -10 -9999    90    50     7 -9999 -9999
1978 03 08 12     0   -20 -9999    90    50     8 -9999    -1
1978 03 08 18   -10   -20 -9999     0     0     8 -9999    -1
1978 03 08 21   -20   -20 -9999    70    20     8 -9999 -9999
1978 03 09 00   -20   -30 -9999    70    40     9 -9999    -1
1978 03 09 03   -20   -30 -9999    70    30     8 -9999 -9999
1978 03 09 06    10   -40 -9999    40    40     7 -9999    -1
1978 03 09 09    30   -40 -9999    60    50     9 -9999 -9999
1978 03 09 12    20   -40 -9999    70    50     7 -9999 -9999
1978 03 09 18   -10   -30 -9999    90    20     8 -9999    -1
1978 03 09 21   -10   -40 -9999    70    20     8 -9999 -9999
1978 03 10 00   -20   -20 -9999    90    20     8 -9999    10
1978 03 10 03   -20   -30 -9999    70    40     8 -9999 -9999
1978 03 10 06   -20   -30 -9999    90    40     8 -9999    30
1978 03 10 09   -10   -20 -9999    70    40     8 -9999 -9999
1978 03 10 12   -20   -30 -9999    90    20     8 -9999    20
1978 03 10 18   -40   -40 -9999   250    10     7 -9999     5
1978 03 10 21   -50   -50 -9999     0     0     7 -9999 -9999
1978 03 11 00   -50   -60 -9999    20    20     7 -9999    -1
1978 03 11 03   -40   -50 -9999     0     0     7 -9999 -9999
1978 03 11 06   -10 -9999 -9999     0     0     7 -9999    -1
1978 03 11 09     0   -30 -9999    70    20     5 -9999 -9999
1978 03 11 12     0   -20 -9999    70    30     7 -9999    -1
1978 03 11 18   -20   -30 -9999    70    20     8 -9999     5
1978 03 11 21   -30 -9999 -9999    70    20     8 -9999 -9999
1978 03 12 00   -30   -40 -9999    70    10     8 -9999     5
1978 03 12 03   -30   -60 -9999   220    30     7 -9999 -9999
1978 03 12 06     0   -80 -9999   200    40     3 -9999    -1
1978 03 12 09    40   -70 -9999    90    30     1 -9999 -9999
1978 03 12 12    20   -40 -9999    70    50     4 -9999 -9999
1978 03 12 21   -30   -60 -9999     0     0     0 -9999 -9999
1978 03 13 00   -10   -20 -9999     0     0     5 -9999 -9999
1978 03 13 06    10   -50 -9999    90    30     7 -9999 -9999
1978 03 13 09    20   -40 -9999    90    60     7 -9999 -9999
1978 03 13 12    20   -40 -9999    90    40     7 -9999 -9999
1978 03 13 18   -10   -30 -9999    40    20     7 -9999 -9999
1978 03 13 21   -20   -40 -9999   270    20     2 -9999 -9999
1978 03 14 00   -20   -50 -9999   250    40     0 -9999 -9999
1978 03 14 03   -10   -40 -9999   110    30     7 -9999 -9999
1978 03 14 06    20   -30 -9999    70    40     7 -9999 -9999
1978 03 14 09    50   -30 -9999    90    50     7 -9999 -9999
1978 03 14 12    50   -60 -9999    90    20     3 -9999 -9999
1978 03 14 18   -10   -30 -9999   220    20     2 -9999 -9999
1978 03 14 21     0   -30 -9999   250    20     7 -9999 -9999
1978 03 15 03    10   -50 -9999   220    40     2 -9999 -9999
1978 03 15 06   120   -90 -9999   180    30     3 -9999 -9999
1978 03 15 09    90   -30 -9999    70    70     7 -9999 -9999
1978 03 15 12    70   -30 -9999    70    60     7 -9999 -9999
1978 03 15 18    30   -20 -9999   250    30     8 -9999 -9999
1978 03 15 21    30   -30 -9999   220    50     2 -9999 -9999
1978 03 16 00    30   -30 -9999     0     0     7 -9999 -9999
1978 03 16 03    20   -20 -9999   200    20     8 -9999 -9999
1978 03 16 06    40   -60 -9999    70    20     8 -9999    -1
1978 03 16 09    20     0 -9999    90    40     8 -9999 -9999
1978 03 16 12    20     0 -9999     0     0     8 -9999    10
1978 03 16 18     0   -30 -9999   250    20     8 -9999    30
1978 03 16 21     0   -10 -9999     0     0     8 -9999 -9999
1978 03 17 00     0   -10 -9999   140    30     8 -9999    30
1978 03 17 03     0   -20 -9999    70    20     8 -9999 -9999
1978 03 17 06    10     0 -9999   110    40     8 -9999    40
1978 03 17 09    30   -10 -9999     0     0     7 -9999 -9999
1978 03 17 12    30   -20 -9999   220    20     7 -9999 -9999
1978 03 17 18 -9999 -9999 -9999   220    40     8 -9999 -9999
1978 03 17 21     0  -150 -9999   250    20     7 -9999 -9999
1978 03 18 00     0   -40 -9999   250    20     8 -9999 -9999
1978 03 18 03    10   -30 -9999     0     0     8 -9999 -9999
1978 03 18 06    10   -10 -9999     0     0     8 -9999    -1
1978 03 18 09 -9999    90 -9999   170   190     3 -9999 -9999
1978 03 18 12    30   -40 -9999    90    40     7 -9999    -1
1978 03 18 18   -10   -10 -9999    90    30     8 -9999    20
1978 03 18 21   -10   -20 -9999    90    30     8 -9999 -9999
1978 03 19 00   -20   -20 -9999    70    20     8 -9999    10
1978 03 19 03   -20   -50 -9999   220    40     8 -9999 -9999
1978 03 19 06     0   -40 -9999   270    20     7 -9999    10
1978 03 19 09    20   -30 -9999    40    30     6 -9999 -9999
1978 03 19 12    20   -20 -9999    90    50     7 -9999    -1
1978 03 19 18     0   -10 -9999    70    30     8 -9999    10
1978 03 19 21   -10   -10 -9999    70    50     8 -9999 -9999
1978 03 20 00   -20   -20 -9999    70    50     8 -9999    10
1978 03 20 06   -10   -20 -9999    70    50     8 -9999    10
1978 03 20 09   -10   -20 -9999    40    30     8 -9999 -9999
1978 03 20 12   -10   -30 -9999   250    30     7 -9999    20
1978 03 20 18   -30   -70 -9999   250    50     8 -9999    -1
1978 03 20 21   -50   -90 -9999   220    30     7 -9999 -9999
1978 03 21 00   -50  -110 -9999   250    30     1 -9999 -9999
1978 03 21 03   -70  -130 -9999   220    50     7 -9999 -9999
1978 03 21 06   -20  -110 -9999   250    50     8 -9999 -9999
1978 03 21 09     0   -80 -9999    50    30     7 -9999 -9999
1978 03 21 12   -10   -50 -9999   220    40     7 -9999 -9999
1978 03 21 18    40    20 -9999   290    30     8 -9999 -9999
1978 03 21 21   -30   -30 -9999   250    10     8 -9999 -9999
1978 03 22 00   -30   -40 -9999     0     0     8 -9999     5
1978 03 22 06    10   -20 -9999     0     0     8 -9999     5
1978 03 22 09    20   -20 -9999     0     0     7 -9999 -9999
1978 03 22 12    20   -30 -9999   250    30     7 -9999    -1
1978 03 22 18   -10   -10 -9999     0     0     8 -9999    -1
1978 03 22 21   -10   -20 -9999   110    20     8 -9999 -9999
1978 03 23 00   -10   -20 -9999    40    20     8 -9999    30
1978 03 23 03     0   -10 -9999    70    20     8 -9999 -9999
1978 03 23 06     0   -10 -9999    70    30     8 -9999    10
1978 03 23 09     0     0 -9999     0     0     8 -9999 -9999
1978 03 23 12   -10   -30 -9999    90    10     7 -9999   100
1978 03 23 18   -10   -60 -9999   360    50     1 -9999 -9999
1978 03 23 21   -30  -100 -9999   360    60     0 -9999 -9999
1978 03 24 00   -50  -120 -9999   220    70     0 -9999 -9999
1978 03 24 03   -40  -130 -9999 -9999 -9999     0 -9999 -9999
1978 03 24 06     0  -110 -9999   220    20     0 -9999 -9999
1978 03 24 09    30  -100 -9999   250    40     0 -9999 -9999
1978 03 24 12    20   -90 -9999   250    50     1 -9999 -9999
1978 03 24 18   -20  -140 -9999   250    80     0 -9999 -9999
1978 03 24 21   -40  -130 -9999   250    70     1 -9999 -9999
1978 03 25 00   -50  -160 -9999   250    60     1 -9999 -9999
1978 03 25 03   -40  -170 -9999   250   100     0 -9999 -9999
1978 03 25 06    10  -130 -9999   250    50     0 -9999 -9999
1978 03 25 09    40   -90 -9999   250    30     0 -9999 -9999
1978 03 25 12    30   -70 -9999   250    60     1 -9999 -9999
1978 03 25 18   -20  -100 -9999   250    70     0 -9999 -9999
1978 03 25 21   -30  -130 -9999   250    60     0 -9999 -9999
1978 03 26 00   -40  -140 -9999   250    60     0 -9999 -9999
1978 03 26 03   -30  -130 -9999   250    60     0 -9999 -9999
1978 03 26 06    10  -120 -9999   250    50     0 -9999 -9999
1978 03 26 09    50   -10 -9999   250    60     1 -9999 -9999
1978 03 26 12    40   -80 -9999   250    50     1 -9999 -9999
1978 03 26 18   -10   -90 -9999   250    60     7 -9999 -9999
1978 03 27 00    80     0 -9999   320    30     8 -9999 -9999
1978 03 27 03    10  -110 -9999   220    70     7 -9999 -9999
1978 03 27 06    40   -80 -9999   220    80     7 -9999 -9999
1978 03 27 09    50   -50 -9999   250    50     7 -9999 -9999
1978 03 27 12    50   -30 -9999   220    30     7 -9999 -9999
1978 03 27 18    20   -50 -9999   250    50     7 -9999 -9999
1978 03 27 21    20   -50 -9999   220    80     7 -9999 -9999
1978 03 28 00     0   -60 -9999   250    60     7 -9999 -9999
1978 03 28 03    20   -70 -9999   250    60     6 -9999 -9999
1978 03 28 06    60   -70 -9999   250    50     1 -9999 -9999
1978 03 28 09    90   -80 -9999   260    30     1 -9999 -9999
1978 03 28 12    80   -70 -9999   250    30     0 -9999 -9999
1978 03 28 18    20   -70 -9999   250    50     0 -9999 -9999
1978 03 28 21    10   -90 -9999   250    60     5 -9999 -9999
1978 03 29 00     0   -90 -9999   250    50     6 -9999 -9999
1978 03 29 03    10   -90 -9999   220    50     7 -9999 -9999
1978 03 29 06    40   -80 -9999   220    40     7 -9999 -9999
1978 03 29 09    80   -60 -9999   220    20     3 -9999 -9999
1978 03 29 12    70   -40 -9999   250    40     6 -9999 -9999
1978 03 29 18    30   -40 -9999   220    40     1 -9999 -9999
1978 03 29 21    20   -50 -9999   250    30     8 -9999 -9999
1978 03 30 00    10   -10 -9999    70    10     7 -9999    -1
1978 03 30 03    20   -10 -9999     0     0     7 -9999 -9999
1978 03 30 06    40   -70 -9999   250    30     6 -9999 -9999
1978 03 30 09    50   -40 -9999   200    50     7 -9999 -9999
1978 03 30 12    60   -40 -9999   250    20     7 -9999 -9999
1978 03 30 18    20   -70 -9999   250    40     2 -9999 -9999
1978 03 30 21    10   -90 -9999   250    50     1 -9999 -9999
1978 03 31 00   -10  -100 -9999   250    60     0 -9999 -9999
1978 03 31 03    10  -110 -9999   250    70     0 -9999 -9999
1978 03 31 06    50  -100 -9999   220    50     0 -9999 -9999
1978 03 31 09    80  -110 -9999   220    20     3 -9999 -9999
1978 03 31 12    80   -90 -9999     0     0     2 -9999 -9999
1978 04 01 03    20   -60 -9999   250    40     7 -9999 -9999
1978 04 01 06    50   -70 -9999   220    40     7 -9999 -9999
1978 04 01 09    40   -30 -9999   140    30     8 -9999 -9999
1978 04 01 12    30   -10 -9999     0     0     7 -9999    -1
1978 04 01 18     0   -20 -9999   220    40     3 -9999 -9999
1978 04 01 21     0   -40 -9999   250    40     0 -9999 -9999
1978 04 02 00   -10   -50 -9999   250    30     0 -9999 -9999
1978 04 02 03    20   -80 -9999   220 -9999     1 -9999 -9999
1978 04 02 06    70   -80 -9999   180    30     2 -9999 -9999
1978 04 02 09    80   -60 -9999   180    50     6 -9999 -9999
1978 04 02 12    90   -80 -9999   270    70     3 -9999 -9999
1978 04 02 18    20   -50 -9999   250    50     0 -9999 -9999
1978 04 02 21    20   -60 -9999   250    60     0 -9999 -9999
1978 04 03 00    10   -90 -9999   220    50     0 -9999 -9999
1978 04 03 03    20   -90 -9999   220    40     0 -9999 -9999
1978 04 03 06    80   -80 -9999   200    30     0 -9999 -9999
1978 04 03 09   100  -160 -9999   270    40     3 -9999 -9999
1978 04 03 12   100  -160 -9999   250    70     2 -9999 -9999
1978 04 03 18    40   -70 -9999   220    30     1 -9999 -9999
1978 04 03 21    30   -70 -9999   220    30     1 -9999 -9999
1978 04 04 00    10   -80 -9999   250    50     1 -9999 -9999
1978 04 04 03    40   -90 -9999   220    40     7 -9999 -9999
1978 04 04 06   100   -70 -9999   220    30     7 -9999 -9999
1978 04 04 09   120   -90 -9999   250    50     7 -9999 -9999
1978 04 04 12   100   -60 -9999   270    70     7 -9999 -9999
1978 04 04 18    70    10 -9999     0     0     7 -9999 -9999
1978 04 04 21    20   -40 -9999   250    40     0 -9999 -9999
1978 04 05 00    20   -50 -9999   220    60     0 -9999 -9999
1978 04 05 03    40   -60 -9999   270    60     7 -9999 -9999
1978 04 05 06   100  -120 -9999   220    20     7 -9999 -9999
1978 04 05 09   140   -70 -9999   220    20     7 -9999 -9999
1978 04 05 12   120   -60 -9999   250    40     7 -9999 -9999
1978 04 05 18    70   -40 -9999   220    40     0 -9999 -9999
1978 04 05 21    20   -30 -9999   250    30     1 -9999 -9999
1978 04 06 03    80   -50 -9999   220    60     5 -9999 -9999
1978 04 06 06   130   -60 -9999   250    40     1 -9999 -9999
1978 04 06 09   160  -170 -9999   270    80     1 -9999 -9999
1978 04 06 12   140  -180 -9999   360    70     1 -9999 -9999
1978 04 07 03    70   -90 -9999   250    30     7 -9999 -9999
1978 04 07 06   120  -100 -9999     0     0     7 -9999 -9999
1978 04 07 09   140  -100 -9999    90    30     7 -9999 -9999
1978 04 07 12   130   -80 -9999    70    40     7 -9999 -9999
1978 04 07 18    50   -40 -9999   220    20     7 -9999 -9999
1978 04 07 21    10   -30 -9999   220    30     1 -9999 -9999
1978 04 08 00    20   -40 -9999   250    40     6 -9999 -9999
1978 04 08 03    70   -40 -9999   220    50     1 -9999 -9999
1978 04 08 06   150   -40 -9999   180    50     3 -9999 -9999
1978 04 08 09   180   -40 -9999    70    40     6 -9999 -9999
1978 04 08 12   160   -60 -9999    70    50     2 -9999 -9999
1978 04 08 18    70   -20 -9999   250    20     0 -9999 -9999
1978 04 08 21    60   -20 -9999   250    50     6 -9999 -9999
1978 04 09 00    70   -20 -9999   220    50     7 -9999 -9999
1978 04 09 03   120   -20 -9999   220    30     7 -9999 -9999
1978 04 09 06   180   -40 -9999   250    40     7 -9999 -9999
1978 04 09 09   190   -40 -9999   220    30     7 -9999 -9999
1978 04 09 12   190   -90 -9999   270    50     3 -9999 -9999
1978 04 09 18   110   -60 -9999   250    50     0 -9999 -9999
1978 04 09 21    70   -60 -9999   250    50     1 -9999 -9999
1978 04 10 00    70   -70 -9999   250    50     7 -9999 -9999
1978 04 10 03   110   -60 -9999   220    50     7 -9999 -9999
1978 04 10 06   180  -120 -9999   250    60     3 -9999 -9999
1978 04 10 09   220   -90 -9999   330    20     6 -9999 -9999
1978 04 10 12   180   -60 -9999    90    60     7 -9999 -9999
1978 04 11 00    90   -40 -9999   220    70     2 -9999 -9999
1978 04 11 03   120   -40 -9999   250    60     7 -9999 -9999
1978 04 11 06   210   -40 -9999   250    30     1 -9999 -9999
1978 04 11 09 -9999  -110 -9999   270    80     2 -9999 -9999
1978 04 11 12   220   -70 -9999   270    40     2 -9999 -9999
1978 04 11 18   130   -30 -9999    20    30     0 -9999 -9999
1978 04 11 21    90   -20 -9999   250    70     0 -9999 -9999
1978 04 12 00   100   -40 -9999   250    50     2 -9999 -9999
1978 04 12 03   150   -30 -9999   250    50     2 -9999 -9999
1978 04 12 06   210   -30 -9999   250    40     6 -9999 -9999
1978 04 12 12   230   -20 -9999   250    30     6 -9999 -9999
1978 04 12 18   140   -30 -9999   250   100     1 -9999 -9999
1978 04 12 21   140   -30 -9999   250    80     1 -9999 -9999
1978 04 13 00   120   -20 -9999   220    30     1 -9999 -9999
1978 04 13 03   150   -30 -9999   220    20     1 -9999 -9999
1978 04 13 06   200   -50 -9999   220    20     3 -9999 -9999
1978 04 13 09   220  -100 -9999     0     0     6 -9999 -9999
1978 04 13 12   200  -140 -9999   270    20     7 -9999 -9999
1978 04 13 18   130  -140 -9999   220    20     7 -9999 -9999
1978 04 13 21   120   -30 -9999    90    20     7 -9999 -9999
1978 04 14 00   110   -30 -9999    70    20     8 -9999 -9999
1978 04 14 03   120   -20 -9999    90    30     9 -9999 -9999
1978 04 14 06   150   -40 -9999    70    50     9 -9999 -9999
1978 04 14 09   130   -30 -9999    70    40     9 -9999 -9999
1978 04 14 12   110    20 -9999   270    20     9 -9999    -1
1978 04 14 18    60    50 -9999    90    30     9 -9999    40
1978 04 14 21    50    30 -9999   250    20     6 -9999 -9999
1978 04 15 00    50    40 -9999    90    40     8 -9999    50
1978 04 15 03    50    40 -9999    70    40     8 -9999 -9999
1978 04 15 06    50    40 -9999    70    60     8 -9999    70
1978 04 15 09    40    20 -9999    70    50     8 -9999 -9999
1978 04 15 12    30    20 -9999    70    40     8 -9999     3
1978 04 15 18    30    20 -9999    70    20     8 -9999     5
1978 04 15 21    30    20 -9999    20    30     8 -9999 -9999
1978 04 16 00    30     0 -9999    70    20     8 -9999    -1
1978 04 16 03    40     0 -9999    70    20     9 -9999 -9999
1978 04 16 06    60     0 -9999     0     0     9 -9999 -9999
1978 04 16 09    80    20 -9999    70    50     9 -9999 -9999
1978 04 16 12    70   -10 -9999    40    30     9 -9999 -9999
1978 04 16 18    50     0 -9999    40    20     9 -9999 -9999
1978 04 16 21    40     0 -9999    70    20     9 -9999 -9999
1978 04 17 00    40   -10 -9999   250    20     9 -9999 -9999
1978 04 17 03    60   -20 -9999   270    20     9 -9999 -9999
1978 04 17 06    90     0 -9999     0     0     9 -9999 -9999
1978 04 17 09   110    10 -9999    70    40     9 -9999 -9999
1978 04 17 12    70    20 -9999    20    20     9 -9999 -9999
1978 04 17 18    70    20 -9999    20    30     9 -9999 -9999
1978 04 17 21    70    20 -9999    20    20     9 -9999 -9999
1978 04 18 00    60    20 -9999   250    30     9 -9999 -9999
1978 04 18 03    80    30 -9999   220    30     7 -9999 -9999
1978 04 18 06   120     0 -9999     0     0     7 -9999 -9999
1978 04 18 09   130    20 -9999   250    60     7 -9999 -9999
1978 04 18 12   120    20 -9999   220    20     9 -9999 -9999
1978 04 18 18    70    10 -9999     0     0     0 -9999 -9999
1978 04 18 21    60    10 -9999   250    50     0 -9999 -9999
1978 04 19 00    40    10 -9999   250    50     7 -9999 -9999
1978 04 19 06   130   -10 -9999    70    20     7 -9999 -9999
1978 04 19 09   150   -20 -9999    90    50     7 -9999 -9999
1978 04 19 12   150   -20 -9999    90    40     7 -9999 -9999
1978 04 19 18    90    20 -9999   250    30     8 -9999 -9999
1978 04 19 21    60    40 -9999   220    50     8 -9999 -9999
1978 04 20 00    60    30 -9999   220    40     8 -9999     3
1978 04 20 03    80    30 -9999   220    40     3 -9999 -9999
1978 04 20 06   140    20 -9999   250    40     5 -9999 -9999
1978 04 20 09   150     0 -9999   160    60     7 -9999 -9999
1978 04 20 12   140    20 -9999    90    70     7 -9999    -1
1978 04 20 18    90    50 -9999     0     0     6 -9999    -1
1978 04 20 21    80    50 -9999   250    30     7 -9999 -9999
1978 04 21 00    80    20 -9999   250    50     7 -9999 -9999
1978 04 21 03   100    20 -9999   270    30     7 -9999 -9999
1978 04 21 06   160 -9999 -9999   180    20     6 -9999 -9999
1978 04 21 09   180     0 -9999   140    20     6 -9999 -9999
1978 04 21 12   150   -20 -9999   160    50     7 -9999    -1
1978 04 21 18   110    30 -9999   250    40     8 -9999 -9999
1978 04 21 21    90    20 -9999   220    30     7 -9999 -9999
1978 04 22 00    90   -20 -9999 -9999 -9999     7 -9999 -9999
1978 04 22 06   170   -60 -9999     0     0     6 -9999 -9999
1978 04 22 09   180   -20 -9999   140    20     6 -9999 -9999
1978 04 22 12   160     0 -9999    70    60     1 -9999 -9999
1978 04 22 18   110    40 -9999    90    20     6 -9999 -9999
1978 04 22 21    90    40 -9999     0     0     7 -9999 -9999
1978 04 23 00    70    30 -9999   270    20     7 -9999 -9999
1978 04 23 03   110    10 -9999   220    40     8 -9999 -9999
1978 04 23 12   140   -20 -9999   250    20     1 -9999    -1
1978 04 23 18   100   -50 -9999   250    40     1 -9999 -9999
1978 04 23 21    90   -40 -9999   250    40     1 -9999 -9999
1978 04 24 00    70   -50 -9999   220    50     7 -9999 -9999
1978 04 24 03   110   -60 -9999   250    40     7 -9999 -9999
1978 04 24 06   160   -90 -9999   270    10     2 -9999 -9999
1978 04 24 09   170   -60 -9999   160    50     6 -9999 -9999
1978 04 24 12   170  -110 -9999   270    50     7 -9999 -9999
1978 04 24 18    80    10 -9999   220    40     6 -9999 -9999
1978 04 24 21   110   -10 -9999   220    60     6 -9999 -9999
1978 04 25 00    90   -10 -9999   250    50     1 -9999 -9999
1978 04 25 03   130   -20 -9999   220    20     1 -9999 -9999
1978 04 25 06   190  -120 -9999   160    30     1 -9999 -9999
1978 04 25 09   200   -20 -9999   220    20     1 -9999 -9999
1978 04 25 12   210  -160 -9999   250    50     1 -9999 -9999
1978 04 25 18   130   -90 -9999   200   230     2 -9999 -9999
1978 04 25 21    80   -50 -9999   200    20     3 -9999 -9999
1978 04 26 00    70   -80 -9999   220    30     1 -9999 -9999
1978 04 26 03   120   -70 -9999   270    40     1 -9999 -9999
1978 04 26 06   200   -60 -9999   250    20     2 -9999 -9999
1978 04 26 12   190   -50 -9999    90    70     7 -9999 -9999
1978 04 26 18   110     0 -9999   220    30     2 -9999 -9999
1978 04 26 21   130   -40 -9999   270    30     0 -9999 -9999
1978 04 27 00    70     0 -9999   250    30     2 -9999 -9999
1978 04 27 03   130   -30 -9999   250    50     6 -9999 -9999
1978 04 27 06   200   -60 -9999    90    30     7 -9999 -9999
1978 04 27 09   220   -70 -9999   110    20     7 -9999 -9999
1978 04 27 12   210   -70 -9999    90    40     7 -9999 -9999
1978 04 27 18   130    10 -9999   250    20     7 -9999 -9999
1978 04 27 21   120   -30 -9999   250    20     2 -9999 -9999
1978 04 28 00   130   -40 -9999   250    40     7 -9999 -9999
1978 04 28 03   160   -50 -9999   250    60     1 -9999 -9999
1978 04 28 06   220   -90 -9999   220    40     6 -9999 -9999
1978 04 28 09   230  -170 -9999   250    30     7 -9999 -9999
1978 04 28 12   220   -90 -9999   270    50     7 -9999 -9999
1978 04 28 18   130   -20 -9999   200    30     0 -9999 -9999
1978 04 28 21   100   -40 -9999   220    20     1 -9999 -9999
1978 04 29 00    70   -20 -9999   240    50     1 -9999 -9999
1978 04 29 03   140   -70 -9999   250    50     7 -9999 -9999
1978 04 29 06   190  -100 -9999     0     0     7 -9999 -9999
1978 04 29 09   210  -110 -9999     0     0     7 -9999 -9999
1978 04 29 12   210   -60 -9999     0     0     6 -9999 -9999
1978 04 30 06   190   -60 -9999    70    30     6 -9999 -9999
1978 04 30 09   160   -20 -9999   180    50     7 -9999 -9999
1978 04 30 12   150    20 -9999     0     0     7 -9999    -1
1978 05 01 03   180    70 -9999   360    40     7 -9999 -9999
1978 05 01 06   200   -70 -9999    50    30     6 -9999 -9999
1978 05 01 09   180   -50 -9999   180    60     7 -9999 -9999
1978 05 01 12   180   -40 -9999   250    80     6 -9999    -1
1978 05 01 18   140   -30 -9999   250    50     1 -9999 -9999
1978 05 01 21   120   -30 -9999   250    50     0 -9999 -9999
1978 05 02 00   100   -20 -9999   250    60     1 -9999 -9999
1978 05 02 03   150   -40 -9999   250    60     3 -9999 -9999
1978 05 02 06   220   -90 -9999   220    30     6 -9999 -9999
1978 05 02 09   240   -90 -9999    70    30     7 -9999 -9999
1978 05 02 12   220   -70 -9999    70    60     7 -9999 -9999
1978 05 02 18   120     0 -9999   250    10     1 -9999 -9999
1978 05 02 21   100   -10 -9999   270    30     0 -9999 -9999
1978 05 03 00   120   -30 -9999   250    50     0 -9999 -9999
1978 05 03 03   160   -20 -9999   220    30     0 -9999 -9999
1978 05 03 06   240   -60 -9999   220    50     0 -9999 -9999
1978 05 03 09   260   -40 -9999   250    60     6 -9999 -9999
1978 05 03 12   260   -70 -9999   250    20     7 -9999 -9999
1978 05 03 18   160   -30 -9999   250    50     0 -9999 -9999
1978 05 04 00   130   -40 -9999   270    40     7 -9999 -9999
1978 05 04 03   160   -20 -9999   220    40     7 -9999 -9999
1978 05 04 06   230   -50 -9999    70    30     7 -9999 -9999
1978 05 04 09 -9999   -80 -9999     0     0     7 -9999 -9999
1978 05 04 12   240   -60 -9999    70    40     3 -9999 -9999
1978 05 05 03   180     0 -9999    70    20     7 -9999 -9999
1978 05 05 06   210   -50 -9999    90    60     7 -9999 -9999
1978 05 05 09   220   -70 -9999   110    60     6 -9999 -9999
1978 05 05 12   220   -60 -9999    70    50     7 -9999 -9999
1978 05 05 18   220    20 -9999    80    20     7 -9999 -9999
1978 05 06 00   130   -40 -9999   250    50     1 -9999 -9999
1978 05 06 03   170   -80 -9999   220    40     2 -9999 -9999
1978 05 06 06   220   -50 -9999     0     0     7 -9999 -9999
1978 05 06 09   220   -40 -9999   360    90     7 -9999 -9999
1978 05 06 12   200   -60 -9999    90    80     7 -9999 -9999
1978 05 06 21   150     0 -9999   270    80     7 -9999 -9999
1978 05 07 00   140     0 -9999   250    30     7 -9999 -9999
1978 05 07 06   150    20 -9999    90    70     7 -9999 -9999
1978 05 07 09   130    40 -9999    70   120     7 -9999 -9999
1978 05 07 12   120    40 -9999    90    70     7 -9999    -1
1978 05 07 18    90    10 -9999    90    30     7 -9999 -9999
1978 05 07 21    60    30 -9999    90    30     7 -9999 -9999
1978 05 08 00    80    50 -9999    90    20     7 -9999    -1
1978 05 08 06   110    40 -9999    70    50     7 -9999    -1
1978 05 08 09   130    40 -9999    90    80     7 -9999 -9999
1978 05 08 12   130    40 -9999    40    30     7 -9999    -1
1978 05 08 18    90    50 -9999     0     0     8 -9999    -1
1978 05 09 00    80    40 -9999   250    40     6 -9999 -9999
1978 05 09 03   120    40 -9999   270    20     6 -9999 -9999
1978 05 09 06   170    40 -9999    70    40     0 -9999 -9999
1978 05 09 09   190    50 -9999    90    60     3 -9999 -9999
1978 05 09 12   180    50 -9999    70    30     7 -9999 -9999
1978 05 09 18   120    60 -9999   200    10     0 -9999    -1
1978 05 09 21   100    60 -9999   220    20     0 -9999 -9999
1978 05 10 00    80    50 -9999     0     0     0 -9999 -9999
1978 05 10 03   150    50 -9999   250    30     0 -9999 -9999
1978 05 10 06   210    40 -9999    70    40     1 -9999 -9999
1978 05 10 09   220    40 -9999    40    50     1 -9999 -9999
1978 05 10 12   190    40 -9999    90    50     7 -9999 -9999
1978 05 10 18   140    40 -9999   220    20     0 -9999    -1
1978 05 10 21   110    60 -9999   250    30     0 -9999 -9999
1978 05 11 00   100    50 -9999   250    40     0 -9999 -9999
1978 05 11 06   220    20 -9999   290    20     3 -9999 -9999
1978 05 11 09   240     0 -9999   200    30     7 -9999 -9999
1978 05 11 12   220    20 -9999    70    70     6 -9999 -9999
1978 05 11 18   150    50 -9999   250    20     0 -9999 -9999
1978 05 11 21   140    20 -9999   220    30     0 -9999 -9999
1978 05 12 00   130    10 -9999   250    20     0 -9999 -9999
1978 05 12 03   180    20 -9999   220    20     7 -9999 -9999
1978 05 12 06   200    20 -9999   250   110     7 -9999 -9999
1978 05 12 09   230   -10 -9999    20   100     7 -9999 -9999
1978 05 12 12   230   -30 -9999    40    30     2 -9999    -1
1978 05 13 03   170   -20 -9999   220    30     6 -9999 -9999
1978 05 13 06   220   -50 -9999   220    30     2 -9999 -9999
1978 05 13 09   230   -70 -9999   340    50     3 -9999 -9999
1978 05 13 12   120  -150 -9999   320    40     3 -9999 -9999
1978 05 13 21   130   -70 -9999   220    60     6 -9999 -9999
1978 05 14 00    90   -20 -9999   220    20     7 -9999 -9999
1978 05 14 03   150   -60 -9999   220    20     6 -9999 -9999
1978 05 14 06   200   -70 -9999   250    30     3 -9999 -9999
1978 05 14 09   210  -120 -9999   270   110     5 -9999 -9999
1978 05 14 12   190  -100 -9999   360    50     7 -9999 -9999
1978 05 14 18   120   -30 -9999   220    50     1 -9999 -9999
1978 05 14 21   100   -40 -9999   250    60     1 -9999 -9999
1978 05 15 00    90   -30 -9999   250    50     7 -9999 -9999
1978 05 15 03   130   -30 -9999   220    50     6 -9999 -9999
1978 05 15 06   190   -50 -9999     0     0     6 -9999 -9999
1978 05 15 09   190   -30 -9999   160    50     7 -9999 -9999
1978 05 15 12   180   -30 -9999    90    50     7 -9999 -9999
1978 05 16 03   140    30 -9999    70    20     2 -9999 -9999
1978 05 16 06   180    10 -9999   110    40     2 -9999 -9999
1978 05 16 09   190   -10 -9999    40    70     6 -9999 -9999
1978 05 16 12   160    30 -9999    70    70     7 -9999 -9999
1978 05 16 18   100    70 -9999    90    20     7 -9999    20
1978 05 16 21    90    70 -9999   220    30     7 -9999 -9999
1978 05 17 00   100    70 -9999   250    50     7 -9999 -9999
1978 05 17 03   120    60 -9999   220    30     7 -9999 -9999
1978 05 17 06   190    10 -9999   220    10     3 -9999 -9999
1978 05 17 09   180    30 -9999    70    60     7 -9999 -9999
1978 05 17 12   180    40 -9999    70    50     2 -9999    -1
1978 05 17 18   120    30 -9999   250    40     7 -9999 -9999
1978 05 17 21   120    10 -9999   250    50     7 -9999 -9999
1978 05 18 00    90    10 -9999   250    40     2 -9999 -9999
1978 05 18 03   150   -30 -9999   250    30     6 -9999 -9999
1978 05 18 06   210   -20 -9999   220    20     7 -9999 -9999
1978 05 18 09   230  -100 -9999   250    20     7 -9999 -9999
1978 05 18 12   210    10 -9999   270    30     7 -9999 -9999
1978 05 18 18   160   -30 -9999   220    30     7 -9999 -9999
1978 05 19 00   120   -20 -9999   220    30     1 -9999 -9999
1978 05 19 03   170   -20 -9999   220    40     2 -9999 -9999
1978 05 19 06   220   -40 -9999   320    30     6 -9999 -9999
1978 05 19 09   240   -30 -9999   220    30     7 -9999 -9999
1978 05 19 12   250   -10 -9999     0     0     6 -9999 -9999
1978 05 19 18   160   -10 -9999   220    30     1 -9999 -9999
1978 05 19 21   140   -10 -9999   250    30     0 -9999 -9999
1978 05 20 00   100   -10 -9999   250    40     1 -9999 -9999
1978 05 20 06   230   -10 -9999   180    20     3 -9999 -9999
1978 05 20 09   230     0 -9999    40    50     3 -9999 -9999
1978 05 20 12   190    40 -9999    20    30     4 -9999    -1
1978 05 20 18   140    30 -9999   250    30     7 -9999 -9999
1978 05 21 06   230   -10 -9999     0     0     2 -9999 -9999
1978 05 21 09   260   -20 -9999    70    20     5 -9999 -9999
1978 05 21 12   310    80 -9999    40    20     6 -9999    -1
1978 05 21 18   160    60 -9999   270    10     7 -9999 -9999
1978 05 21 21   150    30 -9999   270   130     7 -9999 -9999
1978 05 21 22   150    30 -9999   270   130     7 -9999 -9999
1978 05 22 00   120    30 -9999   200    30     3 -9999     3
1978 05 22 03   160    30 -9999   250    80     4 -9999 -9999
1978 05 22 09   260   -50 -9999    40    20     4 -9999 -9999
1978 05 22 12   260   -10 -9999   270    50     7 -9999 -9999
1978 05 22 18   160   -40 -9999   250    40     0 -9999 -9999
1978 05 23 06   240   -50 -9999   270    30     2 -9999 -9999
1978 05 23 09   270   -40 -9999   340    20     5 -9999 -9999
1978 05 23 12   260   -10 -9999   290    20     7 -9999 -9999
1978 05 23 18   180    10 -9999   110    50     1 -9999 -9999
1978 05 23 21   130    40 -9999   220    10     1 -9999 -9999
1978 05 24 00   140     0 -9999   270    40     7 -9999 -9999
1978 05 24 01   220    40 -9999 -9999 -9999     7 -9999 -9999
1978 05 24 03   180    30 -9999   250    30     2 -9999 -9999
1978 05 24 06   220    40 -9999    70    50     7 -9999 -9999
1978 05 24 09   230    30 -9999    90    50     7 -9999 -9999
1978 05 24 12   220    30 -9999    40    80     7 -9999 -9999
1978 05 24 18   180    30 -9999   270   140     9 -9999 -9999
1978 05 24 21   110    60 -9999   250    60     8 -9999 -9999
1978 05 25 00   100    60 -9999   220    60     8 -9999    30
1978 05 25 06    70    50 -9999   170    60     7 -9999   160
1978 05 25 09   130    50 -9999   220    20     2 -9999 -9999
1978 05 25 12   180    10 -9999     0     0     2 -9999    -1
1978 05 25 18   110    30 -9999   200    20     5 -9999 -9999
1978 05 25 21    70     0 -9999   220    20     1 -9999 -9999
1978 05 26 00    70   -20 -9999   270    20     1 -9999 -9999
1978 05 26 03   120   -40 -9999   250    40     1 -9999 -9999
1978 05 26 06   180   -10 -9999   250    30     1 -9999 -9999
1978 05 26 09   210   -20 -9999     0     0     6 -9999 -9999
1978 05 26 12   200     0 -9999     0     0     7 -9999 -9999
1978 05 26 18   130    30 -9999   250    40     5 -9999    -1
1978 05 26 21   110    60 -9999   270    20     7 -9999 -9999
1978 05 27 00   130    10 -9999   200    20     7 -9999 -9999
1978 05 27 03   120    40 -9999   270    30     7 -9999 -9999
1978 05 27 06   150    10 -9999   270    40     6 -9999    -1
1978 05 27 09   190  -120 -9999   270    60     6 -9999 -9999
1978 05 27 12   190   -80 -9999   320    70     2 -9999 -9999
1978 05 27 18    80    10 -9999     0     0     1 -9999 -9999
1978 05 27 21    60     0 -9999   270    20     6 -9999 -9999
1978 05 28 00    70   -40 -9999   250    50     5 -9999 -9999
1978 05 28 03   140   -40 -9999   250    30     1 -9999 -9999
1978 05 28 09   200   -70 -9999   250    80     7 -9999 -9999
1978 05 28 12   170     0 -9999   270    80     2 -9999    -1
1978 05 28 21   110     0 -9999   250    30     0 -9999 -9999
1978 05 29 03   150    10 -9999   250    50     2 -9999 -9999
1978 05 29 06   200   -30 -9999     0     0     3 -9999 -9999
1978 05 29 09   210   -40 -9999   320    70     7 -9999 -9999
1978 05 29 12   210     0 -9999     0     0     6 -9999 -9999
1978 05 29 18 -9999   -30 -9999   290    60     7 -9999 -9999
1978 05 29 21   110    40 -9999    90    20     8 -9999 -9999
1978 05 30 00   120    30 -9999    70    30     7 -9999    -1
1978 05 30 03    90    70 -9999   250    20     8 -9999 -9999
1978 05 30 06    70    50 -9999   250    40     7 -9999   150
1978 05 30 12   180    70 -9999   250    60     2 -9999    -1
1978 05 30 18   210   140 -9999     0     0     9 -9999 -9999
1978 05 31 03   150    70 -9999   200    40     4 -9999 -9999
1978 05 31 06   210    70 -9999   250    30     1 -9999 -9999
1978 05 31 09   220    90 -9999    70    40     2 -9999 -9999
1978 05 31 12   210   100 -9999    70    40     1 -9999 -9999
1978 06 01 03   130    70 -9999   220    50     7 -9999 -9999
1978 06 01 06   180    90 -9999   220    40     7 -9999    -1
1978 06 01 09   230    60 -9999   220    30     7 -9999 -9999
1978 06 01 12   210    60 -9999     0     0     6 -9999    -1
1978 06 01 18   150    40 -9999   290   110     7 -9999 -9999
1978 06 01 21   140 -9999 -9999   220    40     7 -9999 -9999
1978 06 02 00   120    50 -9999   220    80     2 -9999 -9999
1978 06 02 03   160    60 -9999   220    30     0 -9999 -9999
1978 06 02 06   220    40 -9999   220    40     1 -9999 -9999
1978 06 02 09   270    10 -9999   270    10     6 -9999 -9999
1978 06 02 12   240    50 -9999    70    10     7 -9999 -9999
1978 06 02 18   180    50 -9999   250    30     7 -9999 -9999
1978 06 02 21   140    70 -9999   250    20     2 -9999 -9999
1978 06 03 03   180    50 -9999   250    40     7 -9999 -9999
1978 06 03 06   240    40 -9999     0     0     7 -9999 -9999
1978 06 03 09   250    20 -9999   220    20     7 -9999 -9999
1978 06 03 12   230    70 -9999    90    60     7 -9999    -1
1978 06 04 03   180    50 -9999   220    60     1 -9999 -9999
1978 06 04 06   220    60 -9999     0     0     3 -9999   170
1978 06 04 09   270    10 -9999     0     0     7 -9999 -9999
1978 06 04 12   230    10 -9999   250    60     7 -9999    -1
1978 06 04 18   160    90 -9999     0     0     3 -9999 -9999
1978 06 04 21   160    50 -9999   250    40     8 -9999 -9999
1978 06 05 00   140    10 -9999   250    10     7 -9999     5
1978 06 05 03   170    50 -9999   250    30     2 -9999 -9999
1978 06 05 06   220    30 -9999   220    40     2 -9999    -1
1978 06 05 09   250   -20 -9999   200    40     2 -9999 -9999
1978 06 05 12   240   -80 -9999   250    60     1 -9999 -9999
1978 06 06 00    90     0 -9999   220    40     1 -9999 -9999
1978 06 06 06   220   -60 -9999   270    40     1 -9999 -9999
1978 06 06 09   250   -60 -9999   220    50     2 -9999 -9999
1978 06 06 12   220    10 -9999    90    60     6 -9999 -9999
1978 06 07 03   190    30 -9999     0     0     2 -9999 -9999
1978 06 07 06   210     0 -9999     0     0     6 -9999 -9999
1978 06 07 09   230   -20 -9999   270   100     7 -9999 -9999
1978 06 07 12   230     0 -9999   250    40     3 -9999    -1
1978 06 07 18   140    50 -9999 -9999 -9999     2 -9999 -9999
1978 06 08 00   120    50 -9999   250    30     6 -9999 -9999
1978 06 08 03   170    50 -9999   290    20     6 -9999 -9999
1978 06 08 06   200    40 -9999    70    50     7 -9999 -9999
1978 06 08 09   200    40 -9999    70    80     7 -9999 -9999
1978 06 08 12   130    80 -9999    70    30     7 -9999    -1
1978 06 08 18   130    80 -9999    40    70     7 -9999    10
1978 06 08 21   110     0 -9999    90    30     7 -9999 -9999
1978 06 09 00   110   -30 -9999     0     0     7 -9999 -9999
1978 06 09 03   120   -50 -9999   110    40     7 -9999 -9999
1978 06 09 06   140   -70 -9999   340    90     7 -9999 -9999
1978 06 09 09   170   -70 -9999   340    60     7 -9999 -9999
1978 06 09 12   140    40 -9999    70    10     7 -9999 -9999
1978 06 10 03   100    40 -9999    70    50     6 -9999 -9999
1978 06 10 06   150    50 -9999   360    30     7 -9999 -9999
1978 06 10 09   180   -40 -9999   250    40     7 -9999 -9999
1978 06 10 12   190     0 -9999    70    30     7 -9999 -9999
1978 06 10 18   110    30 -9999   110    20     2 -9999 -9999
1978 06 10 21   100   -10 -9999   250    20     6 -9999 -9999
1978 06 11 00    90   -20 -9999   220    20     6 -9999 -9999
1978 06 11 03   150   -60 -9999   250    30     2 -9999 -9999
1978 06 11 06   200   -60 -9999    40    30     1 -9999 -9999
1978 06 11 09   210   -20 -9999   110    30     2 -9999 -9999
1978 06 11 12   200    20 -9999    70    40     2 -9999 -9999
1978 06 11 18   110    80 -9999     0     0     1 -9999 -9999
1978 06 11 21   120    10 -9999   250    30     1 -9999 -9999
1978 06 12 00    90    20 -9999   270    30     6 -9999 -9999
1978 06 12 03   160    10 -9999   270    30     2 -9999 -9999
1978 06 12 06   210   -10 -9999   220    20     6 -9999 -9999
1978 06 12 09   240    10 -9999    40    60     7 -9999 -9999
1978 06 12 12   200    40 -9999    90    70     7 -9999 -9999
1978 06 12 18   220    90 -9999    90   290     7 -9999 -9999
1978 06 12 21   130    50 -9999     0     0     7 -9999 -9999
1978 06 13 00   110    50 -9999   250    20     6 -9999 -9999
1978 06 13 03   180    60 -9999     0     0     7 -9999 -9999
1978 06 13 06   210    50 -9999   110    30     7 -9999 -9999
1978 06 13 09   190    20 -9999   250   110     7 -9999 -9999
1978 06 13 12   210   -10 -9999   270    50     7 -9999    -1
1978 06 13 18   150    30 -9999   250    20     7 -9999 -9999
1978 06 13 21   150    10 -9999   200    30     7 -9999 -9999
1978 06 14 00   140   -30 -9999   250    20     7 -9999 -9999
1978 06 14 03   170   -40 -9999   250    40     2 -9999 -9999
1978 06 14 06   210    10 -9999     0     0     2 -9999 -9999
1978 06 14 09   230    10 -9999    90    30     6 -9999 -9999
1978 06 14 12   200    30 -9999    70   100     2 -9999 -9999
1978 06 14 18   110    50 -9999   220    20     1 -9999 -9999
1978 06 14 21   130    30 -9999   220    40     1 -9999 -9999
1978 06 15 00   110    40 -9999   250    50     7 -9999 -9999
1978 06 15 03   160    30 -9999   250    30     7 -9999 -9999
1978 06 15 06   210    50 -9999    90    30     7 -9999 -9999
1978 06 15 09   170    40 -9999   320    70     7 -9999 -9999
1978 06 15 12   180    40 -9999    20    20     8 -9999    -1
1978 06 15 18   140    50 -9999   250    20     5 -9999 -9999
1978 06 15 21   120    60 -9999   270    40     8 -9999 -9999
1978 06 16 00   130    50 -9999   270    10     7 -9999 -9999
1978 06 16 03   180    50 -9999   270    20     7 -9999 -9999
1978 06 16 06   210    50 -9999    40    20     7 -9999 -9999
1978 06 16 12   220    50 -9999    90    50     6 -9999    -1
1978 06 16 18   170    30 -9999   220    60     2 -9999 -9999
1978 06 16 21   160    40 -9999   220    40     7 -9999 -9999
1978 06 17 00   160    30 -9999   200    30     7 -9999 -9999
1978 06 17 03   200    60 -9999   220    20     7 -9999 -9999
1978 06 17 06   220    50 -9999     0     0     7 -9999 -9999
1978 06 17 09   230    20 -9999    40    40     7 -9999 -9999
1978 06 17 12   150    80 -9999   110    50     7 -9999    10
1978 06 17 18   130    50 -9999   250    60     1 -9999 -9999
1978 06 17 21   130    30 -9999   250    50     1 -9999 -9999
1978 06 18 00   130    10 -9999   250    40     1 -9999 -9999
1978 06 18 03   160    20 -9999   250    30     3 -9999 -9999
1978 06 18 06   240    20 -9999   200    20     2 -9999 -9999
1978 06 18 09   270   -60 -9999   290    40     7 -9999 -9999
1978 06 18 12   250   -10 -9999   250    60     6 -9999 -9999
1978 06 18 18   170    30 -9999   250    30     1 -9999 -9999
1978 06 18 21   170    10 -9999   220    60     6 -9999 -9999
1978 06 19 00   160    10 -9999   220    50     6 -9999 -9999
1978 06 19 03   200    30 -9999   250    60     6 -9999 -9999
19