2022 01 01 00  -160  -192 10363   212     5 -9999 -9999 -9999
2022 01 01 03  -130  -158 10374   358     9 -9999 -9999 -9999
2022 01 01 06   -12  -125 10339     9     7 -9999 -9999 -9999
2022 01 01 09    10  -143 10316   193    22 -9999 -9999 -9999
2022 01 01 12   -45  -153 10332   229    13 -9999 -9999 -9999
2022 01 01 18  -114  -159 10309   360     1 -9999 -9999 -9999
2022 01 01 21  -127  -168 10301   203    10 -9999 -9999 -9999
2022 01 02 00  -100  -149 10310   306    15 -9999 -9999 -9999
2022 01 02 03  -115  -155 10336   165    11 -9999 -9999 -9999
2022 01 02 06   -30  -133 10325   226    12 -9999 -9999 -9999
2022 01 02 09    17  -143 10296   236    11 -9999 -9999 -9999
2022 01 02 12   -37  -143 10309    40    20 -9999 -9999 -9999
2022 01 02 18  -122  -169 10334   104     6 -9999 -9999 -9999
2022 01 02 21  -129  -167 10326    32    14 -9999 -9999 -9999
2022 01 03 00  -125  -159 10340     5    11 -9999 -9999 -9999
2022 01 03 03  -120  -152 10364   133     9 -9999 -9999 -9999
2022 01 03 06    -9  -125 10323    93    11 -9999 -9999 -9999
2022 01 03 09     5  -132 10284   110    20 -9999 -9999 -9999
2022 01 03 12   -40  -140 10290    74     7 -9999 -9999 -9999
2022 01 03 18  -130  -170 10263    82     4 -9999 -9999 -9999
2022 01 03 21  -137  -165 10250     8     6 -9999 -9999 -9999
2022 01 04 00  -150  -177 10263   308     8 -9999 -9999 -9999
2022 01 04 03  -139  -162 10285   196    14 -9999 -9999 -9999
2022 01 04 06   -22  -117 10256   321    20 -9999 -9999 -9999
2022 01 04 09    -9  -116 10228   353    19 -9999 -9999 -9999
2022 01 04 12   -52  -140 10249   126    11 -9999 -9999 -9999
2022 01 04 18   -77  -132 10237   202    11 -9999 -9999 -9999
2022 01 04 21  -122  -165 10257   134    13 -9999 -9999 -9999
2022 01 05 00  -139  -172 10282    88    11 -9999 -9999 -9999
2022 01 05 03  -110  -137 10290    31    24 -9999 -9999 -9999
2022 01 05 06   -35  -128 10283    49    10 -9999 -9999 -9999
2022 01 05 09    -5  -128 10271   345    11 -9999 -9999 -9999
2022 01 05 12   -39  -133 10293   134    12 -9999 -9999 -9999
2022 01 05 18   -75  -122 10280    33    14 -9999 -9999 -9999
2022 01 05 21   -65  -117 10276     4    10 -9999 -9999 -9999
2022 01 06 00   -84  -115 10293   355    14 -9999 -9999 -9999
2022 01 06 03   -67  -102 10314   360     0 -9999 -9999 -9999
2022 01 06 06   -22  -115 10305   325    11 -9999 -9999 -9999
2022 01 06 09    11  -116 10283   341    17 -9999 -9999 -9999
2022 01 06 12   -42  -133 10311   129    15 -9999 -9999 -9999
2022 01 06 18  -109  -156 10329    91     7 -9999 -9999 -9999
2022 01 06 21  -124  -159 10330   219     7 -9999 -9999 -9999
2022 01 07 00  -135  -167 10353   181    12 -9999 -9999 -9999
2022 01 07 03  -107  -138 10372     9     4 -9999 -9999 -9999
2022 01 07 06    -5  -124 10352   259    20 -9999 -9999 -9999
2022 01 07 09    22  -123 10335   296    14 -9999 -9999 -9999
2022 01 07 12   -12  -106 10351    40    15 -9999 -9999 -9999
2022 01 07 18  -102  -145 10350    79     8 -9999 -9999 -9999
2022 01 07 21  -120  -149 10343   360     2 -9999 -9999 -9999
2022 01 08 00  -129  -152 10354   349     9 -9999 -9999 -9999
2022 01 08 03  -127  -147 10381   345    10 -9999 -9999 -9999
2022 01 08 06    -4  -112 10341   355    18 -9999 -9999 -9999
2022 01 08 09    25  -122 10317   170    21 -9999 -9999 -9999
2022 01 08 12   -27  -135 10325    60    18 -9999 -9999 -9999
2022 01 08 18  -102  -144 10315    50    14 -9999 -9999 -9999
2022 01 08 21  -112  -140 10306    26    16 -9999 -9999 -9999
2022 01 09 00  -132  -157 10326   357    11 -9999 -9999 -9999
2022 01 09 03  -134  -161 10357     7     8 -9999 -9999 -9999
2022 01 09 06    -9  -119 10327    17    16 -9999 -9999 -9999
2022 01 09 09    16  -112 10310    67    13 -9999 -9999 -9999
2022 01 09 12   -27  -107 10337    26    16 -9999 -9999 -9999
2022 01 09 18  -100  -127 10340    27    19 -9999 -9999 -9999
2022 01 09 21  -119  -146 10345    10    14 -9999 -9999 -9999
2022 01 10 00  -135  -164 10362    17     9 -9999 -9999 -9999
2022 01 10 03  -107  -136 10377    27    10 -9999 -9999 -9999
2022 01 10 06    -5  -128 10354    35    28 -9999 -9999 -9999
2022 01 10 09    17  -136 10323     3    24 -9999 -9999 -9999
2022 01 10 12   -24  -119 10336   360    21 -9999 -9999 -9999
2022 01 10 18  -110  -138 10331   330     9 -9999 -9999 -9999
2022 01 10 21  -135  -160 10326   183     7 -9999 -9999 -9999
2022 01 11 00  -140  -166 10343   208     3 -9999 -9999 -9999
2022 01 11 03  -132  -155 10374   302     7 -9999 -9999 -9999
2022 01 11 06   -15  -123 10357    47    22 -9999 -9999 -9999
2022 01 11 09    15  -127 10343    65    10 -9999 -9999 -9999
2022 01 11 12   -25  -125 10364   354    11 -9999 -9999 -9999
2022 01 11 18   -67  -115 10354   346    12 -9999 -9999 -9999
2022 01 11 21   -92  -126 10344     2     9 -9999 -9999 -9999
2022 01 12 00  -117  -144 10357   322    13 -9999 -9999 -9999
2022 01 12 03  -122  -144 10379   194     5 -9999 -9999 -9999
2022 01 12 06    -7  -106 10341    10    18 -9999 -9999 -9999
2022 01 12 09    20  -119 10310    37    16 -9999 -9999 -9999
2022 01 12 12   -27  -125 10320    38    11 -9999 -9999 -9999
2022 01 12 18  -110  -152 10307   250     8 -9999 -9999 -9999
2022 01 12 21  -122  -156 10290    20     9 -9999 -9999 -9999
2022 01 13 00  -142  -169 10299   197     7 -9999 -9999 -9999
2022 01 13 03  -119  -141 10313   196    19 -9999 -9999 -9999
2022 01 13 06    -2  -116 10284   256    19 -9999 -9999 -9999
2022 01 13 09    22  -124 10256   231    21 -9999 -9999 -9999
2022 01 13 12   -30  -135 10274   154     8 -9999 -9999 -9999
2022 01 13 18   -99  -149 10267    18     4 -9999 -9999 -9999
2022 01 13 21  -104  -152 10259   360     1 -9999 -9999 -9999
2022 01 14 00  -119  -151 10274   210    22 -9999 -9999 -9999
2022 01 14 03  -112  -157 10307   360     1 -9999 -9999 -9999
2022 01 14 06    12  -136 10278   249    34 -9999 -9999 -9999
2022 01 14 09    40  -148 10257   207    16 -9999 -9999 -9999
2022 01 14 12   -12  -135 10284    22    17 -9999 -9999 -9999
2022 01 14 18  -115  -172 10297    60     5 -9999 -9999 -9999
2022 01 14 21  -124  -153 10293    51    19 -9999 -9999 -9999
2022 01 15 00  -149  -182 10309   190     6 -9999 -9999 -9999
2022 01 15 03  -132  -159 10343   341    12 -9999 -9999 -9999
2022 01 15 06    -2  -116 10323   347    14 -9999 -9999 -9999
2022 01 15 09    37  -131 10299     1    15 -9999 -9999 -9999
2022 01 15 12   -12  -123 10311    44    19 -9999 -9999 -9999
2022 01 15 18  -105  -143 10306   339    11 -9999 -9999 -9999
2022 01 15 21  -134  -163 10293   193    10 -9999 -9999 -9999
2022 01 16 00  -137  -164 10308   256    12 -9999 -9999 -9999
2022 01 16 03  -115  -145 10333   360     2 -9999 -9999 -9999
2022 01 16 06    17  -125 10307   269    17 -9999 -9999 -9999
2022 01 16 09    41  -123 10289   234    27 -9999 -9999 -9999
2022 01 16 12   -15  -137 10316   225     9 -9999 -9999 -9999
2022 01 16 18  -109  -158 10306   203     8 -9999 -9999 -9999
2022 01 16 21  -120  -164 10299   159    16 -9999 -9999 -9999
2022 01 17 00  -130  -173 10313   162    15 -9999 -9999 -9999
2022 01 17 03  -107  -147 10340   275     8 -9999 -9999 -9999
2022 01 17 06    17  -118 10308    22     6 -9999 -9999 -9999
2022 01 17 09    46  -119 10277   358    13 -9999 -9999 -9999
2022 01 17 12    -5  -119 10281   358    12 -9999 -9999 -9999
2022 01 17 18   -97  -142 10269    38     7 -9999 -9999 -9999
2022 01 17 21  -110  -135 10252   215     7 -9999 -9999 -9999
2022 01 18 00   -87  -128 10250   219    13 -9999 -9999 -9999
2022 01 18 03   -74  -116 10274   204    16 -9999 -9999 -9999
2022 01 18 06    22  -128 10251   253    17 -9999 -9999 -9999
2022 01 18 09    45  -125 10226     2    13 -9999 -9999 -9999
2022 01 18 12    -4  -114 10234    23    16 -9999 -9999 -9999
2022 01 18 18   -84  -138 10221    57    17 -9999 -9999 -9999
2022 01 18 21  -112  -147 10218   356    14 -9999 -9999 -9999
2022 01 19 00  -129  -156 10229   330    12 -9999 -9999 -9999
2022 01 19 03  -110  -134 10255    47     3 -9999 -9999 -9999
2022 01 19 06    10  -112 10213     6    12 -9999 -9999 -9999
2022 01 19 09    40  -125 10180    11    24 -9999 -9999 -9999
2022 01 19 12   -14  -121 10190   291    15 -9999 -9999 -9999
2022 01 19 18   -37  -122 10170    45     7 -9999 -9999 -9999
2022 01 19 21   -47  -117 10155   173    18 -9999 -9999 -9999
2022 01 20 00   -70  -125 10181   192    10 -9999 -9999 -9999
2022 01 20 03   -82  -118 10212    22    11 -9999 -9999 -9999
2022 01 20 06    32  -101 10188    55     5 -9999 -9999 -9999
2022 01 20 09    46  -115 10173    89    11 -9999 -9999 -9999
2022 01 20 12     5  -112 10201    57    20 -9999 -9999 -9999
2022 01 20 18  -105  -135 10218     6    15 -9999 -9999 -9999
2022 01 20 21  -115  -156 10215    24     9 -9999 -9999 -9999
2022 01 21 00  -117  -154 10217    29    16 -9999 -9999 -9999
2022 01 21 03  -117  -146 10245     9    13 -9999 -9999 -9999
2022 01 21 06     7  -119 10209    68    24 -9999 -9999 -9999
2022 01 21 09    37  -131 10172    56    26 -9999 -9999 -9999
2022 01 21 12   -10  -124 10187   357    10 -9999 -9999 -9999
2022 01 21 18  -107  -139 10205    11     9 -9999 -9999 -9999
2022 01 21 21  -129  -156 10209   318    10 -9999 -9999 -9999
2022 01 22 00  -139  -163 10229   220     7 -9999 -9999 -9999
2022 01 22 03  -122  -144 10267    18     8 -9999 -9999 -9999
2022 01 22 06    10  -103 10246   305     8 -9999 -9999 -9999
2022 01 22 09    35  -109 10236   342    19 -9999 -9999 -9999
2022 01 22 12    -7  -106 10260    28    17 -9999 -9999 -9999
2022 01 22 18  -105  -134 10280    21    22 -9999 -9999 -9999
2022 01 22 21  -125  -152 10282    62     7 -9999 -9999 -9999
2022 01 23 00  -135  -159 10299   348     9 -9999 -9999 -9999
2022 01 23 03  -120  -142 10331    26    13 -9999 -9999 -9999
2022 01 23 06     2  -118 10305     1    14 -9999 -9999 -9999
2022 01 23 09    22  -103 10286   349    26 -9999 -9999 -9999
2022 01 23 12   -10  -109 10295   334     9 -9999 -9999 -9999
2022 01 23 18   -79  -133 10287   360     1 -9999 -9999 -9999
2022 01 23 21  -105  -142 10285   250     7 -9999 -9999 -9999
2022 01 24 00  -122  -150 10294   181    11 -9999 -9999 -9999
2022 01 24 03  -107  -140 10307   213     4 -9999 -9999 -9999
2022 01 24 06    12  -129 10283   233    25 -9999 -9999 -9999
2022 01 24 09    27  -135 10259   207    24 -9999 -9999 -9999
2022 01 24 12    -7  -136 10273   133     7 -9999 -9999 -9999
2022 01 24 18  -112  -162 10267   148     4 -9999 -9999 -9999
2022 01 24 21  -122  -157 10258   349    15 -9999 -9999 -9999
2022 01 25 00  -137  -167 10267   227    10 -9999 -9999 -9999
2022 01 25 03  -115  -144 10291   201    17 -9999 -9999 -9999
2022 01 25 06    12  -115 10263   260    11 -9999 -9999 -9999
2022 01 25 09    37  -131 10238   233    16 -9999 -9999 -9999
2022 01 25 12   -12  -140 10265   218     9 -9999 -9999 -9999
2022 01 25 18  -107  -167 10284   176     3 -9999 -9999 -9999
2022 01 25 21  -124  -164 10285   327     6 -9999 -9999 -9999
2022 01 26 00  -132  -172 10304    85    14 -9999 -9999 -9999
2022 01 26 03  -122  -146 10335   236     6 -9999 -9999 -9999
2022 01 26 06     7  -117 10311    47    12 -9999 -9999 -9999
2022 01 26 09    30  -118 10294    36    16 -9999 -9999 -9999
2022 01 26 12    -4  -127 10316    43    17 -9999 -9999 -9999
2022 01 26 18  -110  -159 10338   222     8 -9999 -9999 -9999
2022 01 26 21  -120  -160 10337   354     9 -9999 -9999 -9999
2022 01 27 00  -145  -178 10350   360     0 -9999 -9999 -9999
2022 01 27 03  -120  -151 10384   196    14 -9999 -9999 -9999
2022 01 27 06    12  -126 10355   264    25 -9999 -9999 -9999
2022 01 27 09    36  -132 10329   212    29 -9999 -9999 -9999
2022 01 27 12    -2  -139 10342   202    18 -9999 -9999 -9999
2022 01 27 18  -119  -170 10331   190    14 -9999 -9999 -9999
2022 01 27 21  -110  -157 10309   201    15 -9999 -9999 -9999
2022 01 28 00  -129  -166 10312   227     8 -9999 -9999 -9999
2022 01 28 03  -102  -144 10334   256    16 -9999 -9999 -9999
2022 01 28 06     7  -130 10304   237    24 -9999 -9999 -9999
2022 01 28 09    37  -145 10260   227    28 -9999 -9999 -9999
2022 01 28 12    -4  -155 10262   155    16 -9999 -9999 -9999
2022 01 28 18  -109  -175 10249    41     4 -9999 -9999 -9999
2022 01 28 21  -125  -166 10242   353    10 -9999 -9999 -9999
2022 01 29 00  -130  -168 10252    70    14 -9999 -9999 -9999
2022 01 29 03  -124  -162 10287   173    12 -9999 -9999 -9999
2022 01 29 06     0  -151 10277   280    12 -9999 -9999 -9999
2022 01 29 09    17  -152 10265   339     4 -9999 -9999 -9999
2022 01 29 12    -4  -155 10281   104    17 -9999 -9999 -9999
2022 01 29 18   -37  -129 10290    39    16 -9999 -9999 -9999
2022 01 29 21   -47  -140 10296   166    11 -9999 -9999 -9999
2022 01 30 00   -92  -144 10311    20    10 -9999 -9999 -9999
2022 01 30 03   -75   -99 10324    71    21 -9999 -9999 -9999
2022 01 30 06    17   -78 10298    72    25 -9999 -9999 -9999
2022 01 30 09    40  -117 10265    65    27 -9999 -9999 -9999
2022 01 30 12    12  -121 10275    66     9 -9999 -9999 -9999
2022 01 30 18   -77  -121 10282    28    23 -9999 -9999 -9999
2022 01 30 21  -105  -145 10275    10    13 -9999 -9999 -9999
2022 01 31 00  -134  -166 10284    79     3 -9999 -9999 -9999
2022 01 31 03  -107  -136 10313    15     7 -9999 -9999 -9999
2022 01 31 06    15  -123 10286   299     8 -9999 -9999 -9999
2022 01 31 09    45  -148 10266   208    22 -9999 -9999 -9999
2022 01 31 12     5  -129 10291    16    12 -9999 -9999 -9999
2022 01 31 18  -102  -150 10309   338     8 -9999 -9999 -9999
2022 01 31 21  -114  -154 10306    20     9 -9999 -9999 -9999
2022 02 01 00  -139  -169 10329   196    10 -9999 -9999 -9999
2022 02 01 03  -107  -134 10356   211    14 -9999 -9999 -9999
2022 02 01 06    22  -128 10329   314    17 -9999 -9999 -9999
2022 02 01 09    42  -145 10303   221    28 -9999 -9999 -9999
2022 02 01 12    11  -145 10310   249     8 -9999 -9999 -9999
2022 02 01 18  -100  -146 10301    23     6 -9999 -9999 -9999
2022 02 01 21  -115  -155 10288    20    12 -9999 -9999 -9999
2022 02 02 00  -137  -170 10297   248    10 -9999 -9999 -9999
2022 02 02 03  -110  -147 10313   135    10 -9999 -9999 -9999
2022 02 02 06    21  -159 10279   243    11 -9999 -9999 -9999
2022 02 02 09    46  -153 10248   158    21 -9999 -9999 -9999
2022 02 02 12     6  -158 10271   159    20 -9999 -9999 -9999
2022 02 02 18   -82  -171 10276   138    11 -9999 -9999 -9999
2022 02 02 21  -105  -186 10280   130    12 -9999 -9999 -9999
2022 02 03 00  -112  -159 10302   360    15 -9999 -9999 -9999
2022 02 03 03  -100  -144 10342    68     7 -9999 -9999 -9999
2022 02 03 06    17  -149 10325    49     9 -9999 -9999 -9999
2022 02 03 09    40  -148 10306    95    27 -9999 -9999 -9999
2022 02 03 12    15  -155 10318   129    15 -9999 -9999 -9999
2022 02 03 18   -62  -149 10325   107    10 -9999 -9999 -9999
2022 02 03 21   -69  -130 10318    18     9 -9999 -9999 -9999
2022 02 04 00   -65  -144 10323    43    15 -9999 -9999 -9999
2022 02 04 03   -54  -139 10342   149    13 -9999 -9999 -9999
2022 02 04 06    20  -146 10337   172    13 -9999 -9999 -9999
2022 02 04 09    35  -143 10312     7    23 -9999 -9999 -9999
2022 02 04 12     7  -137 10317   360    19 -9999 -9999 -9999
2022 02 04 18   -45  -109 10318     5    18 -9999 -9999 -9999
2022 02 04 21   -79  -141 10314     9    13 -9999 -9999 -9999
2022 02 05 00   -99  -138 10319    16    16 -9999 -9999 -9999
2022 02 05 03   -97  -143 10341    30    13 -9999 -9999 -9999
2022 02 05 06     0  -114 10317    88    28 -9999 -9999 -9999
2022 02 05 09     7  -107 10300   102    25 -9999 -9999 -9999
2022 02 05 12   -15  -117 10304    48     9 -9999 -9999 -9999
2022 02 05 18   -44  -114 10294     4    11 -9999 -9999 -9999
2022 02 05 21   -67  -120 10285    48    22 -9999 -9999 -9999
2022 02 06 00  -102  -139 10287    22    15 -9999 -9999 -9999
2022 02 06 03  -100  -140 10306    87     7 -9999 -9999 -9999
2022 02 06 06    -7  -143 10270    84    15 -9999 -9999 -9999
2022 02 06 12   -15  -165 10253   257    17 -9999 -9999 -9999
2022 02 06 18   -84  -136 10272     9    13 -9999 -9999 -9999
2022 02 06 21   -94  -133 10276    65     9 -9999 -9999 -9999
2022 02 07 00  -100  -137 10300    12     7 -9999 -9999 -9999
2022 02 07 03   -87  -128 10333    54     8 -9999 -9999 -9999
2022 02 07 06   -10  -127 10337   355     9 -9999 -9999 -9999
2022 02 07 09    17  -148 10319   179     8 -9999 -9999 -9999
2022 02 07 12     0  -147 10328    66     8 -9999 -9999 -9999
2022 02 07 18  -110  -170 10345   139     4 -9999 -9999 -9999
2022 02 07 21  -127  -183 10330    15     4 -9999 -9999 -9999
2022 02 08 00  -137  -184 10333   360     2 -9999 -9999 -9999
2022 02 08 03   -97  -151 10349   165     9 -9999 -9999 -9999
2022 02 08 06    17  -162 10315   233    38 -9999 -9999 -9999
2022 02 08 09    32  -149 10279   208    30 -9999 -9999 -9999
2022 02 08 12     1  -135 10279   360    12 -9999 -9999 -9999
2022 02 08 18   -72  -141 10260   238     9 -9999 -9999 -9999
2022 02 08 21   -85  -143 10247   213    10 -9999 -9999 -9999
2022 02 09 00   -89  -157 10247   190    18 -9999 -9999 -9999
2022 02 09 03   -65  -150 10269   197     8 -9999 -9999 -9999
2022 02 09 06    12  -140 10244   218    25 -9999 -9999 -9999
2022 02 09 09    31  -136 10219   204    34 -9999 -9999 -9999
2022 02 09 12    10  -135 10228   188     4 -9999 -9999 -9999
2022 02 09 18  -100  -167 10243   117     3 -9999 -9999 -9999
2022 02 09 21   -95  -153 10232   198    10 -9999 -9999 -9999
2022 02 10 00  -117  -175 10245   192    11 -9999 -9999 -9999
2022 02 10 03   -65  -148 10263   211    22 -9999 -9999 -9999
2022 02 10 06    25  -125 10250   257    18 -9999 -9999 -9999
2022 02 10 09    52  -113 10224   262    22 -9999 -9999 -9999
2022 02 10 12    17  -111 10250   358    16 -9999 -9999 -9999
2022 02 10 18   -94  -137 10261    18    26 -9999 -9999 -9999
2022 02 10 21   -77  -132 10246    15    28 -9999 -9999 -9999
2022 02 11 00  -100  -148 10258     7    19 -9999 -9999 -9999
2022 02 11 03   -70  -127 10286    16    21 -9999 -9999 -9999
2022 02 11 06    17  -114 10267    18    31 -9999 -9999 -9999
2022 02 11 09    57  -133 10239   324    17 -9999 -9999 -9999
2022 02 11 12    30  -130 10252   337    16 -9999 -9999 -9999
2022 02 11 18   -87  -139 10248    29    14 -9999 -9999 -9999
2022 02 11 21   -75  -132 10225    31    25 -9999 -9999 -9999
2022 02 12 00  -107  -155 10239    43    15 -9999 -9999 -9999
2022 02 12 03   -65  -131 10260    31    15 -9999 -9999 -9999
2022 02 12 06    36  -128 10241    45    16 -9999 -9999 -9999
2022 02 12 09    67  -130 10208     2    15 -9999 -9999 -9999
2022 02 12 12    35  -121 10220     4    20 -9999 -9999 -9999
2022 02 12 18   -35  -123 10212    37    31 -9999 -9999 -9999
2022 02 12 21   -67  -135 10213    35    22 -9999 -9999 -9999
2022 02 13 00   -94  -140 10228    22    22 -9999 -9999 -9999
2022 02 13 03   -57  -134 10249    51    27 -9999 -9999 -9999
2022 02 13 06    45  -130 10234    44    29 -9999 -9999 -9999
2022 02 13 09    77  -133 10217    68    18 -9999 -9999 -9999
2022 02 13 12    52  -132 10232    59    18 -9999 -9999 -9999
2022 02 13 18   -65  -121 10254     6    14 -9999 -9999 -9999
2022 02 13 21   -69  -132 10242    38    18 -9999 -9999 -9999
2022 02 14 00   -90  -138 10252     5    18 -9999 -9999 -9999
2022 02 14 03   -59  -126 10272    29    17 -9999 -9999 -9999
2022 02 14 06    47  -123 10250    12    21 -9999 -9999 -9999
2022 02 14 09    72  -131 10213    44    17 -9999 -9999 -9999
2022 02 14 12    51  -133 10207    41    16 -9999 -9999 -9999
2022 02 14 18   -52   -93 10200   355    18 -9999 -9999 -9999
2022 02 14 21   -37  -105 10183   135    11 -9999 -9999 -9999
2022 02 15 00   -27  -103 10187   169    14 -9999 -9999 -9999
2022 02 15 03   -24  -107 10225   108     3 -9999 -9999 -9999
2022 02 15 06    42  -127 10217   214    24 -9999 -9999 -9999
2022 02 15 09    85  -133 10187   157    26 -9999 -9999 -9999
2022 02 15 12    62  -139 10187    93    19 -9999 -9999 -9999
2022 02 15 18   -19  -134 10195   133    30 -9999 -9999 -9999
2022 02 15 21   -69  -136 10191    28    24 -9999 -9999 -9999
2022 02 16 00   -85  -138 10191    61    19 -9999 -9999 -9999
2022 02 16 03   -59  -128 10206    48    11 -9999 -9999 -9999
2022 02 16 06    41  -107 10185   108    32 -9999 -9999 -9999
2022 02 16 09    71  -121 10165   107    39 -9999 -9999 -9999
2022 02 16 12    55  -120 10178    65    27 -9999 -9999 -9999
2022 02 16 18   -26  -106 10205    40    20 -9999 -9999     0
2022 02 16 21   -50  -111 10215    18    21 -9999 -9999 -9999
2022 02 17 00   -72  -121 10230    30    20 -9999 -9999     0
2022 02 17 03   -44  -100 10267    60    30 -9999 -9999     0
2022 02 17 06    12   -86 10276    80    40 -9999 -9999     0
2022 02 17 09    25   -43 10274    70    50 -9999 -9999     0
2022 02 17 12     2   -39 10307    67    41 -9999 -9999 -9999
2022 02 17 18   -49   -64 10350    20    19 -9999 -9999 -9999
2022 02 17 21   -58   -78 10356    60    10 -9999 -9999     0
2022 02 18 00   -80   -96 10378    80    10 -9999 -9999     0
2022 02 18 03   -63   -97 10406    60    10 -9999 -9999     0
2022 02 18 06    -5  -121 10407    14    14 -9999 -9999 -9999
2022 02 18 09    22  -131 10376    72    31 -9999 -9999 -9999
2022 02 18 12     8  -126 10375    80    10 -9999 -9999     0
2022 02 18 18   -62  -121 10384   360    10 -9999 -9999     0
2022 02 18 21   -68  -135 10368   130    20 -9999 -9999     0
2022 02 19 00   -80  -123 10375   110    10 -9999 -9999     0
2022 02 19 03   -46  -137 10386   100    10 -9999 -9999     0
2022 02 19 06    22  -153 10369   263    17 -9999 -9999 -9999
2022 02 19 09    45  -148 10336   230    20 -9999 -9999     0
2022 02 19 12    21  -164 10334   190    20 -9999 -9999     0
2022 02 19 18   -65  -128 10342    50    10 -9999 -9999     0
2022 02 19 21   -88  -135 10335     0 -9999 -9999 -9999     0
2022 02 20 00  -104  -141 10339   170    10 -9999 -9999     0
2022 02 20 03   -60  -123 10355     0 -9999 -9999 -9999     0
2022 02 20 06    40  -139 10330   269    29 -9999 -9999 -9999
2022 02 20 09    57  -133 10310   241    50 -9999 -9999 -9999
2022 02 20 12    36  -132 10317   258     9 -9999 -9999 -9999
2022 02 20 18   -64  -125 10318     0 -9999 -9999 -9999     0
2022 02 20 21   -70  -115 10306     0 -9999 -9999 -9999     0
2022 02 21 00   -85  -123 10316   350    10 -9999 -9999     0
2022 02 21 03   -52   -83 10340   310    10 -9999 -9999     0
2022 02 21 06    40  -129 10325   280    20 -9999 -9999     0
2022 02 21 09    69  -171 10292   240    30 -9999 -9999     0
2022 02 21 12    33  -118 10295    10    20 -9999 -9999     0
2022 02 21 18   -40  -134 10295    40    20 -9999 -9999     0
2022 02 21 21   -71  -129 10281    20    20 -9999 -9999     0
2022 02 22 00   -87  -132 10287    10    10 -9999 -9999     0
2022 02 22 03   -46   -87 10305    20    20 -9999 -9999     0
2022 02 22 06    47  -157 10278    60    16 -9999 -9999 -9999
2022 02 22 09    71  -178 10253   250    20 -9999 -9999     0
2022 02 22 12    52  -165 10261   202     9 -9999 -9999 -9999
2022 02 22 18   -60  -104 10276     0 -9999 -9999 -9999     0
2022 02 22 21   -72  -108 10274   360     1 -9999 -9999 -9999
2022 02 23 00   -75  -115 10281    24    13 -9999 -9999 -9999
2022 02 23 03   -30   -99 10300   140    10 -9999 -9999     0
2022 02 23 06    60  -165 10287   248    26 -9999 -9999 -9999
2022 02 23 09    89  -180 10256   230    30 -9999 -9999     0
2022 02 23 12    58  -161 10263   280    10 -9999 -9999     0
2022 02 23 18   -35   -61 10274   153    11 -9999 -9999 -9999
2022 02 23 21   -48   -89 10271    40    10 -9999 -9999     0
2022 02 24 00   -59   -91 10286   360    10 -9999 -9999     0
2022 02 24 03   -31   -69 10310   310    10 -9999 -9999     0
2022 02 24 06    64  -132 10292   310    20 -9999 -9999     0
2022 02 24 09    92  -120 10263   219    20 -9999 -9999 -9999
2022 02 24 12    67   -92 10275   350    20 -9999 -9999     0
2022 02 24 18   -41   -77 10291     0 -9999 -9999 -9999     0
2022 02 24 21   -41   -72 10285     0 -9999 -9999 -9999     0
2022 02 25 00   -48   -74 10293   250    10 -9999 -9999     0
2022 02 25 03    -8   -58 10313   360    10 -9999 -9999     0
2022 02 25 06    82  -102 10298   340    10 -9999 -9999     0
2022 02 25 09   105  -143 10269    24    19 -9999 -9999 -9999
2022 02 25 12    79  -109 10274    20    20 -9999 -9999     0
2022 02 25 18    -3   -69 10265    20    10 -9999 -9999     0
2022 02 25 21    -4   -90 10249    20    10 -9999 -9999     0
2022 02 26 00   -31   -78 10254   360    10 -9999 -9999     0
2022 02 26 03    14  -107 10264   340    10 -9999 -9999     0
2022 02 26 06    77  -105 10243   357    26 -9999 -9999 -9999
2022 02 26 09   110  -117 10201    10    20 -9999 -9999     0
2022 02 26 12    87  -107 10208   270    10 -9999 -9999     0
2022 02 26 18   -17   -72 10228   198     8 -9999 -9999 -9999
2022 02 26 21   -28   -97 10217   210    20 -9999 -9999     0
2022 02 27 00   -25   -58 10225   150     8 -9999 -9999 -9999
2022 02 27 03    20  -105 10255   220    10 -9999 -9999     0
2022 02 27 06   101  -101 10251   290    30 -9999 -9999     0
2022 02 27 09   121   -90 10233   320    20 -9999 -9999     0
2022 02 27 12    96   -95 10241   257    12 -9999 -9999 -9999
2022 02 27 18     3   -36 10254    70    10 -9999 -9999     0
2022 02 27 21   -30   -55 10254    20    10 -9999 -9999     0
2022 02 28 00   -42   -83 10268    37    12 -9999 -9999 -9999
2022 02 28 03    -4   -81 10290    50    20 -9999 -9999     0
2022 02 28 06    90  -110 10278    28    34 -9999 -9999 -9999
2022 02 28 09   106  -127 10258    30    40 -9999 -9999     0
2022 02 28 12    83  -127 10255    70    20 -9999 -9999     0
2022 02 28 18    -8   -82 10259    20    10 -9999 -9999     0
2022 02 28 21    -4  -103 10249    20    20 -9999 -9999     0
2022 03 01 00   -38   -98 10265     0 -9999 -9999 -9999     0
2022 03 01 03     2  -109 10279   130    20 -9999 -9999     0
2022 03 01 06    91  -147 10258    10    20 -9999 -9999     0
2022 03 01 09   124  -162 10219   210    30 -9999 -9999     0
2022 03 01 12    99  -103 10223   100    10 -9999 -9999     0
2022 03 01 18    -5   -41 10231   310    17 -9999 -9999 -9999
2022 03 01 21   -28   -64 10224   340    10 -9999 -9999     0
2022 03 02 00   -37   -79 10231   204    17 -9999 -9999 -9999
2022 03 02 03    42   -95 10245   170    20 -9999 -9999     0
2022 03 02 06   109  -132 10235   330    10 -9999 -9999     0
2022 03 02 09   129  -123 10213    40    20 -9999 -9999     0
2022 03 02 12   116  -112 10215   330    10 -9999 -9999     0
2022 03 02 18    24   -25 10219    40    10 -9999 -9999     0
2022 03 02 21    -8   -70 10219   340    10 -9999 -9999     0
2022 03 03 00   -25   -78 10227    30    20 -9999 -9999     0
2022 03 03 03    11   -84 10255    10    10 -9999 -9999     0
2022 03 03 06   120  -116 10229    40    30 -9999 -9999     0
2022 03 03 09   149  -115 10201   110    20 -9999 -9999     0
2022 03 03 12   132   -99 10200    30    20 -9999 -9999     0
2022 03 03 18     7   -68 10214    20    10 -9999 -9999     0
2022 03 03 21     3   -51 10201    30    20 -9999 -9999     0
2022 03 04 00   -12   -89 10206     9    21 -9999 -9999 -9999
2022 03 04 03    15   -83 10231    46    16 -9999 -9999 -9999
2022 03 04 06   116  -106 10208   360    20 -9999 -9999     0
2022 03 04 09   149  -107 10172    10    20 -9999 -9999     0
2022 03 04 12   132   -75 10171   360    20 -9999 -9999     0
2022 03 04 18    26   -16 10160    60    10 -9999 -9999     0
2022 03 04 21    22   -45 10150    10    20 -9999 -9999     0
2022 03 05 00    -9   -93 10172    32    15 -9999 -9999 -9999
2022 03 05 03    40   -77 10204    10    20 -9999 -9999     0
2022 03 05 06   137   -95 10194    80    10 -9999 -9999     0
2022 03 05 09   166   -93 10168   100    30 -9999 -9999     0
2022 03 05 12   148   -56 10167    60    10 -9999 -9999     0
2022 03 05 18    46   -39 10160    20    20 -9999 -9999     0
2022 03 05 21     5   -49 10150   357    16 -9999 -9999 -9999
2022 03 06 00    14   -47 10149    20    20 -9999 -9999     0
2022 03 06 03    51   -34 10178    20    20 -9999 -9999     0
2022 03 06 06   154  -111 10153   110    10 -9999 -9999     0
2022 03 06 09   165  -130 10125    50    20 -9999 -9999     0
2022 03 06 12   142   -84 10109    90    10 -9999 -9999     0
2022 03 06 18    10   -45 10113   360     1 -9999 -9999 -9999
2022 03 06 21   -12   -36 10107   350    10 -9999 -9999     0
2022 03 07 00   -20   -43 10116   321     8 -9999 -9999 -9999
2022 03 07 03    45   -38 10133   360    10 -9999 -9999     0
2022 03 07 06   157  -116 10106   309    16 -9999 -9999 -9999
2022 03 07 09   171  -125 10092   270    40 -9999 -9999     0
2022 03 07 12   140  -100 10106   229    23 -9999 -9999 -9999
2022 03 07 18    19   -42 10117   190    10 -9999 -9999     0
2022 03 07 21     8   -44 10114   160    10 -9999 -9999     0
2022 03 08 00     2   -62 10131   227     9 -9999 -9999 -9999
2022 03 08 03    65   -86 10143   200    10 -9999 -9999     0
2022 03 08 06   165   -79 10133    20    10 -9999 -9999     0
2022 03 08 09   200  -114 10096    10    20 -9999 -9999 -9999
2022 03 08 12   168   -44 10098    30    20 -9999 -9999     0
2022 03 08 18    57   -44 10103    30    20 -9999 -9999     0
2022 03 08 21    33   -72 10095    20    30 -9999 -9999     0
2022 03 09 00    -1   -57 10113    20    10 -9999 -9999     0
2022 03 09 03    58   -61 10126    20    30 -9999 -9999     0
2022 03 09 06   152   -90 10115    50    20 -9999 -9999     0
2022 03 09 09   185  -138 10085    91    14 -9999 -9999 -9999
2022 03 09 12   167   -85 10087   310    10 -9999 -9999     0
2022 03 09 18    42   -22 10095    40    10 -9999 -9999     0
2022 03 09 21    15   -26 10083     0 -9999 -9999 -9999     0
2022 03 10 00    22   -23 10089    50    20 -9999 -9999     0
2022 03 10 03    62   -22 10138   280    10 -9999 -9999     0
2022 03 10 06   152   -76 10124    10    20 -9999 -9999     0
2022 03 10 09   185  -104 10121    20    20 -9999 -9999     0
2022 03 10 12   168   -76 10122   100    20 -9999 -9999     0
2022 03 10 18    75   -28 10134   350    10 -9999 -9999     0
2022 03 10 21    31   -18 10140   340    10 -9999 -9999     0
2022 03 11 00     8   -28 10148     0 -9999 -9999 -9999     0
2022 03 11 03    73   -11 10163     0 -9999 -9999 -9999     0
2022 03 11 06   170   -76 10145   230    25 -9999 -9999 -9999
2022 03 11 09   195   -96 10112   190    20 -9999 -9999     0
2022 03 11 12   170   -61 10109    80    20 -9999 -9999     0
2022 03 11 18    77   -10 10081   330    10 -9999 -9999     0
2022 03 11 21    67   -35 10057    40    20 -9999 -9999     0
2022 03 12 00    30   -36 10050   110    10 -9999 -9999     0
2022 03 12 03    78   -17 10063   330    10 -9999 -9999     0
2022 03 12 06   165   -72 10038    50    10 -9999 -9999     0
2022 03 12 09   184   -71 10034   350    20 -9999 -9999     0
2022 03 12 12   171   -48 10036    80    10 -9999 -9999     0
2022 03 12 18    64   -25 10073   230    10 -9999 -9999     0
2022 03 12 21    44    -2 10089    80    10 -9999 -9999     0
2022 03 13 00    30    -9 10112   224    14 -9999 -9999 -9999
2022 03 13 03    93   -36 10142    40    10 -9999 -9999     0
2022 03 13 06   173   -59 10140    80    40 -9999 -9999     0
2022 03 13 09   205   -71 10127    68    32 -9999 -9999 -9999
2022 03 13 12   181   -46 10117    70    30 -9999 -9999     0
2022 03 13 18   102   -21 10116    20    30 -9999 -9999     0
2022 03 13 21    81   -20 10108    50    10 -9999 -9999     0
2022 03 14 00    66    -2 10126    10    10 -9999 -9999     0
2022 03 14 03    89    -7 10162   200    10 -9999 -9999     0
2022 03 14 06   175   -28 10154    15    18 -9999 -9999 -9999
2022 03 14 09   217   -44 10123    31    20 -9999 -9999 -9999
2022 03 14 12   195   -10 10111    10    20 -9999 -9999     0
2022 03 14 18   135   -29 10111    60    20 -9999 -9999     0
2022 03 14 21   110   -11 10095    40    10 -9999 -9999     0
2022 03 15 00    75    -9 10117   360    20 -9999 -9999     0
2022 03 15 03   100   -14 10123    30    20 -9999 -9999     0
2022 03 15 06   192   -50 10088    20    20 -9999 -9999     0
2022 03 15 09   210   -21 10059   320    20 -9999 -9999     0
2022 03 15 12   195     5 10059    10    20 -9999 -9999     0
2022 03 15 18   137   -27 10053    60    20 -9999 -9999     0
2022 03 15 21   101    10 10058    30    20 -9999 -9999     0
2022 03 16 00    90     5 10072   310    20 -9999 -9999     0
2022 03 16 03   129   -26 10107    80    20 -9999 -9999     0
2022 03 16 06   185   -24 10093    70    30 -9999 -9999     0
2022 03 16 09   207   -52 10078    10    30 -9999 -9999     0
2022 03 16 12   186   -23 10076    42    37 -9999 -9999 -9999
2022 03 16 18   103    -2 10103    20    30 -9999 -9999     0
2022 03 16 21    91    -2 10108    50    20 -9999 -9999     0
2022 03 17 00    78    -9 10134    60    30 -9999 -9999     0
2022 03 17 03    99   -12 10151    90    30 -9999 -9999     0
2022 03 17 06   140   -16 10135    63    34 -9999 -9999 -9999
2022 03 17 09   176   -16 10096    60    20 -9999 -9999     0
2022 03 17 12   173    -4 10080    30    10 -9999 -9999     0
2022 03 17 18    96    15 10082   346    16 -9999 -9999 -9999
2022 03 17 21    86    -4 10063    50    20 -9999 -9999     0
2022 03 18 00    70    -7 10058    20    26 -9999 -9999 -9999
2022 03 18 03   106     6 10066    40    20 -9999 -9999     0
2022 03 18 06   182   -16 10045    51    34 -9999 -9999 -9999
2022 03 18 09   217   -22 10008    40    20 -9999 -9999     0
2022 03 18 12   200    -2 10007    52    16 -9999 -9999 -9999
2022 03 18 18   135    12 10053    70    30 -9999 -9999     0
2022 03 18 21   117     5 10056    60    40 -9999 -9999     0
2022 03 19 00   113     1 10079   100    30 -9999 -9999     0
2022 03 19 03   122     3 10099    60    30 -9999 -9999     0
2022 03 19 06   144   -12 10098    90    20 -9999 -9999     0
2022 03 19 09   186   -18 10076    80    30 -9999 -9999     0
2022 03 19 12   176    -2 10072    80    30 -9999 -9999     0
2022 03 19 18   126    16 10119     5    37 -9999 -9999 -9999
2022 03 19 21   111    41 10112    55    35 -9999 -9999 -9999
2022 03 20 00    96    36 10122    74    32 -9999 -9999 -9999
2022 03 20 03   100    14 10145    88    23 -9999 -9999 -9999
2022 03 20 06   105    -6 10146    73    29 -9999 -9999 -9999
2022 03 20 09   100    28 10137    99    39 -9999 -9999    12
2022 03 20 12    87    23 10141    49    66 -9999 -9999    12
2022 03 20 18    70    38 10165    40    20 -9999 -9999     0
2022 03 20 21    64    37 10167    20    20 -9999 -9999 -9999
2022 03 21 00    58    43 10184    20    10 -9999 -9999     5
2022 03 21 03    60    50 10209   100    10 -9999 -9999    10
2022 03 21 06    78    40 10221   210    20 -9999 -9999     8
2022 03 21 09    82    44 10211   360    10 -9999 -9999 -9999
2022 03 21 12    87    40 10214    47    23 -9999 -9999 -9999
2022 03 21 18    54    36 10231    30    20 -9999 -9999     0
2022 03 21 21    52    32 10217    50    20 -9999 -9999     0
2022 03 22 00    40    18 10212    18    17 -9999 -9999 -9999
2022 03 22 03    57    29 10212    90    30 -9999 -9999     0
2022 03 22 06   101    25 10199   120    20 -9999 -9999     0
2022 03 22 09   132     6 10159    70    10 -9999 -9999     0
2022 03 22 12   130     3 10143    91    13 -9999 -9999 -9999
2022 03 22 18    70    27 10144    20    20 -9999 -9999     0
2022 03 22 21    61    24 10108    90    20 -9999 -9999     0
2022 03 23 00    40    17 10103     6    16 -9999 -9999 -9999
2022 03 23 03    69    26 10097    80    20 -9999 -9999     0
2022 03 23 06   125    -1 10078   320    20 -9999 -9999     0
2022 03 23 09   146     5 10045   350    20 -9999 -9999     0
2022 03 23 12   137    23 10045   260    20 -9999 -9999     0
2022 03 23 18    90    17 10063    50    30 -9999 -9999     0
2022 03 23 21    77     7 10049   140    10 -9999 -9999     0
2022 03 24 00    59     7 10072   350    20 -9999 -9999     0
2022 03 24 03    86    17 10114    41    21 -9999 -9999 -9999
2022 03 24 06   151     9 10119    60    39 -9999 -9999 -9999
2022 03 24 09   175    -3 10108    71    33 -9999 -9999 -9999
2022 03 24 12   122   -12 10154    74    79 -9999 -9999 -9999
2022 03 24 18    85   -31 10200   111    29 -9999 -9999 -9999
2022 03 24 21    66   -34 10203    60    40 -9999 -9999     0
2022 03 25 00    43   -15 10227    70    30 -9999 -9999     0
2022 03 25 03    49    -5 10247    70    40 -9999 -9999     0
2022 03 25 06    83    -5 10246    80    20 -9999 -9999     0
2022 03 25 09   110   -68 10221    90    30 -9999 -9999     0
2022 03 25 12   106   -54 10223    80    20 -9999 -9999     0
2022 03 25 18    84   -23 10238    60    20 -9999 -9999     0
2022 03 25 21    67   -15 10232    54    10 -9999 -9999 -9999
2022 03 26 00    23   -26 10250   230    10 -9999 -9999     0
2022 03 26 03    82   -27 10255   120    10 -9999 -9999     0
2022 03 26 06   134   -10 10240   320    20 -9999 -9999     0
2022 03 26 09   155   -20 10200   211    24 -9999 -9999 -9999
2022 03 26 12   144   -17 10181    60    30 -9999 -9999     0
2022 03 26 18    85    -5 10166    50    20 -9999 -9999     0
2022 03 26 21    76   -11 10130    90    20 -9999 -9999     0
2022 03 27 00    51    -7 10116    50    10 -9999 -9999     0
2022 03 27 03    97   -14 10116   140    10 -9999 -9999     0
2022 03 27 06   141   -23 10095    60    20 -9999 -9999     0
2022 03 27 09   160   -30 10065   350    20 -9999 -9999     0
2022 03 27 12   149   -12 10070   360    30 -9999 -9999     0
2022 03 27 18    91    18 10094    90    10 -9999 -9999     0
2022 03 27 21    78    29 10092    90    20 -9999 -9999     0
2022 03 28 00    76     8 10105    70    10 -9999 -9999     0
2022 03 28 03    98     9 10124    30    20 -9999 -9999     0
2022 03 28 06   162   -18 10121   320    10 -9999 -9999     0
2022 03 28 09   187   -23 10097    50    30 -9999 -9999     0
2022 03 28 12   180   -19 10099    63    34 -9999 -9999 -9999
2022 03 28 18   129   -18 10126    70    30 -9999 -9999     0
2022 03 28 21   110   -11 10115    36    16 -9999 -9999 -9999
2022 03 29 00    94   -10 10135    30    20 -9999 -9999     0
2022 03 29 03   101   -13 10163    50    20 -9999 -9999     0
2022 03 29 06   123   -12 10168   320    30 -9999 -9999     0
2022 03 29 09   141   -19 10153   320    30 -9999 -9999     0
2022 03 29 12   138     4 10173   260    20 -9999 -9999     0
2022 03 29 18    94    29 10228   290    30 -9999 -9999     0
2022 03 29 21    74    33 10230   210    30 -9999 -9999     0
2022 03 30 00    59    27 10256   300    10 -9999 -9999     0
2022 03 30 03   110    38 10284   240    40 -9999 -9999     0
2022 03 30 06   156     2 10283   140    30 -9999 -9999     0
2022 03 30 09   183   -96 10267   290    30 -9999 -9999     0
2022 03 30 12   176   -63 10276    90    20 -9999 -9999     0
2022 03 30 18   112    17 10310   116    23 -9999 -9999 -9999
2022 03 30 21    86    10 10315    80    15 -9999 -9999 -9999
2022 03 31 00    50     0 10341    54    16 -9999 -9999 -9999
2022 03 31 03    92   -14 10357    75    38 -9999 -9999 -9999
2022 03 31 06   152   -27 10346    70    30 -9999 -9999     0
2022 03 31 09   175   -87 10316   165    25 -9999 -9999 -9999
2022 03 31 12   169   -69 10310   120    10 -9999 -9999     0
2022 03 31 18    91   -25 10315   110    20 -9999 -9999     0
2022 03 31 21    89   -61 10306   100    10 -9999 -9999     0
2022 04 01 00    72   -34 10314    10    10 -9999 -9999     0
2022 04 01 03   118   -87 10337   230    30 -9999 -9999     0
2022 04 01 06   170   -68 10313   237    34 -9999 -9999 -9999
2022 04 01 09   195   -87 10269   200    30 -9999 -9999     0
2022 04 01 12   191   -81 10252   264     7 -9999 -9999 -9999
2022 04 01 18   129   -47 10234   130    20 -9999 -9999     0
2022 04 01 21    94   -53 10218   180    20 -9999 -9999     0
2022 04 02 00    65   -43 10228   268     9 -9999 -9999 -9999
2022 04 02 03   142   -66 10242   250    30 -9999 -9999     0
2022 04 02 06   182   -80 10217   230    30 -9999 -9999     0
2022 04 02 09   211   -65 10182   235    45 -9999 -9999 -9999
2022 04 02 12   201   -65 10175   190    30 -9999 -9999     0
2022 04 02 18    91    -5 10196    80    10 -9999 -9999     0
2022 04 02 21    75     2 10195    20    10 -9999 -9999     0
2022 04 03 00    58     6 10208   360    10 -9999 -9999     0
2022 04 03 03   137   -40 10227    20    10 -9999 -9999     0
2022 04 03 06   214   -54 10215   340    10 -9999 -9999     0
2022 04 03 09   232   -67 10192    66    20 -9999 -9999 -9999
2022 04 03 12   228   -61 10192   170    10 -9999 -9999     0
2022 04 03 18    95     1 10209     0     0 -9999 -9999     0
2022 04 03 21    72     9 10209   335    11 -9999 -9999 -9999
2022 04 04 00    46    -4 10221   199    16 -9999 -9999 -9999
2022 04 04 03   177   -69 10226   220    40 -9999 -9999     0
2022 04 04 06   230   -79 10212   240    50 -9999 -9999     0
2022 04 04 09   254   -84 10186   220    40 -9999 -9999     0
2022 04 04 12   237   -85 10188   330    30 -9999 -9999     0
2022 04 04 18   100    -5 10193   170    20 -9999 -9999     0
2022 04 04 21   125   -81 10179   190    30 -9999 -9999     0
2022 04 05 00    85   -57 10195   206    15 -9999 -9999 -9999
2022 04 05 03   188   -46 10209   240    40 -9999 -9999     0
2022 04 05 06   246   -78 10201   250    50 -9999 -9999     0
2022 04 05 09   263  -106 10172   270    30 -9999 -9999     0
2022 04 05 12   250  -101 10174   210    30 -9999 -9999     0
2022 04 05 18   110    -3 10186   194     8 -9999 -9999 -9999
2022 04 05 21    85   -19 10181     0     0 -9999 -9999     0
2022 04 06 00    56   -11 10198   150    10 -9999 -9999     0
2022 04 06 03   195   -70 10205   210    27 -9999 -9999 -9999
2022 04 06 06   254   -84 10191   230    50 -9999 -9999     0
2022 04 06 09   278   -95 10160   220    40 -9999 -9999     0
2022 04 06 12   269  -101 10149   210    20 -9999 -9999     0
2022 04 06 18   112   -11 10149   162    13 -9999 -9999 -9999
2022 04 06 21    92    -4 10142   180    10 -9999 -9999     0
2022 04 07 00    80   -41 10150   200    20 -9999 -9999     0
2022 04 07 03   214   -92 10157   230    60 -9999 -9999     0
2022 04 07 06   268  -102 10150   230    60 -9999 -9999     0
2022 04 07 09   296   -98 10115   240    40 -9999 -9999     0
2022 04 07 12   289   -86 10100   230    30 -9999 -9999     0
2022 04 07 18   122    -2 10096   144     7 -9999 -9999 -9999
2022 04 07 21    99     5 10085   240    10 -9999 -9999     0
2022 04 08 00    96   -51 10092   187    17 -9999 -9999 -9999
2022 04 08 03   210   -50 10096   240    30 -9999 -9999     0
2022 04 08 06   281  -109 10085   250    50 -9999 -9999     0
2022 04 08 09   305  -111 10051   267    42 -9999 -9999 -9999
2022 04 08 12   289   -57 10037   360    40 -9999 -9999     0
2022 04 08 18   159     5 10035   360    20 -9999 -9999     0
2022 04 08 21   123    13 10034    20    10 -9999 -9999     0
2022 04 09 00    91    24 10038    22    15 -9999 -9999 -9999
2022 04 09 03   199    14 10038    30    20 -9999 -9999     0
2022 04 09 06   276   -23 10027   180    20 -9999 -9999     0
2022 04 09 09   301   -48 10004   340    10 -9999 -9999     0
2022 04 09 12   271   -17 10013   280    10 -9999 -9999     0
2022 04 09 18   214    11  9993   230    30 -9999 -9999     0
2022 04 09 21   159    30  9996   290    20 -9999 -9999     0
2022 04 10 00   130    27 10030   275     7 -9999 -9999 -9999
2022 04 10 03   239     9 10050   140    20 -9999 -9999     0
2022 04 10 06   263    -7 10050   110    50 -9999 -9999     0
2022 04 10 09   278   -21 10052    60    30 -9999 -9999     0
2022 04 10 12   260   -17 10070    70    20 -9999 -9999     0
2022 04 10 18   184    19 10089    50    30 -9999 -9999     0
2022 04 10 21   162    33 10101    40    30 -9999 -9999     0
2022 04 11 00   147    44 10113    73    29 -9999 -9999 -9999
2022 04 11 03   170     2 10132    90    40 -9999 -9999     0
2022 04 11 06   208     1 10130    60    40 -9999 -9999     0
2022 04 11 09   242    -9 10096    80    40 -9999 -9999     0
2022 04 11 12   231    -4 10084    60    50 -9999 -9999     0
2022 04 11 18   158    12 10110    40    30 -9999 -9999     0
2022 04 11 21   147     5 10102    50    40 -9999 -9999     0
2022 04 12 00   133     0 10113    70    40 -9999 -9999     0
2022 04 12 03   159    -3 10130    60    30 -9999 -9999     0
2022 04 12 06   200    -1 10123    60    30 -9999 -9999     0
2022 04 12 09   225   -23 10088    84    36 -9999 -9999 -9999
2022 04 12 12   221   -26 10078    70    20 -9999 -9999     0
2022 04 12 18   140    13 10092    80    10 -9999 -9999     0
2022 04 12 21   130    23 10088   130    10 -9999 -9999     0
2022 04 13 00   111    24 10095    50    10 -9999 -9999     0
2022 04 13 03   174    -3 10096    90    10 -9999 -9999     0
2022 04 13 06   233   -48 10086    90    30 -9999 -9999     0
2022 04 13 09   252   -32 10062    79    27 -9999 -9999 -9999
2022 04 13 12   244   -39 10059    70    20 -9999 -9999     0
2022 04 13 18   190   -39 10079    87    23 -9999 -9999 -9999
2022 04 13 21   141   -19 10079    20    20 -9999 -9999     0
2022 04 14 00   125   -60 10092    50    30 -9999 -9999     0
2022 04 14 03   152   -37 10105    50    20 -9999 -9999     0
2022 04 14 06   220   -77 10080    55    20 -9999 -9999 -9999
2022 04 14 09   252   -73 10054    90    30 -9999 -9999     0
2022 04 14 12   245   -57 10052    50    30 -9999 -9999     0
2022 04 14 18   201   -29 10082    25    33 -9999 -9999 -9999
2022 04 14 21   184     5 10091    10    50 -9999 -9999     0
2022 04 15 00   168     9 10099   320    30 -9999 -9999     0
2022 04 15 03   199     4 10111    70    20 -9999 -9999 -9999
2022 04 15 06   232   -48 10103    61    27 -9999 -9999 -9999
2022 04 15 09   247   -55 10083   352    32 -9999 -9999 -9999
2022 04 15 12   242   -81 10086   179    24 -9999 -9999 -9999
2022 04 15 18   149   -55 10130    40    40 -9999 -9999     0
2022 04 15 21   125   -70 10133    60    30 -9999 -9999     0
2022 04 16 00   112   -97 10153    70    50 -9999 -9999     0
2022 04 16 03   124  -120 10194    70    70 -9999 -9999     0
2022 04 16 12   194   -88 10162    60    50 -9999 -9999     0
2022 04 16 21   130  -115 10180    60    40 -9999 -9999     0
2022 04 17 00   117  -133 10192    60    40 -9999 -9999     0
2022 04 17 03   136  -125 10207    70    40 -9999 -9999     0
2022 04 17 06   182   -97 10195    60    40 -9999 -9999     0
2022 04 17 09   224  -107 10160   110    30 -9999 -9999     0
2022 04 17 12   224   -64 10148    60    30 -9999 -9999     0
2022 04 17 18   147   -87 10183    50    30 -9999 -9999     0
2022 04 17 21   112   -66 10187    30    20 -9999 -9999     0
2022 04 18 00   105   -98 10193    60    30 -9999 -9999     0
2022 04 18 03   150   -78 10206    60    20 -9999 -9999     0
2022 04 18 06   226   -93 10197    80    30 -9999 -9999     0
2022 04 18 09   243   -80 10177   100    20 -9999 -9999     0
2022 04 18 18   158   -59 10166    60    20 -9999 -9999     0
2022 04 18 21   123   -48 10161    60    10 -9999 -9999     0
2022 04 19 03   167   -40 10159    50    20 -9999 -9999     0
2022 04 19 06   246   -90 10127   350    20 -9999 -9999     0
2022 04 19 09   268   -87 10088   230    40 -9999 -9999     0
2022 04 19 12   260   -56 10069   320    30 -9999 -9999     0
2022 04 19 21   117    19 10031   210    10 -9999 -9999     0
2022 04 20 00   100    24 10036   290    10 -9999 -9999     0
2022 04 20 09   284   -49  9994    50    20 -9999 -9999     0
2022 04 20 12   276   -55  9985    70    20 -9999 -9999     0
2022 04 20 21   156    -6  9996    30    20 -9999 -9999     0
2022 04 21 03   201     5 10044    50    30 -9999 -9999     0
2022 04 21 06   229   -27 10058    40    70 -9999 -9999     0
2022 04 21 09   255    -5 10038    70    60 -9999 -9999     0
2022 04 21 12   245   -21 10042    90    50 -9999 -9999     0
2022 04 21 18   172   -19 10077    20    10 -9999 -9999     0
2022 04 21 21   162   -28 10073    10    20 -9999 -9999     0
2022 04 22 00   163   -27 10086   240    10 -9999 -9999     0
2022 04 22 03   200   -17 10091    10    50 -9999 -9999     0
2022 04 22 06   242   -16 10082    50    50 -9999 -9999     0
2022 04 22 12   253    -7 10046    70    20 -9999 -9999     0
2022 04 22 21   125    42 10063   350    10 -9999 -9999     0
2022 04 23 00   108    47 10076   250    10 -9999 -9999     0
2022 04 23 03   201    33 10082   320    20 -9999 -9999     0
2022 04 23 09   274    10 10058   180    20 -9999 -9999     0
2022 04 23 12   258     5 10056   230    30 -9999 -9999     0
2022 04 23 18   156    58 10066   310    10 -9999 -9999     0
2022 04 23 21   136    55 10058   210    10 -9999 -9999     0
2022 04 24 00   120    61 10063   160    10 -9999 -9999     0
2022 04 24 03   210    37 10059   250    10 -9999 -9999     0
2022 04 24 06   279    22 10038   250    30 -9999 -9999     0
2022 04 24 09   304     9 10006   240    50 -9999 -9999     0
2022 04 24 12   297   -27  9996   290    30 -9999 -9999     0
2022 04 24 18   217     3  9984    90    40 -9999 -9999     0
2022 04 24 21   178    13  9991    30    30 -9999 -9999     0
2022 04 25 00   157    11 10003    40    30 -9999 -9999     0
2022 04 25 03   210     8 10006    50    40 -9999 -9999     0
2022 04 25 06   264     9  9995    80    30 -9999 -9999     0
2022 04 25 18   182    17 10037   100    40 -9999 -9999     0
2022 04 26 00   107    15 10083   220    10 -9999 -9999     0
2022 04 26 09   265   -89 10086   240    30 -9999 -9999     0
2022 04 26 21   180    19 10107    70    20 -9999 -9999     0
2022 04 27 09   218   -21 10093    30    60 -9999 -9999     0
2022 04 27 18   146    28 10110    30    10 -9999 -9999     0
2022 04 27 21   128    35 10111   360    30 -9999 -9999     0
2022 04 28 00   106    29 10132   310    20 -9999 -9999     0
2022 04 28 03   179    18 10153    30    20 -9999 -9999     0
2022 04 28 06   205   -13 10162    60    40 -9999 -9999     0
2022 04 28 09   213   -47 10167   310    30 -9999 -9999     0
2022 04 28 18   132    12 10234    80    20 -9999 -9999     0
2022 04 28 21    99    32 10255    60    30 -9999 -9999     0
2022 04 29 00    91    43 10277    90    20 -9999 -9999     0
2022 04 29 03   128    43 10293   130    30 -9999 -9999     0
2022 04 29 06   175    38 10283   100    40 -9999 -9999     0
2022 04 29 09   207    10 10259   130    20 -9999 -9999     0
2022 04 29 12   205     4 10250    60    20 -9999 -9999     0
2022 04 29 18   151    13 10270    80    20 -9999 -9999     0
2022 04 30 00   135    -9 10266   150    10 -9999 -9999     0
2022 04 30 03   162   -44 10284   270    20 -9999 -9999     0
2022 04 30 06   218   -43 10267   180    30 -9999 -9999     0
2022 04 30 09   227   -44 10235   110    30 -9999 -9999     0
2022 04 30 12   222   -32 10216    50    20 -9999 -9999     0
2022 04 30 18   156     6 10211    50    10 -9999 -9999     0
2022 04 30 21   140    13 10200    80    10 -9999 -9999     0
2022 05 01 03   183   -88 10217   200    40 -9999 -9999     0
2022 05 01 06   231  -102 10202   240    30 -9999 -9999     0
2022 05 01 12   250   -87 10153   250    20 -9999 -9999     0
2022 05 01 18   177   -37 10152   160    20 -9999 -9999     0
2022 05 02 03   207   -87 10152   220    30 -9999 -9999     0
2022 05 02 09   274   -56 10098   220    40 -9999 -9999     0
2022 05 02 12   273   -57 10087   230    30 -9999 -9999     0
2022 05 02 21   133   -14 10072   160    20 -9999 -9999     0
2022 05 03 00   118    -7 10074   280    10 -9999 -9999     0
2022 05 03 03   221   -49 10082   240    40 -9999 -9999     0
2022 05 03 06   279   -53 10063   250    40 -9999 -9999     0
2022 05 03 09   302   -61 10028   180    30 -9999 -9999     0
2022 05 03 12   303   -61 10007   190    10 -9999 -9999     0
2022 05 03 18   160    72 10010   150    10 -9999 -9999     0
2022 05 04 03   248   -27 10016   240    30 -9999 -9999     0
2022 05 04 09   322   -62  9976   360    10 -9999 -9999     0
2022 05 04 12   315   -67  9965   350    20 -9999 -9999     0
2022 05 04 18   172    58  9976    30    10 -9999 -9999     0
2022 05 05 00   136    62  9993   330    10 -9999 -9999     0
2022 05 05 06   314   -26 10001    80    20 -9999 -9999     0
2022 05 05 09   329   -74  9986    70    20 -9999 -9999     0
2022 05 05 12   316   -66  9984   340    30 -9999 -9999     0
2022 05 05 21   241    23  9993    40    40 -9999 -9999     0
2022 05 06 00   211    33 10008    60    20 -9999 -9999     0
2022 05 06 06   321    22 10003    50    60 -9999 -9999     0
2022 05 06 12   313    42 10003    70    30 -9999 -9999     0
2022 05 06 18   256    47 10038    60    40 -9999 -9999     0
2022 05 06 21   239    62 10049    60    70 -9999 -9999 -9999
2022 05 07 03   249    88 10087    80    30 -9999 -9999     0
2022 05 07 09   318    46 10049   360    20 -9999 -9999     0
2022 05 07 18   221   103 10095   350    30 -9999 -9999 -9999
2022 05 07 21   204   105 10082    60    50 -9999 -9999     1
2022 05 08 00   182   120 10109    60    30 -9999 -9999     1
2022 05 08 03   219   119 10126    70    30 -9999 -9999     0
2022 05 08 06   268   105 10114   100    30 -9999 -9999     0
2022 05 08 09   292    66 10090   140    20 -9999 -9999     0
2022 05 08 18   192   107 10093    30    10 -9999 -9999     0
2022 05 08 21   186    97 10084    80    20 -9999 -9999     0
2022 05 09 00   164    96 10089   360    10 -9999 -9999     0
2022 05 09 03   243    79 10091    90    20 -9999 -9999     0
2022 05 09 06   304    56 10069   250    30 -9999 -9999     0
2022 05 09 09   324    34 10042   260    40 -9999 -9999     0
2022 05 09 12   321    31 10028   300    20 -9999 -9999     0
2022 05 09 21   189    88 10025   170    20 -9999 -9999     0
2022 05 10 00   185    67 10031   240    10 -9999 -9999     0
2022 05 10 06   325    16 10027   250    50 -9999 -9999     0
2022 05 10 09   352     3 10001   260    40 -9999 -9999     0
2022 05 10 12   348     0  9991   220    20 -9999 -9999     0
2022 05 10 21   236    40  9991   110    20 -9999 -9999     0
2022 05 11 03   258    74 10016   120    30 -9999 -9999     0
2022 05 11 06   329    29  9994    70    10 -9999 -9999     0
2022 05 11 09   358    -5  9961   330    30 -9999 -9999     0
2022 05 11 18   268    20  9972    70    40 -9999 -9999     0
2022 05 11 21   258    12  9990   350    50 -9999 -9999     0
2022 05 12 00   237    31 10012    50    40 -9999 -9999     0
2022 05 12 03   241    -9 10050    50    50 -9999 -9999     0
2022 05 12 06   249    52 10058    20    90 -9999 -9999     0
2022 05 12 12   246    49 10048    10    40 -9999 -9999     0
2022 05 12 18   189    70 10078    40    20 -9999 -9999     0
2022 05 12 21   180    77 10087    40    20 -9999 -9999     0
2022 05 13 00   182    73 10092    80    20 -9999 -9999     0
2022 05 13 03   193    83 10113    70    40 -9999 -9999     0
2022 05 13 21   158   108 10146    70    30 -9999 -9999     0
2022 05 14 00   146   108 10153    70    30 -9999 -9999     0
2022 05 14 03   175   113 10167    90    30 -9999 -9999     0
2022 05 14 06   215    97 10147    90    40 -9999 -9999     0
2022 05 14 18   197    74 10129    80    30 -9999 -9999     0
2022 05 14 21   176    74 10122    20    30 -9999 -9999     0
2022 05 15 00   155    83 10137    20    20 -9999 -9999     0
2022 05 15 03   204    71 10139    70    30 -9999 -9999     0
2022 05 15 06   248    10 10120    80    30 -9999 -9999     0
2022 05 15 09   277   -13 10096   350    40 -9999 -9999     0
2022 05 15 12   240    68 10102   360    80 -9999 -9999     0
2022 05 15 18   183    80 10104   360    20 -9999 -9999     0
2022 05 16 00   149    97 10102     0     0 -9999 -9999     0
2022 05 16 03   204    96 10100    30    20 -9999 -9999     0
2022 05 16 09   246    44 10079    50    60 -9999 -9999     0
2022 05 16 12   232    65 10079    40    50 -9999 -9999     0
2022 05 16 18   149    88 10090   350    10 -9999 -9999     0
2022 05 16 21   123    80 10082   250    10 -9999 -9999     0
2022 05 17 00   119    76 10083   360    10 -9999 -9999     0
2022 05 17 03   214    80 10077   290    30 -9999 -9999     0
2022 05 17 06   264    70 10067   290    30 -9999 -9999     0
2022 05 17 09   289    57 10045   290    30 -9999 -9999     0
2022 05 17 18   211    59 10050   330    10 -9999 -9999     0
2022 05 17 21   226    64 10054   330    50 -9999 -9999 -9999
2022 05 18 03   250    62 10072    50    30 -9999 -9999     0
2022 05 18 06   284    47 10056    20    20 -9999 -9999     0
2022 05 18 09   299    30 10031    30    30 -9999 -9999     0
2022 05 18 18   191    66 10067     0     0 -9999 -9999     0
2022 05 18 21   163    73 10070    30    10 -9999 -9999     0
2022 05 19 03   253    60 10089    40    10 -9999 -9999     0
2022 05 19 06   297    44 10073   100    10 -9999 -9999     0
2022 05 19 09   313    25 10049   120    30 -9999 -9999     0
2022 05 19 12   310    14 10042   330    30 -9999 -9999     0
2022 05 19 18   237    69 10047   360    30 -9999 -9999     0
2022 05 19 21   217    56 10046    60    20 -9999 -9999     0
2022 05 20 00   167    79 10060    20    10 -9999 -9999     0
2022 05 20 03   252    78 10061   100    20 -9999 -9999     0
2022 05 20 06   305    43 10032    70    50 -9999 -9999     0
2022 05 20 09   328    -3 10001    50    40 -9999 -9999     0
2022 05 20 21   208    64  9996    30    30 -9999 -9999     0
2022 05 21 03   232    56 10020    30    20 -9999 -9999     0
2022 05 21 06   284    33 10009    60    40 -9999 -9999     0
2022 05 21 09   298    22  9993    70    20 -9999 -9999     0
2022 05 21 12   292    77  9989    90    20 -9999 -9999     0
2022 05 21 18   246    38  9991   110    10 -9999 -9999     0
2022 05 21 21   230    67  9986   250    20 -9999 -9999     0
2022 05 22 00   212    67  9988   320    20 -9999 -9999     0
2022 05 22 09   318     0  9939    70    20 -9999 -9999     0
2022 05 22 18   259    32  9954    50    30 -9999 -9999     0
2022 05 22 21   233    61  9961   100    20 -9999 -9999     0
2022 05 23 03   262    91 10003   120    10 -9999 -9999     0
2022 05 23 06   298    22  9990   110    40 -9999 -9999     0
2022 05 23 12   303    17  9970    40    60 -9999 -9999     0
2022 05 23 18   251    31  9986    30    30 -9999 -9999     0
2022 05 23 21   238    26  9979    20    30 -9999 -9999     0
2022 05 24 00   233    27  9992    30    20 -9999 -9999     0
2022 05 24 06   276    90 10011   310    30 -9999 -9999     0
2022 05 24 09   308    38  9998   350    60 -9999 -9999     0
2022 05 24 12   304    34 10000   340    10 -9999 -9999     0
2022 05 25 00   235    67 10029   340    30 -9999 -9999     0
2022 05 25 06   328    62 10025   320    40 -9999 -9999     0
2022 05 25 18   257    68 10033    80    20 -9999 -9999     0
2022 05 25 21   236    68 10031   320    40 -9999 -9999     0
2022 05 26 00   209    68 10044   330    20 -9999 -9999     0
2022 05 26 03   266    86 10047   340    30 -9999 -9999     0
2022 05 26 09   342    57 10010   290    20 -9999 -9999     0
2022 05 26 18   222    87 10027    30    20 -9999 -9999     0
2022 05 26 21   186    88 10027   350    10 -9999 -9999     0
2022 05 27 00   241    59 10016    50    30 -9999 -9999     0
2022 05 27 03   289    69 10023   120    10 -9999 -9999     0
2022 05 27 06   318    53 10007    60    30 -9999 -9999     0
2022 05 27 09   329    29  9983    80    20 -9999 -9999     0
2022 05 27 18   204   111  9985    50    20 -9999 -9999     0
2022 05 27 21   194    65  9981    90    10 -9999 -9999     0
2022 05 28 03   272    76 10006    70    20 -9999 -9999     0
2022 05 28 06   309    67  9999    90    40 -9999 -9999     0
2022 05 28 09   334    42  9979   110    30 -9999 -9999     0
2022 05 28 12   318    68  9979    80    30 -9999 -9999     0
2022 05 28 18   262    73  9995    60    40 -9999 -9999     0
2022 05 28 21   226    72  9997    60    30 -9999 -9999     0
2022 05 29 00   184    78 10026    20    20 -9999 -9999     0
2022 05 29 03   251   102 10027    70    30 -9999 -9999     0
2022 05 29 06   309    74 10004    70    40 -9999 -9999     0
2022 05 29 09   300    78  9994   120    20 -9999 -9999     0
2022 05 29 12   290    58 10004    50    20 -9999 -9999     0
2022 05 29 18   212    85 10021   340    90 -9999 -9999     0
2022 05 29 21   182    87 10021   310    80 -9999 -9999     0
2022 05 30 00   193    83 10025   340    50 -9999 -9999     0
2022 05 30 03   255    57 10013    30    40 -9999 -9999     0
2022 05 30 06   319    21  9988    90    40 -9999 -9999     0
2022 05 30 09   329    19  9972    90    20 -9999 -9999     0
2022 05 30 18   230    59  9980   330    60 -9999 -9999     0
2022 05 30 21   215    66  9971   310    60 -9999 -9999     0
2022 05 31 03   256    82  9982   340    40 -9999 -9999     0
2022 05 31 18   218    35  9982   310    40 -9999 -9999     0
2022 05 31 21   204   -26  9984   320    40 -9999 -9999     0
2022 06 01 00   147    23 10012   190    10 -9999 -9999     0
2022 06 01 03   239    15 10006   250    40 -9999 -9999     0
2022 06 01 06   277    27  9998   180    30 -9999 -9999     0
2022 06 01 09   294    18  9985    60    30 -9999 -9999     0
2022 06 01 12   306   -20  9994   310    10 -9999 -9999     0
2022 06 01 21   186    16 10035   320    20 -9999 -9999     0
2022 06 02 00   144    65 10050   360    10 -9999 -9999     0
2022 06 02 03   246    27 10057    50    20 -9999 -9999     0
2022 06 02 06   284    26 10042   120    20 -9999 -9999     0
2022 06 02 09   309     3 10026   320    20 -9999 -9999     0
2022 06 02 18   194    27 10048    40    30 -9999 -9999     0
2022 06 02 21   195    15 10040    90    30 -9999 -9999     0
2022 06 03 00   158    42 10055    30    20 -9999 -9999     0
2022 06 03 03   248    46 10058    30    40 -9999 -9999     0
2022 06 03 06   297    29 10042    80    40 -9999 -9999     0
2022 06 03 09   321    -9 10019   300    20 -9999 -9999     0
2022 06 03 18   237    65 10027    60    20 -9999 -9999     0
2022 06 04 00   187    75 10044    30    30 -9999 -9999     0
2022 06 04 03   216    71 10073    30    50 -9999 -9999     0
2022 06 04 06   237    69 10073    40    40 -9999 -9999     0
2022 06 04 09   251    68 10050    50    30 -9999 -9999     0
2022 06 04 12   253    92 10057   120    20 -9999 -9999     0
2022 06 04 21   129    80 10092   270    10 -9999 -9999     0
2022 06 05 00   128    83 10101     0     0 -9999 -9999     0
2022 06 05 03   238    78 10097   260    20 -9999 -9999     0
2022 06 05 09   298    51 10071    40    30 -9999 -9999     0
2022 06 05 12   301    47 10065   320    30 -9999 -9999     0
2022 06 05 18   178   102 10074   120    20 -9999 -9999     0
2022 06 06 00   154    77 10072    20    20 -9999 -9999     0
2022 06 06 03   250    52 10072   110    30 -9999 -9999     0
2022 06 06 06   298    22 10063   350    20 -9999 -9999     0
2022 06 06 09   275    39 10059   350    80 -9999 -9999     0
2022 06 06 12   257    48 10072   340    50 -9999 -9999     0
2022 06 06 21   177    77 10049   300    20 -9999 -9999     0
2022 06 07 03   238    98 10058   320    20 -9999 -9999     0
2022 06 07 06   291    65 10050   310    40 -9999 -9999     0
2022 06 07 09   316    80 10032   290    20 -9999 -9999     0
2022 06 07 12   309    30 10035    10    60 -9999 -9999     0
2022 06 07 18   214    61 10059    60    30 -9999 -9999     0
2022 06 07 21   185    67 10065    70    20 -9999 -9999     0
2022 06 08 00   146    83 10087    20    20 -9999 -9999     0
2022 06 08 03   243    70 10090    50    30 -9999 -9999     0
2022 06 08 06   292    66 10074   100    30 -9999 -9999     0
2022 06 08 09   321   -20 10048    30    20 -9999 -9999     0
2022 06 08 12   323    50 10040   350    10 -9999 -9999     0
2022 06 08 18   177   117 10053   130    10 -9999 -9999     0
2022 06 08 21   160    85 10043    40    10 -9999 -9999     0
2022 06 09 00   154    91 10050   350    10 -9999 -9999     0
2022 06 09 03   275    79 10052   310    20 -9999 -9999     0
2022 06 09 06   319    30 10040   320    20 -9999 -9999     0
2022 06 09 09   342   -17 10012   140    20 -9999 -9999     0
2022 06 09 12   327    61 10004   220    10 -9999 -9999     0
2022 06 09 21   186   119  9993   360    10 -9999 -9999     0
2022 06 10 00   193    98 10001   330    10 -9999 -9999     0
2022 06 10 09   351    15  9974    50    20 -9999 -9999     0
2022 06 10 21   205    85  9987    10    20 -9999 -9999     0
2022 06 11 06   284   106 10020    50    30 -9999 -9999     0
2022 06 11 09   335    59 10004    50    30 -9999 -9999     0
2022 06 11 12   327    68  9999    80    20 -9999 -9999     0
2022 06 11 18   219    73 10023    20    20 -9999 -9999     0
2022 06 11 21   199    92 10009    10    20 -9999 -9999     0
2022 06 12 00   190    78 10018   320    30 -9999 -9999     0
2022 06 12 03   283    91 10018    60    30 -9999 -9999     0
2022 06 12 06   320    76 10011    80    30 -9999 -9999     0
2022 06 12 09   354    39  9991   320    40 -9999 -9999     0
2022 06 12 12   328    62  9983   350    60 -9999 -9999     0
2022 06 12 18   248    61 10002   330    40 -9999 -9999     0
2022 06 13 00   198    82 10014    30    20 -9999 -9999     0
2022 06 13 03   274    88 10017    70    20 -9999 -9999     0
2022 06 13 06   331    86 10005    60    30 -9999 -9999     0
2022 06 13 09   361    34  9977    60    50 -9999 -9999     0
2022 06 13 12   338    54  9967    60    30 -9999 -9999     0
2022 06 13 21   194    81  9971    20    30 -9999 -9999     0
2022 06 14 00   177    72  9990    40    10 -9999 -9999     0
2022 06 14 09   302    86  9997   310    70 -9999 -9999     0
2022 06 14 18   231    76  9982   330    20 -9999 -9999     0
2022 06 15 00   181    75  9987   230    20 -9999 -9999     0
2022 06 15 03   294    79  9981   250    30 -9999 -9999     0
2022 06 15 06   333    32  9973   270    40 -9999 -9999     0
2022 06 15 09   358     8  9952   260    40 -9999 -9999     0
2022 06 15 12   346   129  9941   160    10 -9999 -9999     0
2022 06 15 21   186   102  9938     0     0 -9999 -9999     0
2022 06 16 00   184   103  9944     0     0 -9999 -9999     0
2022 06 16 09   304    93  9929    80    40 -9999 -9999     0
2022 06 16 12   336   103  9924   310    20 -9999 -9999     0
2022 06 16 18   236    64  9975   330    10 -9999 -9999     0
20