1973 01 01 00  -160  -170 10443   180    10     0 -9999 -9999
1973 01 01 03  -140  -140 10458     0     0     7 -9999 -9999
1973 01 01 06   -50  -120 10448   220    20     3 -9999 -9999
1973 01 01 09   -30  -130 10420   320    20     1 -9999 -9999
1973 01 01 12   -70  -120 10425     0     0     2 -9999 -9999
1973 01 01 18  -140  -150 -9999    90    20     0 -9999 -9999
1973 01 01 21  -130  -140 10382     0     0     7 -9999 -9999
1973 01 02 00  -120  -150 10378   200    20     7 -9999 -9999
1973 01 02 06   -70  -120 10373     0     0     7 -9999 -9999
1973 01 02 09   -50  -130 10335   250    30     7 -9999 -9999
1973 01 02 12   -70  -130 10328   180    30     4 -9999 -9999
1973 01 02 18  -110  -130 10342     0     0     5 -9999 -9999
1973 01 02 21  -120  -140 10332    40    20     3 -9999 -9999
1973 01 03 00  -160  -170 10340   160    10     1 -9999 -9999
1973 01 03 03  -160  -170 10354     0     0     3 -9999 -9999
1973 01 03 06   -80  -120 10340   160    20     7 -9999 -9999
1973 01 03 12   -90  -130 10327   180    20     0 -9999 -9999
1973 01 03 18  -150  -160 10328     0     0     0 -9999 -9999
1973 01 03 21  -120  -130 10310   320    10     8 -9999 -9999
1973 01 04 00  -110  -130 10338   220    20     8 -9999 -9999
1973 01 04 03  -120  -150 10387   200    30     7 -9999 -9999
1973 01 04 06   -60  -150 10391   160    50     4 -9999 -9999
1973 01 04 12   -80  -140 10399    70    30     0 -9999 -9999
1973 01 04 18  -120  -150 10437    40    40     0 -9999 -9999
1973 01 04 21  -140  -160 10434    40    30     0 -9999 -9999
1973 01 05 00  -160  -170 10450    20    20     0 -9999 -9999
1973 01 05 03  -170  -180 10470   360    30     0 -9999 -9999
1973 01 05 06   -70 -9999 10424    40    50     1 -9999 -9999
1973 01 05 09   -40  -140 10392   360    30     5 -9999 -9999
1973 01 05 12   -70  -130 10391     0     0     7 -9999 -9999
1973 01 05 18  -110  -140 10363   180    20     7 -9999 -9999
1973 01 05 21 -9999 -9999 10346   200   220     2 -9999 -9999
1973 01 06 09   -10  -140 10325   160    10     7 -9999 -9999
1973 01 06 12   -60 -9999 10347     0     0     6 -9999 -9999
1973 01 06 18  -130  -160 10353    70    30     0 -9999 -9999
1973 01 07 00  -180  -190 10361     0     0     0 -9999 -9999
1973 01 07 09   -30  -150 10330   160    20     0 -9999 -9999
1973 01 07 12   -70  -140 -9999   180    10     0 -9999 -9999
1973 01 07 18  -140  -170 10346    90    10     0 -9999 -9999
1973 01 07 21  -160  -180 10324     0     0     0 -9999 -9999
1973 01 08 06   -40  -140 10315     0     0     1 -9999 -9999
1973 01 08 09   -40  -140 10315     0     0     1 -9999 -9999
1973 01 08 12   -60  -140 10305   180    30     2 -9999 -9999
1973 01 08 18  -120  -140 10293    90    20     0 -9999 -9999
1973 01 08 21  -140  -160 10299     0     0     2 -9999 -9999
1973 01 09 00  -160  -180 10301   340    20     2 -9999 -9999
1973 01 09 03  -160  -170 10326     0     0     2 -9999 -9999
1973 01 09 09   -30  -130 10281   200    20     8 -9999 -9999
1973 01 09 12   -60  -130 10295   220    10     7 -9999 -9999
1973 01 09 18  -100  -130 10293   250    10     2 -9999 -9999
1973 01 09 21  -110  -140 10291     0     0     7 -9999 -9999
1973 01 10 00   -90  -130 10388     0     0     7 -9999 -9999
1973 01 10 03   -70  -140 10340     0     0     7 -9999 -9999
1973 01 10 06   -20  -130 10338    40    30     7 -9999 -9999
1973 01 10 09   -20  -100 10329    70    50     3 -9999 -9999
1973 01 10 12   -50  -140 10338    90    30     7 -9999 -9999
1973 01 10 18  -110  -150 10347    20    20     7 -9999 -9999
1973 01 10 21  -120  -150 10343    70    10     4 -9999 -9999
1973 01 11 00  -140  -160 10349     0     0     0 -9999 -9999
1973 01 11 03 -9999 -9999 10371     0     0     7 -9999 -9999
1973 01 11 06   -40  -130 10337   360    20     7 -9999 -9999
1973 01 11 09   -20  -120 10316     0     0     7 -9999 -9999
1973 01 11 12   -50  -130 10324     0     0     7 -9999 -9999
1973 01 11 18  -100  -120 10309     0     0     7 -9999 -9999
1973 01 11 21  -110  -140 10299   360    10     7 -9999 -9999
1973 01 12 00  -110  -130 10294     0     0     6 -9999 -9999
1973 01 12 03   -90  -130 10312   200    30     8 -9999 -9999
1973 01 12 06   -40  -110 10288   340    20     7 -9999 -9999
1973 01 12 09   -10  -140 10293    20    30     2 -9999 -9999
1973 01 12 18  -110  -130 10268    70    10     7 -9999 -9999
1973 01 12 21  -130  -140 10265    90    10     2 -9999 -9999
1973 01 13 00  -130  -150 10269     0     0     1 -9999 -9999
1973 01 13 06   -10  -140 10263   180    30     6 -9999 -9999
1973 01 13 09    10  -160 10243   200    30     7 -9999 -9999
1973 01 13 12   -20  -140 10254     0     0     6 -9999 -9999
1973 01 13 18   -60  -140 10245     0     0     8 -9999 -9999
1973 01 13 21   -70  -150 10232    90    30     8 -9999 -9999
1973 01 14 00   -70  -120 10242     0     0     7 -9999 -9999
1973 01 14 03  -100  -140 10273   340    10     6 -9999 -9999
1973 01 14 06    10  -120 10246   340    10     6 -9999 -9999
1973 01 14 09    20  -150 10229   140    30     1 -9999 -9999
1973 01 14 12   -30  -140 10249   140    20     0 -9999 -9999
1973 01 14 18  -120  -160 10274     0     0     0 -9999 -9999
1973 01 14 21  -110  -150 10276   220    10     0 -9999 -9999
1973 01 15 00  -140  -160 10292   200    30     0 -9999 -9999
1973 01 15 03  -130  -160 10324   220    20     1 -9999 -9999
1973 01 15 06   -10  -160 10305   250    20     1 -9999 -9999
1973 01 15 09    20  -180 10273   200    10     1 -9999 -9999
1973 01 15 12   -70  -150 10310     0     0     1 -9999 -9999
1973 01 15 18  -110  -140 10306   140    20     0 -9999 -9999
1973 01 15 21  -130  -150 10304    70    20     0 -9999 -9999
1973 01 16 00  -140  -160 10316   140    20     1 -9999 -9999
1973 01 16 03  -150  -170 10349     0     0     0 -9999 -9999
1973 01 16 06   -30  -150 10313     0     0     1 -9999 -9999
1973 01 16 09    20  -160 10278   290    10     0 -9999 -9999
1973 01 16 12   -30  -150 10281    70    20     1 -9999 -9999
1973 01 16 18  -130  -170 10267    20    30     2 -9999 -9999
1973 01 17 00 -9999 -9999 10253    90    10     7 -9999 -9999
1973 01 17 03  -110  -130 10277     0     0     2 -9999 -9999
1973 01 17 06   -10  -150 10261   200    20     2 -9999 -9999
1973 01 17 09    20  -170 10230   200    30     1 -9999 -9999
1973 01 17 12   -30  -130 10226     0     0     6 -9999 -9999
1973 01 17 18  -110  -150 10210     0     0     6 -9999 -9999
1973 01 17 21  -110  -140 10198   200    20     7 -9999 -9999
1973 01 18 00   -90  -120 10192     0     0     7 -9999 -9999
1973 01 18 03  -110  -130 10219   220    10     7 -9999 -9999
1973 01 18 06   -20  -140 10204     0     0     7 -9999 -9999
1973 01 18 09    10  -140 10177     0     0     6 -9999 -9999
1973 01 18 12   -20  -150 10174     0     0     2 -9999 -9999
1973 01 18 18   -60  -140 10182    40    20     8 -9999 -9999
1973 01 18 21   -60  -110 10178   160    20     8 -9999 -9999
1973 01 19 18   -90  -130 10206     0     0     8 -9999 -9999
1973 01 20 00  -100  -140 10203     0     0     8 -9999 -9999
1973 01 20 03   -80  -100 10220   250    30     8 -9999 -9999
1973 01 20 06   -30  -120 10207   290    10     8 -9999 -9999
1973 01 20 09     0  -130 10194     0     0     7 -9999 -9999
1973 01 20 12   -30  -110 10208     0     0     7 -9999 -9999
1973 01 20 18   -70  -110 10227     0     0     8 -9999 -9999
1973 01 20 21   -70  -120 10234    90    20     7 -9999 -9999
1973 01 21 00   -80  -130 10245     0     0     8 -9999 -9999
1973 01 21 03   -90  -140 10276   320    10     7 -9999 -9999
1973 01 21 06   -30  -120 -9999    40    30     8 -9999 -9999
1973 01 21 09    10  -140 10237    70    30     6 -9999 -9999
1973 01 21 12   -30  -120 10257     0     0     2 -9999 -9999
1973 01 21 18  -100  -110 10281   140    20     5 -9999 -9999
1973 01 21 21  -130  -140 10282   340    20     6 -9999 -9999
1973 01 22 00 -9999 -9999 10288     0     0     3 -9999 -9999
1973 01 22 03  -100  -120 10309   200    20     7 -9999 -9999
1973 01 22 06   -10  -130 10287   180    20     3 -9999 -9999
1973 01 22 09    10  -140 10275   200    10     7 -9999 -9999
1973 01 22 12   -10  -140 10289     0     0     7 -9999 -9999
1973 01 22 18   -60  -130 10289   140    20     7 -9999 -9999
1973 01 22 21   -90  -150 10297     0     0     7 -9999 -9999
1973 01 23 00  -120  -150 10317    40    20     6 -9999 -9999
1973 01 23 03  -120  -150 10346    40    30     6 -9999 -9999
1973 01 23 06   -20  -140 10324    70    40     6 -9999 -9999
1973 01 23 12   -20  -110 10321     0     0     2 -9999 -9999
1973 01 23 18   -50  -120 10311   180    20     3 -9999 -9999
1973 01 23 21  -100  -120 10310 -9999 -9999     0 -9999 -9999
1973 01 24 00  -140  -160 10330     0     0     7 -9999 -9999
1973 01 24 03   -80  -130 10331     0     0     7 -9999 -9999
1973 01 24 06     0  -130 10300   290    20     6 -9999 -9999
1973 01 24 09    30  -120 10282   250    30     3 -9999 -9999
1973 01 24 12   -10  -110 10305     0     0     2 -9999 -9999
1973 01 24 18   -90  -120 10287    90    30     2 -9999 -9999
1973 01 24 21  -120  -150 10275    20    20     2 -9999 -9999
1973 01 25 00  -120  -140 10289    20    20     7 -9999 -9999
1973 01 25 03  -110  -140 10319    20    30     8 -9999 -9999
1973 01 25 06   -30  -130 10291    40    40     8 -9999 -9999
1973 01 25 09   -10  -130 10279    40    20     8 -9999 -9999
1973 01 25 12   -30  -110 10292     0     0     8 -9999 -9999
1973 01 25 18   -70  -120 10283    20    20     7 -9999 -9999
1973 01 25 21   -70 -9999 10278     0     0     8 -9999 -9999
1973 01 26 00   -80  -130 10284    40    20     8 -9999 -9999
1973 01 26 03   -70  -120 10313     0     0     8 -9999 -9999
1973 01 26 06   -30  -110 10319   320    60     8 -9999 -9999
1973 01 26 09   -20   -90 10310   320    20     6 -9999 -9999
1973 01 26 12   -20   -90 10329   290    10     8 -9999 -9999
1973 01 26 18   -40   -70 10357   270    20     7 -9999 -9999
1973 01 26 21   -60   -80 10366   340    10 -9999 -9999 -9999
1973 01 27 00   -70  -100 10380     0     0     8 -9999 -9999
1973 01 27 03   -90  -100 10414   360    20     5 -9999 -9999
1973 01 27 06   -30  -110 10411    40    30     0 -9999 -9999
1973 01 27 09   -10  -110 10396   360    30     5 -9999 -9999
1973 01 27 12   -30  -100 10414   360    30     3 -9999 -9999
1973 01 27 18  -130  -140 10445   340    30     2 -9999 -9999
1973 01 27 21  -130  -140 10441     0     0     1 -9999 -9999
1973 01 28 00  -140  -150 10454   220    20     2 -9999 -9999
1973 01 28 03  -120  -130 10479   320    10     7 -9999 -9999
1973 01 28 06   -50   -60 10470   290    20     2 -9999 -9999
1973 01 28 09     0  -100 10437   250    50     2 -9999 -9999
1973 01 28 12   -20   -80 10430     0     0 -9999 -9999 -9999
1973 01 28 18   -60  -100 10403   360    20     7 -9999 -9999
1973 01 28 21   -90  -120 10376   360    20     2 -9999 -9999
1973 01 29 00  -100  -120 10369     0     0     8 -9999 -9999
1973 01 29 03   -80  -110 10366     0     0     7 -9999 -9999
1973 01 29 06   -20  -130 10333   250    30     1 -9999 -9999
1973 01 29 12   -30  -120 10287   270    20     7 -9999 -9999
1973 01 29 18  -100  -130 10273   250    10     4 -9999 -9999
1973 01 29 21  -120  -150 10257   320    20     5 -9999 -9999
1973 01 30 00  -120  -140 10262   180    30     5 -9999 -9999
1973 01 30 03  -120  -140 10285     0     0     7 -9999 -9999
1973 01 30 06   -20  -130 10270   250    30     7 -9999 -9999
1973 01 30 09     0  -110 10256   220    30     7 -9999 -9999
1973 01 30 12   -20  -100 10258     0     0     7 -9999 -9999
1973 01 30 18   -70  -120 10261   360    20     7 -9999 -9999
1973 01 31 03   -60  -100 10309     0     0     7 -9999 -9999
1973 01 31 06   -20  -120 10306 -9999 -9999     8 -9999 -9999
1973 01 31 09    20  -120 10277     0     0     6 -9999 -9999
1973 01 31 12     0  -110 10279   250    20     0 -9999 -9999
1973 01 31 18  -100  -130 10286   290    10     0 -9999 -9999
1973 01 31 21  -130  -150 10274     0     0     0 -9999 -9999
1973 02 01 00  -140  -160 10266   250    10     1 -9999 -9999
1973 02 01 03  -130  -160 10287     0     0     7 -9999 -9999
1973 02 01 06   -10  -100 10258    70    20     2 -9999 -9999
1973 02 01 09    30  -100 10222     0     0     0 -9999 -9999
1973 02 01 12     0  -100 10215    20    20     7 -9999 -9999
1973 02 01 18   -80  -130 10197   340    20     7 -9999 -9999
1973 02 01 21   -80  -130 10188   320    10     5 -9999 -9999
1973 02 02 00   -90  -120 10199   290    20     6 -9999 -9999
1973 02 02 03   -80  -110 10217   290    20     8 -9999 -9999
1973 02 02 06   -10  -100 10201   180    10     7 -9999 -9999
1973 02 02 09    10  -130 10174   220    20     7 -9999 -9999
1973 02 02 12   -10  -110 10183     0     0     8 -9999 -9999
1973 02 02 18   -80  -120 10224   360    20     1 -9999 -9999
1973 02 02 21   -90  -140 10238   110    10     2 -9999 -9999
1973 02 03 00  -130  -160 10277   290    20     0 -9999 -9999
1973 02 03 03  -120  -140 10313    90    10     6 -9999 -9999
1973 02 03 06 -9999 -9999 10297    70    10     1 -9999 -9999
1973 02 03 09    40  -130 10285     0     0     0 -9999 -9999
1973 02 03 12    20  -130 10307    90    20     0 -9999 -9999
1973 02 03 18   -90  -140 10324    40    10     0 -9999 -9999
1973 02 04 00  -130  -150 10344    20    30     0 -9999 -9999
1973 02 04 03  -120  -140 10298    20    20     0 -9999 -9999
1973 02 04 06     0  -110 10372    40    30     0 -9999 -9999
1973 02 04 09    30  -120 10350    70    40     1 -9999 -9999
1973 02 04 12   -10  -120 10349    40    30     1 -9999 -9999
1973 02 04 18 -9999 -9999 10347    70    20     1 -9999 -9999
1973 02 04 21  -100  -120 10340    70    10     1 -9999 -9999
1973 02 05 00  -140  -170 10354     0     0     1 -9999 -9999
1973 02 05 03  -130  -160 10388     0     0     1 -9999 -9999
1973 02 05 09    30  -110 10317   220    20     2 -9999 -9999
1973 02 05 12   -10  -120 10327   160    20     3 -9999 -9999
1973 02 05 18   -60  -140 10297   180    20     0 -9999 -9999
1973 02 05 21   -80  -140 10287     0     0     2 -9999 -9999
1973 02 06 00  -120  -150 10310     0     0     3 -9999 -9999
1973 02 06 03  -100  -130 10325     0     0     6 -9999 -9999
1973 02 06 06    10  -140 10298   320    20     7 -9999 -9999
1973 02 06 09    40  -150 10270     0     0     0 -9999 -9999
1973 02 06 12     0  -140 10272    70    30     2 -9999 -9999
1973 02 06 21  -100  -140 10257     0     0     1 -9999 -9999
1973 02 07 00  -120  -160 10269     0     0     5 -9999 -9999
1973 02 07 03  -100  -130 10286     0     0     7 -9999 -9999
1973 02 07 06    10  -140 10256   250    30     7 -9999 -9999
1973 02 07 09    20  -130 10231   270    10     7 -9999 -9999
1973 02 07 12     0  -120 10243     0     0     8 -9999 -9999
1973 02 07 18     0  -110 10244   160    20     7 -9999 -9999
1973 02 07 21   -40  -150 10241   200    40     4 -9999 -9999
1973 02 08 00   -70  -150 10261   220    30 -9999 -9999 -9999
1973 02 08 03   -90  -130 10293     0     0     1 -9999 -9999
1973 02 08 06    20  -140 10273   200    30     2 -9999 -9999
1973 02 08 09    60  -130 10245   160    10     2 -9999 -9999
1973 02 08 12    30  -130 10270     0     0     7 -9999 -9999
1973 02 08 18   -80  -140 10309   340    10     0 -9999 -9999
1973 02 08 21  -100  -140 10305    70    10     0 -9999 -9999
1973 02 09 00  -130  -160 10325     0     0     0 -9999 -9999
1973 02 09 03  -100  -160 10358     0     0     0 -9999 -9999
1973 02 09 06    40  -130 10324     0     0     1 -9999 -9999
1973 02 09 09    60  -140 10286    20    30     1 -9999 -9999
1973 02 09 12    20  -130 10297    70    30     7 -9999 -9999
1973 02 09 18   -40  -130 10274   140    20     6 -9999 -9999
1973 02 09 21   -70  -110 10275     0     0     3 -9999 -9999
1973 02 10 00   -90  -130 10290     0     0     2 -9999 -9999
1973 02 10 03   -70  -110 10311     0     0     7 -9999 -9999
1973 02 10 06    50  -130 10291   220    30     7 -9999 -9999
1973 02 10 12    40  -120 10274    40    20     6 -9999 -9999
1973 02 10 21   -30  -130 10274     0     0     7 -9999 -9999
1973 02 11 00   -60  -130 10300    90    30     6 -9999 -9999
1973 02 11 03   -60  -140 10348   110    30     0 -9999 -9999
1973 02 11 06     0  -130 10349   320    10     0 -9999 -9999
1973 02 11 09    90  -150 10325    90    30     1 -9999 -9999
1973 02 11 12    70   -70 10343     0     0     0 -9999 -9999
1973 02 11 18   -60  -130 10373    70    20     0 -9999 -9999
1973 02 11 21  -100  -150 -9999   360    20     0 -9999 -9999
1973 02 12 00  -110  -150 10369    70    30     0 -9999 -9999
1973 02 12 03   -90  -150 10402     0     0     0 -9999 -9999
1973 02 12 06    40  -120 10379   160    10     0 -9999 -9999
1973 02 12 12    60   -90 10345     0     0     0 -9999 -9999
1973 02 12 18   -60  -140 10346   180    30     0 -9999 -9999
1973 02 12 21   -80  -130 10329   320    10     0 -9999 -9999
1973 02 13 00   -90  -150 10331   220    20     0 -9999 -9999
1973 02 13 03   -70  -100 10351   140    10     0 -9999 -9999
1973 02 13 06    60  -120 10328   250    20     2 -9999 -9999
1973 02 13 09    90  -150 10289   100    30     0 -9999 -9999
1973 02 13 12    80  -110 10288     0     0     1 -9999 -9999
1973 02 13 18   -70  -130 10287   110    10     0 -9999 -9999
1973 02 13 21   -80  -140 10266     0     0     0 -9999 -9999
1973 02 14 00  -100  -140 10263   220    10     0 -9999 -9999
1973 02 14 03   -90  -140 10284     0     0     1 -9999 -9999
1973 02 14 06    70  -110 10248   250    10     1 -9999 -9999
1973 02 14 09   100  -150 10210   220    40     3 -9999 -9999
1973 02 14 12    80   -80 10205     0     0     5 -9999 -9999
1973 02 14 18   -40  -110 10188   160    20     0 -9999 -9999
1973 02 14 21   -70  -120 10170   360    20     0 -9999 -9999
1973 02 15 00   -90  -130 10162     0     0     2 -9999 -9999
1973 02 15 03   -70  -120 10193     0     0     8 -9999 -9999
1973 02 15 06    80   -90 10160     0     0     7 -9999 -9999
1973 02 15 09   110  -120 10148   270    30     7 -9999 -9999
1973 02 15 12    80   -70 10165     0     0     1 -9999 -9999
1973 02 15 18   -20  -130 10186    20    40     7 -9999 -9999
1973 02 15 21   -50  -130 10203   340    30     6 -9999 -9999
1973 02 16 00   -20  -130 10220    70    80     6 -9999 -9999
1973 02 16 03   -30  -140 10281    90    60     0 -9999 -9999
1973 02 16 06    20  -200 10285    70    70     0 -9999 -9999
1973 02 16 09    40  -200 10262    90    40     0 -9999 -9999
1973 02 16 12    30  -140 10243    90    20     0 -9999 -9999
1973 02 16 18   -40  -140 10237    20    20     0 -9999 -9999
1973 02 16 21   -50  -140 10223     0     0     0 -9999 -9999
1973 02 17 00   -70  -130 10217   360    20     0 -9999 -9999
1973 02 17 03   -50  -140 10226     0     0     0 -9999 -9999
1973 02 17 06    20  -150 10210   250    30     0 -9999 -9999
1973 02 17 12    40   -90 10185     0     0     0 -9999 -9999
1973 02 17 18   -40  -120 10208   110    20     0 -9999 -9999
1973 02 17 21   -60  -140 10231    90    20     0 -9999 -9999
1973 02 18 00   -50  -130 10257    70    30     0 -9999 -9999
1973 02 18 03   -60  -160 10309   360    50     0 -9999 -9999
1973 02 18 06    20  -200 -9999    40    80     0 -9999 -9999
1973 02 18 09    50  -270 10308    70    60     0 -9999 -9999
1973 02 18 12    30  -160 10309    40    60     0 -9999 -9999
1973 02 18 18   -50  -180 10337    40    40     0 -9999 -9999
1973 02 19 00   -90  -160 10317    20    20     0 -9999 -9999
1973 02 19 03   -80  -150 10323     0     0     0 -9999 -9999
1973 02 19 06    20  -160 10289     0     0     0 -9999 -9999
1973 02 19 09    40  -170 10245   180    20     7 -9999 -9999
1973 02 19 12    30  -130 10225     0     0     2 -9999 -9999
1973 02 19 18   -60  -130 10191   180    10     0 -9999 -9999
1973 02 20 00   -60  -140 10144   200    40     0 -9999 -9999
1973 02 20 06    20  -140 10137   270    20     0 -9999 -9999
1973 02 20 09    60  -170 10107   320    40     0 -9999 -9999
1973 02 20 12    50  -130 10093    20    10     0 -9999 -9999
1973 02 20 18   -30  -150 10091    20    30     7 -9999 -9999
1973 02 20 21   -40  -140 10088    40    30     0 -9999 -9999
1973 02 21 00   -70  -130 10092     0     0     3 -9999 -9999
1973 02 21 03   -50  -150 10110    90    20     0 -9999 -9999
1973 02 21 06    60  -160 10097    70    30     0 -9999 -9999
1973 02 21 09 -9999 -9999 10081    20    30     3 -9999 -9999
1973 02 21 12    70  -140 10129    70    50     2 -9999 -9999
1973 02 21 18    20  -150 10181    40    50     8 -9999 -9999
1973 02 21 21    10  -170 10195    40    70     8 -9999 -9999
1973 02 22 00    10  -100 10220    40    60     0 -9999 -9999
1973 02 22 03    10  -160 10247    90    60     0 -9999 -9999
1973 02 22 06    40  -170 10236    40    50     0 -9999 -9999
1973 02 22 12    50  -140 10192    70    30     7 -9999 -9999
1973 02 22 18   -20  -140 10215    20    30     7 -9999 -9999
1973 02 22 21   -40  -130 10207    40    20     8 -9999 -9999
1973 02 23 00   -10  -120 10216     0     0     7 -9999 -9999
1973 02 23 03   -60  -130 10222    20    20     5 -9999 -9999
1973 02 23 06    60  -150 10185    40    20     7 -9999 -9999
1973 02 23 09    80  -170 10156    90    20     7 -9999 -9999
1973 02 23 12    60  -120 10146   360    20     7 -9999 -9999
1973 02 23 18   -20  -120 10126   290    30     6 -9999 -9999
1973 02 23 21   -30  -120 10113     0     0     5 -9999 -9999
1973 02 25 00 -9999 -9999 10084 -9999 -9999     7 -9999 -9999
1973 02 25 03    10  -110 10107    90    10     8 -9999 -9999
1973 02 25 06   100  -150 10106   250    30     1 -9999 -9999
1973 02 25 09   120  -160 10103   140    20     1 -9999 -9999
1973 02 25 12    90  -120 10110    40    30     6 -9999 -9999
1973 02 25 18    30  -140 10127    90    30     6 -9999 -9999
1973 02 25 21   -20  -110 10129   360    20     5 -9999 -9999
1973 02 26 00   -10  -130 10133    20    20     7 -9999 -9999
1973 02 26 03    20  -130 10154    20    20     8 -9999 -9999
1973 02 26 06    60  -130 10147   140    20     8 -9999 -9999
1973 02 26 09    80   -90 10146   200    40     8 -9999 -9999
1973 02 26 12    60   -50 10156   270    50     8 -9999 -9999
1973 02 26 18    30   -40 10168   200    20     8 -9999 -9999
1973 02 26 21   -30   -60 10173   240    30     1 -9999 -9999
1973 02 27 00   -40   -60 10178    20    20     1 -9999 -9999
1973 02 27 06    60   -30 10176   250    10     7 -9999 -9999
1973 02 27 09    80   -70 10165   200    30     8 -9999 -9999
1973 02 27 12    70   -50 10164   360    20     7 -9999 -9999
1973 02 27 21   -20   -30 10169    20    30     4 -9999 -9999
1973 02 28 00   -20   -30 -9999   270    20     8 -9999 -9999
1973 02 28 03   -20   -20 10203   320    30     7 -9999 -9999
1973 02 28 06    50   -10 10199     0     0     4 -9999 -9999
1973 02 28 09    70   -50 10180    90    20     5 -9999 -9999
1973 02 28 18   -10   -80 10188    90    30     7 -9999 -9999
1973 03 01 03   -40   -40 10222    20    40     8 -9999 -9999
1973 03 01 06     0   -40 10222    70    40     8 -9999 -9999
1973 03 01 09    20   -40 10199    40    40     7 -9999 -9999
1973 03 01 12    20   -40 10206    90    30     3 -9999 -9999
1973 03 01 21   -70   -90 10228   360    30     0 -9999 -9999
1973 03 02 00 -9999 -9999 10224    20    20     1 -9999 -9999
1973 03 02 06    40   -70 10212    70    50     1 -9999 -9999
1973 03 02 09    60   -20 10187    70    60     1 -9999 -9999
1973 03 02 12 -9999 -9999 10204    20   100     7 -9999 -9999
1973 03 02 18   -10   -40 10205 -9999 -9999     5 -9999 -9999
1973 03 02 21   -10   -40 10206 -9999 -9999     7 -9999 -9999
1973 03 03 00   -20   -40 10229    20    40     7 -9999 -9999
1973 03 03 06    30  -210 10259    40    60     0 -9999 -9999
1973 03 03 09    60  -160 10239    70    60     0 -9999 -9999
1973 03 03 12    40  -180 10249    40    50     0 -9999 -9999
1973 03 03 18     0   -80 10268    20    50     8 -9999 -9999
1973 03 03 21     0  -100 10250    40    30     7 -9999 -9999
1973 03 04 00   -10  -100 10261    20    30     8 -9999 -9999
1973 03 04 03   -10  -140 10276    40    40     8 -9999 -9999
1973 03 04 06    20  -170 10261    70    40     8 -9999 -9999
1973 03 04 09    40   -90 10233   110    40     7 -9999 -9999
1973 03 04 12    30  -140 10226    90    30     6 -9999 -9999
1973 03 04 18   -60  -100 10244    20    20     2 -9999 -9999
1973 03 04 21   -60  -100 10242     0     0     2 -9999 -9999
1973 03 05 00 -9999 -9999 10263   220    30     2 -9999 -9999
1973 03 05 06    40  -140 10294   250    50     0 -9999 -9999
1973 03 05 09    70  -140 10288   270    40     7 -9999 -9999
1973 03 05 12    60   -90 10284     0     0     2 -9999 -9999
1973 03 05 18    20  -130 10304   180    20     0 -9999 -9999
1973 03 05 21   -30  -140 10298   200    40     0 -9999 -9999
1973 03 06 00   -60  -150 10300   220    20     0 -9999 -9999
1973 03 06 03   -30  -150 10317   200    20     0 -9999 -9999
1973 03 06 06    60  -190 10287   160    20     0 -9999 -9999
1973 03 06 09    90  -150 10258   200    30     3 -9999 -9999
1973 03 06 12    60  -130 10263     0     0     7 -9999 -9999
1973 03 06 18     0  -100 10256    40    10     4 -9999 -9999
1973 03 06 21   -20  -120 10239   160    20     1 -9999 -9999
1973 03 07 00   -30  -110 10236   160    20     0 -9999 -9999
1973 03 07 06    80  -230 10220   250    30     7 -9999 -9999
1973 03 07 12    70  -130 10173     0     0     5 -9999 -9999
1973 03 07 18   -10  -110 10157    20    20     0 -9999 -9999
1973 03 07 21   -20   -90 10147   110    20     8 -9999 -9999
1973 03 08 00   -20   -90 10137    70    20     8 -9999 -9999
1973 03 08 03   -10   -80 10157    40    20     8 -9999 -9999
1973 03 08 06    50  -120 10145   270    10     8 -9999 -9999
1973 03 08 09    70  -120 10119     0     0     8 -9999 -9999
1973 03 08 12    70   -90 10120     0     0     7 -9999 -9999
1973 03 08 18   -10  -100 10152   110    20     0 -9999 -9999
1973 03 08 21   -30   -80 10158    90    20     0 -9999 -9999
1973 03 09 00   -30   -70 10178     0     0     0 -9999 -9999
1973 03 09 03    60   -90 10190   110    10     0 -9999 -9999
1973 03 09 06    90  -130 10176    90    30     0 -9999 -9999
1973 03 09 09   100  -160 10167   360    20     8 -9999 -9999
1973 03 09 12    90   -90 10173     0     0     7 -9999 -9999
1973 03 09 18    20   -90 10180   360    30     8 -9999 -9999
1973 03 09 21    10   -70 10174    20    20     8 -9999 -9999
1973 03 10 00    20   -70 10165    40    30     7 -9999 -9999
1973 03 10 03    30   -60 10193    20    20     8 -9999 -9999
1973 03 10 06    80  -120 10195   170    20     8 -9999 -9999
1973 03 10 09    80  -100 10172    20    20     8 -9999 -9999
1973 03 10 12    80   -90 10174    20    50     8 -9999 -9999
1973 03 10 18    20   -70 10188    90    30     8 -9999 -9999
1973 03 10 21    10   -90 10196    20    30     6 -9999 -9999
1973 03 11 00   -10   -70 10204   340    30     6 -9999 -9999
1973 03 11 03    20   -20 10226     0     0     8 -9999 -9999
1973 03 11 06    80   -30 10211   340    20     7 -9999 -9999
1973 03 11 09   100   -30 10199   200    10     8 -9999 -9999
1973 03 11 12    80   -40 10211    40    20     8 -9999 -9999
1973 03 11 18    20   -40 10214    20    20     6 -9999 -9999
1973 03 11 21    10   -40 10213    20    20     4 -9999 -9999
1973 03 12 00    20   -30 10208   320    10     8 -9999 -9999
1973 03 12 03    30   -10 10232   110    20     8 -9999 -9999
1973 03 12 06    80   -20 10213   320    20     8 -9999 -9999
1973 03 12 09    40    10 10226   290    30     8 -9999 -9999
1973 03 12 12    70     0 -9999    20    10     7 -9999 -9999
1973 03 12 18    20   -10 10239   200   220     8 -9999 -9999
1973 03 12 21    30   -10 10246    70    20     7 -9999 -9999
1973 03 13 00    20   -20 10248   180    30     8 -9999 -9999
1973 03 13 03    30   -30 10273   160    50     6 -9999 -9999
1973 03 13 06    80   -40 10269   220    20     7 -9999 -9999
1973 03 13 12   100   -50 10254   270    40     1 -9999 -9999
1973 03 13 18    20   -10 10266    90    40     6 -9999 -9999
1973 03 13 21   -10   -30 10272    20    40     0 -9999 -9999
1973 03 14 00   -10   -40 10279    20    40     1 -9999 -9999
1973 03 14 03    20   -20 10300    70    40     0 -9999 -9999
1973 03 14 06    80   -10 10284    70    40     0 -9999 -9999
1973 03 14 09   110   -20 10261   270    30     0 -9999 -9999
1973 03 14 12   100   -30 10240     0     0     2 -9999 -9999
1973 03 14 18    10   -30 10252    90    20     0 -9999 -9999
1973 03 14 21   -10   -40 10233    90    10     0 -9999 -9999
1973 03 15 00   -30   -50 10235     0     0     0 -9999 -9999
1973 03 15 03    90   -50 10247     0     0     2 -9999 -9999
1973 03 15 06    90   -50 10247     0     0     2 -9999 -9999
1973 03 15 09   120   -60 10216   320    20     5 -9999 -9999
1973 03 15 12   120   -70 10220   360    10     6 -9999 -9999
1973 03 15 21    30   -40 10228    90    30     7 -9999 -9999
1973 03 16 00   -10   -50 10235    40    30     8 -9999 -9999
1973 03 16 03    10   -40 10279     0     0     8 -9999 -9999
1973 03 16 06    90   -50 10273     0     0     8 -9999 -9999
1973 03 16 09   130   -80 10254     0     0     7 -9999 -9999
1973 03 16 12   120   -60 10255     0     0     6 -9999 -9999
1973 03 16 18    60   -90 10271   180    20     8 -9999 -9999
1973 03 16 21    40   -60 10258     0     0     7 -9999 -9999
1973 03 17 00    10   -80 10268   160    30     1 -9999 -9999
1973 03 17 03    40   -90 10280   180    20     0 -9999 -9999
1973 03 17 06   120  -110 10260   180    50     0 -9999 -9999
1973 03 17 09   150  -120 10230   290    40     0 -9999 -9999
1973 03 17 12   140 -9999 10222     0     0     7 -9999 -9999
1973 03 17 18    40   -30 10221   140    20     4 -9999 -9999
1973 03 17 21    30   -50 10195   160    20     0 -9999 -9999
1973 03 18 00   -10   -40 10200     0     0     2 -9999 -9999
1973 03 18 03    30   -60 10219     0     0     1 -9999 -9999
1973 03 18 06   140  -120 10188   220    60     0 -9999 -9999
1973 03 18 09   170  -120 10158   250    40     1 -9999 -9999
1973 03 18 18    80  -100 10163   180    50     7 -9999 -9999
1973 03 18 21    60  -110 10159   200    30     7 -9999 -9999
1973 03 19 00    80   -90 10175   220    80     2 -9999 -9999
1973 03 19 06   160   -70 10189   200    10     7 -9999 -9999
1973 03 19 09   170   -80 10184    70    20     8 -9999 -9999
1973 03 19 12   160   -80 10184    90    40     3 -9999 -9999
1973 03 19 18 -9999 -9999 10201 -9999 -9999     0 -9999 -9999
1973 03 19 21    10   -90 10211    20    30     0 -9999 -9999
1973 03 20 00   -10   -30 10221    20    20     1 -9999 -9999
1973 03 20 03    50   -50 10231    70    30     2 -9999 -9999
1973 03 20 06   130   -30 10228    20    20     7 -9999 -9999
1973 03 20 09   170   -70 10196    40    30     7 -9999 -9999
1973 03 20 12   160   -50 10186     0     0     7 -9999 -9999
1973 03 20 18    50   -20 10188    90    30     1 -9999 -9999
1973 03 21 03    60   -40 10231   160    30     8 -9999 -9999
1973 03 21 06   140   -90 10226     0     0     7 -9999 -9999
1973 03 21 09   160   -50 10212    70    20     6 -9999 -9999
1973 03 21 12   150   -30 10210    70    30     1 -9999 -9999
1973 03 21 18    50   -30 10217    20    30     0 -9999 -9999
1973 03 21 21    30   -40 10205    40    30     0 -9999 -9999
1973 03 22 00    10   -60 10212   360    20     0 -9999 -9999
1973 03 22 03    40   -70 10232    20    30     0 -9999 -9999
1973 03 22 06   140  -110 10227   360    30     0 -9999 -9999
1973 03 22 09   170   -90 10212   290    30     0 -9999 -9999
1973 03 22 12   160   -50 10213   250    30     0 -9999 -9999
1973 03 22 18    50   -30 10219    20    10     1 -9999 -9999
1973 03 22 21    20   -40 10220 -9999 -9999     0 -9999 -9999
1973 03 23 00    10   -40 10226     0     0     2 -9999 -9999
1973 03 23 03    60   -30 -9999   250    10     6 -9999 -9999
1973 03 23 06   170   -50 10228     0     0     0 -9999 -9999
1973 03 23 12   180   -30 10193     0     0     6 -9999 -9999
1973 03 23 18    70    10 10192     0     0     2 -9999 -9999
1973 03 23 21    50    30 10178     0     0     7 -9999 -9999
1973 03 24 00    20   -20 10193   320    30     0 -9999 -9999
1973 03 24 03    90   -20 10205     0     0     6 -9999 -9999
1973 03 24 06   190   -80 10188   250    40     6 -9999 -9999
1973 03 24 09   230   -70 10150   180    10     7 -9999 -9999
1973 03 24 12   190     0 10147   110    10     7 -9999 -9999
1973 03 24 18 -9999 -9999 10142    90    30     6 -9999 -9999
1973 03 24 21    50     0 10135    20    20     2 -9999 -9999
1973 03 25 00    30   -40 10140    20    20     2 -9999 -9999
1973 03 25 03   100   -20 10155     0     0     0 -9999 -9999
1973 03 25 06   190   -50 10133   340    20     4 -9999 -9999
1973 03 25 09   220  -110 10107     0     0     7 -9999 -9999
1973 03 25 12   200     0 10104   220    20     7 -9999 -9999
1973 03 25 18   100    20 10115    20    30     2 -9999 -9999
1973 03 25 21   100   -30 10093   160    30     7 -9999 -9999
1973 03 26 00    90   -10 10119   140    30     7 -9999 -9999
1973 03 26 12   200   -30 10057    40    60     7 -9999 -9999
1973 03 26 18   110   -50 10083    40    30     3 -9999 -9999
1973 03 26 21    80   -10 10083    20    30     7 -9999 -9999
1973 03 27 00    60   -10 10166    70    20     7 -9999 -9999
1973 03 27 03   100     0 10139   200    10     2 -9999 -9999
1973 03 27 06   170   -40 10138   200    20     7 -9999 -9999
1973 03 27 09   190     0 10123    20    30     8 -9999 -9999
1973 03 27 12   170    30 10135 -9999 -9999     8 -9999 -9999
1973 03 27 18   100    30 10157    70    30     7 -9999 -9999
1973 03 27 21   110   -30 10154   360    40     8 -9999 -9999
1973 03 28 00    80   -20 10165    20    40     7 -9999 -9999
1973 03 28 03   110   -10 10184    90    50     8 -9999 -9999
1973 03 28 06   140   -30 10185    40    70     8 -9999 -9999
1973 03 28 09 -9999 -9999 10161    70    60     8 -9999 -9999
1973 03 28 12   150     0 10155    40    50     7 -9999 -9999
1973 03 28 18   110    10 -9999   270    10     8 -9999 -9999
1973 03 28 21   100    20 10172    20    30     7 -9999 -9999
1973 03 29 03   120    10 10186    20    20     6 -9999 -9999
1973 03 29 06   180    20 10164     0     0     7 -9999 -9999
1973 03 29 09   200     0 10135   290    30     8 -9999 -9999
1973 03 29 12   180    20 10141   270    20     7 -9999 -9999
1973 03 29 18    90    20 10145   360    30     6 -9999 -9999
1973 03 29 21    80    20 10137    90    20     4 -9999 -9999
1973 03 30 00    60    20 10141    70    20     1 -9999 -9999
1973 03 30 03   100    30 10152     0     0     7 -9999 -9999
1973 03 30 06   160     0 10142    20    20     8 -9999 -9999
1973 03 30 09   190   -20 10120    40    20     7 -9999 -9999
1973 03 30 12   190    20 10121     0     0     5 -9999 -9999
1973 03 30 18    90    40 10129     0     0     2 -9999 -9999
1973 03 30 21    80    20 10121    20    30     2 -9999 -9999
1973 03 31 00    80    20 10114    90    20     6 -9999 -9999
1973 03 31 03   120     0 10128   140    20     6 -9999 -9999
1973 03 31 06   190   -20 10114    70    40     7 -9999 -9999
1973 03 31 09   200   -50 10087    40    40     8 -9999 -9999
1973 03 31 12   190    10 10074    40    30 -9999 -9999 -9999
1973 03 31 18   130    30 10097    20    20     7 -9999 -9999
1973 04 01 00   140    20 10114    70    40     8 -9999 -9999
1973 04 01 03   150    10 10150    20    60     8 -9999 -9999
1973 04 01 06   180    10 10159    20    20     8 -9999 -9999
1973 04 01 09   160    30 10172   360    80     8 -9999 -9999
1973 04 01 12   110    90 10191    90    70     7 -9999 -9999
1973 04 01 18    70    40 10226   360    30     1 -9999 -9999
1973 04 02 00    60    20 10257 -9999 -9999     3 -9999 -9999
1973 04 02 03   100    30 10271    70    40     7 -9999 -9999
1973 04 02 06   160   -20 -9999   140    30     3 -9999 -9999
1973 04 02 09   180     0 10237   110    20     1 -9999 -9999
1973 04 02 12   180    20 10218     0     0 -9999 -9999 -9999
1973 04 02 21    80    20 10198    70    30     0 -9999 -9999
1973 04 03 00    40    10 10209     0     0     0 -9999 -9999
1973 04 03 03   110     0 10209   160    20     3 -9999 -9999
1973 04 03 06   190     0 10189   180    20     3 -9999 -9999
1973 04 03 09   210     0 10154   250    50     2 -9999 -9999
1973 04 03 12   200    30 10146   280    10     6 -9999 -9999
1973 04 03 18   100    30 10140    90    20     5 -9999 -9999
1973 04 03 21    90    30 10130   150    10     2 -9999 -9999
1973 04 04 00    70    40 10139     0     0     1 -9999 -9999
1973 04 04 03   140    10 10143   220    20     0 -9999 -9999
1973 04 04 06   220   -30 10127   220    40     0 -9999 -9999
1973 04 04 09   240   -20 10093   250    20     6 -9999 -9999
1973 04 04 12   220     0 10091   320    20     8 -9999 -9999
1973 04 04 18   120    70 10084     0     0     1 -9999 -9999
1973 04 04 21   100    20 10096   240    20     0 -9999 -9999
1973 04 05 00   100    50 10100   200    20     7 -9999 -9999
1973 04 05 03   150    10 10116   320    30     7 -9999 -9999
1973 04 05 06   220   -10 10100   250    20     3 -9999 -9999
1973 04 05 09   250   -20 10064   250    30     2 -9999 -9999
1973 04 05 12 -9999 -9999 10052    70    20     6 -9999 -9999
1973 04 05 18   140    50 10060    40    20     6 -9999 -9999
1973 04 06 00    80    20 10045   360    20     7 -9999 -9999
1973 04 06 03   130    20 10059   270    20     2 -9999 -9999
1973 04 06 06   230    10 10031     0     0     2 -9999 -9999
1973 04 06 09   250   -10 10016   250    50     4 -9999 -9999
1973 04 06 12   250    20 10006   250    30     2 -9999 -9999
1973 04 06 18   170    10  9989   220    30     3 -9999 -9999
1973 04 06 21   100    10 10001   320    10     2 -9999 -9999
1973 04 07 00    70   -10 10020    20    30     0 -9999 -9999
1973 04 07 03   150   -30 10039    90    80     0 -9999 -9999
1973 04 07 06   210   -30 10040    90    60     0 -9999 -9999
1973 04 07 09   210   -10 10047    70    70     9 -9999 -9999
1973 04 07 12   200     0 10056    90    50     9 -9999 -9999
1973 04 07 18   150    20 10080    90    60     9 -9999 -9999
1973 04 08 00   110    20 10114    70    50     7 -9999 -9999
1973 04 08 03   130   -10 10145    90    40     7 -9999 -9999
1973 04 08 06 -9999 -9999 10141   140    20     7 -9999 -9999
1973 04 08 09   180   -20 10131     0     0     8 -9999 -9999
1973 04 08 12   170   -20 10127 -9999 -9999     8 -9999 -9999
1973 04 08 18   140     0 10128     0     0     8 -9999 -9999
1973 04 08 21   120    30 10123   360    30     7 -9999 -9999
1973 04 09 00   110    20 10139   110    10     7 -9999 -9999
1973 04 09 03   150    30 10149   180    30     7 -9999 -9999
1973 04 09 06   200     0 10143   180    30     3 -9999 -9999
1973 04 09 09   220   -20 10120   180    30     0 -9999 -9999
1973 04 09 12   220     0 10103     0     0     7 -9999 -9999
1973 04 09 18   140     0 10115   140    30     0 -9999 -9999
1973 04 09 21   110    20 10113    40    40     6 -9999 -9999
1973 04 10 00    90    30 10116    70    30     7 -9999 -9999
1973 04 10 03   130    40 10131    40    30     4 -9999 -9999
1973 04 10 06   200     0 10113   320    10     6 -9999 -9999
1973 04 10 09   230   -20 10075   200    20     8 -9999 -9999
1973 04 10 12   220     0 10072     0     0     7 -9999 -9999
1973 04 10 18   150    50 10087   180    10     6 -9999 -9999
1973 04 11 00   100    20 10067    70    30     0 -9999 -9999
1973 04 11 06   200   -30 10080    80 -9999     8 -9999 -9999
1973 04 11 09   220   -10 10050     0     0     8 -9999 -9999
1973 04 11 12   200    30 10058   250    40     8 -9999 -9999
1973 04 11 18   150    50 10065   160    20     7 -9999 -9999
1973 04 11 21   130    40 10062   280    20     8 -9999 -9999
1973 04 12 00   150    10 10068   160    30     8 -9999 -9999
1973 04 12 06   170    50 10089    90    40     7 -9999 -9999
1973 04 12 09   140    80 10081    70   100     7 -9999 -9999
1973 04 12 12   130    50 10078    70    80     6 -9999 -9999
1973 04 12 18    60    40 10121     0     0     2 -9999 -9999
1973 04 12 21    50    40 10140   270    30     2 -9999 -9999
1973 04 13 00    40    20 10148     0     0     3 -9999 -9999
1973 04 13 03   110    60 10159   180    20     2 -9999 -9999
1973 04 13 06   170    70 10142   220    30     1 -9999 -9999
1973 04 13 09   210     0 10107   340    40     2 -9999 -9999
1973 04 13 12   200   -40 10105   360    30     5 -9999 -9999
1973 04 13 18    90   -10 10138   140    10     0 -9999 -9999
1973 04 13 21    70    10 10119   220    30     1 -9999 -9999
1973 04 14 00    30   -10 10121    20    10     1 -9999 -9999
1973 04 14 03 -9999 -9999 10123    90    20     8 -9999 -9999
1973 04 14 06   180   -40 10105   200    40     5 -9999 -9999
1973 04 14 12   200   -10 10090   270    20     7 -9999 -9999
1973 04 14 18   100     0 10116     0     0     6 -9999 -9999
1973 04 14 21    80    30 -9999    70    60     6 -9999 -9999
1973 04 15 00    80   -70 10153   140    40     6 -9999 -9999
1973 04 15 03   140   -70 10197   140    60     1 -9999 -9999
1973 04 15 06   150   -90 10218    40    90     0 -9999 -9999
1973 04 15 09   160  -100 10224   110    60     9 -9999 -9999
1973 04 15 12 -9999 -9999 10230   110    30     0 -9999 -9999
1973 04 15 18    80   -40 10263    70    50     0 -9999 -9999
1973 04 15 21    50   -60 10267   110    20     0 -9999 -9999
1973 04 16 00    40   -50 10278   160    10     0 -9999 -9999
1973 04 16 03    80   -90 10300   200    10     0 -9999 -9999
1973 04 16 06   140  -130 10288   180    20     0 -9999 -9999
1973 04 16 09 -9999 -9999 10270   180    30     0 -9999 -9999
1973 04 16 12   150  -120 10260   160    20     0 -9999 -9999
1973 04 16 18    90   -70 10264   140    30     0 -9999 -9999
1973 04 16 21    70   -40 10255   160    20     0 -9999 -9999
1973 04 17 00    60  -100 10254   180    30     0 -9999 -9999
1973 04 17 03   100   -90 10264   200    30     0 -9999 -9999
1973 04 17 06   170  -170 10242   270    50     5 -9999 -9999
1973 04 17 09   190  -120 10214   250    30     0 -9999 -9999
1973 04 17 12   180  -110 10202   250    30     2 -9999 -9999
1973 04 17 18   100   -80 10197   180    30     0 -9999 -9999
1973 04 17 21    80  -100 10189   200    30     0 -9999 -9999
1973 04 18 00    60  -120 10191   200    30     0 -9999 -9999
1973 04 18 06   190  -120 10176   220    60     0 -9999 -9999
1973 04 18 09   220  -160 10145   200    30     0 -9999 -9999
1973 04 18 12   220  -110 10136     0     0     0 -9999 -9999
1973 04 18 18   130   -50 10128   140    20     1 -9999 -9999
1973 04 18 21    90   -30 10118   160    10     0 -9999 -9999
1973 04 19 00    50   -20 10123   340    10     0 -9999 -9999
1973 04 19 03   140   -40 -9999     0     0     6 -9999 -9999
1973 04 19 06   220   -80 10109   200    30     1 -9999 -9999
1973 04 19 09   240   -70 10080     0     0     5 -9999 -9999
1973 04 19 12   240   -40 10074     0     0     7 -9999 -9999
1973 04 19 18   140    20 10070   110    10     6 -9999 -9999
1973 04 19 21   100    20 10074    40    20     0 -9999 -9999
1973 04 20 00    80    10 10081    40    20     0 -9999 -9999
1973 04 20 03   160   -30 10091    40    20     2 -9999 -9999
1973 04 20 06   250   -50 10063   200    30     2 -9999 -9999
1973 04 20 09   270   -60 10039   220    30     6 -9999 -9999
1973 04 20 12   270   -20 10027   250    10     1 -9999 -9999
1973 04 20 18   150     0 10013   140    20     7 -9999 -9999
1973 04 21 00    80     0 10023    20    30     7 -9999 -9999
1973 04 21 03   150     0 10036    40    30     8 -9999 -9999
1973 04 21 06   220   -20 10027    70    30     8 -9999 -9999
1973 04 21 09   280   -80  9994    90    30     7 -9999 -9999
1973 04 21 12 -9999 -9999 10042    40    20     7 -9999 -9999
1973 04 21 18   140    20 10022    40    30     5 -9999 -9999
1973 04 21 21   140 -9999 10009    90    30     3 -9999 -9999
1973 04 22 00   120   -10 10026   140    20     1 -9999 -9999
1973 04 22 03   170     0 10036    70    10     1 -9999 -9999
1973 04 22 06   270   -10 10018   340    30     1 -9999 -9999
1973 04 22 09   300   -60  9982   250    50     1 -9999 -9999
1973 04 22 12   280    20  9969    20    30     7 -9999 -9999
1973 04 22 18   180    80  9967     0     0     7 -9999 -9999
1973 04 23 00   110    60  9978     0     0     3 -9999 -9999
1973 04 23 03   210    20  9991   320    30     7 -9999 -9999
1973 04 23 06   260   -30  9987    20    30     7 -9999 -9999
1973 04 23 09   290   -30  9974     0     0     6 -9999 -9999
1973 04 23 12   290     0  9972     0     0     6 -9999 -9999
1973 04 23 18   200     0 10000    90    30     3 -9999 -9999
1973 04 24 00   140    30 10033    20    50     7 -9999 -9999
1973 04 24 03   180    20 10057    40    40     7 -9999 -9999
1973 04 24 12   270    10 -9999    90    30     7 -9999 -9999
1973 04 24 18   180    40 10028    70    40     6 -9999 -9999
1973 04 24 21 -9999 -9999 10061    40    50     6 -9999 -9999
1973 04 25 00   150    20 10049    40    50     7 -9999 -9999
1973 04 25 03   190    30 10074    70    60     8 -9999 -9999
1973 04 25 06   250    10 10053    40    70     6 -9999 -9999
1973 04 25 09   280   -20 10019    90    70     7 -9999 -9999
1973 04 25 12   260    20 10014    70    50     8 -9999 -9999
1973 04 25 18   170    50 10041   360    30     3 -9999 -9999
1973 04 25 21   150    60 10040    20    30     7 -9999 -9999
1973 04 26 00   140    50 10058   360    10     7 -9999 -9999
1973 04 26 03   180    50 10075   360    30     8 -9999 -9999
1973 04 26 06   230    30 10068    90    40     8 -9999 -9999
1973 04 26 09   290    30 10042   200    20     7 -9999 -9999
1973 04 26 18   190    40 10048   110    10     7 -9999 -9999
1973 04 27 00   160    40 10044    90    20     7 -9999 -9999
1973 04 27 03   200    40 10044    70    50     1 -9999 -9999
1973 04 27 06   270    10 10026   290    40     5 -9999 -9999
1973 04 27 09   280     0  9995    40    50     7 -9999 -9999
1973 04 27 12   270    30  9990    40    20     0 -9999 -9999
1973 04 27 18   160    60  9997   270    20     3 -9999 -9999
1973 04 27 21   150    50 10003     0     0     0 -9999 -9999
1973 04 28 00   150    60 10011   220    30     6 -9999 -9999
1973 04 28 03   220    20 10015   250    40     1 -9999 -9999
1973 04 28 06   270   -80 10007   290    60     2 -9999 -9999
1973 04 28 12   280    40  9972    40    10     2 -9999 -9999
1973 04 29 00   150    30 10020    20    40     2 -9999 -9999
1973 04 29 03   180    10 10046    40    70     2 -9999 -9999
1973 04 29 06   230    30 10041    90    40     0 -9999 -9999
1973 04 29 09   270    20 10023   220    30     0 -9999 -9999
1973 04 29 12   270    30 10027   340    40     0 -9999 -9999
1973 04 29 18   170    70 10060    40    10     0 -9999 -9999
1973 04 30 00   150    30 10059    90    30     8 -9999 -9999
1973 04 30 03   190    30 10087    20    50     7 -9999 -9999
1973 04 30 09   270     0 -9999     0     0     2 -9999 -9999
1973 04 30 12   270    20 10051   220    30     2 -9999 -9999
1973 04 30 18   180    30 10099    90   100     6 -9999 -9999
1973 04 30 21   160    50 10089   110    80     1 -9999 -9999
1973 05 01 00   130    60 10112 -9999 -9999     2 -9999 -9999
1973 05 01 03   160    50 10145    70    70     8 -9999 -9999
1973 05 01 09   230    20 10111   110    50     0 -9999 -9999
1973 05 01 12   220    20 10105    90    60     8 -9999 -9999
1973 05 01 18   170    50 10132    90    20     7 -9999 -9999
1973 05 02 00   120    50 10148    70    40     5 -9999 -9999
1973 05 02 06   210    10 10147    40    30     7 -9999 -9999
1973 05 02 09   240     0 10118    70    40     6 -9999 -9999
1973 05 02 12   230    20 10101    20    20     1 -9999 -9999
1973 05 02 18   150    70 10115     0     0     0 -9999 -9999
1973 05 03 03   190    30 10117     0     0     7 -9999 -9999
1973 05 03 06   260     0 10096   320    20     5 -9999 -9999
1973 05 03 09   270    20 10065   140    30     7 -9999 -9999
1973 05 03 12   260    30 10065   270    20     7 -9999 -9999
1973 05 03 18   180    90 10057    40    10     7 -9999 -9999
1973 05 03 21   160    70 10058   110    30     1 -9999 -9999
1973 05 04 00   150    50 10064     0     0     7 -9999 -9999
1973 05 04 03   180    70 10089     0     0     8 -9999 -9999
1973 05 04 06   260    20 -9999     0     0     3 -9999 -9999
1973 05 04 09   280    20 10049   250    50     1 -9999 -9999
1973 05 04 18   200    40 10032   110    60     1 -9999 -9999
1973 05 05 00   130    70 10045    20    20     6 -9999 -9999
1973 05 05 06   270    60 10031     0     0     1 -9999 -9999
1973 05 05 09   290   -40 10009   270    30     2 -9999 -9999
1973 05 05 12   270    30 10013   340    40     7 -9999 -9999
1973 05 05 18   170    50 10023    70    40     1 -9999 -9999
1973 05 06 00   160    30 10033    90    60     6 -9999 -9999
1973 05 06 03   180    40 10063    40    70     8 -9999 -9999
1973 05 06 06   220    20 10066    40    50     8 -9999 -9999
1973 05 06 09   250    30 10059     0     0     8 -9999 -9999
1973 05 06 18   180    60 10080   340    30     7 -9999 -9999
1973 05 06 21   160    70 10071    20    20     7 -9999 -9999
1973 05 07 00   150    40 10080    70    40     8 -9999 -9999
1973 05 07 03   170    70 10095    70    80     7 -9999 -9999
1973 05 07 06   210    50 10088    70    80     7 -9999 -9999
1973 05 07 09   220    30 10078   110    80     7 -9999 -9999
1973 05 07 12   200    50 10088    70   100     7 -9999 -9999
1973 05 07 18   150    70 10135    20    40     7 -9999 -9999
1973 05 07 21   120    80 10138    60    30     7 -9999 -9999
1973 05 08 00   120    80 10159    20    20     7 -9999 -9999
1973 05 08 03   160    90 10172     0     0     7 -9999 -9999
1973 05 08 06   210    50 10157     0     0     7 -9999 -9999
1973 05 08 09   230     0 10134    40    50     6 -9999 -9999
1973 05 08 12   230    20 10132    20    20     3 -9999 -9999
1973 05 08 18 -9999 -9999 -9999    40    30     6 -9999 -9999
1973 05 09 00   120    50 10147    70    40     6 -9999 -9999
1973 05 09 03   170    80 10149    90    50     2 -9999 -9999
1973 05 09 06   230    30 10135    40    30     7 -9999 -9999
1973 05 09 09   250    30 10113    20    40     6 -9999 -9999
1973 05 09 12   240    30 10113   110    10     5 -9999 -9999
1973 05 09 18   170    70 10139   270    30     2 -9999 -9999
1973 05 09 21   140    80 10137   270    20     3 -9999 -9999
1973 05 10 03   200    50 10147    20    20     3 -9999 -9999
1973 05 10 06   260    20 10127   320    20     7 -9999 -9999
1973 05 10 09   250    20 10117   320    30     7 -9999 -9999
1973 05 10 12   260    30 10103   270    20     3 -9999 -9999
1973 05 10 18   160    60 10106   290    30     1 -9999 -9999
1973 05 10 21 -9999 -9999 10115   220    40     0 -9999 -9999
1973 05 11 00   110    90 10113   250    30     1 -9999 -9999
1973 05 11 03   200    90 10110   270    30     1 -9999 -9999
1973 05 11 06   250    30 10096   250    40     6 -9999 -9999
1973 05 11 09   270    30 -9999   220    60     6 -9999 -9999
1973 05 11 12   270    40 10062   220    50     2 -9999 -9999
1973 05 11 18   190    50 10050   220    30     2 -9999 -9999
1973 05 11 21   160    40 10035   200    40     0 -9999 -9999
1973 05 12 00   140    50 10033   200    30     2 -9999 -9999
1973 05 12 03   220    60 10023   250    70     1 -9999 -9999
1973 05 12 06   270    50 10003   250    50     2 -9999 -9999
1973 05 12 09   310   -20  9953   250    70     6 -9999 -9999
1973 05 12 18   180    30  9953   340    30     0 -9999 -9999
1973 05 13 00   140    30  9978    40    50     0 -9999 -9999
1973 05 13 06   200    20 10013    40    60     9 -9999 -9999
1973 05 13 09   220    30  9993    40    80     9 -9999 -9999
1973 05 13 12   230    30  9999    40    30     9 -9999 -9999
1973 05 13 18   180    40 10021    70    40     9 -9999 -9999
1973 05 13 21   170    20 10019    90    50     8 -9999 -9999
1973 05 14 00   150    50 10022    70    50     8 -9999 -9999
1973 05 14 09   210   -20 10005     0     0     8 -9999 -9999
1973 05 14 12   160    30 10033    70   110     6 -9999 -9999
1973 05 14 18   140    10 10074    90    40     0 -9999 -9999
1973 05 15 00    60    20 10159   140    30     1 -9999 -9999
1973 05 15 03 -9999 -9999 10180   160    40     0 -9999 -9999
1973 05 15 06   170   -60 10193     0     0     1 -9999 -9999
1973 05 15 09   190   -80 10184   110    30     0 -9999 -9999
1973 05 15 12   190  -100 10177   110    50     0 -9999 -9999
1973 05 15 18    80   -30 10216   160    20     0 -9999 -9999
1973 05 16 00    50   -50 10241    40    20     0 -9999 -9999
1973 05 16 06   180   -20 10242   140    20     0 -9999 -9999
1973 05 16 09   210   -40 -9999   180    30     0 -9999 -9999
1973 05 16 12   210   -40 10199   110    10     0 -9999 -9999
1973 05 16 18   140   -10 10179   110    30     0 -9999 -9999
1973 05 17 00    80     0 10159     0     0     7 -9999 -9999
1973 05 17 03   150   -40 10156   220    20     7 -9999 -9999
1973 05 17 06   210   -20 10126   220    20     7 -9999 -9999
1973 05 17 09   230   -30 10104   220    10     7 -9999 -9999
1973 05 17 12   230   -40 10094     0     0     7 -9999 -9999
1973 05 17 18   170   -50 10078   160    20     0 -9999 -9999
1973 05 17 21   140   -60 10058   180    30     1 -9999 -9999
1973 05 18 00   120   -80 10071   180    30     6 -9999 -9999
1973 05 18 06   250   -50 10055   270    10     0 -9999 -9999
1973 05 18 09   270   -40 10035   270    30     3 -9999 -9999
1973 05 18 12   270   -50 10031     0     0     2 -9999 -9999
1973 05 18 18   190   -30 10038   180    20     6 -9999 -9999
1973 05 18 21   150 -9999 10040   110    10     0 -9999 -9999
1973 05 19 00   120    40 10036    70    20     6 -9999 -9999
1973 05 19 03   200    20 10057   140    20     4 -9999 -9999
1973 05 19 06   260   -50 10073   270    20     1 -9999 -9999
1973 05 19 09   280   -20 10017    20    20     7 -9999 -9999
1973 05 19 12   270   -40 10021    20    80     0 -9999 -9999
1973 05 19 18   170    30 10038 -9999 -9999     1 -9999 -9999
1973 05 19 21   150    30 10035    70    30     7 -9999 -9999
1973 05 20 00   120    20 10049    20    30     2 -9999 -9999
1973 05 20 06   270   -20 10039    90    20     0 -9999 -9999
1973 05 20 09   280     0 10021    70    50     1 -9999 -9999
1973 05 20 12   280    10 10022    70    30     0 -9999 -9999
1973 05 20 18   170    30 10042    90    30     1 -9999 -9999
1973 05 20 21   150    30 10054    70    50     6 -9999 -9999
1973 05 21 00   120    30 10072    40    30     7 -9999 -9999
1973 05 21 03   200    10 10083    20    30     6 -9999 -9999
1973 05 21 09   270    10 10055   290    30     8 -9999 -9999
1973 05 21 12   250    60 10059    20    20     8 -9999 -9999
1973 05 21 18   160    70 10059   320    30     3 -9999 -9999
1973 05 22 00   130    70 10073   270    20     6 -9999 -9999
1973 05 22 03   210    90 10078   270    40     0 -9999 -9999
1973 05 22 06   270    30 10066   220    40     1 -9999 -9999
1973 05 22 09   290   -10 10049   220    40     1 -9999 -9999
1973 05 22 12   280    40 10044   160    20     1 -9999 -9999
1973 05 22 18   180    30 10056    90    40     0 -9999 -9999
1973 05 22 21   140    30 10075    70    30     0 -9999 -9999
1973 05 23 00   110    40 10088    40    30     1 -9999 -9999
1973 05 23 03   220    20 10083    70    30     2 -9999 -9999
1973 05 23 06   280    10 10065   220    10     7 -9999 -9999
1973 05 23 09   280    20 10050   110    20     6 -9999 -9999
1973 05 23 12   290    20 10040   360    30     6 -9999 -9999
1973 05 23 18   180    50 10042    40    30     1 -9999 -9999
1973 05 23 21   140    60 -9999 -9999 -9999     7 -9999 -9999
1973 05 24 00 -9999 -9999 -9999 -9999 -9999     7 -9999 -9999
1973 05 24 03   240 -9999 10054    90    50     6 -9999 -9999
1973 05 24 06   290    20 10036    90    30     6 -9999 -9999
1973 05 24 09   310    20 10016   200    30     6 -9999 -9999
1973 05 24 12   310     0 10016   320    30     6 -9999 -9999
1973 05 24 18   220    40 10035    90    30     2 -9999 -9999
1973 05 25 00   150    40 10062    20    30     7 -9999 -9999
1973 05 25 03   210    40 10080    70    60     6 -9999 -9999
1973 05 25 06   260    50 10071    70    70     3 -9999 -9999
1973 05 25 09   290    40 10049    20    30     0 -9999 -9999
1973 05 25 12   280   140 10052    70    10     8 -9999 -9999
1973 05 25 18   200    60 10073    90    30     0 -9999 -9999
1973 05 25 21   170    70 10080    70    20     4 -9999 -9999
1973 05 26 00   210    70 10101   300 -9999     6 -9999 -9999
1973 05 26 03   230    50 10101    40    40     6 -9999 -9999
1973 05 26 06   270    50 10086    90    50     6 -9999 -9999
1973 05 26 09   300    30 10058    70    30     0 -9999 -9999
1973 05 26 12   300    40 10045     0     0     3 -9999 -9999
1973 05 26 18   200    50 10049    90    40     0 -9999 -9999
1973 05 26 21   180    50 10038    70    40     2 -9999 -9999
1973 05 27 00   180    50 10039    70    30     7 -9999 -9999
1973 05 27 03   220    40 10050    70    40     2 -9999 -9999
1973 05 27 06   260    40 10039    40    50     8 -9999 -9999
1973 05 27 09   300    30 10016    40    60     6 -9999 -9999
1973 05 27 12   280    50 10016    40    30     7 -9999 -9999
1973 05 27 18   210    80 10040   360    30     7 -9999 -9999
1973 05 27 21   200    80 10027    70    20     8 -9999 -9999
1973 05 28 00   200    60 10036     0     0     8 -9999 -9999
1973 05 28 03   210   110 10056   140    20     8 -9999 -9999
1973 05 28 06   250    70 10041   140    50     7 -9999 -9999
1973 05 28 09   270    60 10015   110    40     3 -9999 -9999
1973 05 28 12   280    50  9998   110    30     7 -9999 -9999
1973 05 28 18   170    70 10041    90    50     4 -9999 -9999
1973 05 28 21   140    80 10042   360    20     1 -9999 -9999
1973 05 29 00   120    70 10050   360    10     5 -9999 -9999
1973 05 29 03   210    70 10045    40    30     7 -9999 -9999
1973 05 29 06   260    50 10022    70    40     6 -9999 -9999
1973 05 29 09   290    50 -9999    20    20     2 -9999 -9999
1973 05 29 12 -9999 -9999  9983     0     0     1 -9999 -9999
1973 05 29 18   210    50  9993   360    60     7 -9999 -9999
1973 05 29 21   210    40  9982   360    60     8 -9999 -9999
1973 05 30 00   190    50 10006   340    40     6 -9999 -9999
1973 05 30 03   230    40 10020   360    80     7 -9999 -9999
1973 05 30 06   250    50 10021   320    80     8 -9999 -9999
1973 05 30 09   260    60 10016   320   100     6 -9999 -9999
1973 05 30 12   230    60 10024   320    50     7 -9999 -9999
1973 05 30 18   190    70 10044   320    30     3 -9999 -9999
1973 05 31 00   190    60 10048    20    30     7 -9999 -9999
1973 05 31 03   210   100 10062    70    20     7 -9999 -9999
1973 05 31 06   230   100 10067    70    20     8 -9999 -9999
1973 05 31 09   250    60 10058    70    60     8 -9999 -9999
1973 05 31 18   180    80 10107   340    20     7 -9999 -9999
1973 05 31 21   160    90 10103    20    10     7 -9999 -9999
1973 06 01 00   160   100 10106   340    30     8 -9999 -9999
1973 06 01 03   200   110 10125   160    20     7 -9999 -9999
1973 06 01 06   220    80 10125   220    20     7 -9999     0
1973 06 01 09   260    90 10109   220    30     8 -9999 -9999
1973 06 01 12 -9999 -9999 10112   110    40     2 -9999 -9999
1973 06 01 18   140   100 10134   290    30     1 -9999 -9999
1973 06 01 21   130    90 10134    20    20     2 -9999 -9999
1973 06 02 00   120    80 10147    20    10     0 -9999 -9999
1973 06 02 06   260    80 10140   180    20     0 -9999 -9999
1973 06 02 09   290    80 10117   220    30     1 -9999 -9999
1973 06 02 12   290    80 10104   290    40     6 -9999 -9999
1973 06 02 18   200    90 10100   240    30     3 -9999 -9999
1973 06 02 21   230 -9999 10102   360    20     0 -9999 -9999
1973 06 03 00 -9999   100 10105     0     0     3 -9999 -9999
1973 06 03 06   290    70 10090   290    30     7 -9999     0
1973 06 03 09   310    50 10080   250    30     4 -9999 -9999
1973 06 03 12   310    80 10062   290    30     1 -9999 -9999
1973 06 03 18   190    70 10062    70    30     2 -9999 -9999
1973 06 03 21   160   100 10061    20    50     2 -9999 -9999
1973 06 04 00   160   100 10068    40    20     2 -9999 -9999
1973 06 04 03   230    70 10073    40    30     7 -9999 -9999
1973 06 04 06   230    70 10070   110    50     7 -9999 -9999
1973 06 04 09   290    70 10039   200    30     7 -9999 -9999
1973 06 04 12   300    50 10016   200    30     2 -9999 -9999
1973 06 04 18   190    60 10051    90    30     2 -9999 -9999
1973 06 04 21   140    80 10050   320    30     0 -9999 -9999
1973 06 05 00   140    60 10057   270    20     0 -9999 -9999
1973 06 05 03   230    50 10062     0     0     1 -9999 -9999
1973 06 05 06   280    70 10044   180    20     0 -9999 -9999
1973 06 05 09   300    30 10027   270    60     1 -9999 -9999
1973 06 05 12   300     0 10013 -9999 -9999     1 -9999 -9999
1973 06 05 18   190    90 10027    20    20     0 -9999 -9999
1973 06 06 00   140    90 10035   250    10     3 -9999 -9999
1973 06 06 03   260    60 10036   270    20 -9999 -9999 -9999
1973 06 06 06   310     0 10023   290    60     1 -9999 -9999
1973 06 06 09   330    10 10009   250    40     1 -9999 -9999
1973 06 06 12   330    30 10001   200    30     1 -9999 -9999
1973 06 06 18   210    50 10008   110    20     1 -9999 -9999
1973 06 06 21   230     0 10006   160    30     6 -9999 -9999
1973 06 07 03 -9999 -9999 -9999    90    50     6 -9999 -9999
1973 06 07 06   250    70 10037    70    40     7 -9999     0
1973 06 07 09   290    80 10002    70    40     3 -9999 -9999
1973 06 07 12   300    90 10003 -9999 -9999     2 -9999 -9999
1973 06 07 18   230    40 10029    90    80     0 -9999 -9999
1973 06 07 21   220    50 10032    70   110     5 -9999 -9999
1973 06 08 00   210    40 10050    40    60     6 -9999 -9999
1973 06 08 03   220    40 10080    70   100     6 -9999 -9999
1973 06 08 06   250    40 10064    70    80     0 -9999 -9999
1973 06 08 09   270    40 10048    70    30     0 -9999 -9999
1973 06 08 12   270    60 10043    70    50     0 -9999 -9999
1973 06 08 18   210    60 10083    20    30     8 -9999 -9999
1973 06 08 21   180   100 10079   360    30     5 -9999 -9999
1973 06 09 00 -9999 -9999 -9999    70    20     7 -9999 -9999
1973 06 09 06   230   120 10099    20    40     1 -9999    30
1973 06 09 09   260   110 10078    70    10     2 -9999 -9999
1973 06 09 12   260   110 10068   160    20     0 -9999 -9999
1973 06 09 18   180   110 10080     0     0     6 -9999 -9999
1973 06 09 21   150   100 10068   360    20     0 -9999 -9999
1973 06 10 06   280    80 10060     0     0     1 -9999 -9999
1973 06 10 09   310    80 10036   290    40     0 -9999 -9999
1973 06 10 12   180    80 10027   250    40     7 -9999 -9999
1973 06 10 18   200    90 10025    70    40     6 -9999 -9999
1973 06 10 21   190    90 10021    20    40     7 -9999 -9999
1973 06 11 00   210    80 10047   110    20     7 -9999 -9999
1973 06 11 03   260   130 10041   220    20     2 -9999 -9999
1973 06 11 06   310   100 10028     0     0     3 -9999     0
1973 06 11 09   320    80 10009   220    30     3 -9999 -9999
1973 06 11 12   320    50  9990   270    40     6 -9999 -9999
1973 06 11 18   220    90 10018   110    30     6 -9999 -9999
1973 06 11 21   170   100 10030     0     0     3 -9999 -9999
1973 06 12 00   160   100 10042   360    20     0 -9999 -9999
1973 06 12 03   250    80 10047    40    30     0 -9999 -9999
1973 06 12 06   280   100 10029    40    40     2 -9999 -9999
1973 06 12 09   320   100 10009    70    20     4 -9999 -9999
1973 06 12 12   310   110 10001    90    10     6 -9999 -9999
1973 06 12 18   230    80 10021   110    30     8 -9999     0
1973 06 12 21 -9999 -9999 -9999    40    40     2 -9999 -9999
1973 06 13 00   200    40 10023    90    30     8 -9999 -9999
1973 06 13 03   240    30 -9999    70    70     6 -9999 -9999
1973 06 13 06   290    40 10033    70    70     2 -9999 -9999
1973 06 13 09   300    30 10018    70    50     0 -9999 -9999
1973 06 13 12   300    70 10014    70    50     2 -9999 -9999
1973 06 13 18   220    70 10049    70    40     7 -9999     0
1973 06 14 03   220   120 10045   110    50     1 -9999 -9999
1973 06 14 06   300     0  9990    90    40     1 -9999 -9999
1973 06 14 09   270    80 10004   110    30     5 -9999 -9999
1973 06 14 12   220    70 10028    90    90     7 -9999 -9999
1973 06 14 18   180   100 10000    40    20     6 -9999 -9999
1973 06 15 00   140   110 10032   270    10     7 -9999 -9999
1973 06 15 03   200   100 10024     0     0     7 -9999 -9999
1973 06 15 06   210   100 10019   250    40     7 -9999 -9999
1973 06 15 09   240    80 10003   270    40     7 -9999 -9999
1973 06 15 12   250    80 10006     0     0     5 -9999 -9999
1973 06 15 18   150   100 10012     0     0     0 -9999 -9999
1973 06 15 21   120    80 10006 -9999 -9999     0 -9999 -9999
1973 06 16 00   130    70 10009   250    20     0 -9999 -9999
1973 06 16 06   280    80  9991   110    20     1 -9999 -9999
1973 06 16 09   290    60  9971   220    20     3 -9999 -9999
1973 06 16 12   280    70  9972   200    20     4 -9999 -9999
1973 06 16 18   200    90  9987    70    40     2 -9999 -9999
1973 06 17 00   170   120 10001    90    30     6 -9999 -9999
1973 06 17 03   210   130 10016    20    30     5 -9999 -9999
1973 06 17 06   260    90 10007   200    10     3 -9999 -9999
1973 06 17 18   190   110 10012    90    20     1 -9999 -9999
1973 06 17 21   160   100 10012    40    10     1 -9999 -9999
1973 06 18 00   140   100 10018     0     0     1 -9999 -9999
1973 06 18 03   240   120 10018   220    30     1 -9999 -9999
1973 06 18 06   290    90 10011   140    10     1 -9999 -9999
1973 06 18 09   310    60  9981   180    30     3 -9999 -9999
1973 06 18 12   310    70  9979   270    40     7 -9999 -9999
1973 06 18 18   220    90  9980    90    30     7 -9999 -9999
1973 06 18 21 -9999 -9999 -9999     0     0     8 -9999 -9999
1973 06 19 00   190   100  9996   250    60     7 -9999 -9999
1973 06 19 03   230   110 10003    70    40     7 -9999 -9999
1973 06 19 09   270   100  9987    90    20     7 -9999 -9999
19