1975 01 01 00  -170  -180 10419   250    20     2 -9999 -9999
1975 01 01 03  -150  -160 10454     0     0     6 -9999 -9999
1975 01 01 06   -70  -120 10436     0     0     7 -9999 -9999
1975 01 01 09   -30  -110 10414    90    20     2 -9999 -9999
1975 01 01 12   -70  -130 10429   200    10     1 -9999 -9999
1975 01 01 18 -9999 -9999 10434   250    20     0 -9999 -9999
1975 01 01 21  -160  -180 10419     0     0     0 -9999 -9999
1975 01 02 00  -170  -190 10433   270    20     0 -9999 -9999
1975 01 02 03  -170  -190 10458   270    20     0 -9999 -9999
1975 01 02 06   -70  -130 10432   290    30     0 -9999 -9999
1975 01 02 09   -30  -130 10402   250    30     0 -9999 -9999
1975 01 02 12   -70  -130 10406   220    10     1 -9999 -9999
1975 01 02 18  -150  -170 10402   340    20     0 -9999 -9999
1975 01 02 21  -160  -180 10383   220    20     6 -9999 -9999
1975 01 03 00  -170  -190 10386   250    20     8 -9999 -9999
1975 01 03 06   -80  -130 10392   290    30     7 -9999 -9999
1975 01 03 09   -20  -150 10363   250    30     6 -9999 -9999
1975 01 03 12   -60  -140 10374     0     0     7 -9999 -9999
1975 01 03 18  -150  -170 10367     0     0     1 -9999 -9999
1975 01 03 21  -170  -190 10350     0     0     1 -9999 -9999
1975 01 04 00  -170  -190 10351     0     0     1 -9999 -9999
1975 01 04 03  -160  -180 10376   270    20     7 -9999 -9999
1975 01 04 06   -60  -120 10336     0     0     2 -9999 -9999
1975 01 04 09   -30  -140 10306    90    20     7 -9999 -9999
1975 01 04 12   -70  -140 10300    20    30     7 -9999 -9999
1975 01 04 18  -140  -170 10284   290    40     0 -9999 -9999
1975 01 05 00  -140  -160 10282   250    10     7 -9999 -9999
1975 01 05 03  -140  -160 10300   220    20     7 -9999 -9999
1975 01 05 06   -50  -120 10283     0     0     7 -9999 -9999
1975 01 05 09   -40  -140 10273   220    20     8 -9999 -9999
1975 01 05 12   -60  -130 10278     0     0     8 -9999 -9999
1975 01 05 18  -120  -150 10297     0     0     2 -9999 -9999
1975 01 05 21  -120  -150 10296    90    20     7 -9999 -9999
1975 01 06 00  -150  -180 10307   340    30     7 -9999 -9999
1975 01 06 03  -160  -180 10339    20    20     1 -9999 -9999
1975 01 06 06   -60  -140 10310    20    10     6 -9999 -9999
1975 01 06 09   -30  -140 10288     0     0     7 -9999 -9999
1975 01 06 12   -60  -120 10306     0     0     5 -9999 -9999
1975 01 06 18  -130  -160 10308   340    10     1 -9999 -9999
1975 01 06 21  -140  -170 10300   250    10     2 -9999 -9999
1975 01 07 00  -140  -160 10303   250    20     4 -9999 -9999
1975 01 07 03  -140  -160 10335   270    30     7 -9999 -9999
1975 01 07 06   -50  -130 10313   270    20     2 -9999 -9999
1975 01 07 09   -30  -140 10291   250    20     7 -9999 -9999
1975 01 07 12   -40 -9999 10309   220    10     7 -9999 -9999
1975 01 07 21  -130  -160 10327   250    10     2 -9999 -9999
1975 01 08 00  -130  -150 10340   270    30     2 -9999 -9999
1975 01 08 03  -140  -160 10371   220    30     1 -9999 -9999
1975 01 08 06   -40  -130 10353   250    40     1 -9999 -9999
1975 01 08 12   -40  -160 10369     0     0     1 -9999 -9999
1975 01 08 18  -120  -150 10391   320    30     0 -9999 -9999
1975 01 08 21  -140  -160 10397   270    20     0 -9999 -9999
1975 01 09 00  -150  -170 10413   270    20     1 -9999 -9999
1975 01 09 03  -140  -170 10450   320    30     0 -9999 -9999
1975 01 09 06   -50  -140 10427   340    30     0 -9999 -9999
1975 01 09 09   -10  -130 10406   250    20     0 -9999 -9999
1975 01 09 12   -40  -120 10413     0     0     0 -9999 -9999
1975 01 09 18  -130  -160 10399   340    10     0 -9999 -9999
1975 01 09 21  -150  -170 10389     0     0     0 -9999 -9999
1975 01 10 00  -160  -170 10377   250    30     0 -9999 -9999
1975 01 10 03  -150  -170 10403   270    20     0 -9999 -9999
1975 01 10 06   -40  -140 10372   250    20     0 -9999 -9999
1975 01 10 09   -10  -120 10335   250    20     0 -9999 -9999
1975 01 10 12   -40  -120 10349   270    20     1 -9999 -9999
1975 01 10 18  -130  -150 10336   250    10     0 -9999 -9999
1975 01 10 21  -140  -160 10327     0     0     0 -9999 -9999
1975 01 11 00  -150  -170 10333   250    10     0 -9999 -9999
1975 01 11 03  -160  -180 10361     0     0     1 -9999 -9999
1975 01 11 09   -10  -140 10316   290    20     1 -9999 -9999
1975 01 11 12   -40  -120 10332     0     0     6 -9999 -9999
1975 01 11 18  -130  -160 10344   290    20     3 -9999 -9999
1975 01 11 21  -150  -170 10343     0     0     0 -9999 -9999
1975 01 12 00  -160  -180 10347     0     0     0 -9999 -9999
1975 01 12 03  -150  -170 10370   270    10     6 -9999 -9999
1975 01 12 06   -50  -120 10351   250    20     1 -9999 -9999
1975 01 12 09     0  -140 10326   290    10     1 -9999 -9999
1975 01 12 12   -40  -140 10334   250    10     0 -9999 -9999
1975 01 12 18  -140  -170 10328   340    20     0 -9999 -9999
1975 01 12 21  -150  -170 10315     0     0     0 -9999 -9999
1975 01 13 00  -170  -190 10317     0     0     0 -9999 -9999
1975 01 13 03  -140  -170 10355   270    20     1 -9999 -9999
1975 01 13 06   -50  -140 10326   270    30     2 -9999 -9999
1975 01 13 09    10  -140 10299   250    30     1 -9999 -9999
1975 01 13 12   -40  -120 10315     0     0     2 -9999 -9999
1975 01 13 18  -130  -160 10327     0     0     0 -9999 -9999
1975 01 13 21  -150  -170 10330     0     0     0 -9999 -9999
1975 01 14 00  -160  -180 10343     0     0     0 -9999 -9999
1975 01 14 03  -160  -180 10370     0     0     2 -9999 -9999
1975 01 14 06   -50  -130 10344   270    20     1 -9999 -9999
1975 01 14 09     0  -130 10320   270    10     0 -9999 -9999
1975 01 14 12   -40  -160 10330     0     0     1 -9999 -9999
1975 01 14 18  -120  -150 10322   320    20     1 -9999 -9999
1975 01 14 21  -150  -170 10304     0     0     1 -9999 -9999
1975 01 15 00  -150  -170 10309   200    20     1 -9999 -9999
1975 01 15 03  -140  -160 10339 -9999 -9999     6 -9999 -9999
1975 01 15 06   -50  -120 10316   360    20     6 -9999 -9999
1975 01 15 09     0  -120 10295   270    20     2 -9999 -9999
1975 01 15 12   -40  -120 10317     0     0     7 -9999 -9999
1975 01 15 18   -90  -120 10339     0     0     0 -9999 -9999
1975 01 15 21   -90  -120 10340   110    10     8 -9999 -9999
1975 01 16 00  -100  -130 10365     0     0     8 -9999 -9999
1975 01 16 06   -30  -130 10388   320    10     7 -9999 -9999
1975 01 16 12 -9999 -9999 10415     0     0     6 -9999 -9999
1975 01 16 18  -100  -150 10418     0     0     0 -9999 -9999
1975 01 16 21  -140  -170 10422     0     0     1 -9999 -9999
1975 01 17 03  -150  -170 10452     0     0     0 -9999 -9999
1975 01 17 06   -30  -150 10417   220    30     0 -9999 -9999
1975 01 17 09     0  -160 10390   180    20     1 -9999 -9999
1975 01 17 12   -30  -110 10391     0     0     6 -9999 -9999
1975 01 17 21  -140  -170 10351   200    20     1 -9999 -9999
1975 01 18 00  -150  -170 10348   200    10     1 -9999 -9999
1975 01 18 03  -130  -150 10365     0     0     7 -9999 -9999
1975 01 18 06   -50  -150 10355   250    20     7 -9999 -9999
1975 01 18 09   -20  -150 10338   220    10     7 -9999 -9999
1975 01 18 18  -110  -150 10375   320    20     3 -9999 -9999
1975 01 18 21   -90  -130 10362     0     0     2 -9999 -9999
1975 01 19 00  -120  -150 10378   320    20     2 -9999 -9999
1975 01 19 06   -40  -130 10406     0     0     7 -9999 -9999
1975 01 19 12   -50  -110 10415   360    20     0 -9999 -9999
1975 01 19 18  -130  -150 10442   200    20     0 -9999 -9999
1975 01 19 21  -160  -180 10446   250    20     0 -9999 -9999
1975 01 20 00  -170  -190 10455     0     0     0 -9999 -9999
1975 01 20 03  -150  -170 10476   250    10     0 -9999 -9999
1975 01 20 06   -70  -130 10469   250    40     0 -9999 -9999
1975 01 20 09   -20 -9999 10437   250    30     0 -9999 -9999
1975 01 20 12   -50  -140 10432     0     0     0 -9999 -9999
1975 01 20 18  -130  -160 10422   200    30     0 -9999 -9999
1975 01 20 21  -150  -270 -9999   220    30     0 -9999 -9999
1975 01 21 00  -180  -210 10388   220    30     0 -9999 -9999
1975 01 21 03  -180  -200 10397   220    30     2 -9999 -9999
1975 01 21 09   -30  -140 10323   220    40     0 -9999 -9999
1975 01 21 12   -60  -140 10323     0     0     1 -9999 -9999
1975 01 21 18  -150  -170 10311   250    10     1 -9999 -9999
1975 01 22 00  -170  -290 10299     0     0     3 -9999 -9999
1975 01 22 03  -170  -190 10318   320    10     7 -9999 -9999
1975 01 22 06   -90  -120 -9999   320    20     2 -9999 -9999
1975 01 22 09   -20  -150 10293   320    30     1 -9999 -9999
1975 01 22 12   -50  -160 10308     0     0     2 -9999 -9999
1975 01 22 18  -150  -180 10334   340    20     1 -9999 -9999
1975 01 22 21  -160  -180 10313     0     0     1 -9999 -9999
1975 01 23 00  -180  -210 10333   320    20     1 -9999 -9999
1975 01 23 03  -180  -210 10374     0     0     1 -9999 -9999
1975 01 23 06   -60  -160 10351    40    20     0 -9999 -9999
1975 01 23 09   -10  -160 10323   360    20     0 -9999 -9999
1975 01 23 12   -40  -150 10337   360    10     0 -9999 -9999
1975 01 23 18  -150  -180 10333     0     0     0 -9999 -9999
1975 01 23 21  -170  -200 10311   360    20     0 -9999 -9999
1975 01 24 00  -180  -210 10320   220    10     0 -9999 -9999
1975 01 24 03  -100  -190 10299   130    10     7 -9999 -9999
1975 01 24 06   -40  -170 10333   290    20     1 -9999 -9999
1975 01 24 09     0  -160 -9999   340    10     3 -9999 -9999
1975 01 24 12   -10  -170 10356   360    30     2 -9999 -9999
1975 01 24 18  -120  -180 10374    70    20     3 -9999 -9999
1975 01 25 06 -9999 -9999 10425   320    30     0 -9999 -9999
1975 01 25 09   -10  -160 10396   360    20     0 -9999 -9999
1975 01 25 12   -30  -140 10405     0     0     0 -9999 -9999
1975 01 25 18  -130  -160 10414   250    30     0 -9999 -9999
1975 01 26 00  -160  -190 10412   220    30     0 -9999 -9999
1975 01 26 03  -150  -180 10433   220    20     1 -9999 -9999
1975 01 26 06   -40  -150 10424   250    10     1 -9999 -9999
1975 01 26 09   -20   -90 10377   280    30     6 -9999 -9999
1975 01 26 12   -40  -160 10385     0     0     6 -9999 -9999
1975 01 26 18  -110  -160 10376   320    20     7 -9999 -9999
1975 01 26 21  -140  -160 10364   250    30     7 -9999 -9999
1975 01 27 03  -130  -160 10368     0     0     7 -9999 -9999
1975 01 27 06   -20  -140 10340   250    50     7 -9999 -9999
1975 01 27 09     0  -180 10316   270    50     6 -9999 -9999
1975 01 27 12   -30  -140 10317   290    10     7 -9999 -9999
1975 01 27 18   -90  -140 10325     0     0     7 -9999 -9999
1975 01 27 21  -120  -150 10322   300    20     6 -9999 -9999
1975 01 28 00  -140  -170 10334     0     0     6 -9999 -9999
1975 01 28 03  -130  -160 10361     0     0     2 -9999 -9999
1975 01 28 06     0  -140 10340   250    20     1 -9999 -9999
1975 01 28 09    30  -150 10301   360    10     0 -9999 -9999
1975 01 28 12   -20  -140 10309     0     0     7 -9999 -9999
1975 01 28 18  -110  -160 10283    20    20     1 -9999 -9999
1975 01 28 21  -130  -160 10270     0     0     7 -9999 -9999
1975 01 29 00  -120  -160 10269   270    10     7 -9999 -9999
1975 01 29 03  -100  -140 10297   270    20     7 -9999 -9999
1975 01 29 06   -10  -140 10279   220    20     2 -9999 -9999
1975 01 29 09    20  -180 10256   250    30     7 -9999 -9999
1975 01 29 12   -10  -130 10250   340    10     6 -9999 -9999
1975 01 29 18  -100  -140 10264     0     0     2 -9999 -9999
1975 01 29 21  -120  -160 10263   290    20     6 -9999 -9999
1975 01 30 00  -120  -150 10272     0     0     7 -9999 -9999
1975 01 30 03   -90  -130 10294     0     0     7 -9999 -9999
1975 01 30 06    10  -120 10272     0     0     3 -9999 -9999
1975 01 30 09    30  -160 10243    20    30     2 -9999 -9999
1975 01 30 12     0  -120 10244     0     0     4 -9999 -9999
1975 01 30 18  -100  -150 10245    20    20     5 -9999 -9999
1975 01 30 21  -100  -190 10236    70    10     8 -9999 -9999
1975 01 31 00   -90  -140 10241   340    20     8 -9999 -9999
1975 01 31 03   -80  -150 10268   360    20     7 -9999 -9999
1975 01 31 06     0  -150 10261    20    20     6 -9999 -9999
1975 01 31 12    10  -140 10244     0     0     8 -9999 -9999
1975 01 31 18   -10   -90 10235   250    30     8 -9999 -9999
1975 01 31 21   -20  -100 10229   250    20     8 -9999 -9999
1975 02 01 00   -30   -70 10228   250    20     8 -9999 -9999
1975 02 01 03   -30   -60 10244   180    20     8 -9999 -9999
1975 02 01 06     0   -60 10236   220    40     8 -9999    -1
1975 02 01 09    10   -10 10220   220    20     7 -9999 -9999
1975 02 01 12     0   -70 10218    90    30     6 -9999    -1
1975 02 01 18  -100  -110 10236   200   200     3 -9999 -9999
1975 02 01 21  -110  -130 10239   250    20     6 -9999 -9999
1975 02 02 00  -110  -120 10238     0     0     7 -9999 -9999
1975 02 02 03  -100  -120 10247   200    30     7 -9999 -9999
1975 02 02 06   -20   -80 10244 -9999 -9999     7 -9999 -9999
1975 02 02 09    20   -80 10203   290    20     7 -9999 -9999
1975 02 02 12     0   -90 10192    40    20     7 -9999 -9999
1975 02 02 18   -50   -90 10164    20    10     8 -9999 -9999
1975 02 02 21   -50  -110 10142     0     0     8 -9999 -9999
1975 02 03 00   -60   -90 -9999   200    20     8 -9999 -9999
1975 02 03 03   -50  -100 10158   220    20     7 -9999 -9999
1975 02 03 06   -10   -80 10143   220    60     7 -9999 -9999
1975 02 03 09    20   -90 10119   220    70     8 -9999 -9999
1975 02 03 12     0   -60 10143     0     0     8 -9999 -9999
1975 02 03 18   -30   -90 10167    90    20     6 -9999 -9999
1975 02 03 21   -70  -100 10184    40    50     7 -9999 -9999
1975 02 04 00   -70   -80 10201    40    40     2 -9999 -9999
1975 02 04 03   -60   -80 10236    70    60     6 -9999 -9999
1975 02 04 06   -10  -100 10238    40    70     2 -9999 -9999
1975 02 04 09    10  -110 10228    70    70     0 -9999 -9999
1975 02 04 12 -9999 -9999 -9999    40    50     5 -9999 -9999
1975 02 04 18   -70  -130 10250    40    40     6 -9999 -9999
1975 02 04 21   -80  -110 10247    40    20     5 -9999 -9999
1975 02 05 00   -90  -140 10265    20    30     7 -9999 -9999
1975 02 05 03   -90  -140 10294    40    40     8 -9999 -9999
1975 02 05 06   -40  -140 10300    70    50     8 -9999    -1
1975 02 05 09 -9999 -9999 -9999    70    20     8 -9999 -9999
1975 02 05 12   -30  -130 10302    70    30     7 -9999    -1
1975 02 05 18   -40  -120 10313    70    20     8 -9999 -9999
1975 02 05 21   -80  -120 10312     0     0     5 -9999 -9999
1975 02 06 00   -70  -110 10310     0     0     8 -9999 -9999
1975 02 06 03   -70  -160 10333    20    10     7 -9999 -9999
1975 02 06 06   -40  -170 10325     0     0     8 -9999 -9999
1975 02 06 09   -10  -180 10308   220    10     7 -9999 -9999
1975 02 06 12   -30  -130 10308     0     0     7 -9999 -9999
1975 02 06 18  -100  -170 10324   160    20     1 -9999 -9999
1975 02 06 21   -70  -110 10301     0     0     8 -9999 -9999
1975 02 07 00  -100  -140 10313   320    20     5 -9999 -9999
1975 02 07 03   -90  -140 10331     0     0     1 -9999 -9999
1975 02 07 06   -20  -150 10323     0     0     2 -9999 -9999
1975 02 07 09     0  -160 10290     0     0     5 -9999 -9999
1975 02 07 12   -20  -140 10299     0     0     5 -9999 -9999
1975 02 07 18  -100  -140 10305   340    20     0 -9999 -9999
1975 02 07 21  -120  -140 10305     0     0     1 -9999 -9999
1975 02 08 00  -120  -140 10304   270    10     2 -9999 -9999
1975 02 08 03  -110  -130 10323     0     0     7 -9999 -9999
1975 02 08 06   -10  -220 10300   360    30     6 -9999 -9999
1975 02 08 09    20  -170 10284     0     0     5 -9999 -9999
1975 02 08 12   -10  -140 10279     0     0     4 -9999 -9999
1975 02 08 18  -120  -150 10276     0     0     1 -9999 -9999
1975 02 08 21  -120  -150 10276     0     0     2 -9999 -9999
1975 02 09 00  -120  -140 10296   220    10     3 -9999 -9999
1975 02 09 06   -20  -130 10317   270    30     8 -9999 -9999
1975 02 09 09    10  -140 10301   200    10     8 -9999 -9999
1975 02 09 12     0  -120 10305     0     0     7 -9999 -9999
1975 02 09 18   -80  -130 10317     0     0     7 -9999 -9999
1975 02 09 21  -100  -130 10320     0     0     2 -9999 -9999
1975 02 10 00  -120  -140 10331     0     0     1 -9999 -9999
1975 02 10 03  -100  -120 10350     0     0     1 -9999 -9999
1975 02 10 06    10  -130 10323   320    20     0 -9999 -9999
1975 02 10 09    30  -190 10296     0     0     0 -9999 -9999
1975 02 10 12    10  -130 10295     0     0     1 -9999 -9999
1975 02 10 18   -90  -160 10290   270    30     0 -9999 -9999
1975 02 10 21  -110  -130 10280   250    20     0 -9999 -9999
1975 02 11 00  -110  -130 10281   250    20     1 -9999 -9999
1975 02 11 03   -90  -120 10306   120    10     0 -9999 -9999
1975 02 11 06    20  -140 10285 -9999 -9999     0 -9999 -9999
1975 02 11 09    40  -120 10257     0     0     0 -9999 -9999
1975 02 11 12    20   -90 10254     0     0     1 -9999 -9999
1975 02 11 18   -90  -120 10251    90    20     1 -9999 -9999
1975 02 11 21  -110  -130 -9999   360    10     2 -9999 -9999
1975 02 12 00  -130  -150 10226   110    10     3 -9999 -9999
1975 02 12 06    30  -120 10305    40    20     2 -9999 -9999
1975 02 12 09    40  -100 10165    70    30     7 -9999 -9999
1975 02 12 12    20   -90 10158     0     0     7 -9999 -9999
1975 02 12 18   -50  -120 10138    40    30     7 -9999 -9999
1975 02 12 21   -80  -110 10131   320    20     7 -9999 -9999
1975 02 13 00   -90  -120 10131   200    20     4 -9999 -9999
1975 02 13 03   -70  -100 10126     0     0     8 -9999 -9999
1975 02 13 06     0  -100 10100     0     0     8 -9999 -9999
1975 02 13 18   -30   -90 10103   200    20     7 -9999 -9999
1975 02 14 00   -50   -90 10132   270    30     8 -9999 -9999
1975 02 14 03   -40   -80 10162   200   220     8 -9999 -9999
1975 02 14 06     0   -90 10180   220    30     8 -9999 -9999
1975 02 14 09    30   -60 10186   250    30     7 -9999 -9999
1975 02 14 12    20  -100 10221     0     0     6 -9999 -9999
1975 02 14 18   -40  -100 10272   110    30     5 -9999 -9999
1975 02 15 00   -50  -110 10301   110    20     2 -9999 -9999
1975 02 15 06    40  -120 10327   160    20     8 -9999 -9999
1975 02 15 09 -9999  -120 10309   140    30     7 -9999 -9999
1975 02 15 12    30  -110 10327    90    10     5 -9999 -9999
1975 02 15 21   -50  -100 10346     0     0     5 -9999 -9999
1975 02 16 00   -80  -140 10369    20    20     3 -9999 -9999
1975 02 16 03   -60  -120 10395   110    10     5 -9999 -9999
1975 02 16 06    30  -110 10375   110    20     0 -9999 -9999
1975 02 16 12    20  -100 10370   210    10     7 -9999 -9999
1975 02 16 18   -60  -140 10372    20    20     0 -9999 -9999
1975 02 17 00   -90  -140 10377    20    10     2 -9999 -9999
1975 02 17 03   -60  -130 10391     0     0     6 -9999 -9999
1975 02 17 06    30  -130 10370   340    20     6 -9999 -9999
1975 02 17 09    60 -9999 10334   250    30     1 -9999 -9999
1975 02 17 12    30  -110 10348     0     0     1 -9999 -9999
1975 02 17 18   -50  -130 10344   110    20     1 -9999 -9999
1975 02 17 21   -80  -100 10340   160    10     1 -9999 -9999
1975 02 18 00   -90  -120 10352   180    20     0 -9999 -9999
1975 02 18 03   -70  -120 10376     0     0     0 -9999 -9999
1975 02 18 06    30  -150 10358   270    30     0 -9999 -9999
1975 02 18 09    60  -160 10342   290    30     1 -9999 -9999
1975 02 18 12    30  -110 10357   340    10     0 -9999 -9999
1975 02 18 18   -50  -130 10375    90    20     0 -9999    -1
1975 02 18 21   -80  -120 10374    70    20     1 -9999 -9999
1975 02 19 00  -100  -140 10393    40    10     0 -9999 -9999
1975 02 19 03   -70  -140 -9999   360    30     3 -9999 -9999
1975 02 19 06    30  -150 10404    90    20     6 -9999 -9999
1975 02 19 09    50  -160 10376    90    10     2 -9999 -9999
1975 02 19 12    30  -120 10391     0     0     6 -9999 -9999
1975 02 19 18   -60  -140 10387     0     0     8 -9999 -9999
1975 02 19 21   -60  -120 10373    90    10     8 -9999 -9999
1975 02 20 00   -80  -130 10380     0     0     7 -9999 -9999
1975 02 20 03   -70  -140 10401     0     0     1 -9999 -9999
1975 02 20 06    40  -160 10361   250    30     0 -9999 -9999
1975 02 20 09    60  -170 10332   250    30     2 -9999 -9999
1975 02 20 12    30  -140 10340   270    20     7 -9999 -9999
1975 02 20 18   -20  -210 10329   180    20     8 -9999 -9999
1975 02 20 21   -30  -120 10323   180    20     7 -9999 -9999
1975 02 21 00   -50   -90 10335   200    20     3 -9999 -9999
1975 02 21 03   -30  -140 10348   250    40     0 -9999 -9999
1975 02 21 06    40  -110 10334   270    30     0 -9999 -9999
1975 02 21 09    70  -160 10303   250    60     0 -9999 -9999
1975 02 21 12    50  -110 10310     0     0     6 -9999 -9999
1975 02 22 00   -90  -120 10305     0     0     2 -9999 -9999
1975 02 22 03   -50  -120 -9999   250    30     0 -9999 -9999
1975 02 22 06    40  -120 10314   250    40     0 -9999 -9999
1975 02 22 09    80  -160 10278   250    50     0 -9999 -9999
1975 02 22 12    60   -70 10261     0     0     5 -9999 -9999
1975 02 22 18   -40  -110 10234    90    10     8 -9999 -9999
1975 02 22 21   -40   -70 10202     0     0     8 -9999 -9999
1975 02 23 00   -60   -90 10204     0     0     7 -9999 -9999
1975 02 23 03   -30   -90 10223   290    20     8 -9999 -9999
1975 02 23 06    50  -150 10211   220    30     7 -9999 -9999
1975 02 23 09    80  -160 10185   250    50     7 -9999 -9999
1975 02 23 12    70   -90 10184     0     0     6 -9999 -9999
1975 02 23 18   -40  -100 10210   220    10     0 -9999 -9999
1975 02 23 21   -50  -110 10201     0     0     7 -9999 -9999
1975 02 24 00   -60  -100 -9999   180    20     3 -9999 -9999
1975 02 24 06    70  -140 10222   220    40     4 -9999 -9999
1975 02 24 09   130  -130 10183   270    40     1 -9999 -9999
1975 02 24 12    90   -90 10190    20    40     7 -9999 -9999
1975 02 24 18     0  -100 10200    40    30     6 -9999 -9999
1975 02 24 21   -20  -100 10193    20    40     7 -9999 -9999
1975 02 25 00   -50   -90 10217   360    30     0 -9999 -9999
1975 02 25 06    90  -110 10234    40    30     2 -9999 -9999
1975 02 25 09   120  -150 10213    70    50     0 -9999 -9999
1975 02 25 12    90  -100 10236    40    30     7 -9999 -9999
1975 02 25 18     0  -110 10266    40    30     0 -9999 -9999
1975 02 25 21   -20  -130 10265    20    50     8 -9999 -9999
1975 02 26 00   -20   -90 10277    40    50     8 -9999 -9999
1975 02 26 03   -10  -120 10310    70    60     1 -9999 -9999
1975 02 26 06    40   -90 10307    40    60     0 -9999 -9999
1975 02 26 09    70  -140 10266    70    50     0 -9999 -9999
1975 02 26 12    50   -90 10260    40    30     6 -9999 -9999
1975 02 26 18   -30   -70 10274    40    30     2 -9999 -9999
1975 02 26 21   -60  -110 10262    20    10     0 -9999 -9999
1975 02 27 00   -80  -110 10263     0     0     0 -9999 -9999
1975 02 27 03   -40  -110 10270     0     0     3 -9999 -9999
1975 02 27 06    60  -100 10236     0     0     6 -9999 -9999
1975 02 27 09    80  -110 10203     0     0     5 -9999 -9999
1975 02 27 12    70  -120 10196     0     0     6 -9999 -9999
1975 02 27 18   -30  -100 10177    20    10     0 -9999 -9999
1975 02 27 21   -40   -90 10169   290    20     8 -9999 -9999
1975 02 28 00   -50   -90 10162   160    20     7 -9999 -9999
1975 02 28 03   -20   -90 10178   200    20     8 -9999 -9999
1975 02 28 06    60  -120 10165   200    10     8 -9999 -9999
1975 02 28 09    80  -130 10141   270    20     8 -9999 -9999
1975 02 28 12    60   -70 10159     0     0     8 -9999 -9999
1975 02 28 18     0   -70 10174     0     0     8 -9999 -9999
1975 02 28 21   -20   -70 10179   140    20     6 -9999 -9999
1975 03 01 00   -20   -80 10186   110    20     7 -9999 -9999
1975 03 01 03   -10   -80 10214   340    20     7 -9999 -9999
1975 03 01 06    10  -100 10196   300   230     3 -9999 -9999
1975 03 01 09   110  -120 10167   140    20     2 -9999 -9999
1975 03 01 12    90   -90 10181    40    10     0 -9999 -9999
1975 03 01 18   -10   -90 10190    90    10     9 -9999 -9999
1975 03 01 21   -20  -100 10181   190    20     0 -9999 -9999
1975 03 02 00   -10   -70 10188   160    30     8 -9999 -9999
1975 03 02 03     0   -70 10232     0     0     8 -9999 -9999
1975 03 02 06   100  -110 10213   220    30     6 -9999 -9999
1975 03 02 09   120  -100 10187   220    10     1 -9999 -9999
1975 03 02 12   100   -70 10171    70    30     0 -9999 -9999
1975 03 02 18    10  -100 10149    70    30     0 -9999 -9999
1975 03 03 00   -20  -110 10126    70    30     7 -9999 -9999
1975 03 03 03     0  -100 10142    70    20     2 -9999 -9999
1975 03 03 06    90   -70 10127 -9999 -9999     6 -9999 -9999
1975 03 03 09 -9999  -120 10102     0     0     6 -9999 -9999
1975 03 03 12   100   -40 10096     0     0     7 -9999 -9999
1975 03 03 18    20   -90 10067    20    30     6 -9999 -9999
1975 03 03 21     0   -90 10059    20    30     7 -9999 -9999
1975 03 04 00   -20   -60 10070    20    10     7 -9999 -9999
1975 03 04 03     0   -70 10100     0     0     8 -9999 -9999
1975 03 04 06    80   -70 10101   320    20     8 -9999 -9999
1975 03 04 09   110   -80 10091   250    10     7 -9999 -9999
1975 03 04 12   100   -50 10097     0     0     6 -9999 -9999
1975 03 04 18     0   -90 10123   160    20     3 -9999 -9999
1975 03 04 21    20   -70 10105   270    30     3 -9999 -9999
1975 03 05 00   -10   -70 10129   140    20     7 -9999 -9999
1975 03 05 03     0   -50 10167     0     0     7 -9999 -9999
1975 03 05 06    90   -90 10162 -9999 -9999     7 -9999 -9999
1975 03 05 09   100  -100 10135    40    30     7 -9999 -9999
1975 03 05 12    90   -90 10138    70    30     7 -9999 -9999
1975 03 05 18    20   -70 10140   360    20     8 -9999 -9999
1975 03 05 21 -9999 -9999 -9999   340    20     8 -9999 -9999
1975 03 06 00    50   -80 10138    20    30     8 -9999 -9999
1975 03 06 06   100   -70 10163    70    60     7 -9999 -9999
1975 03 06 09   110   -70 10141     0     0     8 -9999 -9999
1975 03 06 12    90   -50 10143   250    20     7 -9999 -9999
1975 03 06 18    20   -50 10164   270    30     2 -9999 -9999
1975 03 06 21   -20   -40 10167   220    10     6 -9999 -9999
1975 03 07 00   -20   -50 10174   180    10     6 -9999 -9999
1975 03 07 06   100   -80 10178   270    20     0 -9999 -9999
1975 03 07 09   120   -40 10158   250    30     2 -9999 -9999
1975 03 07 12   110   -50 10150   220    20     1 -9999 -9999
1975 03 07 18   -10   -60 10168   220    20     1 -9999 -9999
1975 03 07 21   -20   -90 10172   290    10     0 -9999 -9999
1975 03 08 00   -50   -90 10186   360    30     1 -9999 -9999
1975 03 08 03   -10   -90 10226    40    10     7 -9999 -9999
1975 03 08 06    80   -60 10215    40    30     1 -9999 -9999
1975 03 08 09   120   -80 10186     0     0     2 -9999 -9999
1975 03 08 12   110  -110 10193    20    30     0 -9999 -9999
1975 03 08 18    10   -60 10210    40    30     2 -9999 -9999
1975 03 08 21     0   -80 10201    20    40     3 -9999 -9999
1975 03 09 00   -20   -90 10204   310    30     1 -9999 -9999
1975 03 09 03     0   -70 10234    70    50     7 -9999 -9999
1975 03 09 06    60   -70 10227    70    50     0 -9999 -9999
1975 03 09 09   100   -80 10199    40    30     0 -9999 -9999
1975 03 09 12    90   -60 10193    70    30     7 -9999 -9999
1975 03 09 18 -9999 -9999 10204    70    30     0 -9999 -9999
1975 03 10 00     0   -70 10198    90    20     7 -9999 -9999
1975 03 10 03    20   -70 10232    20    30     7 -9999 -9999
1975 03 10 06    80   -90 10214    40    30     0 -9999 -9999
1975 03 10 09   110   -90 10181    70    30     0 -9999 -9999
1975 03 10 12    90   -70 10175    70    30     6 -9999 -9999
1975 03 10 18    30   -60 10180    70    30     3 -9999 -9999
1975 03 10 21    20   -70 10168    90    20     7 -9999 -9999
1975 03 11 00     0   -60 10179    40    10     7 -9999 -9999
1975 03 11 03    20   -70 10203    40    20     7 -9999 -9999
1975 03 11 06    80  -100 10186     0     0     7 -9999 -9999
1975 03 11 09 -9999 -9999 10154    70    10     7 -9999 -9999
1975 03 11 12    90  -100 10160     0     0     7 -9999 -9999
1975 03 11 18    20   -70 10168    70    30     7 -9999 -9999
1975 03 11 21    10   -80 10161   110    20     7 -9999 -9999
1975 03 12 00     0   -80 10166   110    10     7 -9999   100
1975 03 12 03    30   -80 10187     0     0     7 -9999 -9999
1975 03 12 06   100  -110 10179   270    20     7 -9999 -9999
1975 03 12 09 -9999 -9999 -9999   270    70     7 -9999 -9999
1975 03 12 12   200   -70 10174   190    20     6 -9999 -9999
1975 03 12 21    20  -120 10188   200    50     1 -9999 -9999
1975 03 13 00   -20  -110 10213   230    30     0 -9999 -9999
1975 03 13 03    10  -110 10246   250    40     0 -9999 -9999
1975 03 13 06   110   -70 10233     0     0     0 -9999 -9999
1975 03 13 09   140  -100 10210   270    40     5 -9999 -9999
1975 03 14 00    20   -70 10238    70    20     6 -9999 -9999
1975 03 14 03    10   -70 10274     0     0     0 -9999 -9999
1975 03 14 06   120   -70 10255     0     0     0 -9999 -9999
1975 03 14 09   160  -130 10225   270    30     0 -9999 -9999
1975 03 14 12   150   -80 10207   270    10     2 -9999 -9999
1975 03 14 18    30   -60 10187    70    20     0 -9999 -9999
1975 03 14 21     0   -80 10174    20    20     0 -9999 -9999
1975 03 15 00   -20  -100 10168    90    20     0 -9999 -9999
1975 03 15 03    10   -60 10185     0     0     6 -9999 -9999
1975 03 15 06   130  -110 10151     0     0     2 -9999 -9999
1975 03 15 09   160 -9999 10118   290    30     7 -9999 -9999
1975 03 15 12   140   -40 10106     0     0     7 -9999 -9999
1975 03 15 18    30   -50 10107   200    10     4 -9999 -9999
1975 03 15 21    20   -50 10104     0     0     0 -9999 -9999
1975 03 16 00    30   -70 10109   200    30     7 -9999 -9999
1975 03 16 03    60  -120 10137   250    40     7 -9999 -9999
1975 03 16 06   140 -9999 10130   320    50     7 -9999 -9999
1975 03 16 09   170  -120 10118   290    50     2 -9999 -9999
1975 03 16 12   140  -120 10129   340    30     1 -9999 -9999
1975 03 16 18    60   -70 10158    70    20     1 -9999 -9999
1975 03 16 21   -20   -70 10175   360    30     2 -9999 -9999
1975 03 17 00   -10   -90 10186   360    30     3 -9999 -9999
1975 03 17 03    50   -60 10207    70    10     0 -9999 -9999
1975 03 17 06   140  -120 10192    70    40     1 -9999 -9999
1975 03 17 09   170   -70 -9999   180    30     1 -9999 -9999
1975 03 17 18    40   -50 10216   140    40     1 -9999 -9999
1975 03 17 21    20   -50 10227   110    40     0 -9999 -9999
1975 03 18 00   -20   -90 10256    20    30     0 -9999 -9999
1975 03 18 03    30   -70 10292    20    40     1 -9999 -9999
1975 03 18 06   120   -80 10283    70    50     1 -9999 -9999
1975 03 18 09   150  -140 10267    20    60     7 -9999 -9999
1975 03 18 12   140   -70 10271    40    30     7 -9999 -9999
1975 03 18 18    40   -60 10270    40    30     2 -9999 -9999
1975 03 18 21    30   -70 10256     0     0     7 -9999 -9999
1975 03 19 00   -10   -90 10259    40    40     7 -9999 -9999
1975 03 19 09   150  -110 10207    40    30     1 -9999 -9999
1975 03 19 12   140   -30 10194    40    30     0 -9999 -9999
1975 03 19 18    60  -110 10175    40    30     0 -9999 -9999
1975 03 19 21    10   -50 10165    40    10     0 -9999 -9999
1975 03 20 00   -20   -60 10164    70    20     4 -9999 -9999
1975 03 20 03    10   -60 10183   320    20     7 -9999 -9999
1975 03 20 06   120   -50 10156     0     0     7 -9999 -9999
1975 03 20 09   160   -70 10129   200    50     1 -9999 -9999
1975 03 20 12   150   -40 10125   290    20     5 -9999 -9999
1975 03 20 18    30   -20 10122   160    20     0 -9999 -9999
1975 03 20 21    40   -70 10097   160    30     0 -9999 -9999
1975 03 21 03    50   -60 10118   200    20     1 -9999 -9999
1975 03 21 06   130   -80 10103    20    30     1 -9999 -9999
1975 03 21 09   190   -60 10075   340    10     7 -9999 -9999
1975 03 21 12   170   -30 10082    20    30     2 -9999 -9999
1975 03 21 18    70   -50 10127    40    40     3 -9999 -9999
1975 03 21 21    50  -170 10136    70    40     2 -9999 -9999
1975 03 22 00    30   -90 10157    70    60     2 -9999 -9999
1975 03 22 03    70  -100 10213    70    70     6 -9999 -9999
1975 03 22 06   100  -140 10208    90    40     7 -9999 -9999
1975 03 22 09   130  -120 10185    40    30     8 -9999 -9999
1975 03 22 12   120   -80 10192 -9999 -9999     8 -9999 -9999
1975 03 22 18    50   -50 10225    70    30     0 -9999 -9999
1975 03 22 21    40   -50 10220    90    20     5 -9999 -9999
1975 03 23 00    20   -50 10230    70    10     8 -9999 -9999
1975 03 23 03    50   -80 10240    40    30     8 -9999 -9999
1975 03 23 06   110   -80 10218    40    30     8 -9999 -9999
1975 03 23 09   150  -110 10184     0     0     7 -9999 -9999
1975 03 23 12   130   -50 10183     0     0     8 -9999 -9999
1975 03 23 18    60   -30 10198    20    20     8 -9999 -9999
1975 03 23 21    60   -40 10182    90    20     8 -9999 -9999
1975 03 24 00    50   -30 10187    20    20     8 -9999 -9999
1975 03 24 03    70   -50 10209     0     0     8 -9999 -9999
1975 03 24 06   130   -80 10190     0     0     7 -9999 -9999
1975 03 24 09    70    50 -9999   270    50     8 -9999 -9999
1975 03 24 12   230   -40 10163   290    10     8 -9999 -9999
1975 03 24 21    40   -10 10138    90    20     7 -9999 -9999
1975 03 25 00    40   -90 10146   200    30     8 -9999 -9999
1975 03 25 03    50  -120 10162     0     0     7 -9999 -9999
1975 03 25 06   140   -80 10144   270    30     0 -9999 -9999
1975 03 25 09   170   -90 10108   270    30     0 -9999 -9999
1975 03 25 12   170   -40 10096     0     0     3 -9999 -9999
1975 03 25 18    70   -40 10104    70    20     8 -9999 -9999
1975 03 26 03    70   -60 10126    40    30     7 -9999 -9999
1975 03 26 06   150   -60 10118    40    20     1 -9999 -9999
1975 03 26 09   200   -60 10091    70    40     2 -9999 -9999
1975 03 26 12   180   -60 10091    40    20     0 -9999 -9999
1975 03 26 18    60   -30 10119    40    30     0 -9999 -9999
1975 03 26 21    40   -50 10119    20    30     0 -9999 -9999
1975 03 27 00    30   -40 10132    20    30     7 -9999 -9999
1975 03 27 03    80   -60 10176    40    30     0 -9999 -9999
1975 03 27 06   160   -90 10162    70    60     7 -9999 -9999
1975 03 27 09   180   -90 10148    90    40     3 -9999 -9999
1975 03 27 12   170   -10 10158    70    20     3 -9999 -9999
1975 03 27 18    80   -20 10180    90    20     0 -9999 -9999
1975 03 27 21    60   -40 10184   140    10     0 -9999 -9999
1975 03 28 00    30   -50 10205    20    10     0 -9999 -9999
1975 03 28 03    70   -50 10235    40    20     0 -9999 -9999
1975 03 28 06   160   -30 10226    40    20     0 -9999 -9999
1975 03 28 09   200   -90 10205    90    30     0 -9999 -9999
1975 03 28 12   190   -30 10208    40    30     0 -9999 -9999
1975 03 28 18    90   -20 10211    90    30     7 -9999 -9999
1975 03 28 21    50   -30 10210    10    30     0 -9999 -9999
1975 03 29 00    30   -50 10222    20    40     0 -9999 -9999
1975 03 29 03    80   -20 10235    70    30     0 -9999 -9999
1975 03 29 06   180   -50 10213   110    30     0 -9999 -9999
1975 03 29 09   220   -70 10186    20    20     2 -9999 -9999
1975 03 29 12   210   -60 10184    20    30     6 -9999 -9999
1975 03 29 18   110  -130 10192    70    20     0 -9999 -9999
1975 03 29 21    80   -30 10187   110    20     0 -9999 -9999
1975 03 30 00    40   -30 10202    20    20     0 -9999 -9999
1975 03 30 03   100   -40 10224    20    30     1 -9999 -9999
1975 03 30 06   200   -80 10211    70    20     8 -9999 -9999
1975 03 30 09   220  -110 10190    90    20     3 -9999 -9999
1975 03 30 12   210   -40 10187    40    30     7 -9999 -9999
1975 03 30 18   100   -10 10193    40    20     0 -9999 -9999
1975 03 31 00    40   -30 10197    20    20     0 -9999 -9999
1975 03 31 03   110   -10 10215    90    20     7 -9999 -9999
1975 03 31 06   200   -80 10193   250    10     7 -9999 -9999
1975 03 31 09   230   -70 10166     0     0     7 -9999 -9999
1975 03 31 12   220   -10 10162     0     0     7 -9999 -9999
1975 03 31 18   100    30 10161    40    10     0 -9999 -9999
1975 03 31 21    80    30 10149     0     0     0 -9999 -9999
1975 04 01 00    40  -120 10158   360    20     7 -9999 -9999
1975 04 01 03   110   -20 10179    20    20     3 -9999 -9999
1975 04 01 06   210   -40 10153    20    20     7 -9999 -9999
1975 04 01 09   230   -70 10127    70    20     6 -9999 -9999
1975 04 01 12   230   -50 10117    40    30     6 -9999 -9999
1975 04 01 18   130    50 10137 -9999 -9999     0 -9999 -9999
1975 04 01 21   160   -70 10109   110    50     7 -9999 -9999
1975 04 02 00    80     0 10129    20    20     6 -9999 -9999
1975 04 02 03   110   -10 10153    40    20     7 -9999 -9999
1975 04 02 06   200   -30 10129     0     0     7 -9999 -9999
1975 04 02 09   230   -50 10081     0     0     6 -9999 -9999
1975 04 02 12   210    60 10089     0     0     7 -9999 -9999
1975 04 02 18   150   -20 10094   200    50     6 -9999 -9999
1975 04 02 21   120    20 10081     0     0     8 -9999 -9999
1975 04 03 00   130    30 10084   200    30     8 -9999 -9999
1975 04 03 03   140    40 10112   290    20     7 -9999 -9999
1975 04 03 06   190     0 10107    90    40     5 -9999 -9999
1975 04 03 09   180   -40 10108    70   110     9 -9999 -9999
1975 04 03 12   170   -20 10128    70    50     9 -9999 -9999
1975 04 03 18   130    10 10183    70    40     9 -9999 -9999
1975 04 03 21   110    10 10194    70    80     9 -9999 -9999
1975 04 04 00   110     0 10215 -9999 -9999     9 -9999 -9999
1975 04 04 06   140   -30 10224    90    70     7 -9999 -9999
1975 04 04 09   160   -60 10196    70    50     8 -9999 -9999
1975 04 04 12   150   -30 10185   110    20     8 -9999 -9999
1975 04 04 18   130    10 10190   290    30     9 -9999    -1
1975 04 04 21   120    30 10175   220    30     8 -9999 -9999
1975 04 05 00   110    40 10173   200    20     8 -9999    -1
1975 04 05 06   170    10 10164   220    60     6 -9999 -9999
1975 04 05 12   170    20 10132   250    20     7 -9999 -9999
1975 04 05 18   110     0 10129     0     0     0 -9999 -9999
1975 04 05 21    80    10 10128   160    20     0 -9999 -9999
1975 04 06 00    70     0 10138   160    30     5 -9999 -9999
1975 04 06 03   120    30 10170     0     0     7 -9999 -9999
1975 04 06 06   200   -10 10179   140    50     7 -9999 -9999
1975 04 06 12   210   -10 10163   180    20     7 -9999 -9999
1975 04 06 18   100   -70 10169   110    30     1 -9999 -9999
1975 04 07 00    60  -130 10161    40    20     1 -9999 -9999
1975 04 07 03    90   -90 10175    90    40     0 -9999 -9999
1975 04 07 06   150  -130 10155    70    30     7 -9999 -9999
1975 04 07 09   190  -100 10114     0     0     2 -9999 -9999
1975 04 07 12   190   -70 10096    90    20     2 -9999 -9999
1975 04 07 18    90   -10 10087   140    20     2 -9999 -9999
1975 04 07 21    70   -20 10075    70    20     1 -9999 -9999
1975 04 08 00    70   -20 10087    90    10     8 -9999 -9999
1975 04 08 03   110   -20 10111    90    30     8 -9999 -9999
1975 04 08 06   190   -40 10103     0     0     7 -9999 -9999
1975 04 08 09   200   -70 10073     0     0     7 -9999 -9999
1975 04 08 12   190   -30 10096     0     0     8 -9999 -9999
1975 04 08 18   130   -40 10109    70    40     0 -9999 -9999
1975 04 08 21   110   -40 10121    90    30     5 -9999 -9999
1975 04 09 00   110   -20 10145    20    60     7 -9999 -9999
1975 04 09 03   140   -40 10177    70    70     7 -9999 -9999
1975 04 09 06   160   -30 10182    70    90     1 -9999 -9999
1975 04 09 09   170   -40 10174    70    40     6 -9999 -9999
1975 04 09 12   160   -20 10179    40    50     0 -9999 -9999
1975 04 09 18    90   -20 10215    70    30     0 -9999 -9999
1975 04 09 21    60     0 10217    70    10     0 -9999 -9999
1975 04 10 00    20   -40 10229   360    20     1 -9999 -9999
1975 04 10 03    80     0 10245    80    20     0 -9999 -9999
1975 04 10 06 -9999 -9999 -9999     0     0     0 -9999 -9999
1975 04 10 09   180   -50 10204   230    40     0 -9999 -9999
1975 04 10 12   180   -20 10203   270    20     0 -9999 -9999
1975 04 10 18   100   -40 10190   200    20     1 -9999 -9999
1975 04 10 21    90   -70 10180   220    20     2 -9999 -9999
1975 04 11 00    70   -70 10179   200    30     0 -9999 -9999
1975 04 11 03   130    10 10184   250    30     0 -9999 -9999
1975 04 11 06   200    20 10164   250    60     0 -9999 -9999
1975 04 11 09 -9999 -9999 -9999   290    30     0 -9999 -9999
1975 04 11 12   210    60 10138   250    30     3 -9999 -9999
1975 04 11 18   110    40 10157     0     0     2 -9999 -9999
1975 04 11 21    80    30 10157 -9999 -9999 -9999 -9999 -9999
1975 04 12 00    60   -30 10166     0     0     0 -9999 -9999
1975 04 12 03   230    20 10174   300    20     0 -9999 -9999
1975 04 12 06   220   -30 10162 -9999 -9999     0 -9999 -9999
1975 04 12 09   230   -50 10144     0     0     1 -9999 -9999
1975 04 12 12   220   -60 10141    20    20     0 -9999 -9999
1975 04 12 18   110     0 10139   270    10     0 -9999 -9999
1975 04 12 21    80   -10 10134   360    20     0 -9999 -9999
1975 04 13 00    70     0 10128     0     0     0 -9999 -9999
1975 04 13 06   210   -70 10119     0     0     0 -9999 -9999
1975 04 13 09   240   -30 10095     0     0     1 -9999 -9999
1975 04 13 12   220   -50 10086   360    20     0 -9999 -9999
1975 04 13 18   100    30 10090   110    10     1 -9999 -9999
1975 04 14 00    70   -50 10088    20    20     0 -9999 -9999
1975 04 14 03   150   -10 10094     0     0     0 -9999 -9999
1975 04 14 06   230   -70 10082   270    40     3 -9999 -9999
1975 04 14 09   240  -100 10063   220    40     2 -9999 -9999
1975 04 14 12   230   -50 10069   320    50     1 -9999 -9999
1975 04 14 18   140   -30 10079    70    50     5 -9999 -9999
1975 04 14 21   140   -60 10077    70    40     3 -9999 -9999
1975 04 15 00    80   -10 10101   290    30     1 -9999 -9999
1975 04 15 03   150   -60 10117    20    30     0 -9999 -9999
1975 04 15 09   240   -30 10076   290    20     1 -9999 -9999
1975 04 15 12   230   -60 10080   290    30     2 -9999 -9999
1975 04 15 18   100    20 10092   180    20     0 -9999 -9999
1975 04 15 21   100 -9999 10085   200    30     0 -9999 -9999
1975 04 16 00    70   -60 10091   250    30     0 -9999 -9999
1975 04 16 03   160   -50 10091   250    40     1 -9999 -9999
1975 04 16 06   240   -90 10068   250    50     1 -9999 -9999
1975 04 16 12   250   -50 10023   220    50     2 -9999 -9999
1975 04 17 00   150  -100 10074    90    70     9 -9999 -9999
1975 04 17 03   130   -90 10151    90    80     9 -9999 -9999
1975 04 17 06   120  -110 10183    90    70     8 -9999 -9999
1975 04 17 09   130  -100 10187    90    70     8 -9999 -9999
1975 04 17 12   130   -80 10192    90    40     9 -9999 -9999
1975 04 17 18    90   -40 10218    40    20     9 -9999 -9999
1975 04 17 21    80   -40 10207    40    30     9 -9999 -9999
1975 04 18 03   100   -60 10212   140    30     9 -9999 -9999
1975 04 18 06   140  -130 10200    70    30     0 -9999 -9999
1975 04 18 09   170  -130 10163    90    60     0 -9999 -9999
1975 04 18 12   100   -90 10142    70    50     9 -9999 -9999
1975 04 18 18   100   -50 10145    70    30     2 -9999 -9999
1975 04 19 00    70   -10 10134    70    20     7 -9999 -9999
1975 04 19 03   100   -60 10148    40    40     2 -9999 -9999
1975 04 19 06   160  -120 10136    90    20     0 -9999 -9999
1975 04 19 09   170  -100 10120    70    40     6 -9999 -9999
1975 04 19 12   170   -80 10133    40    20     7 -9999 -9999
1975 04 19 18   110   -30 10163    70    20     0 -9999 -9999
1975 04 19 21    80   -10 10165    40    20     0 -9999 -9999
1975 04 20 00    70   -30 10165    70    20     0 -9999 -9999
1975 04 20 03   120   -90 10170   140    20     0 -9999 -9999
1975 04 20 06   170  -140 10143    90    40     1 -9999 -9999
1975 04 20 09   280  -100 10114    10    10     8 -9999 -9999
1975 04 20 12   190   -70 10099   320    10     0 -9999 -9999
1975 04 20 18   110   -30 10103   320    20     1 -9999 -9999
1975 04 20 21    70    30 10097     0     0     0 -9999 -9999
1975 04 21 00 -9999 -9999 -9999     0     0     7 -9999 -9999
1975 04 21 03   130     0 10095     0     0     0 -9999 -9999
1975 04 21 06   200   -90 10073     0     0     0 -9999 -9999
1975 04 21 09   230   -40 10038   250    30     0 -9999 -9999
1975 04 21 12   230   -20 10025     0     0     0 -9999 -9999
1975 04 21 18   140     0 10028   140    20     0 -9999 -9999
1975 04 21 21   230   -20 10027   140    10     0 -9999 -9999
1975 04 22 00   100   -40 10016   180    20     0 -9999 -9999
1975 04 22 06   240   -20  9994     0     0     0 -9999 -9999
1975 04 22 09   270   -10  9961   250    20     2 -9999 -9999
1975 04 22 12   260   -20  9957   250    30     0 -9999 -9999
1975 04 23 12   190   -30 10040   140    40     9 -9999 -9999
1975 04 23 18   170   -20 10079   140    30     9 -9999 -9999
1975 04 24 00   110   -70 10117    40    80     9 -9999 -9999
1975 04 24 09   170   -30 10096    70    40     0 -9999 -9999
1975 04 24 18   120    50 10080    40    10     0 -9999 -9999
1975 04 24 21   100    20 10058     0     0     0 -9999 -9999
1975 04 25 00    90    20 10055     0     0     0 -9999 -9999
1975 04 25 03   140    20 10055     0     0     0 -9999 -9999
1975 04 25 06   190     0 10036     0     0     0 -9999 -9999
1975 04 25 09   200   -10 10016     0     0     8 -9999 -9999
1975 04 25 12   200     0 10026     0     0     7 -9999 -9999
1975 04 25 18   140    30 10062    70    30     7 -9999 -9999
1975 04 25 21   130   -10 10067   110    20     0 -9999 -9999
1975 04 26 00   110   -30 10083    70    30     0 -9999 -9999
1975 04 26 03   170   -60 10099    90    20     0 -9999 -9999
1975 04 26 06   200   -70 10100    70   100     0 -9999 -9999
1975 04 26 09   210  -100 10085    70    80     0 -9999 -9999
1975 04 26 12   200   -80 10093    70    30     0 -9999 -9999
1975 04 26 18   140   -20 10122    90    30     9 -9999 -9999
1975 04 26 21   110 -9999 10122    70    20     0 -9999 -9999
1975 04 27 00    90   -10 10130    90    10     0 -9999 -9999
1975 04 27 03   150   -60 10137   160    20     0 -9999 -9999
1975 04 27 06   210   -90 10116   110    20     0 -9999 -9999
1975 04 27 09   230   -60 10090   360    20     0 -9999 -9999
1975 04 27 12   220   -80 10081    40    10     2 -9999 -9999
1975 04 27 21   110     0 10091    70    20     0 -9999 -9999
1975 04 28 00    70    20 -9999    20    20     2 -9999 -9999
1975 04 28 03   140   -20 10116    90    30     7 -9999 -9999
1975 04 28 06   230  -100 10088   160    20     6 -9999 -9999
1975 04 28 09   260   -20 10065   360    20     7 -9999 -9999
1975 04 28 12   250   -20 10067    40    20     5 -9999 -9999
1975 04 28 18   140 -9999 10097    70    40     0 -9999 -9999
1975 04 28 21   110   -20 10102    70    40     5 -9999 -9999
1975 04 29 00    80   -20 -9999 -9999 -9999     1 -9999 -9999
1975 04 29 06   240   -90 10107   250    10     0 -9999 -9999
1975 04 29 12   240     0 10072   250    50     0 -9999 -9999
1975 04 29 18   160     0 10088   270    20     0 -9999 -9999
1975 04 29 21   100    10 10078   250    30     0 -9999 -9999
1975 04 30 00   100     0 -9999   180    20     0 -9999 -9999
1975 04 30 03   170    40 10099   180    20     0 -9999 -9999
1975 04 30 06   250   -10 10078   290    30     0 -9999 -9999
1975 04 30 12   260     0 10058   290    30     0 -9999 -9999
1975 04 30 18   100   -10 10069    70    50     0 -9999 -9999
1975 04 30 21   180   -90 10061    90    80     7 -9999 -9999
1975 05 01 00   140   -60 10087    70    50     7 -9999    -1
1975 05 01 03   160  -110 10123    70    70     0 -9999 -9999
1975 05 01 09   230   -90 10094    90    60     0 -9999 -9999
1975 05 01 12   230   -40 10088    90    40     0 -9999 -9999
1975 05 01 18   140   -20 10109    70    40     0 -9999 -9999
1975 05 01 21   120     0 10104     0     0     0 -9999 -9999
1975 05 02 00    90    10 10111     0     0     0 -9999 -9999
1975 05 02 03   160    20 10115     0     0     0 -9999 -9999
1975 05 02 06   230   -10 10099   140    20     0 -9999 -9999
1975 05 02 09   240   -60 10067    90    40     0 -9999 -9999
1975 05 02 12   240   -40 10073    70    30     0 -9999 -9999
1975 05 02 18   180   -40 10074    90    50     2 -9999 -9999
1975 05 02 21   140   -20 10077    70    40     0 -9999 -9999
1975 05 03 00   110   -30 10095    40    20     0 -9999 -9999
1975 05 03 06   200   -70 10090    70    60     0 -9999 -9999
1975 05 03 09   230   -70 10060    70    60     0 -9999 -9999
1975 05 03 12   220   -70 10040    40    50     0 -9999 -9999
1975 05 03 18   140   -10 10050    40    30     2 -9999 -9999
1975 05 03 21 -9999 -9999 -9999    10    10     7 -9999 -9999
1975 05 04 00   100   -20 10051    40    30     0 -9999 -9999
1975 05 04 03   170   -20 10063   140    20     0 -9999 -9999
1975 05 04 06   220   -70 10054     0     0     0 -9999 -9999
1975 05 04 09   250   -60 10030    90    30     0 -9999 -9999
1975 05 04 12   230    10 10031     0     0     1 -9999 -9999
1975 05 04 18   160    30 10046   360    10     7 -9999 -9999
1975 05 04 21   160    10 10035   340    60     7 -9999 -9999
1975 05 05 00   140    30 10054   340    20     7 -9999 -9999
1975 05 05 03   200    20 10061   360    40     2 -9999 -9999
1975 05 05 06   250   -30 10040   110    30     3 -9999 -9999
1975 05 05 09   270   -60 10011    70    50     7 -9999 -9999
1975 05 05 12   250   -30 10018    40    40     7 -9999 -9999
1975 05 05 18   170   -10 10033   140    20     7 -9999 -9999
1975 05 05 21   150    30 10031   360    20     7 -9999 -9999
1975 05 06 00   150   -40 10047    90    30     6 -9999 -9999
1975 05 06 06   210   -10 10068     0     0     7 -9999 -9999
1975 05 06 09   230   -70 10051    20    20     8 -9999 -9999
1975 05 06 12   230    30 10042   360    30     0 -9999 -9999
1975 05 06 18   150    10 10070   290    60     0 -9999 -9999
1975 05 06 21 -9999 -9999 10097   220    20     0 -9999 -9999
1975 05 07 00   130 -9999 10071   320    40     0 -9999 -9999
1975 05 07 06   210     0 10084   220    20     7 -9999 -9999
1975 05 07 09   220     0 10066   270    90     7 -9999 -9999
1975 05 07 12   210     0 10070   290    40     6 -9999 -9999
1975 05 07 18   110    30 10104    40    30     6 -9999 -9999
1975 05 07 21    70    30 -9999     0     0     2 -9999 -9999
1975 05 08 00    70    10 10119   320    20     2 -9999 -9999
1975 05 08 03   150     0 10132   290    20     0 -9999 -9999
1975 05 08 06   190     0 10119   320    10     1 -9999 -9999
1975 05 08 09   220   -20 10093   270    40     0 -9999 -9999
1975 05 08 12   230     0 10080   220    10     1 -9999 -9999
1975 05 08 18   110    10 10074   110    20     0 -9999 -9999
1975 05 08 21   100     0 10065   160    20     0 -9999 -9999
1975 05 09 00    80     0 10072   180    10     7 -9999 -9999
1975 05 09 03   160   -10 10084   320    30     6 -9999 -9999
1975 05 09 06   230    10 10066   250    30     7 -9999 -9999
1975 05 09 09   250   -60 10036   250    30     6 -9999 -9999
1975 05 09 12   240    20 10039   220    20     7 -9999 -9999
1975 05 09 18   150     0 10056    90    30     1 -9999 -9999
1975 05 09 21   140   -50 10046    90    50     5 -9999 -9999
1975 05 10 00   210   -20 10064    40    30     8 -9999 -9999
1975 05 10 03   140   -50 10094    70    70     7 -9999 -9999
1975 05 10 06   180   -60 10096    40    80     7 -9999 -9999
1975 05 10 09   200   -20 10080    40    60     9 -9999 -9999
1975 05 10 12   210   -10 10074    40    40     0 -9999 -9999
1975 05 10 18   160     0 10095    20    40     8 -9999 -9999
1975 05 10 21   140   -20 10096    20    30     4 -9999 -9999
1975 05 11 03   170     0 10114    40    30     7 -9999 -9999
1975 05 11 06   230   -50 10097    90    40     0 -9999 -9999
1975 05 11 12   210     0 10092    40   100     0 -9999 -9999
1975 05 12 00   100    10 10114    20    30     7 -9999 -9999
1975 05 12 03   160     0 10129    20    50     8 -9999 -9999
1975 05 12 06   170    10 10134    40    40     8 -9999 -9999
1975 05 12 09   230     0 10094    70    40     1 -9999 -9999
1975 05 12 12 -9999 -9999 -9999     0     0     7 -9999 -9999
1975 05 12 18   160    70 10117     0     0     8 -9999    -1
1975 05 12 21   110    70 10113     0     0     6 -9999 -9999
1975 05 13 00    80    50 10116     0     0     7 -9999 -9999
1975 05 13 03   180    40 10110    40    20     7 -9999 -9999
1975 05 13 06   230   -20 10092   250    40     7 -9999 -9999
1975 05 13 09   250    10 10068   220    50     5 -9999 -9999
1975 05 13 12   250    20 10049   220    30     6 -9999 -9999
1975 05 13 18   200  -110 10015   290    70     5 -9999    -1
1975 05 13 21   170   -90 10016   290   130     1 -9999 -9999
1975 05 14 00   140   -70 10058   320    50     2 -9999 -9999
1975 05 14 03   190  -100 10082   320   120     0 -9999 -9999
1975 05 14 06   220   -70 10083   290   110     0 -9999 -9999
1975 05 14 09   230   -70 10072   120   120     9 -9999 -9999
1975 05 14 12   200  -160 10123    70    50     9 -9999 -9999
1975 05 14 18   100   -30 10156    70    30     0 -9999 -9999
1975 05 14 21    90   -90 10179    40    50     0 -9999 -9999
1975 05 15 00    80    20 10190    70    80     0 -9999 -9999
1975 05 15 03   100    20 10203    90    60     0 -9999 -9999
1975 05 15 06   150    20 10183    40    50     0 -9999 -9999
1975 05 15 09   190   -20 10130    70    10     0 -9999 -9999
1975 05 15 12   200   -60 10099    70    20     7 -9999 -9999
1975 05 15 18   140    30 10100     0     0     8 -9999 -9999
1975 05 16 00   120    10 10072     0     0     8 -9999 -9999
1975 05 16 03   170   -30 10086     0     0     8 -9999 -9999
1975 05 16 06   220   -20 10074     0     0     7 -9999 -9999
1975 05 16 09   240   -10 10058   320    30     6 -9999 -9999
1975 05 16 12   230     0 10062   250    20     8 -9999 -9999
1975 05 16 18   160    40 10074    70    30     0 -9999 -9999
1975 05 16 21   140    20 10058   140    10     7 -9999 -9999
1975 05 17 00   120    50 10076   110    20     7 -9999 -9999
1975 05 17 03   190    40 10078     0     0     7 -9999 -9999
1975 05 17 06   240   -20 10064     0     0     8 -9999 -9999
1975 05 17 09   240   -20 10054   270    20     8 -9999 -9999
1975 05 17 12   220    70 10057     0     0     8 -9999 -9999
1975 05 17 18   160    60 10063   200    10     1 -9999 -9999
1975 05 17 21   150    20 10062   220    20     2 -9999 -9999
1975 05 18 00   130    20 10074   200    10     2 -9999 -9999
1975 05 18 03   190    40 10075   250    50     1 -9999 -9999
1975 05 18 06   250    40 10060   200    40     6 -9999 -9999
1975 05 18 09   270    20 10038   270    50     7 -9999 -9999
1975 05 18 12   270    10 10026   250    30     6 -9999 -9999
1975 05 18 18   150    30 10048    70    30     1 -9999 -9999
1975 05 18 21   170    20 10040    20    60     2 -9999 -9999
1975 05 19 00   160    50 10046    70    30     1 -9999 -9999
1975 05 19 06   270    40 10023    70    40     1 -9999 -9999
1975 05 19 09   280    10 10014   340    30     6 -9999 -9999
1975 05 19 12   270    60 10010   340    50     7 -9999 -9999
1975 05 19 18   200    30 10033   110    50     7 -9999 -9999
1975 05 19 21   270 -9999 10074    70    50     4 -9999 -9999
1975 05 20 00   150    60 10070    70    20     7 -9999    -1
1975 05 20 06   220    20 10091   180    10     7 -9999    -1
1975 05 20 09   260    30 10078   140    20     6 -9999 -9999
1975 05 20 12   240    60 10089     0     0     7 -9999 -9999
1975 05 20 18   140    90 10114   340    20     7 -9999 -9999
1975 05 20 21   140    40 10114    70    20     7 -9999 -9999
1975 05 21 00   140   -20 10126   110    40     7 -9999 -9999
1975 05 21 03   180    40 10142    20    20     7 -9999 -9999
1975 05 21 06   230   -40 10127    70    50     7 -9999 -9999
1975 05 21 09 -9999 -9999 10105 -9999 -9999     7 -9999 -9999
1975 05 21 12   240    20 10099    40    30     7 -9999 -9999
1975 05 21 18   180    10 10113   340    30     8 -9999 -9999
1975 05 21 21   170    30 10105   290    60     8 -9999 -9999
1975 05 22 00   250    50 10107   290    30     8 -9999 -9999
1975 05 22 03   160    50 10121     0     0     8 -9999 -9999
1975 05 22 06   210    80 10109   180    30     8 -9999 -9999
1975 05 22 09   240    20 10086   250    30     7 -9999 -9999
1975 05 22 12   230    30 10076   270    40     7 -9999 -9999
1975 05 22 18   160    30 10076   200    40     0 -9999 -9999
1975 05 22 21   110    30 10055   220    20     0 -9999 -9999
1975 05 23 00   190    40 10060     0     0     2 -9999 -9999
1975 05 23 03   170    50 10058   220    10     7 -9999 -9999
1975 05 23 06   220    40 10048   250    30     7 -9999 -9999
1975 05 23 09   230    10 -9999    40    60     7 -9999 -9999
1975 05 23 12   160    60 10098   340    70     7 -9999    -1
1975 05 23 18   140    70 10093    20    20     7 -9999    -1
1975 05 23 21 -9999 -9999 10100   360    20     7 -9999 -9999
1975 05 24 00    80    50 10139     0     0     2 -9999 -9999
1975 05 24 03   180    30 10128    40    20     0 -9999 -9999
1975 05 24 06   230   -40 10126    90    30     0 -9999 -9999
1975 05 24 09   250   -60 10112   270    20     0 -9999 -9999
1975 05 24 12   250   -40 10108   200    30     0 -9999 -9999
1975 05 24 21   150     0 10124   140    20     0 -9999 -9999
1975 05 25 00    90     0 10135    40    10     1 -9999 -9999
1975 05 25 03   200     0 10137     0     0     2 -9999 -9999
1975 05 25 06   270   -40 10117   270    20     0 -9999 -9999
1975 05 25 09   290   -50 10098   220    40     6 -9999 -9999
1975 05 25 12   280   -20 10097   250    10     6 -9999 -9999
1975 05 25 18   150    60 10114    70    20     1 -9999 -9999
1975 05 25 21   130    40 10122    40    30     1 -9999 -9999
1975 05 26 00   120    10 10149    20    30     3 -9999 -9999
1975 05 26 03   210     0 10158   110    30     1 -9999 -9999
1975 05 26 06   270   -30 10150   360    10     7 -9999 -9999
1975 05 26 09   290     0 10133    40    30     4 -9999 -9999
1975 05 26 12   290   -40 10125    70    20     6 -9999 -9999
1975 05 26 18   190   -20 10122    90    40     2 -9999 -9999
1975 05 27 00   320   -10 10141    40    40     0 -9999 -9999
1975 05 27 03   210    20 10156    70    30     0 -9999 -9999
1975 05 27 06   260   -30 10139   110    40     0 -9999 -9999
1975 05 27 09   290   -10 10115    90    40     0 -9999 -9999
1975 05 27 12   280    10 10101   200   200     7 -9999 -9999
1975 05 27 18   170    30 10098   110    20     1 -9999 -9999
1975 05 27 21   140    20 -9999   120    20     0 -9999 -9999
1975 05 28 00   110    30 10107     0     0     0 -9999 -9999
1975 05 28 03   230    20 10110    40    10     0 -9999 -9999
1975 05 28 06   280   -30 10103   250    10     0 -9999 -9999
1975 05 28 09   300   -30 10077   110    20     1 -9999 -9999
1975 05 28 12   300    40 10067     0     0     0 -9999 -9999
1975 05 28 18   200    20 10074   160    20     0 -9999 -9999
1975 05 28 21   170    10 10070   140    10     0 -9999 -9999
1975 05 29 00   140    40 10093     0     0     1 -9999 -9999
1975 05 29 03   240    30 10098 -9999 -9999     1 -9999 -9999
1975 05 29 06   300   -30 10083   270    40     0 -9999 -9999
1975 05 29 09   330   -20 10057   270    50     1 -9999 -9999
1975 05 29 12   290    80 10059     0     0     7 -9999 -9999
1975 05 29 18   180    90 10068   320    40     3 -9999 -9999
1975 05 30 00   150    60 10077    90    10     1 -9999 -9999
1975 05 30 03   240 -9999 10076    10    30     7 -9999 -9999
1975 05 30 06   300    10 10065    70    50     0 -9999 -9999
1975 05 30 12   320   110 10032     0     0     0 -9999 -9999
1975 05 30 18   200    70 10035    90    20     0 -9999 -9999
1975 05 30 21   180    40 10024    40    30     1 -9999 -9999
1975 06 01 00   160    50 10048    90    20     6 -9999 -9999
1975 06 01 06   290    40 10035    40    40     6 -9999 -9999
1975 06 01 09   320    20 10017    70    30     5 -9999 -9999
1975 06 01 12   310 -9999 10013    40    20     7 -9999 -9999
1975 06 01 18   210    70 10022    90    20     1 -9999 -9999
1975 06 01 21   190    70 10017 -9999 -9999     7 -9999 -9999
1975 06 02 00   150    80 10034   360    20     7 -9999 -9999
1975 06 02 03   220    60 10052    40    40     7 -9999 -9999
1975 06 02 06   300    40 10035   320    20     6 -9999 -9999
1975 06 02 09   320    30 10018     0     0     1 -9999 -9999
1975 06 02 12   310    60 10008    90    10     1 -9999 -9999
1975 06 02 18   210    80 10007    40    20     1 -9999 -9999
1975 06 03 00   150    70 10020   340    20     6 -9999 -9999
1975 06 03 03   240    80 10025   360    10     3 -9999 -9999
1975 06 03 06   310    50 10016   140    20     7 -9999 -9999
1975 06 03 09   330   -10 10005   360    30     7 -9999 -9999
1975 06 03 12   320    30  9999   180    10     6 -9999 -9999
1975 06 03 18   180    90 10010   290    10     0 -9999 -9999
1975 06 03 21   160    40 10012     0     0     7 -9999 -9999
1975 06 04 00   160    60 10026     0     0     5 -9999 -9999
1975 06 04 03   240   120 10021   160    10     6 -9999 -9999
1975 06 04 06   320    30 10018     0     0     7 -9999 -9999
1975 06 04 09   340    10 10006    20    40     5 -9999 -9999
1975 06 04 12   330   100  9999   360    10     2 -9999 -9999
1975 06 04 18   220    80 10008    90    30     2 -9999 -9999
1975 06 04 21 -9999 -9999 10013 -9999 -9999     1 -9999 -9999
1975 06 05 00   160    70 10023    40    30     2 -9999 -9999
1975 06 05 03   240    80 10031    70    40     1 -9999 -9999
1975 06 05 06   310    40 10013   140    20     4 -9999 -9999
1975 06 05 09   340    30  9994   360    30     5 -9999 -9999
1975 06 05 12   320    40  9987   340    20     4 -9999 -9999
1975 06 05 18   230    70  9982   340    20     2 -9999 -9999
1975 06 05 21 -9999 -9999 -9999    40    30     2 -9999 -9999
1975 06 06 00   210    40  9980   340    50     7 -9999 -9999
1975 06 06 06   310    40  9950    70    50     7 -9999 -9999
1975 06 06 09   340    40  9917   360    30     7 -9999 -9999
1975 06 06 18   240    50  9908   320    30     2 -9999 -9999
1975 06 07 00   180    40  9924   270    20     7 -9999 -9999
1975 06 07 06   300    60  9911   250    10     3 -9999 -9999
1975 06 07 09   320    30 -9999   250    60     1 -9999 -9999
1975 06 07 12   300    50  9882   220    30     4 -9999 -9999
1975 06 07 18   200    40  9906    70   100     0 -9999 -9999
1975 06 08 00   170    40  9946    20    60     8 -9999 -9999
1975 06 08 03   190    20  9962    20    60     9 -9999 -9999
1975 06 09 00   100    40 10114   160    20     0 -9999 -9999
1975 06 09 03   190    60 10126     0     0     0 -9999 -9999
1975 06 09 06   240    20 10115   140    10     0 -9999 -9999
1975 06 09 09   270    10 10103     0     0     0 -9999 -9999
1975 06 09 12   260    30 10103     0     0     0 -9999 -9999
1975 06 09 18   140    30 10110   110    20     0 -9999 -9999
1975 06 10 00   130    10 10102   180    20     0 -9999 -9999
1975 06 10 03   200     0 10115   360    20     0 -9999 -9999
1975 06 10 06   260    20 10105    90    20     0 -9999 -9999
1975 06 10 09   280    10 10068    70    40     0 -9999 -9999
1975 06 10 12   280    40 10051     0     0     6 -9999 -9999
1975 06 10 18   180    70 10052   160    20     1 -9999 -9999
1975 06 10 21   160    30 10046 -9999 -9999     0 -9999 -9999
1975 06 11 03   230    20 10054   120    10     0 -9999 -9999
1975 06 11 06   300    20 10037   270    30     0 -9999 -9999
1975 06 11 09   320     0 10014   270    50     0 -9999 -9999
1975 06 11 12   320    50  9998   270    20     0 -9999 -9999
1975 06 11 21   170    40 10002   180    20     0 -9999 -9999
1975 06 12 00   150    60 10019    90    10     0 -9999 -9999
1975 06 12 03   260    80 10025     0     0     0 -9999 -9999
1975 06 12 06   310    10 10006   180    20     0 -9999 -9999
1975 06 12 09   340   150  9987   250    50     2 -9999 -9999
1975 06 12 12   310    80  9984   270    30     5 -9999 -9999
1975 06 12 18   210    30 10012   110    40     3 -9999 -9999
1975 06 12 21   200   -30 10011   140    30     2 -9999 -9999
1975 06 13 00   180    10 10037    90    30     7 -9999 -9999
1975 06 13 03   250    40 10054    90    30     7 -9999 -9999
1975 06 13 06   280    30 10063    40    70     7 -9999 -9999
1975 06 13 09   300    70 10048    70    60     6 -9999 -9999
1975 06 13 12   290    70 10051    70    30     0 -9999 -9999
1975 06 13 18   210    60 10082    70    30     0 -9999 -9999
1975 06 13 21   170    20 10102    70    20     0 -9999 -9999
1975 06 14 00   140    50 10128    20    40     0 -9999 -9999
1975 06 14 03   220    50 10144    70    50     0 -9999 -9999
1975 06 14 06   280    10 10127    70    40     0 -9999 -9999
1975 06 14 09   300    20 10114    90    30     0 -9999 -9999
1975 06 14 12   300    50 10110     0     0     0 -9999 -9999
1975 06 14 21   170    30 10114     0     0     0 -9999 -9999
1975 06 15 00   150    90 10131   360    20     0 -9999 -9999
1975 06 15 03   240    30 10141     0     0     0 -9999 -9999
1975 06 15 06   300    20 10121     0     0     0 -9999 -9999
1975 06 15 09   320    10 10098   140    10     0 -9999 -9999
1975 06 15 12   310    60 10086    70    20     0 -9999 -9999
1975 06 15 18   200    80 10101    20    20     0 -9999 -9999
1975 06 15 21   180    60 10087   140    10     0 -9999 -9999
1975 06 16 00   150    80 10101     0     0     0 -9999 -9999
1975 06 16 03   250    90 10100     0     0     0 -9999 -9999
1975 06 16 06   320   -10 10077   220    50     0 -9999 -9999
1975 06 16 09   340     0 10049   200    30     0 -9999 -9999
1975 06 16 12   340    60 10037   140    20     0 -9999 -9999
1975 06 16 18   210   100 10037   160    20     0 -9999 -9999
1975 06 16 21   180   100 10030     0     0     0 -9999 -9999
1975 06 17 00   180    40 10034   200    20     1 -9999 -9999
1975 06 17 03   260   110 10044   200    20     0 -9999 -9999
1975 06 17 06   330    40 10021   250    60     0 -9999 -9999
1975 06 17 09   360    10  9992   250    50     0 -9999 -9999
19