1978 01 01 00  -120  -140 10445   160    20     8 -9999 -9999
1978 01 01 03  -110  -140 10461   160    30     8 -9999 -9999
1978 01 01 06   -90  -140 10450   160    20     7 -9999    -1
1978 01 01 09   -70  -130 10428   110    20     8 -9999 -9999
1978 01 01 12   -80  -140 10403   180    80     8 -9999    -1
1978 01 01 21  -110  -150 10433   200    20     8 -9999 -9999
1978 01 02 00 -9999 -9999 -9999   160    30     8 -9999    -1
1978 01 02 03  -120 -9999 10408   200    20     8 -9999 -9999
1978 01 02 06  -100  -150 10470   180    30     8 -9999    -1
1978 01 02 09   -90  -150 10455     0     0     8 -9999 -9999
1978 01 02 12   -90  -140 10470   180    10     9 -9999 -9999
1978 01 02 18  -110  -150 10490   200    20     8 -9999    -1
1978 01 02 21  -120  -160 10482   160    20     7 -9999 -9999
1978 01 03 00  -120  -160 10493   160    30     8 -9999    -1
1978 01 03 03  -120  -160 10527   220    30     8 -9999 -9999
1978 01 03 06  -110  -150 10523   180    30     8 -9999    -1
1978 01 03 09   -90  -150 10506   250    10     7 -9999 -9999
1978 01 03 12  -100  -150 10517   180    20     8 -9999    -1
1978 01 03 18  -120  -160 10523   180   130     8 -9999    20
1978 01 03 21  -110  -120 10520   180    10     7 -9999 -9999
1978 01 04 00  -120  -160 10522   180    30     8 -9999    -1
1978 01 04 03  -120  -160 10546   200    20     8 -9999 -9999
1978 01 04 06  -120 -9999 10544   200    30     8 -9999    -1
1978 01 04 09   -90  -150 10515   160    30     6 -9999 -9999
1978 01 04 12    20  -160 10514   160    20     1 -9999    -1
1978 01 04 18  -120  -160 10506     0     0     8 -9999    -1
1978 01 04 21  -130  -170 10489   180    30     8 -9999 -9999
1978 01 05 00  -130  -160 10486   180    30     8 -9999    -1
1978 01 05 03  -130  -160 10488   160    20     7 -9999 -9999
1978 01 05 06  -130  -160 10470   160    20     8 -9999    -1
1978 01 05 09  -110  -160 10439   160    40     7 -9999 -9999
1978 01 05 12  -140  -190 10439   160    30     7 -9999    -1
1978 01 05 18  -150  -190 10418   160    10     7 -9999    -1
1978 01 05 21  -150  -180 10405   110    30     8 -9999 -9999
1978 01 06 00  -150  -180 10403   200    10     8 -9999    -1
1978 01 06 03 -9999  -180 10404     0     0     8 -9999 -9999
1978 01 06 09  -110  -160 10387   360    20     7 -9999 -9999
1978 01 06 12  -120  -170 10402     0     0     8 -9999    -1
1978 01 06 18  -150  -190 10423   200    20     8 -9999 -9999
1978 01 06 21   -60  -180 10420   220    30     8 -9999 -9999
1978 01 07 00  -140  -170 10424   220    30     8 -9999    -1
1978 01 07 03  -140  -170 10443   200    20     8 -9999 -9999
1978 01 07 06  -130  -170 10463   160    20     8 -9999    -1
1978 01 07 09  -110  -170 10449   160    30     7 -9999 -9999
1978 01 07 12  -130  -170 10473   220    10     7 -9999    -1
1978 01 07 18  -140  -180 10501   200    30     8 -9999    -1
1978 01 07 21  -140  -180 10500    80    20     8 -9999 -9999
1978 01 08 00  -140  -170 10508     0     0     8 -9999    -1
1978 01 08 03  -140  -170 10523   160    30     8 -9999 -9999
1978 01 08 06 -9999  -170 10526   180    10     8 -9999    -1
1978 01 08 09  -120  -170 10500     0     0     7 -9999 -9999
1978 01 08 18  -160  -190 10511   180    30     7 -9999 -9999
1978 01 08 21  -160  -190 10494   200    30     8 -9999 -9999
1978 01 09 00  -160  -190 10487   200    30     8 -9999    -1
1978 01 09 03  -150  -180 10506   200    30     8 -9999 -9999
1978 01 09 06  -140  -180 10494   270    30     8 -9999    -1
1978 01 09 09    10  -160 10459   140    30     6 -9999 -9999
1978 01 09 18  -180  -210 -9999   220    20     0 -9999 -9999
1978 01 09 21  -190  -220 10415   250    10     0 -9999 -9999
1978 01 10 00  -260  -330 10406   100    30     0 -9999 -9999
1978 01 10 03  -220  -250 10428   180    30     6 -9999 -9999
1978 01 10 06  -160  -190 10400   250    10     7 -9999    -1
1978 01 10 09 -9999 -9999 -9999    90    10     6 -9999 -9999
1978 01 10 12  -140  -180 10361   160    30     7 -9999    -1
1978 01 10 18  -180  -210 10354   200    20     0 -9999 -9999
1978 01 10 21  -200  -230 10342     0     0     0 -9999 -9999
1978 01 11 00  -190  -220 10339     0     0     2 -9999 -9999
1978 01 11 03  -190  -210 10356     0     0     7 -9999 -9999
1978 01 11 06  -110  -160 10335     0     0     1 -9999 -9999
1978 01 11 09   -90  -160 10302    70    20     6 -9999 -9999
1978 01 11 12  -110  -170 10307   160    20     7 -9999 -9999
1978 01 11 18  -120  -160 10282    20    20     6 -9999 -9999
1978 01 11 21  -120  -170 10306   200    30     8 -9999 -9999
1978 01 12 00  -120  -160 10301   160 -9999     7 -9999 -9999
1978 01 12 03  -120  -160 10331   180    20     7 -9999 -9999
1978 01 12 06  -100  -160 10314    20    40     7 -9999 -9999
1978 01 12 09   -90  -170 10299    70    30     7 -9999 -9999
1978 01 12 12   -80  -160 10307    90    20     7 -9999 -9999
1978 01 12 18  -100  -160 10299    20    20     8 -9999 -9999
1978 01 12 21  -110  -160 10284   360    30     6 -9999 -9999
1978 01 13 03  -130  -160 10276   250    30     7 -9999 -9999
1978 01 13 06   -90  -150 10263     0     0     8 -9999 -9999
1978 01 13 09   -60  -140 10247    20    30     7 -9999 -9999
1978 01 13 12   -80  -140 10275   140    30     2 -9999 -9999
1978 01 13 18  -110  -160 10313    70    30     3 -9999 -9999
1978 01 13 21  -130  -160 10320     0     0     2 -9999 -9999
1978 01 14 03  -130  -160 10335     0     0     0 -9999 -9999
1978 01 14 06   -70   -80 10369   110    30     6 -9999 -9999
1978 01 14 09   -50  -100 10375    90    30     6 -9999 -9999
1978 01 14 12   -70  -110 10396    90    20     6 -9999 -9999
1978 01 14 18  -130  -140 10408     0     0     1 -9999 -9999
1978 01 14 21  -100  -110 10414   360    10     8 -9999 -9999
1978 01 15 00  -100  -110 10428    20    20     7 -9999    -1
1978 01 15 03  -110  -120 10464   250    10     8 -9999 -9999
1978 01 15 06   -70  -110 10465   140    20     5 -9999    -1
1978 01 15 09   -50  -110 10439    40    30     6 -9999 -9999
1978 01 15 12   -80  -130 10451   160    20     1 -9999    -1
1978 01 15 18  -130  -140 10465   220    20     0 -9999 -9999
1978 01 15 21  -160  -170 10464   270    10     0 -9999 -9999
1978 01 16 00  -170  -190 10447     0     0     0 -9999 -9999
1978 01 16 03  -160  -170 10491   200    10     1 -9999 -9999
1978 01 16 06   -80  -120 10472   220    20     2 -9999    -1
1978 01 16 09   -40  -120 10454   270    20     7 -9999 -9999
1978 01 16 12   -80  -130 10477   180    20     2 -9999    -1
1978 01 16 18  -150  -170 10474   220    20     0 -9999    -1
1978 01 17 06  -110  -120 10480   360    20     0 -9999    -1
1978 01 17 09   -70  -110 10460    40    20     7 -9999 -9999
1978 01 17 12   -80  -140 10454     0     0     7 -9999 -9999
1978 01 17 18  -130  -150 10453   200    20     7 -9999 -9999
1978 01 18 09   -60  -240 10416   220    20     7 -9999 -9999
1978 01 18 12   -70  -130 10425   220    10     7 -9999    -1
1978 01 18 18 -9999     0 10441   220    30     6 -9999    -1
1978 01 18 21  -170  -190 10432   220    20     0 -9999 -9999
1978 01 19 09   -50  -140 10430   250    40     0 -9999 -9999
1978 01 19 12   -70  -140 10446   270    10     0 -9999 -9999
1978 01 19 18  -170  -200 10444     0     0     0 -9999 -9999
1978 01 20 00   -70 -9999 10411     0     0     0 -9999 -9999
1978 01 20 03 -9999  -240 10437     0     0     0 -9999 -9999
1978 01 20 06  -100  -150 10411   200    10     0 -9999 -9999
1978 01 20 09   -60  -150 10372   200    30     0 -9999 -9999
1978 01 20 12   -80  -160 10368     0     0     1 -9999 -9999
1978 01 20 18  -150  -180 10344   220    20     0 -9999 -9999
1978 01 20 21  -180  -200 10322   200    20     0 -9999 -9999
1978 01 21 06  -190  -220 10342   220    20     5 -9999 -9999
1978 01 21 09   -40  -180 10285   270    10     6 -9999 -9999
1978 01 21 12   -70  -160 10289    70    10     7 -9999 -9999
1978 01 21 18  -140  -170 10283     0     0     7 -9999 -9999
1978 01 22 06   -90  -180 10276     0     0     1 -9999 -9999
1978 01 22 12   -90  -180 10276     0     0     1 -9999 -9999
1978 01 22 18  -160  -190 10275    20    20     6 -9999 -9999
1978 01 23 06  -100  -150 10265   270    10     7 -9999 -9999
1978 01 23 09   -70  -180 10236   200    30     8 -9999 -9999
1978 01 23 12   -70  -170 10249   200    10     7 -9999 -9999
1978 01 23 18  -140  -170 10245   200    20     1 -9999 -9999
1978 01 23 21  -180  -200 10243     0     0     2 -9999 -9999
1978 01 24 00  -150  -180 10249   160    30     8 -9999 -9999
1978 01 24 03  -140  -170 10294   200    10     6 -9999 -9999
1978 01 24 06   -70  -160 10297    40    30     7 -9999 -9999
1978 01 24 09   -40  -160 10280    70    30     7 -9999 -9999
1978 01 24 12   -60  -170 10283    70    40     6 -9999 -9999
1978 01 24 18  -120  -160 10302   360    10     8 -9999 -9999
1978 01 24 21  -120  -180 10291    20    10     7 -9999 -9999
1978 01 25 00  -130  -160 10295   200    10     8 -9999 -9999
1978 01 25 03  -130  -160 10314   360    10     7 -9999 -9999
1978 01 25 06   -50  -150 10291   250    20     3 -9999 -9999
1978 01 25 09   -20  -160 10268   220    30     3 -9999 -9999
1978 01 25 12   -40  -150 10290     0     0     7 -9999 -9999
1978 01 25 18  -120  -160 10314     0     0     1 -9999 -9999
1978 01 25 21  -160  -190 10320   360    10     0 -9999 -9999
1978 01 26 00  -170  -190 10336    20    10     0 -9999 -9999
1978 01 26 03  -160  -180 10370     0     0     0 -9999 -9999
1978 01 26 06   -70  -140 10360    20    30     0 -9999 -9999
1978 01 26 09   -20  -120 10351   360    20     0 -9999 -9999
1978 01 26 12   -40 -9999 10374     0     0     1 -9999 -9999
1978 01 26 18  -120  -150 10379   250    20     0 -9999 -9999
1978 01 27 00  -170  -190 10368     0     0     0 -9999 -9999
1978 01 27 03  -160  -180 10365     0     0     1 -9999 -9999
1978 01 27 06   -50  -140 10341   250    20     7 -9999 -9999
1978 01 27 09   -20  -150 10319   250    40     7 -9999 -9999
1978 01 27 12   -50  -140 10338   220    10     8 -9999 -9999
1978 01 27 18  -110  -150 10314   220    30     1 -9999 -9999
1978 01 27 21  -140  -160 10302   220    20     3 -9999 -9999
1978 01 28 00  -150  -170 10312   200    20     1 -9999 -9999
1978 01 28 03  -140  -160 10347   220    20     6 -9999 -9999
1978 01 28 06   -40  -170 10323   220    30     5 -9999 -9999
1978 01 28 09   -30  -160 10321   200    30     7 -9999 -9999
1978 01 28 12   -60  -160 10306     0     0     7 -9999 -9999
1978 01 28 18  -120  -150 10348   180    10     1 -9999 -9999
1978 01 28 21  -160  -190 10354     0     0     2 -9999 -9999
1978 01 29 00  -170  -200 10382     0     0     5 -9999 -9999
1978 01 29 03  -150  -180 10405   160    10     7 -9999 -9999
1978 01 29 06   -60  -140 10388     0     0     8 -9999 -9999
1978 01 29 09   -20  -130 10373    70    20     5 -9999 -9999
1978 01 29 12   -30  -130 10392     0     0     7 -9999 -9999
1978 01 29 18  -110  -150 10395   100    10     6 -9999 -9999
1978 01 29 21  -110  -140 10372   160    20     6 -9999 -9999
1978 01 30 00  -120  -140 10377   200    10     6 -9999 -9999
1978 01 30 06   -50  -130 10379   250    10     7 -9999 -9999
1978 01 30 09   -20  -120 10351    70    20     1 -9999 -9999
1978 01 30 12   -60  -110 10377     0     0     5 -9999 -9999
1978 01 30 18  -120  -140 10370   180    10     0 -9999 -9999
1978 01 30 21  -140  -150 10371   220    10     1 -9999 -9999
1978 01 31 00  -150  -160 10382     0     0     1 -9999 -9999
1978 01 31 06   -40  -120 10375   250    30     7 -9999 -9999
1978 01 31 09   -40  -120 10364     0     0     8 -9999 -9999
1978 01 31 18  -110  -130 10362   160    20     2 -9999 -9999
1978 02 01 00  -140  -150 10372     0     0     6 -9999 -9999
1978 02 01 03  -130  -140 10391   250    30     1 -9999 -9999
1978 02 01 06   -40  -120 10369   250    20     1 -9999 -9999
1978 02 01 09   -10  -130 10342   180    30     1 -9999 -9999
1978 02 01 12   -30  -120 10345   160    10     7 -9999 -9999
1978 02 01 18  -100  -130 10343   250    10     3 -9999 -9999
1978 02 01 21 -9999  -130 10334     0     0     6 -9999 -9999
1978 02 02 00  -120  -140 10340   160    20     7 -9999 -9999
1978 02 02 03 -9999 -9999 10358   220    20     7 -9999 -9999
1978 02 02 06   -20  -110 10326   180    20     7 -9999 -9999
1978 02 02 09     0  -110 10295     0     0     2 -9999 -9999
1978 02 02 12   -30  -130 10302   160    20     7 -9999 -9999
1978 02 02 18  -100  -130 10292   180    20     1 -9999 -9999
1978 02 02 21  -110  -130 10267     0     0     2 -9999 -9999
1978 02 03 00  -120  -140 10274   160    10 -9999 -9999 -9999
1978 02 03 03  -120  -140 10289   180    20     8 -9999 -9999
1978 02 03 06   -40  -100 10252   110    20     6 -9999 -9999
1978 02 03 09   -10  -120 10212   160    20     7 -9999 -9999
1978 02 03 12   -30  -120 10198   110    20     7 -9999 -9999
1978 02 03 18   -80  -120 10192    70    20     2 -9999 -9999
1978 02 03 21   -80  -120 10190     0     0     6 -9999 -9999
1978 02 04 00  -100  -120 10201   180    20     7 -9999 -9999
1978 02 04 03  -110  -130 10249     0     0     2 -9999 -9999
1978 02 04 06   -10  -100 10227     0     0     0 -9999 -9999
1978 02 04 09    20  -100 10200   200    10     1 -9999 -9999
1978 02 04 12   -20  -110 10208    40    20     6 -9999 -9999
1978 02 04 18  -100  -140 10212   360    20     3 -9999 -9999
1978 02 04 21  -100  -120 10193    30    20     6 -9999 -9999
1978 02 05 00  -110  -140 10198    20    20     7 -9999 -9999
1978 02 05 03  -110  -130 10204    40    10     7 -9999 -9999
1978 02 05 06   -40  -100 10205    40    30     7 -9999 -9999
1978 02 05 09   -20  -110 10187    40    40     7 -9999 -9999
1978 02 05 12   -30  -110 10212    90    30     7 -9999 -9999
1978 02 05 18   -90  -120 10252    40    30     7 -9999 -9999
1978 02 05 21   -70  -120 10252    40    30     8 -9999 -9999
1978 02 06 00   -90  -120 10265    70    40     4 -9999 -9999
1978 02 06 03   -90  -140 10293    20    20     7 -9999 -9999
1978 02 06 06   -50   -90 10293    40    20     7 -9999    -1
1978 02 06 09   -30   -90 10276    40    40     7 -9999 -9999
1978 02 06 12   -30  -100 10288    70    30     8 -9999    -1
1978 02 06 18   -70  -110 10306    40    20     8 -9999 -9999
1978 02 06 21   -70  -100 10294    40    30     8 -9999 -9999
1978 02 07 00   -80  -110 10299    70    10     8 -9999    -1
1978 02 07 03   -90  -210 10322    40    40     8 -9999 -9999
1978 02 07 06   -60  -160 10321    70    30     8 -9999 -9999
1978 02 07 09   -50  -130 -9999   140    10     7 -9999 -9999
1978 02 07 12   -50  -140 10321    90    20     6 -9999     5
1978 02 07 18   -90  -110 10330    90    30     7 -9999    -1
1978 02 07 21   -90  -110 10336    90    20     7 -9999 -9999
1978 02 08 06   -80  -120 10348   140    10     6 -9999    -1
1978 02 08 09   -80  -120 10348   140    10     6 -9999 -9999
1978 02 08 12   -80  -130 10332     0     0     7 -9999    -1
1978 02 08 21  -120  -120 10316     0     0     8 -9999 -9999
1978 02 09 00  -120  -130 10322     0     0     7 -9999 -9999
1978 02 09 06   -90  -140 10328   220    20     8 -9999    -1
1978 02 09 09   -80  -170 10308     0     0     7 -9999 -9999
1978 02 09 12   -90  -160 10324   180    20     7 -9999 -9999
1978 02 09 18  -120  -150 10356   260    20     3 -9999 -9999
1978 02 09 21  -150  -160 10352     0     0     0 -9999 -9999
1978 02 10 00  -170  -180 10377     0     0     0 -9999 -9999
1978 02 10 03  -150  -160 10405     0     0     8 -9999 -9999
1978 02 10 09   -50  -140 10394   250    10     7 -9999 -9999
1978 02 10 12   -70  -170 10412   270    10     0 -9999 -9999
1978 02 10 18  -140  -170 10423   160    20     0 -9999 -9999
1978 02 10 21  -160  -180 10415     0     0     0 -9999 -9999
1978 02 11 06   -70  -150 10393   270    20     0 -9999    -1
1978 02 11 09   -40  -140 10362   250    50     0 -9999 -9999
1978 02 11 12   -60  -150 10361   250    30     0 -9999 -9999
1978 02 11 21  -160  -180 10344   180    20     0 -9999 -9999
1978 02 12 00  -170  -180 10354   250    30     0 -9999 -9999
1978 02 12 03  -160  -170 10378   270    20     0 -9999 -9999
1978 02 12 06   -70  -140 10367     0     0     0 -9999 -9999
1978 02 12 09   -30  -130 10339     0     0     0 -9999 -9999
1978 02 12 12   -50  -130 10345     0     0     0 -9999 -9999
1978 02 12 18  -130  -160 10344   200    10     1 -9999 -9999
1978 02 12 21  -150  -170 10333   200    20     0 -9999 -9999
1978 02 13 00  -160 -9999 10350   180    10     0 -9999 -9999
1978 02 13 03  -160  -170 10368   220    30     0 -9999 -9999
1978 02 13 06   -50  -140 10341   180    20     0 -9999 -9999
1978 02 13 09   -20  -140 10316   250    30     0 -9999 -9999
1978 02 13 12   -30  -160 10329   180    20     0 -9999 -9999
1978 02 13 18  -110  -150 10335   180    10     0 -9999 -9999
1978 02 13 21  -130  -150 10332   200    20     0 -9999 -9999
1978 02 14 00  -160  -170 10346   220    20     0 -9999 -9999
1978 02 14 03  -130  -150 10369     0     0     7 -9999 -9999
1978 02 14 06   -40  -130 10350   220    10     2 -9999 -9999
1978 02 14 09   -10  -180 10331   270    20     7 -9999 -9999
1978 02 14 12   -30  -150 10341    40    10     7 -9999 -9999
1978 02 14 18  -100  -140 -9999   100    20     5 -9999 -9999
1978 02 14 21  -140  -160 10356     0     0     2 -9999 -9999
1978 02 15 00  -130  -150 10358   200    10     6 -9999 -9999
1978 02 15 03  -110  -140 10377     0     0     7 -9999 -9999
1978 02 15 06   -50  -140 10376   180    10     7 -9999 -9999
1978 02 15 09   -20  -120 10366     0     0     6 -9999 -9999
1978 02 15 12   -30  -140 10371   140    10     7 -9999 -9999
1978 02 15 18  -100  -140 10375     0     0     7 -9999 -9999
1978 02 15 21  -100  -120 10360     0     0     7 -9999 -9999
1978 02 16 00  -110  -150 10365     0     0     8 -9999 -9999
1978 02 16 03  -100  -140 10393    20    10     7 -9999 -9999
1978 02 16 06   -30  -120 10380    20    40     7 -9999 -9999
1978 02 16 09     0  -110 10356    20    30     7 -9999 -9999
1978 02 16 12   -20  -130 10370     0     0     7 -9999 -9999
1978 02 16 18  -110  -150 10397     0     0     0 -9999 -9999
1978 02 16 21  -140  -170 10404   270    10     0 -9999 -9999
1978 02 17 00  -160  -190 10411     0     0     0 -9999 -9999
1978 02 17 03  -130  -160 10433     0     0     0 -9999 -9999
1978 02 17 06   -30  -130 10406   270    30     0 -9999 -9999
1978 02 17 09    10  -140 -9999     0     0     0 -9999 -9999
1978 02 17 12     0  -110 10370     0     0     0 -9999 -9999
1978 02 17 18  -100  -130 10369    70    10     0 -9999 -9999
1978 02 17 21  -140  -160 10372     0     0     0 -9999 -9999
1978 02 18 00  -150  -160 10378     0     0     0 -9999 -9999
1978 02 18 03  -130  -140 10406   140    30     0 -9999 -9999
1978 02 18 06   -40  -130 10393   160    30     0 -9999 -9999
1978 02 18 09     0  -130 10383    40    20     3 -9999 -9999
1978 02 18 12   -10  -140 10392   140    30     3 -9999 -9999
1978 02 18 18  -100  -140 10391   250    10     7 -9999 -9999
1978 02 18 21  -110  -150 10377     0     0     7 -9999 -9999
1978 02 19 00   -90  -130 10378   360    10     7 -9999 -9999
1978 02 19 03   -60  -120 10394     0     0     6 -9999 -9999
1978 02 19 06   -20   -80 10385    20    40     8 -9999    -1
1978 02 19 09   -10   -70 10366     0     0     7 -9999 -9999
1978 02 19 18   -60   -70 10376    20    20     8 -9999    -1
1978 02 19 21  -100  -110 10382    20    20     6 -9999 -9999
1978 02 20 00  -140  -150 10404     0     0     4 -9999    -1
1978 02 20 03  -100  -110 10410     0     0     7 -9999 -9999
1978 02 20 06   -40   -50 10398     0     0     8 -9999    -1
1978 02 20 09   -10   -50 10391   270    20     7 -9999 -9999
1978 02 20 12   -20   -90 10389   250    30     1 -9999    -1
1978 02 20 18   -90  -120 10392   250    10     0 -9999 -9999
1978 02 20 21  -100  -120 10373   270    10     6 -9999 -9999
1978 02 21 00  -100  -110 10377   200    40     0 -9999 -9999
1978 02 21 03  -100  -120 10398   250    30     0 -9999 -9999
1978 02 21 06   -20   -90 10386   250    40     0 -9999 -9999
1978 02 21 09    20   -70 10363   290    30     1 -9999 -9999
1978 02 21 12     0   -80 10367   180    20     1 -9999 -9999
1978 02 21 18   -70  -100 10390   220    20     7 -9999 -9999
1978 02 21 21   -90  -120 10382   250    30     0 -9999 -9999
1978 02 22 00  -100  -120 10387   250    20     0 -9999 -9999
1978 02 22 03   -90  -120 10405   200    10     1 -9999 -9999
1978 02 22 06     0   -90 10383   180    30     1 -9999 -9999
1978 02 22 09    40  -100 10345   250    30     0 -9999 -9999
1978 02 22 12    30   -90 10339     0     0     0 -9999 -9999
1978 02 22 18   -60  -100 10340   220   120     0 -9999 -9999
1978 02 22 21   -80  -100 10323   220    20     0 -9999 -9999
1978 02 23 00   -90  -110 10320   220    30     0 -9999 -9999
1978 02 23 03   -70  -120 10364   220    40     5 -9999 -9999
1978 02 23 06    20   -90 10343   220    30     2 -9999   500
1978 02 23 09    50  -110 10323   250    60     1 -9999 -9999
1978 02 23 12    40   -90 10326   270    10     2 -9999 -9999
1978 02 23 18   -30   -70 10346   250    20     0 -9999 -9999
1978 02 23 21   -60   -80 10347   200    20     0 -9999 -9999
1978 02 24 00   -90  -110 10368   180    10     0 -9999 -9999
1978 02 24 03   -60   -90 -9999   250    30     1 -9999 -9999
1978 02 24 06    40   -60 10380   270    40     6 -9999 -9999
1978 02 24 09    80   -90 10356   220    30     7 -9999 -9999
1978 02 24 12    60   -70 10366   220    20     1 -9999 -9999
1978 02 24 18   -40  -190 10368   270    30     0 -9999 -9999
1978 02 24 21   -40   -70 10369   200    10     0 -9999 -9999
1978 02 25 00   -60   -90 10387   200    20     0 -9999 -9999
1978 02 25 03   -40   -90 10422   250    20     0 -9999 -9999
1978 02 25 06   160   -80 10405   250    40     0 -9999 -9999
1978 02 25 09    90   -80 10377   250    30     0 -9999 -9999
1978 02 25 12    80   -60 10363     0     0     1 -9999 -9999
1978 02 25 21   -50   -80 10352     0     0     0 -9999 -9999
1978 02 26 00   -50   -90 10356   200    20     0 -9999 -9999
1978 02 26 03   -30   -70 10385   250    40     0 -9999 -9999
1978 02 26 06    80   -40 10339   250    30     1 -9999 -9999
1978 02 26 09   100   -60 10301   220    20     7 -9999 -9999
1978 02 26 12    80   -60 10290   220    30     7 -9999 -9999
1978 02 26 18   -20   -60 10239   220    20     7 -9999 -9999
1978 02 26 21   -50   -70 10222   200    10     7 -9999 -9999
1978 02 27 00   -40   -70 10215   110    10     7 -9999 -9999
1978 02 27 03   -10   -70 10228   250    30     7 -9999 -9999
1978 02 27 06    70   -60 10206   250    30     1 -9999 -9999
1978 02 27 09   120   -70 10172   180    40     0 -9999 -9999
1978 02 27 12   100   -60 10175   270    20     0 -9999 -9999
1978 02 27 18     0   -90 10183     0     0     0 -9999 -9999
1978 02 28 03   -20   -60 10203   270    10     7 -9999 -9999
1978 02 28 06    70   -20 10181   270    10     7 -9999 -9999
1978 02 28 09   100   -40 10161   360    20     7 -9999 -9999
1978 02 28 12    80   -20 10158   200    20     7 -9999 -9999
1978 02 28 18     0   -60 10184     0     0     3 -9999 -9999
1978 02 28 21   -20   -50 10182   110    20     7 -9999 -9999
1978 03 01 00   -20   -50 10143   180    20     7 -9999 -9999
1978 03 01 03     0   -50 10219     0     0     7 -9999 -9999
1978 03 01 06    80   -40 10219   270    30     7 -9999 -9999
1978 03 01 09   120   -50 10196     0     0     7 -9999 -9999
1978 03 01 12   100   -40 10207    40    20     2 -9999 -9999
1978 03 01 18   -20   -90 10245    20    40     0 -9999 -9999
1978 03 01 21   -40   -90 10249    20    30     0 -9999 -9999
1978 03 02 00   -50   -90 10254    20    20     2 -9999 -9999
1978 03 02 03   -20   -90 10288    20    40     7 -9999 -9999
1978 03 02 06    70   -50 10272    20    50     7 -9999 -9999
1978 03 02 09   120   -70 10240    70    50     1 -9999 -9999
1978 03 02 12    90   -70 10244    70    50     0 -9999 -9999
1978 03 02 18    20   -70 10245    70    20     0 -9999 -9999
1978 03 02 21   -10   -60 10231    40    20     0 -9999 -9999
1978 03 03 00   -10   -70 10231    70    20     0 -9999   550
1978 03 03 03     0   -70 10251   110    20     8 -9999 -9999
1978 03 03 06    80   -60 10228   180    10     8 -9999 -9999
1978 03 03 09   110   -70 10197     0     0     8 -9999 -9999
1978 03 03 12    90   -60 10191    20    30     1 -9999 -9999
1978 03 03 21    10   -60 10195    90    20     0 -9999 -9999
1978 03 04 00   -10   -70 10202    70    20     7 -9999 -9999
1978 03 04 03    10   -60 10215    70    30     7 -9999 -9999
1978 03 04 06    70   -70 10199    70    20     8 -9999 -9999
1978 03 04 09   130   -80 10159     0     0     0 -9999 -9999
1978 03 04 12   110   -50 10160    20    20     0 -9999 -9999
1978 03 05 03   -10   -70 10191     0     0     7 -9999 -9999
1978 03 05 06    80   -60 10179    20    20     7 -9999 -9999
1978 03 05 09   140   -60 10146   250    40     0 -9999 -9999
1978 03 05 12   130   -40 10133     0     0     0 -9999 -9999
1978 03 05 18    10   -50 10145    70    20     1 -9999 -9999
1978 03 06 00    10   -50 10128    20    20     7 -9999   530
1978 03 06 03    20   -60 10159   110    20     7 -9999 -9999
1978 03 06 06   130  -100 10135   250    50     7 -9999 -9999
1978 03 06 09   140   -80 10109   250    40     7 -9999 -9999
1978 03 06 12   120   -20 10119     0     0     7 -9999 -9999
1978 03 07 06    90    20 10177    40    40     6 -9999 -9999
1978 03 07 09   110     0 10164     0     0     2 -9999 -9999
1978 03 07 12    90   -10 -9999    70    40     7 -9999 -9999
1978 03 07 18    20   -20 10198   110    50     0 -9999 -9999
1978 03 07 21   -10   -30 10199    90    20     0 -9999 -9999
1978 03 08 00   -40   -50 10220   360    20     1 -9999 -9999
1978 03 08 03     0   -20 10256    40    30     1 -9999 -9999
1978 03 08 06    80   -10 10247    70    30     0 -9999 -9999
1978 03 08 09   100   -30 10227    40    40     1 -9999 -9999
1978 03 08 12    90   -20 10220    40    50     0 -9999 -9999
1978 03 08 18    20   -10 10221    20    30     0 -9999 -9999
1978 03 08 21   -10   -30 10206    20    20     0 -9999 -9999
1978 03 09 00   -20   -40 10204    20    20     0 -9999 -9999
1978 03 09 03     0   -30 10215    40    20     8 -9999 -9999
1978 03 09 06    60   -30 10198     0     0     8 -9999 -9999
1978 03 09 09    90   -80 10157     0     0     8 -9999 -9999
1978 03 09 12    90   -40 10153     0     0     7 -9999 -9999
1978 03 09 18    10   -50 10172    70    20     0 -9999 -9999
1978 03 10 00     0   -70 10179    90    20     0 -9999 -9999
1978 03 10 03    10   -50 10205    20    30     0 -9999 -9999
1978 03 10 06    90   -50 10195    70    40     7 -9999 -9999
1978 03 10 09   110   -70 10159    20    50     0 -9999 -9999
1978 03 10 12    90   -10 10159    70    50     8 -9999 -9999
1978 03 10 18    30   -40 10183    40    30     8 -9999 -9999
1978 03 10 21    10   -40 10180    20    30     5 -9999 -9999
1978 03 11 00     0   -30 10196    20    30     7 -9999 -9999
1978 03 11 03    20   -50 10222    70    30     8 -9999 -9999
1978 03 11 06    80   -90 10212    90    20     8 -9999 -9999
1978 03 11 09   100   -80 10190   110    30     0 -9999 -9999
1978 03 11 12    90   -70 10188     0     0     6 -9999 -9999
1978 03 11 18    10   -70 10201   180    10     0 -9999 -9999
1978 03 11 21    10   -70 10184   200    20     2 -9999 -9999
1978 03 12 00     0   -70 10192   360    20     2 -9999 -9999
1978 03 12 03    20   -60 10211     0     0     0 -9999 -9999
1978 03 12 09    80   -90 10199   250    40     0 -9999 -9999
1978 03 12 12   100   -50 10166   360    20     0 -9999 -9999
1978 03 12 18    20   -70 10186    40    30     0 -9999 -9999
1978 03 12 21   -10   -70 10180    20    20     0 -9999 -9999
1978 03 13 00   -20   -50 10185    20    30     0 -9999 -9999
1978 03 13 09   130   -70 10163   110    20     0 -9999 -9999
1978 03 13 12   110   -60 10153    40    30     7 -9999 -9999
1978 03 13 18    20   -60 10165    20    30     0 -9999 -9999
1978 03 13 21    10   -60 10149    20    20     0 -9999 -9999
1978 03 14 00   -10   -50 10161     0     0     0 -9999 -9999
1978 03 14 03    20   -40 10169   360    10     0 -9999 -9999
1978 03 14 06   110   -60 10140    70    20     6 -9999 -9999
1978 03 14 09   130   -60 10104    20    10     7 -9999 -9999
1978 03 14 12   120   -20 10103     0     0     7 -9999 -9999
1978 03 14 18    40   -50 10088   360    20     0 -9999 -9999
1978 03 14 21    30   -40 10069    40    10     6 -9999 -9999
1978 03 15 00    20   -40 10084   200    10     8 -9999 -9999
1978 03 15 03    40   -40 10107   270    20     2 -9999 -9999
1978 03 15 06   120   -50 10103   270    40     0 -9999 -9999
1978 03 15 12   150   -30 10069    20    10     7 -9999 -9999
1978 03 15 18    80   -20 10084    70    30     7 -9999 -9999
1978 03 15 21    60   -20 10079    40    20     8 -9999 -9999
1978 03 16 00    50   -30 10096    40    20     7 -9999 -9999
1978 03 16 03    60   -20 10110    40    20     3 -9999 -9999
1978 03 16 06   130   -60 10103    20    70     7 -9999 -9999
1978 03 16 09   150   -60 10072    70    70     0 -9999 -9999
1978 03 16 12   120   -20 10084    40    50     7 -9999 -9999
1978 03 16 18    60   -30 10103    20    30     7 -9999 -9999
1978 03 16 21    40   -50 10082    20    40     7 -9999 -9999
1978 03 17 00    30   -30 10091    20    30     7 -9999 -9999
1978 03 17 03    50   -40 10106    20    30     8 -9999 -9999
1978 03 17 06   120   -60 10087    70    20     7 -9999 -9999
1978 03 17 12   130   -10 10073     0     0     8 -9999 -9999
1978 03 17 18    80   -30 10083   360    20     8 -9999 -9999
1978 03 17 21    80   -60 10076    20    50     8 -9999 -9999
1978 03 18 00    60   -50 10086    40    30     8 -9999 -9999
1978 03 18 03    60   -50 10104    70    40     8 -9999 -9999
1978 03 18 06   110   -40 10095    70    80     8 -9999 -9999
1978 03 18 09   110    50 10092    70    80     8 -9999 -9999
1978 03 18 12    80   -20 10122    70    70     8 -9999 -9999
1978 03 18 18    70   -10 10146   360    40     8 -9999 -9999
1978 03 18 21    60   -20 10148   360    50     8 -9999 -9999
1978 03 19 00    60   -10 10165   360    50     8 -9999 -9999
1978 03 19 03    60   -10 10191    40    50     8 -9999 -9999
1978 03 19 06   110   -30 10182    30    60     8 -9999 -9999
1978 03 19 09   120   -50 10165    70    50     0 -9999 -9999
1978 03 19 12   110   -40 10173    70    50     0 -9999 -9999
1978 03 19 18    30   -30 10213    20    20     0 -9999 -9999
1978 03 19 21    30   -40 10201    40    30     8 -9999 -9999
1978 03 20 00    30   -40 10215    40    30     8 -9999 -9999
1978 03 20 03    40   -30 10242    70    50     8 -9999 -9999
1978 03 20 06    90   -30 10240    70    50     8 -9999 -9999
1978 03 20 09   110   -50 10211    70    60     8 -9999 -9999
1978 03 20 12   110   -30 10214    70    30     8 -9999 -9999
1978 03 20 18    70   -40 10230    70    40     8 -9999 -9999
1978 03 20 21    40   -20 10225    90    10     8 -9999 -9999
1978 03 21 00    30   -40 10233     0     0     8 -9999 -9999
1978 03 21 03    50   -30 10252    70    10     8 -9999 -9999
1978 03 21 06   110   -20 10234   110    30     5 -9999 -9999
1978 03 21 12   120   -30 10200    20    30     6 -9999 -9999
1978 03 21 18    40   -20 10210    70    30     3 -9999 -9999
1978 03 21 21    30   -20 10203    70    20     7 -9999 -9999
1978 03 22 00    20   -20 10202   200   200     8 -9999 -9999
1978 03 22 03    60   -20 -9999    20    30     7 -9999 -9999
1978 03 22 06   120   -40 10210   270    20     8 -9999 -9999
1978 03 22 09   120   -30 10200     0     0     8 -9999 -9999
1978 03 22 12   120   -20 10201   360    20     7 -9999 -9999
1978 03 22 18    60   -20 10213   360    30     7 -9999 -9999
1978 03 22 21    50   -10 10216     0     0     0 -9999 -9999
1978 03 23 00    40   -20 10217    80    10     7 -9999 -9999
1978 03 23 03    70     0 10234   270    10     7 -9999 -9999
1978 03 23 06   110   -10 10221   270    20     8 -9999 -9999
1978 03 23 09   120     0 10209   340    80     7 -9999 -9999
1978 03 23 12   110   -10 10209   360    50     7 -9999 -9999
1978 03 23 18    50   -10 10210   270    50     2 -9999 -9999
1978 03 23 21    40     0 10202     0     0     2 -9999 -9999
1978 03 24 00     0   -20 10211   220    20     0 -9999 -9999
1978 03 24 03    50    20 10214   250    30     0 -9999 -9999
1978 03 24 09   140   -30 10172   250    50     0 -9999 -9999
1978 03 24 18    50   -10 10165   140    10     0 -9999 -9999
1978 03 24 21    20   -20 10162     0     0     0 -9999 -9999
1978 03 25 00    40   -50 10159   270    30     3 -9999 -9999
1978 03 25 03    70     0 10173   220    20     3 -9999 -9999
1978 03 25 09   160   -50 10137   270    50     0 -9999 -9999
1978 03 25 12   150   -40 10121   270    20     0 -9999 -9999
1978 03 25 18    40   -10 10153     0     0     0 -9999 -9999
1978 03 25 21    30   -20 10149    70    20     1 -9999 -9999
1978 03 26 00     0   -20 10165   270    10     1 -9999 -9999
1978 03 26 03    70   -20 10179     0     0     6 -9999 -9999
1978 03 26 06   150   -30 10171   110    20     7 -9999 -9999
1978 03 26 09   170   -20 10148   360    20     2 -9999 -9999
1978 03 26 12   160   -30 10163   360    70     3 -9999 -9999
1978 03 27 00    50   -40 10195    20    30     7 -9999 -9999
1978 03 27 03    60   -50 10222    70    80     6 -9999 -9999
1978 03 27 06   130   -30 10215    40    50     6 -9999 -9999
1978 03 27 12   150   -60 10176     0     0     8 -9999 -9999
1978 03 27 18    70    20 10176    20    10     7 -9999 -9999
1978 03 27 21    60   -20 10162   270    10     7 -9999 -9999
1978 03 28 00    30   -10 10158   160    20     7 -9999 -9999
1978 03 28 03    80     0 10160     0     0     2 -9999 -9999
1978 03 28 06   160   -20 10152   200    10     3 -9999 -9999
1978 03 28 09   180   -10 10127   220    50     1 -9999 -9999
1978 03 28 12   170     0 10133   200    10     0 -9999 -9999
1978 03 28 21    40   -70 10166   110    30     0 -9999 -9999
1978 03 29 00    10   -70 10188   270    20     2 -9999 -9999
1978 03 29 06   170   -90 10140    70    30     1 -9999 -9999
1978 03 29 09   160   -60 10169    40    60     0 -9999 -9999
1978 03 29 12   150   -70 10170    70    50     0 -9999 -9999
1978 03 29 18    80   -20 -9999   360    30     0 -9999 -9999
1978 03 29 21    50   -20 10178    70    30     0 -9999 -9999
1978 03 30 00    30   -30 10195    20    30     0 -9999 -9999
1978 03 30 03    70   -30 10212    20    30     7 -9999 -9999
1978 03 30 06   140   -40 10202    20    30     0 -9999 -9999
1978 03 30 09   160   -60 10185    70    30     6 -9999 -9999
1978 03 30 12   150   -30 10201     0     0     5 -9999 -9999
1978 03 30 18    80   -20 10214   220    20     5 -9999 -9999
1978 03 30 21    50   -40 10200   320    20     0 -9999 -9999
1978 03 31 00    40     0 10209   220    20     0 -9999 -9999
1978 03 31 03    90   -10 10220   270    20     0 -9999 -9999
1978 03 31 06   140   -20 10207   250    30     6 -9999 -9999
1978 03 31 09   170   -30 10188   200    60     2 -9999 -9999
1978 03 31 12   160   -10 10186   220    20     7 -9999 -9999
1978 03 31 18   110   -30 10183   200    20     7 -9999 -9999
1978 03 31 21    70    20 10182    90    20     7 -9999 -9999
1978 04 01 00    50    10 10195    20    10     7 -9999 -9999
1978 04 01 03   110   -40 10211   110    30     8 -9999 -9999
1978 04 01 06   130   -40 10209    70    20 -9999 -9999 -9999
1978 04 01 09   170   -30 10189    40    30     0 -9999 -9999
1978 04 01 12   160     0 10188     0     0     2 -9999 -9999
1978 04 01 18    90   -20 10194    70    20     2 -9999 -9999
1978 04 01 21    40   -10 10185     0     0     0 -9999 -9999
1978 04 02 00    20   -40 10190     0     0     0 -9999 -9999
1978 04 02 03    80   -40 10206   140    10     0 -9999 -9999
1978 04 02 06   150  -140 10181   270    50     0 -9999 -9999
1978 04 02 09   180   -90 10160   270    50     3 -9999 -9999
1978 04 02 12   170   -70 10155   270    30     2 -9999 -9999
1978 04 02 18    70   -20 10160     0     0     1 -9999 -9999
1978 04 02 21    40   -10 10155   320    10     0 -9999 -9999
1978 04 03 00    20   -50 10168   320    20     0 -9999 -9999
1978 04 03 03   100   -30 10183   220    20     0 -9999 -9999
1978 04 03 06   170   -70 10172   270    40     0 -9999 -9999
1978 04 03 09   190   -90 10149   270    30     0 -9999 -9999
1978 04 03 12   190   -70 10144   270    20     0 -9999 -9999
1978 04 03 18    90   -60 10149   140    20     0 -9999 -9999
1978 04 03 21    60   -50 10137   160    20     0 -9999 -9999
1978 04 04 00    30   -40 10150   320    20     0 -9999 -9999
1978 04 04 06   180   -60 10156   250    40     3 -9999 -9999
1978 04 04 09   200   -90 10136   250    40     7 -9999 -9999
1978 04 04 12   180     0 10142   250    20     8 -9999 -9999
1978 04 04 18   120   -40 10148   160    30     0 -9999 -9999
1978 04 04 21   120   -80 10145   200    40     0 -9999 -9999
1978 04 05 00    90   -70 10154   180    30     2 -9999 -9999
1978 04 05 03   120   -60 10166   200    20     7 -9999 -9999
1978 04 05 06   190   -30 10147   250    30     7 -9999 -9999
1978 04 05 09   220   -80 10112   270    50     0 -9999 -9999
1978 04 05 12   200   -40 10108   270    20     7 -9999 -9999
1978 04 05 18   100    50 10120   140    10     0 -9999 -9999
1978 04 05 21   100   -60 10103   110    20     0 -9999 -9999
1978 04 06 03   110   -10 10133     0     0     7 -9999 -9999
1978 04 06 06   180   -50 10129   270    30     3 -9999 -9999
1978 04 06 09   220   -20 10106   250    60     1 -9999 -9999
1978 04 06 12   220   -10 10112   270    20     8 -9999 -9999
1978 04 06 18   100    10 10153    70    30     0 -9999 -9999
1978 04 06 21    60     0 10152     0     0     0 -9999 -9999
1978 04 07 00    30     0 10168     0     0     1 -9999 -9999
1978 04 07 03   120   -20 10184    40    30     5 -9999 -9999
1978 04 07 06   200  -100 10178    90    40     7 -9999 -9999
1978 04 07 09   220  -100 10161    20    30     7 -9999 -9999
1978 04 07 12   200    10 10158   360    30     7 -9999 -9999
1978 04 07 18   100   -20 10149    20    30     7 -9999 -9999
1978 04 07 21    10   -30 -9999    60    30     2 -9999 -9999
1978 04 08 00    50   -60 10141   360    30     1 -9999 -9999
1978 04 08 03   130   -30 10148    40    20     6 -9999 -9999
1978 04 08 06   210   -40 10138    40    10     7 -9999 -9999
1978 04 08 09   240   -40 10114   250    10     7 -9999 -9999
1978 04 08 12   220    20 10098   250    20     7 -9999 -9999
1978 04 08 18   110    10 10090    20    20     0 -9999 -9999
1978 04 08 21    80   -20 10076    70    30     0 -9999 -9999
1978 04 09 00    60    20 10088   270    20     6 -9999 -9999
1978 04 09 03   130    20 10104     0     0     7 -9999 -9999
1978 04 09 06   220   -20 10090   360    10     6 -9999 -9999
1978 04 09 09   260   -10 10068   250    40     7 -9999 -9999
1978 04 09 12   250    10 10066   270    20     4 -9999 -9999
1978 04 09 18   130    20 10083   160    20     2 -9999 -9999
1978 04 09 21    90    30 10096   360    10     2 -9999 -9999
1978 04 10 00    70    20 10104    20    10     6 -9999 -9999
1978 04 10 03   150     0 10125    70    30     7 -9999 -9999
1978 04 10 06   230   -20 10120     0     0     7 -9999 -9999
1978 04 10 09   280   -70 10099   140    20     2 -9999 -9999
1978 04 10 12   270     0 10102   270    30     6 -9999 -9999
1978 04 10 18   130    40 10116     0     0     0 -9999 -9999
1978 04 10 21   120    10 10104    90    10     0 -9999 -9999
1978 04 11 00    70     0 10120   360    10     3 -9999 -9999
1978 04 11 03   170    20 10143    20    20     3 -9999 -9999
1978 04 11 06   270     0 10131   250    10     6 -9999 -9999
1978 04 11 09   290    10 10105   270    30     2 -9999 -9999
1978 04 11 12   290    30 10093   250    20     0 -9999 -9999
1978 04 11 18   130    90 10094     0     0     0 -9999 -9999
1978 04 11 21   120    60 10075     0     0     0 -9999 -9999
1978 04 12 00    80    20 10092   360    20     1 -9999 -9999
1978 04 12 03   180    30 10099     0     0     1 -9999 -9999
1978 04 12 06   290    10 10073   250    40     0 -9999 -9999
1978 04 12 09   310    10 10029   250    40     1 -9999 -9999
1978 04 12 12   280    60 10030   250    30     6 -9999 -9999
1978 04 12 18   190    10  9999   140    20     3 -9999 -9999
1978 04 12 21   150    30 10004    20    10     0 -9999 -9999
1978 04 13 00   140    20 10027   110    20     0 -9999 -9999
1978 04 13 03   200    30 10043    90    30     7 -9999 -9999
1978 04 13 06   270   -10 10041    40    60     2 -9999 -9999
1978 04 13 09   290    10 10030    70    20     7 -9999 -9999
1978 04 13 12   270    30 10033   360    20     7 -9999 -9999
1978 04 13 18   200    10 10069    70    70     7 -9999 -9999
1978 04 13 21   190    30 10085    90    80     7 -9999 -9999
1978 04 14 03   170    20 10106    40    30     8 -9999 -9999
1978 04 14 06   200    10 10146    70    90     0 -9999 -9999
1978 04 14 12   200   -10 10138    90    50     0 -9999 -9999
1978 04 14 18   140    60 10187    70    20     6 -9999 -9999
1978 04 14 21   140    20 10198    20    70     7 -9999 -9999
1978 04 15 00   130   -20 10222    70    80     7 -9999 -9999
1978 04 15 03   140   -40 10264   110    40     8 -9999 -9999
1978 04 15 06   150  -100 10269    70    90     8 -9999 -9999
1978 04 15 09   160  -110 10245    70    70     2 -9999 -9999
1978 04 15 12   150  -130 10233   170    50     0 -9999 -9999
1978 04 15 18   100    30 10241    40    10     8 -9999 -9999
1978 04 15 21   100     0 10219    70    20     8 -9999 -9999
1978 04 16 00    90    20 10211     0     0     8 -9999 -9999
1978 04 16 03   120   -60 10206   180    20     8 -9999 -9999
1978 04 16 06   150     0 10191    20    30     8 -9999 -9999
1978 04 16 09   160  -140 10161    20    30     8 -9999 -9999
1978 04 16 12   260   -60 10140    40    30     8 -9999 -9999
1978 04 16 18   110    10 10141     0     0     8 -9999 -9999
1978 04 16 21    90    10 10127     0     0     8 -9999 -9999
1978 04 17 00    90   -30 10121     0     0     8 -9999 -9999
1978 04 17 03   120   -30 10122     0     0     8 -9999 -9999
1978 04 17 06   160   -90 10098    20    10     0 -9999 -9999
1978 04 17 09   170   -90 10071     0     0     0 -9999 -9999
1978 04 17 12   170   -70 10062     0     0     8 -9999 -9999
1978 04 17 18   120    10 10067    20    10     8 -9999 -9999
1978 04 17 21   110   -10 10064    30    20     8 -9999 -9999
1978 04 18 00    90    30 10065     0     0     8 -9999 -9999
1978 04 18 03   120    10 10065     0     0     8 -9999 -9999
1978 04 18 06   180   -50 10036     0     0     8 -9999 -9999
1978 04 18 09   190   -90 10027     0     0     8 -9999 -9999
1978 04 18 12   180     0 10040     0     0     8 -9999 -9999
1978 04 18 18   130    40 10054     0     0     8 -9999 -9999
1978 04 18 21   130    50 10048     0     0     8 -9999 -9999
1978 04 19 00   120    10 10056     0     0     8 -9999 -9999
1978 04 19 06   200   -50 10063   360    20     3 -9999 -9999
1978 04 19 09   230   -30 10039    70    20     0 -9999 -9999
1978 04 19 12   220   -10 10041    20    10     0 -9999 -9999
1978 04 19 18   140    40 10069    40    20     0 -9999 -9999
1978 04 19 21   130     0 10067    70    30     0 -9999 -9999
1978 04 20 00   110    10 10086    20    20     0 -9999 -9999
1978 04 20 03   140    40 10104   110    10     8 -9999 -9999
1978 04 20 06   220   -60 10090    70    40     8 -9999 -9999
1978 04 20 09   250   -30 10067    10    30     2 -9999 -9999
1978 04 20 12   230     0 10069    40    30     3 -9999 -9999
1978 04 20 18   150     0 10075    70    50     5 -9999 -9999
1978 04 20 21   110    20 10063    70    10     0 -9999 -9999
1978 04 21 03   160     0 10080    70    20     0 -9999 -9999
1978 04 21 06   240   -20 10026     0     0     5 -9999 -9999
1978 04 21 09   270     0 10047   250    30     0 -9999 -9999
1978 04 21 12   250    40 10046   250    20     0 -9999 -9999
1978 04 21 18    70    50 10051    20    30     6 -9999 -9999
1978 04 21 21   150    30 10048    40    30     2 -9999 -9999
1978 04 22 00   140    60 10062   250    20     8 -9999 -9999
1978 04 22 06   230   120 10086    20    50     8 -9999 -9999
1978 04 22 09   250   140 10067    20    30     0 -9999 -9999
1978 04 22 12   230   130 10063    70    50     0 -9999 -9999
1978 04 22 18   150    40 10073    70    20     0 -9999 -9999
1978 04 22 21   140    10 10056    70    50     0 -9999 -9999
1978 04 23 00   100    20 10065    20    20     2 -9999 -9999
1978 04 23 03   160    30 10078    40    30     7 -9999 -9999
1978 04 23 06   220   -10 10074    20    20     6 -9999 -9999
1978 04 23 09   240    10 10062     0     0     7 -9999 -9999
1978 04 23 12   220    30 10069   270    20     8 -9999 -9999
1978 04 23 18   140    30 10092    20    30     3 -9999 -9999
1978 04 23 21   120    30 10087    40    20     0 -9999 -9999
1978 04 24 00    90    20 10103     0     0     7 -9999 -9999
1978 04 24 06   250    10 10092    70    20     7 -9999 -9999
1978 04 24 09   230    30 10072   180    10     8 -9999 -9999
1978 04 24 12   210     0 -9999     0     0     7 -9999 -9999
1978 04 24 18   140    60 10093     0     0     1 -9999 -9999
1978 04 24 21   110    50 10090     0     0     0 -9999 -9999
1978 04 25 00    90    20 10100     0     0     2 -9999 -9999
1978 04 25 03   190    30 10109   250    20     0 -9999 -9999
1978 04 25 06   260   -10 10097   250    60     2 -9999 -9999
1978 04 25 09   290   -40 10074   250    70     6 -9999 -9999
1978 04 25 12   270   -30 10078   270    30     2 -9999 -9999
1978 04 25 18   150    40 10089     0     0     5 -9999 -9999
1978 04 25 21   120    30 10088    20    30     2 -9999 -9999
1978 04 26 00   100     0 10103    20    20     2 -9999 -9999
1978 04 26 03   170    30 10110   110    30     3 -9999 -9999
1978 04 26 06   260   -10 10092    20    20     0 -9999 -9999
1978 04 26 09   290   -40 10070   360    20     0 -9999 -9999
1978 04 26 12   290    20 10051   270    20     3 -9999 -9999
1978 04 26 18   160    40 10056   110    20     1 -9999 -9999
1978 04 26 21   130    40 10044    70    20     3 -9999 -9999
1978 04 27 00   100    10 10048    20    30     1 -9999 -9999
1978 04 27 03   190    10 10061 -9999 -9999     0 -9999 -9999
1978 04 27 06   280   -50 10033    40    40     0 -9999 -9999
1978 04 27 09   310   -30  9999    90    10     0 -9999 -9999
1978 04 27 12   290   -10  9988    20    30     7 -9999 -9999
1978 04 27 18   170    60  9991    20    10     0 -9999 -9999
1978 04 27 21   180     0  9974     0     0     7 -9999 -9999
1978 04 28 00   150    40  9986     0     0     7 -9999 -9999
1978 04 28 03   210    30 10014    40    20     3 -9999 -9999
1978 04 28 06   290   -10 10005     0     0     6 -9999 -9999
1978 04 28 09   320   -40  9972   320    30     5 -9999 -9999
1978 04 28 12   290    20  9975    70    20     7 -9999 -9999
1978 04 28 18   180    40  9995    70    20     2 -9999 -9999
1978 04 28 21   160    20 10004     0     0     0 -9999 -9999
1978 04 29 00   150    20 10029    20    20     2 -9999 -9999
1978 04 29 06   270   -10 10034    70    40     7 -9999 -9999
1978 04 29 09   300   -40 10020    20    30     7 -9999 -9999
1978 04 29 12   270    20 10041   270    30     8 -9999 -9999
1978 04 29 18   210    10 -9999 -9999 -9999 -9999 -9999 -9999
1978 04 29 21   200    10 10052    40    50     3 -9999 -9999
1978 04 30 00   190    20 10071    70    50     7 -9999 -9999
1978 04 30 06   240    20 10100    70    70     7 -9999 -9999
1978 04 30 09   290    20 10070   110    40     7 -9999 -9999
1978 04 30 12   270    70 10083     0     0     7 -9999 -9999
1978 04 30 18   170    70 10136     0     0     3 -9999    -1
1978 04 30 21   140    60 10140     0     0     0 -9999 -9999
1978 05 01 00   120    50 10150     0     0     1 -9999 -9999
1978 05 01 03   220    50 10153   270    20     0 -9999 -9999
1978 05 01 06   270    30 10144   180    10     1 -9999 -9999
1978 05 01 09   300    20 10115   270    20     0 -9999 -9999
1978 05 01 18   190    50 10114    20    20     0 -9999 -9999
1978 05 01 21   150    70 10111     0     0     0 -9999 -9999
1978 05 02 03   120    50 10125    20    10     0 -9999 -9999
1978 05 02 06   270    20 10113    40    40     2 -9999 -9999
1978 05 02 09   300    30 10103    70    20     0 -9999 -9999
1978 05 02 12   290    50 10099   220    20     4 -9999 -9999
1978 05 02 18   160    70 10108    70    20     0 -9999 -9999
1978 05 02 21   160    40 10102     0     0     0 -9999 -9999
1978 05 03 00   130    80 10110   360    20     1 -9999 -9999
1978 05 03 03   230    40 10117     0     0     0 -9999 -9999
1978 05 03 06   300    10 10100     0     0     0 -9999 -9999
1978 05 03 09   230    20 10073   250    30     0 -9999 -9999
1978 05 03 12   300     0 10070    90    20     6 -9999 -9999
1978 05 03 18   190    70 10069     0     0 -9999 -9999 -9999
1978 05 03 21   170    30 10057   140    20     0 -9999 -9999
1978 05 04 00   120    60 10073   360    20     5 -9999 -9999
1978 05 04 06 -9999   -10 10050   110    10     7 -9999 -9999
1978 05 04 09   130     0 10019    90    20     7 -9999 -9999
1978 05 04 12   300    40 10003   360    30     3 -9999 -9999
1978 05 04 18   200    40  9983   110    20     6 -9999 -9999
1978 05 04 21   180    50  9978    20    30     7 -9999 -9999
1978 05 05 00   170 -9999  9999    40    20     7 -9999 -9999
1978 05 05 03   230    50 10014    40    50     7 -9999 -9999
1978 05 05 06   280    70 10009    70    40     7 -9999 -9999
1978 05 05 09   300    80  9988    70    20     8 -9999 -9999
1978 05 05 12   280    90  9988     0     0     7 -9999 -9999
1978 05 05 18   200    50 10011    40    20     0 -9999 -9999
1978 05 05 21   160    40 10014    20    30     3 -9999 -9999
1978 05 06 00   150    80 10026    70    20     6 -9999 -9999
1978 05 06 03   220    50 10038    70    30     6 -9999 -9999
1978 05 06 06   290    20 10022    70    40     3 -9999 -9999
1978 05 06 09   310    20 10010 -9999 -9999     6 -9999 -9999
1978 05 06 18   190    30 10035    40    40     2 -9999 -9999
1978 05 06 21   200    20 10027    70    60     7 -9999 -9999
1978 05 07 00    90    20 10051    40    50     8 -9999 -9999
1978 05 07 06   170   110 10130   360    30     8 -9999    -1
1978 05 07 09   160   100 10135    20    90     8 -9999 -9999
1978 05 07 12   140    90 10157    40    50     8 -9999     5
1978 05 07 18   120    80 10188    20    30     0 -9999 -9999
1978 05 07 21    90    80 10201   360    10     0 -9999 -9999
1978 05 08 00   100    80 10207    40    50     2 -9999 -9999
1978 05 08 06   200    50 10190     0     0     7 -9999 -9999
1978 05 08 09   230    30 10164   360    50     7 -9999 -9999
1978 05 08 12   230    20 10141    20    30     3 -9999 -9999
1978 05 08 18   150    60 10146    20    30     7 -9999 -9999
1978 05 08 21   140    50 10142   360    30     3 -9999 -9999
1978 05 09 00   130    60 10143   360    20     6 -9999 -9999
1978 05 09 03   170    50 10155     0     0     0 -9999 -9999
1978 05 09 06   240   -20 10141    20    40     0 -9999 -9999
1978 05 09 09   270     0 10108    20    40     0 -9999 -9999
1978 05 09 12   250    80 10101     0     0     0 -9999 -9999
1978 05 09 18   170    60 10116     0     0     0 -9999 -9999
1978 05 09 21   150    50 10114    70    20     0 -9999 -9999
1978 05 10 00   120    60 10124   360    10     0 -9999 -9999
1978 05 10 03   200    30 10144   270    20     0 -9999 -9999
1978 05 10 06   270    40 10122    90    20     0 -9999 -9999
1978 05 10 09   290    30 10096    70    10     0 -9999 -9999
1978 05 10 12   280    50 10082     0     0     2 -9999 -9999
1978 05 10 18   180    80 10083   110    20     0 -9999 -9999
1978 05 10 21   160    90 10096   110    20     0 -9999 -9999
1978 05 11 00   150    50 10082    70    20     7 -9999 -9999
1978 05 11 03   230    60 10088    20    20     3 -9999 -9999
1978 05 11 06   290    30 10064   110    20     0 -9999 -9999
1978 05 11 09   310    30 10035    20    30     7 -9999 -9999
1978 05 11 12   310    20 10017    20    20     3 -9999 -9999
1978 05 11 18   200    70 10016     0     0     2 -9999 -9999
1978 05 11 21   180    80 10009    20    20     2 -9999 -9999
1978 05 12 00   150    80 10012    70    20     7 -9999 -9999
1978 05 12 03   220   110 10030     0     0     8 -9999 -9999
1978 05 12 06   290    70 10006   140    20     7 -9999 -9999
1978 05 12 09   320    50  9975   270    10     1 -9999 -9999
1978 05 12 12   300   110  9960    70    10     0 -9999 -9999
1978 05 12 18   200    80  9979    70    20     0 -9999 -9999
1978 05 12 21   180    70  9982     0     0     0 -9999 -9999
1978 05 13 00   150    60 10012   270    10     7 -9999 -9999
1978 05 13 03   240   110 10016     0     0     7 -9999 -9999
1978 05 13 06   280    70 10013     0     0     6 -9999 -9999
1978 05 13 09   300    40  9996   270    30     7 -9999 -9999
1978 05 13 18   210    40 10021    40    40     6 -9999 -9999
1978 05 13 21   170    70 -9999     0     0     2 -9999 -9999
1978 05 14 00   140    60 10044    40    30     7 -9999 -9999
1978 05 14 03   230    30 10051    40    20     2 -9999 -9999
1978 05 14 06   270    50 10043    40    30     0 -9999 -9999
1978 05 14 09   290     0 10026   360    50     3 -9999 -9999
1978 05 14 12   230    50 10054    20    60     8 -9999    -1
1978 05 14 18   150    80 10069     0     0     1 -9999 -9999
1978 05 14 21   120    80 10084   360    20     0 -9999 -9999
1978 05 15 00   110    70 10106     0     0     1 -9999 -9999
1978 05 15 03   200    70 10102    40    40     6 -9999 -9999
1978 05 15 06   240    60 10097   140    30     2 -9999 -9999
1978 05 15 09   270     0 10079   110    20     2 -9999 -9999
1978 05 15 12   270    50 10076     0     0     2 -9999 -9999
1978 05 15 18   190    20 10090    70    50     7 -9999 -9999
1978 05 15 21   170    40 10093    20    80     2 -9999 -9999
1978 05 16 00   150    80 10104    40    60     7 -9999    -1
1978 05 16 03   170    80 10130    70    90     8 -9999 -9999
1978 05 16 09   230    60 10096    70    60     8 -9999 -9999
1978 05 16 12   230    70 10095    40    70     5 -9999 -9999
1978 05 16 18   160    90 10113    20    60     2 -9999 -9999
1978 05 16 21   130    90 10103   360    20     2 -9999 -9999
1978 05 17 00   120    80 10105    20    20     7 -9999 -9999
1978 05 17 09   210    80 10101   360    40     8 -9999 -9999
1978 05 17 12   240 -9999 10063   270    40     3 -9999    -1
1978 05 17 18   140    90 10075     0     0     1 -9999 -9999
1978 05 17 21   120    80 10073     0     0     2 -9999 -9999
1978 05 18 00   110    80 10063     0     0     3 -9999 -9999
1978 05 18 03   200    80 10066    70    20     1 -9999 -9999
1978 05 18 06   260    60 10041   110    10     6 -9999 -9999
1978 05 18 09   290    50 10007   220    40     7 -9999 -9999
1978 05 18 12   280    20  9993   270    30     7 -9999 -9999
1978 05 18 18    80    80  9991     0     0     7 -9999 -9999
1978 05 18 21   170    80  9984    70    20     7 -9999 -9999
1978 05 19 00   140    90  9995     0     0     7 -9999 -9999
1978 05 19 03   140    90  9990     0     0     7 -9999 -9999
1978 05 19 06   280    80  9992   220    40     1 -9999 -9999
1978 05 19 09   310    40  9965   180    60     1 -9999 -9999
1978 05 19 12   300    80  9964   220   200     2 -9999 -9999
1978 05 19 18   220    50  9989    40    40     5 -9999 -9999
1978 05 19 21   210    60 -9999    90    50     1 -9999 -9999
1978 05 20 00   160    80 10007     0     0     9 -9999 -9999
1978 05 20 03   240    50 -9999    70    50     0 -9999 -9999
1978 05 20 06   290    60 10000    40    60     0 -9999 -9999
1978 05 20 09   320    30  9974    20    50     0 -9999 -9999
1978 05 20 12   310    80  9977    40    20     1 -9999 -9999
1978 05 20 18   240    60  9990    20    30     0 -9999 -9999
1978 05 20 21   210    50 -9999   360    50     2 -9999 -9999
1978 05 21 00   180    80 10012   360    30     2 -9999 -9999
1978 05 21 06   290    60 10016    40    50     0 -9999 -9999
1978 05 21 09   310    80  9994    70    20     0 -9999 -9999
1978 05 21 12   290   140  9994     0     0     0 -9999 -9999
1978 05 21 18   210    80  9995    70    20     6 -9999 -9999
1978 05 21 21   190    70  9992    90    20     7 -9999 -9999
1978 05 22 00   200    60 10017   270    30     6 -9999 -9999
1978 05 22 03   260    80 10020    40    60     7 -9999 -9999
1978 05 22 06   290   110 10013    70    30     7 -9999 -9999
1978 05 22 09   320    70  9988   110    20     1 -9999 -9999
1978 05 22 12   320    70  9978   270    50     1 -9999 -9999
1978 05 22 18   210    80 -9999    90    30     1 -9999 -9999
1978 05 22 21   200    50 10012    70    30     7 -9999 -9999
1978 05 23 00   160    90 10039    20    20     6 -9999 -9999
1978 05 23 03   230   110 10054     0     0     7 -9999 -9999
1978 05 23 06   290   120 10032   110    10     6 -9999 -9999
1978 05 23 09   300    90 10013   140    50     7 -9999 -9999
1978 05 23 12   290 -9999 10009   160    20     7 -9999 -9999
1978 05 23 18   200    80 10023    40    30     2 -9999 -9999
1978 05 23 21   170    70 10027     0     0     0 -9999 -9999
1978 05 24 00   170    70 10013    70    30     0 -9999 -9999
1978 05 24 03   240    90 10003    90    20     0 -9999 -9999
1978 05 24 06   310    80 -9999   220    30     0 -9999 -9999
1978 05 24 09   320    70  9935    40    40     0 -9999 -9999
1978 05 24 12   300   110  9908    40    40     6 -9999 -9999
1978 05 24 18   230    90  9884    70    40     7 -9999 -9999
1978 05 24 21   200   100  9879    40    30     5 -9999 -9999
1978 05 25 00   200    70  9902   300   230     3 -9999 -9999
1978 05 25 03 -9999    60 -9999   200    50     8 -9999 -9999
1978 05 25 06   250    60  9953   360    80     8 -9999    -1
1978 05 25 18   130    80 10015   220    20     1 -9999 -9999
1978 05 25 21   110    90 10031   250    10     0 -9999 -9999
1978 05 26 06   250    60 10042   160    30     0 -9999 -9999
1978 05 26 09   280    20 10022   220    30     2 -9999 -9999
1978 05 26 12   290    20 10006   270    10     2 -9999 -9999
1978 05 26 18   190    50 10019    90    20     7 -9999 -9999
1978 05 26 21   160    60 10008   110    20     3 -9999 -9999
1978 05 27 00   170   100 10034   360    20     7 -9999   290
1978 05 27 03   230    40 10046   360   100     8 -9999 -9999
1978 05 27 06   220    50 10057   340    20     8 -9999    -1
1978 05 27 09   220    40 10060    20    70     7 -9999 -9999
1978 05 27 12   250    60 10035   180    10     1 -9999    -1
1978 05 27 18   140    80 10084    90    10     0 -9999 -9999
1978 05 28 00   120    70 10105     0     0     6 -9999 -9999
1978 05 28 03   200    40 10099     0     0     4 -9999 -9999
1978 05 28 09   270     0 10060   270    40     2 -9999 -9999
1978 05 28 12   280    80 10043     0     0     0 -9999 -9999
1978 05 28 18   170   120 10051     0     0     3 -9999 -9999
1978 05 28 21   170    80 10034     0     0     1 -9999 -9999
1978 05 29 00   180    50 10035     0     0     6 -9999    -1
1978 05 29 03   210    60 10047    70    30     7 -9999 -9999
1978 05 29 06   260    60 10036   110    10     7 -9999    -1
1978 05 29 09   280    70 10012   110    30     1 -9999 -9999
1978 05 29 12   280    70  9996   270    20     0 -9999 -9999
1978 05 29 18   180    80 10015    40    30     0 -9999 -9999
1978 05 29 21   170    60 10007    20    50     0 -9999 -9999
1978 05 30 00   160    60 10023    20    60     7 -9999    -1
1978 05 30 06   240    50 -9999    40    80     7 -9999 -9999
1978 05 30 09   250    50 10027    20    80     8 -9999 -9999
1978 05 30 12   240    70 10015    70    40     7 -9999 -9999
1978 05 30 18   150   100 10050   360    10     0 -9999 -9999
1978 05 30 21   140    70 10050   360    10     0 -9999 -9999
1978 05 31 00   130    90 10061   160    20     3 -9999 -9999
1978 05 31 03   200   130 10067     0     0     8 -9999 -9999
1978 05 31 06   270    90 10045   110    20     0 -9999 -9999
1978 05 31 09   300    80 10016   140    20     0 -9999 -9999
1978 05 31 12   290   140 10000     0     0     0 -9999 -9999
1978 05 31 18   200   140 10002    40    20     0 -9999 -9999
1978 05 31 21   170    90  9999     0     0     0 -9999 -9999
1978 06 01 00   160   110 10014     0     0     1 -9999 -9999
1978 06 01 03   240   100 10038   360    20     0 -9999 -9999
1978 06 01 06   310    80 10008    40    30     0 -9999 -9999
1978 06 01 09   320    70  9990    40    30     3 -9999 -9999
1978 06 01 12   290   130  9989    40    20     8 -9999 -9999
1978 06 01 18   210   140 10003   270    20     0 -9999 -9999
1978 06 01 21   240    80 10003   340    50     7 -9999 -9999
1978 06 02 03   260   120 10028    20    30     7 -9999 -9999
1978 06 02 06   310    90 10016    70    30     7 -9999 -9999
1978 06 02 09   340    70  9984   360    30     1 -9999 -9999
1978 06 02 12   310    70  9985   360    10     1 -9999 -9999
1978 06 02 18   220   120 10004    40    10     0 -9999 -9999
1978 06 02 21   190    90  9996    20    20     0 -9999 -9999
1978 06 03 00   190   120 10001    40    20     7 -9999 -9999
1978 06 03 03   240   100 10014    40    30     0 -9999 -9999
1978 06 03 06   310   130  9998   340    10     0 -9999 -9999
1978 06 03 09   350    60  9974   270    20     0 -9999 -9999
1978 06 03 12   320   160  9966     0     0     0 -9999 -9999
1978 06 03 18   270    50  9985   360   100     7 -9999 -9999
1978 06 03 21   250    60  9976   340    50     2 -9999 -9999
1978 06 04 00   220    80 -9999   320    40     7 -9999 -9999
1978 06 04 03   280    80 10003   360    40     8 -9999 -9999
1978 06 04 06   340    60  9987    40    20     7 -9999 -9999
1978 06 04 09   340    70  9965   360    30     2 -9999 -9999
1978 06 04 12   340    80  9948    20    30     3 -9999 -9999
1978 06 04 18   240   100  9984    20    30     7 -9999 -9999
1978 06 04 21   250    60  9981   360   110     7 -9999 -9999
1978 06 05 00   260    40  9972   360   120     8 -9999 -9999
1978 06 05 03   250   100 10022   360    20     8 -9999 -9999
1978 06 05 06   260    70 10034    20    60     7 -9999    -1
1978 06 05 09   270    40 10014   250    30     7 -9999 -9999
1978 06 05 12   300    70 10000     0     0     1 -9999    -1
1978 06 05 18   230    40 10059   360    30     8 -9999    -1
1978 06 05 21   190    90 10066     0     0     1 -9999 -9999
1978 06 06 00   160    90 10009   110    10     0 -9999    10
1978 06 06 06   290    70 10079   110    10     0 -9999 -9999
1978 06 06 09   310    90 10054   250    40     2 -9999 -9999
1978 06 06 12   310    70 10052   270    20     1 -9999 -9999
1978 06 06 18   220   100 10076    90    50     0 -9999 -9999
1978 06 06 21   200    80 10073    80    50     0 -9999 -9999
1978 06 07 00   170   110 10087     0     0     0 -9999 -9999
1978 06 07 03   230    70 10104    20    20     0 -9999 -9999
1978 06 07 06   280    70 10069    70    40     0 -9999 -9999
1978 06 07 09   300    90 10032   250    20     2 -9999 -9999
1978 06 07 12   300   100 10018   360    10     7 -9999 -9999
1978 06 07 18   200    90 10042    70    90     7 -9999 -9999
1978 06 07 21   170   100 10038    40    30     1 -9999 -9999
1978 06 08 00   160   100 10053    20    50     7 -9999    -1
1978 06 08 03   220    80 10039    70    50     1 -9999 -9999
1978 06 08 06   270    80 10015    40    20     7 -9999 -9999
1978 06 08 09   280    90  9983   360    20     7 -9999 -9999
1978 06 08 12   260   120  9967    70    10     6 -9999 -9999
1978 06 08 18   210    80  9988   340    50     7 -9999 -9999
1978 06 08 21   220    70  9989   270    90     7 -9999 -9999
1978 06 09 00   150   110 10052   360    30     8 -9999    10
1978 06 09 03   130   100 10098   360    90     8 -9999 -9999
1978 06 09 09   120   100 10142   360    60     8 -9999 -9999
1978 06 09 12   130   100 10160     0     0     7 -9999    20
1978 06 09 18   110     0 10179     0     0     3 -9999    -1
1978 06 09 21   120   100 10173    20    30     7 -9999 -9999
1978 06 10 00   120    90 10164    20    40     7 -9999 -9999
1978 06 10 03   140    80 10159    20    70     7 -9999 -9999
1978 06 10 06   160   100 10157    20    60     7 -9999    -1
1978 06 10 09   170   100 10147    70    50     6 -9999 -9999
1978 06 10 12   180   100 10143     0     0     6 -9999 -9999
1978 06 10 18   130   100 10149    90    30     1 -9999    10
1978 06 10 21   120   100 10145     0     0     2 -9999 -9999
1978 06 11 00   110    10 10160     0     0     7 -9999 -9999
1978 06 11 03   170   100 10160   140    30     4 -9999 -9999
1978 06 11 06   220   100 10147   110    20     1 -9999 -9999
1978 06 11 09   250    90 10123   360    10     4 -9999 -9999
1978 06 11 12   260    80 10108     0     0     1 -9999 -9999
1978 06 11 18   160   100 10114     0     0     1 -9999 -9999
1978 06 11 21   130    80 10107     0     0     1 -9999 -9999
1978 06 12 00   130   100 10110    20    10     1 -9999 -9999
1978 06 12 03   210    80 10106    70    30     1 -9999 -9999
1978 06 12 06   260    90 10083    20    20     5 -9999 -9999
1978 06 12 09   290    80 10057   360    20     6 -9999 -9999
1978 06 12 12   280   110 10045     0     0     7 -9999 -9999
1978 06 12 18   210    70 10042    70    30     3 -9999 -9999
1978 06 12 21   150    90 10042     0     0     0 -9999 -9999
1978 06 13 00   150   100 10055     0     0     3 -9999 -9999
1978 06 13 06   280    40 10045   270    20     5 -9999 -9999
1978 06 13 09   310    60 10028     0     0     5 -9999 -9999
1978 06 13 12   150   100 10055     0     0     3 -9999 -9999
1978 06 13 18   210   110 10031     0     0     3 -9999 -9999
1978 06 13 21   180    90 10032   360    30     3 -9999 -9999
1978 06 14 00   170   110 10050    70    20     7 -9999 -9999
1978 06 14 03   220   120 10066     0     0     7 -9999 -9999
1978 06 14 06   260   100 10061    20    20     8 -9999 -9999
1978 06 14 09   260   100 10060     0     0     8 -9999 -9999
1978 06 14 12   270   110 10044    40    30     2 -9999   700
1978 06 14 18   200    80 10069    20    80     1 -9999 -9999
1978 06 14 21   180    90 10071    40    40     0 -9999 -9999
1978 06 15 00   160   100 10088    20    20     1 -9999 -9999
19