1956 08 20 00   161   100 -9999   110    31     2 -9999 -9999
1956 08 20 03   211   100 -9999   140    31     1 -9999 -9999
1956 08 20 06   228    89 -9999   160    51     5 -9999 -9999
1956 08 20 09   239    78 -9999   180    51     3 -9999 -9999
1956 08 20 12   189   100 -9999   160    10     3 -9999 -9999
1956 08 20 18   150   128 -9999   180    10     7 -9999 -9999
1956 08 20 21   139   122 -9999   220    10     6 -9999 -9999
1956 08 21 00   161   122 -9999   160    10     7 -9999 -9999
1956 08 21 03   200   122 -9999   270    31     7 -9999 -9999
1956 08 21 06   239   100 -9999   270    31     3 -9999     6
1956 08 21 09   200   139 -9999   110    41     6 -9999 -9999
1956 08 21 12   178   122 -9999    90    21     1 -9999     3
1956 08 21 18   128   122 -9999   320    21     6 -9999 -9999
1956 08 21 21   128   111 -9999     0     0     7 -9999 -9999
1956 08 22 00   189   100 -9999   290    31     7 -9999     6
1956 08 22 03   228    72 -9999   270    51     6 -9999 -9999
1956 08 22 06   239    50 -9999   270    72     1 -9999    90
1956 08 22 09   228    39 -9999   270    72     3 -9999 -9999
1956 08 22 12   150   111 -9999    40    51     1 -9999 -9999
1956 08 22 18    89    50 -9999   360    31     1 -9999 -9999
1956 08 22 21    72    61 -9999    40    10     1 -9999 -9999
1956 08 23 00   122    72 -9999     0     0     1 -9999 -9999
1956 08 23 03   172    39 -9999   200    10     3 -9999 -9999
1956 08 23 06   211    22 -9999   180    10     7 -9999 -9999
1956 08 23 09   161    28 -9999    20    62     7 -9999 -9999
1956 08 23 12   122    89 -9999   340    10     1 -9999    10
1956 08 23 21    39    39 -9999   320    21     2 -9999 -9999
1956 08 24 03   178     0 -9999   270    72     6 -9999 -9999
1956 08 24 06   239    11 -9999   270    82     2 -9999 -9999
1956 08 24 09   228   -28 -9999   340    72     1 -9999 -9999
1956 08 24 12   161   -50 -9999   320    41     1 -9999 -9999
1956 08 24 18    78    22 -9999     0     0     0 -9999 -9999
1956 08 24 21    61    22 -9999   360    10     0 -9999 -9999
1956 08 25 03   211    50 -9999   270    21     6 -9999 -9999
1956 08 25 09   261    72 -9999   270    21     7 -9999 -9999
1956 08 25 12   200    72 -9999   160    10     3 -9999 -9999
1956 08 25 21   139    72 -9999     0     0     6 -9999 -9999
1956 08 26 00   150    78 -9999   270    31     7 -9999 -9999
1956 08 26 03   228    89 -9999   250    10     3 -9999 -9999
1956 08 26 06   261    78 -9999   270    31     6 -9999 -9999
1956 08 26 09   261    50 -9999   220    41     4 -9999 -9999
1956 08 26 12   211    72 -9999   180    21     2 -9999 -9999
1956 08 26 18   150     0 -9999     0     0     3 -9999 -9999
1956 08 27 00   139    78 -9999   140    31     7 -9999 -9999
1956 08 27 03   200    89 -9999   140    21     6 -9999 -9999
1956 08 27 06   250    89 -9999   180    21     3 -9999     6
1956 08 27 09   222    89 -9999   200    41     7 -9999 -9999
1956 08 27 12   172    89 -9999   160    21     7 -9999     6
1956 08 27 18    89    50 -9999   360    62     1 -9999 -9999
1956 08 27 21    89    61 -9999   320    31     0 -9999 -9999
1956 08 28 00   150    89 -9999   340    10     1 -9999 -9999
1956 08 28 03   250    89 -9999   200    31     1 -9999 -9999
1956 08 28 06   300    39 -9999   250    41     1 -9999 -9999
1956 08 28 09   311    11 -9999   270    41     5 -9999 -9999
1956 08 28 12   228    61 -9999   270    10     7 -9999 -9999
1956 08 28 18   200    78 -9999   260    21     7 -9999 -9999
1956 08 28 21   178   122 -9999   270    10     7 -9999 -9999
1956 08 29 00   200   111 -9999   270    21     6 -9999 -9999
1956 08 29 03   261   100 -9999   250    31     7 -9999 -9999
1956 08 29 06   272    61 -9999   200    51     7 -9999 -9999
1956 08 29 09   278    22 -9999   200    82     4 -9999 -9999
1956 08 29 12   228    28 -9999   180    51     2 -9999 -9999
1956 08 29 18   178   100 -9999   180    62     5 -9999 -9999
1956 08 30 00   150   122 -9999   270    82     8 -9999     6
1956 08 30 03   122   100 -9999   270    51     8 -9999 -9999
1956 08 30 06   122    78 -9999   200    21     7 -9999    30
1956 08 30 09   100    78 -9999   270    41     8 -9999 -9999
1956 08 30 12   111    72 -9999   250    31     7 -9999    30
1956 08 30 18    78    72 -9999   270    10     0 -9999 -9999
1956 08 30 21    50    50 -9999     0     0     0 -9999 -9999
1956 08 31 00    89    72 -9999     0     0     0 -9999 -9999
1956 08 31 03   178    28 -9999   250    62     1 -9999 -9999
1956 08 31 06   211     0 -9999   250    62     2 -9999 -9999
1956 08 31 09   222   -11 -9999   250    62     1 -9999 -9999
1956 08 31 12   178    11 -9999   200    31     1 -9999 -9999
1956 08 31 18   128    50 -9999   270    10     2 -9999 -9999
1956 08 31 21   128    50 -9999   270    31     7 -9999 -9999
1956 09 01 00   161    50 -9999   200    62     8 -9999     6
1956 09 01 03   178    11 -9999   270    82     7 -9999 -9999
1956 09 01 06   189   -22 -9999   270    98     6 -9999     6
1956 09 01 09   189   -11 -9999   270    98     1 -9999 -9999
1956 09 01 12   139    11 -9999   270    21     1 -9999 -9999
1956 09 01 18    61     0 -9999   340    31     1 -9999 -9999
1956 09 02 00   111    11 -9999   340    31     2 -9999 -9999
1956 09 02 03 -9999 -9999 -9999   170    51     8 -9999 -9999
1956 09 02 06   261    28 -9999   200    87     7 -9999 -9999
1956 09 02 09   189    39 -9999   220    62     7 -9999 -9999
1956 09 02 12   172   -11 -9999   220    82     1 -9999     6
1956 09 02 18   100    11 -9999   270    10     1 -9999 -9999
1956 09 02 21   100     0 -9999   220    98     1 -9999 -9999
1956 09 03 00   111    28 -9999   250    98     3 -9999 -9999
1956 09 03 03   150    11 -9999   250    98     7 -9999 -9999
1956 09 03 06   172     0 -9999   250    98     7 -9999 -9999
1956 09 03 12   128   -11 -9999   270    21     3 -9999 -9999
1956 09 04 00    78    72 -9999   250    41     8 -9999    50
1956 09 04 03   100    72 -9999   320    41     8 -9999 -9999
1956 09 04 06   111    72 -9999   290    31     7 -9999    40
1956 09 04 09 -9999 -9999 -9999   300    31     5 -9999 -9999
1956 09 04 12   100    78 -9999   270    21     1 -9999     6
1956 09 04 21    50    50 -9999     0     0     9 -9999 -9999
1956 09 05 03   139    50 -9999   270    72     1 -9999 -9999
1956 09 05 06   161    22 -9999   270    82     7 -9999 -9999
1956 09 05 09   172   111 -9999   270    98     5 -9999 -9999
1956 09 05 12   122   -11 -9999   220    51     4 -9999 -9999
1956 09 05 18    78    39 -9999   270    41     3 -9999 -9999
1956 09 05 21    72    50 -9999   270    31     6 -9999 -9999
1956 09 06 00    89    50 -9999   250    41     7 -9999     6
1956 09 06 03   139    50 -9999   270    87     7 -9999 -9999
1956 09 06 06   161    39 -9999   270    87     7 -9999 -9999
1956 09 06 09   128    78 -9999   270    62     7 -9999 -9999
1956 09 06 12   111    78 -9999   270    41     7 -9999    10
1956 09 06 18    72    61 -9999   270    10     1 -9999     3
1956 09 06 21    61    50 -9999   270    41     1 -9999 -9999
1956 09 07 00   100    61 -9999   250    41     1 -9999 -9999
1956 09 07 06   172    22 -9999   290    87     7 -9999 -9999
1956 09 07 09   278 -9999 -9999   270    98     4 -9999 -9999
1956 09 07 12   122    28 -9999   270    31     1 -9999 -9999
1956 09 07 21    39    22 -9999   320    21     0 -9999 -9999
1956 09 08 00    78    39 -9999   320    21     1 -9999 -9999
1956 09 08 03   150     0 -9999   320    72     1 -9999 -9999
1956 09 08 06   161     0 -9999   250    72     6 -9999 -9999
1956 09 08 09   172     0 -9999   290    62     7 -9999 -9999
1956 09 08 12   128    28 -9999   360    51     7 -9999 -9999
1956 09 08 18    61    39 -9999    20    31     1 -9999 -9999
1956 09 08 21    61    39 -9999     0     0     6 -9999 -9999
1956 09 09 00    89    39 -9999   360    31     1 -9999 -9999
1956 09 09 06   150     0 -9999   320    31     5 -9999 -9999
1956 09 09 09   150    22 -9999   340    51     5 -9999 -9999
1956 09 09 12   100    39 -9999    20    41     6 -9999     6
1956 09 09 18    61    39 -9999   290    21     1 -9999 -9999
1956 09 09 21    50    28 -9999   320    10     1 -9999 -9999
1956 09 10 00 -9999 -9999 -9999   270    31     7 -9999 -9999
1956 09 10 06   139    11 -9999   340    51     7 -9999     6
1956 09 10 09   128    39 -9999   360    41     6 -9999 -9999
1956 09 10 12   100    39 -9999   320    21     5 -9999     3
1956 09 10 18    78    39 -9999     0     0     7 -9999 -9999
1956 09 10 21    78    39 -9999   320    41     6 -9999 -9999
1956 09 11 00    89    39 -9999   320    31     5 -9999 -9999
1956 09 11 03   128    22 -9999   340    51     4 -9999 -9999
1956 09 11 06   150     0 -9999   320    62     6 -9999 -9999
1956 09 11 12   128    11 -9999   340    31     7 -9999 -9999
1956 09 11 21    39    22 -9999     0     0     1 -9999 -9999
1956 09 12 00    72    28 -9999   290    10     1 -9999 -9999
1956 09 12 06   172   -22 -9999   320    51     6 -9999 -9999
1956 09 12 09   178   -22 -9999   320    72     2 -9999 -9999
1956 09 12 12   122     0 -9999     0     0     1 -9999 -9999
1956 09 12 18    72     0 -9999   360    21     1 -9999 -9999
1956 09 12 21    72    22 -9999     0     0     5 -9999 -9999
1956 09 13 00    89    39 -9999   320    31     7 -9999     3
1956 09 13 06   200    22 -9999    90    10     1 -9999     6
1956 09 13 09   200    22 -9999    40    41     3 -9999 -9999
1956 09 13 12   139     0 -9999    90    41     3 -9999 -9999
1956 09 13 18    78    11 -9999   360    10     1 -9999 -9999
1956 09 13 21    72     0 -9999   340    41     1 -9999 -9999
1956 09 14 00   128    22 -9999    90    21     1 -9999 -9999
1956 09 14 03   200    50 -9999     0     0     1 -9999 -9999
1956 09 14 06   239   -28 -9999   250    62     7 -9999 -9999
1956 09 14 12   172   -28 -9999   320    10     7 -9999 -9999
1956 09 14 18   128     0 -9999   340    41     6 -9999 -9999
1956 09 14 21   111   -11 -9999   340    41     3 -9999 -9999
1956 09 15 06   228    39 -9999   220    10     7 -9999     3
1956 09 15 09   222    50 -9999    40    41     7 -9999 -9999
1956 09 15 12   172    72 -9999   180    51     7 -9999    10
1956 09 15 18   139    89 -9999   230    31     6 -9999     6
1956 09 15 21    89    78 -9999   360    31     2 -9999 -9999
1956 09 16 00   122   100 -9999     0     0     6 -9999 -9999
1956 09 16 03   189    89 -9999   180    21     2 -9999 -9999
1956 09 16 06   222    78 -9999     0     0     3 -9999 -9999
1956 09 16 09   228    72 -9999   270    21     1 -9999 -9999
1956 09 16 12   161    72 -9999     0     0     0 -9999 -9999
1956 09 16 18   100    61 -9999     0     0     1 -9999 -9999
1956 09 17 00   139    78 -9999   320    10     5 -9999 -9999
1956 09 17 03   239    28 -9999   250    51     2 -9999 -9999
1956 09 17 06   278   -11 -9999   220    62     6 -9999 -9999
1956 09 17 09   261   -11 -9999   250    31     7 -9999 -9999
1956 09 17 12   222    22 -9999   270    62     8 -9999     6
1956 09 17 18   139    28 -9999   200    41     7 -9999     6
1956 09 17 21   111    39 -9999   360    82     7 -9999 -9999
1956 09 18 00    78    22 -9999    40    41     2 -9999 -9999
1956 09 18 03   122  -161 -9999    40    41     2 -9999 -9999
1956 09 18 06   172  -189 -9999   340    41     2 -9999 -9999
1956 09 18 09 -9999 -9999 -9999   340    10     1 -9999 -9999
1956 09 18 12   100   -72 -9999     0     0     1 -9999 -9999
1956 09 18 18    39   -78 -9999   360    21     0 -9999 -9999
1956 09 18 21    22   -89 -9999   340    41     1 -9999 -9999
1956 09 19 00    72   -61 -9999   320    21     7 -9999 -9999
1956 09 19 03   161   -61 -9999   180    72     1 -9999 -9999
1956 09 19 06   211   -89 -9999   220    41     1 -9999 -9999
1956 09 19 18   139    22 -9999   140    21     0 -9999 -9999
1956 09 19 21   122    28 -9999   180    10     0 -9999 -9999
1956 09 20 00   122    28 -9999   320    10     1 -9999 -9999
1956 09 20 03   200     0 -9999   250    31     1 -9999 -9999
1956 09 20 06   239   -28 -9999   220    41     1 -9999 -9999
1956 09 20 09   211   -11 -9999    40    62     6 -9999 -9999
1956 09 20 12   150    11 -9999    40    31     1 -9999 -9999
1956 09 20 18   111    11 -9999    40    41     1 -9999 -9999
1956 09 20 21    72    22 -9999     0     0     1 -9999 -9999
1956 09 21 00   128    22 -9999   360    21     0 -9999 -9999
1956 09 21 03   211     0 -9999   110    10     1 -9999 -9999
1956 09 21 06   239     0 -9999     0     0     1 -9999 -9999
1956 09 21 09   239   -72 -9999   220    31     1 -9999 -9999
1956 09 21 12   172    22 -9999   320    31     0 -9999 -9999
1956 09 21 18    78   -39 -9999   320    51     0 -9999 -9999
1956 09 21 21    61   -39 -9999   340    51     0 -9999 -9999
1956 09 22 00   111   -11 -9999   340    82     0 -9999 -9999
1956 09 22 03   250 -9999 -9999   220    62     0 -9999 -9999
1956 09 22 06   278   -89 -9999   250    98     0 -9999 -9999
1956 09 22 09   272   -89 -9999   270    72     0 -9999 -9999
1956 09 22 12   178   -50 -9999   340    51     0 -9999 -9999
1956 09 22 18   111    28 -9999    90    62     0 -9999 -9999
1956 09 22 21    89    28 -9999    90    21     1 -9999 -9999
1956 09 23 00   111    22 -9999    90    41     6 -9999 -9999
1956 09 23 03   222     0 -9999   220    72     7 -9999 -9999
1956 09 23 06   239     0 -9999   220   118     7 -9999     6
1956 09 23 12   122   -89 -9999   270    31     8 -9999    10
1956 09 23 18    50  -122 -9999   270    51     3 -9999     6
1956 09 23 21    11   -72 -9999   270    62     0 -9999 -9999
1956 09 24 00    22   -72 -9999   270    82     0 -9999 -9999
1956 09 24 03    50   -61 -9999   270    98     1 -9999 -9999
1956 09 24 06    89  -150 -9999   270   139     1 -9999 -9999
1956 09 24 12    39  -139 -9999   270    62     1 -9999 -9999
1956 09 24 18   -11  -100 -9999   290    41     0 -9999 -9999
1956 09 24 21    61   -28 10155   290    87     1 -9999 -9999
1956 09 25 00   -11   -89 -9999   290    72     1 -9999 -9999
1956 09 25 03    61   -78 -9999   290    72     1 -9999 -9999
1956 09 25 06    78  -122 -9999   320    82     1 -9999 -9999
1956 09 25 09    89  -128 -9999   290    72     1 -9999 -9999
1956 09 25 12    22  -128 -9999   320    41     1 -9999 -9999
1956 09 25 18   -50  -139 -9999   320    10     1 -9999 -9999
1956 09 25 21   -78  -111 -9999     0     0     0 -9999 -9999
1956 09 26 00   -28 -9999 -9999     0     0     1 -9999 -9999
1956 09 26 03   100  -122 -9999   220    31     1 -9999 -9999
1956 09 26 06   128  -128 -9999   250    31     0 -9999 -9999
1956 09 26 09   139  -150 -9999   270    51     0 -9999 -9999
1956 09 26 12    72  -128 -9999   270    21     0 -9999 -9999
1956 09 26 18    11  -139 -9999   290    31     1 -9999 -9999
1956 09 26 21   -28  -161 -9999   340    31     0 -9999 -9999
1956 09 27 00    22  -150 -9999     0     0     1 -9999 -9999
1956 09 27 03   128  -122 -9999   320    21     1 -9999 -9999
1956 09 27 06   139  -111 -9999   360    10     3 -9999 -9999
1956 09 27 09   161   -89 -9999   320    41     2 -9999 -9999
1956 09 27 12    72   -72 -9999   320    10     1 -9999 -9999
1956 09 27 18     0  -122 -9999   340    31     0 -9999 -9999
1956 09 27 21   -22  -139 -9999   340    41     2 -9999 -9999
1956 09 28 03   161   -89 -9999   140    41     3 -9999 -9999
1956 09 28 06   189  -100 -9999   180    31     4 -9999 -9999
1956 09 28 09   200   -50 -9999   140    31     7 -9999 -9999
1956 09 28 12   128   -39 -9999    90    21     6 -9999 -9999
1956 09 28 18   122    22 -9999   270    31     7 -9999     6
1956 09 28 21   122    89 -9999     0     0     8 -9999 -9999
1956 09 29 00   111    89 -9999   250    72     8 -9999     5
1956 09 29 03   100   100 -9999   220    41     8 -9999 -9999
1956 09 29 12    61    50 -9999   270    10     1 -9999     6
1956 09 29 18     0     0 -9999     0     0     0 -9999 -9999
1956 09 29 21   -11   -11 -9999     0     0     0 -9999 -9999
1956 09 30 00    11     0 -9999   270    10     0 -9999 -9999
1956 09 30 03   100   -61 10299   220    31     0 -9999 -9999
1956 09 30 06   139   -28 -9999   220    41     0 -9999 -9999
1956 09 30 09   139   -22 -9999   220    41     5 -9999 -9999
1956 09 30 12   100     0 -9999    90    21     4 -9999 -9999
1956 09 30 18    89 -9999 10181     0     0     7 -9999 -9999
1956 09 30 21    78    28 10151     0     0     1 -9999 -9999
1956 10 01 00    89    22 10173   250    41     3 -9999 -9999
1956 10 01 06   122   -28 10157   270    82     1 -9999 -9999
1956 10 01 09    78   -39 10198   270    87     7 -9999 -9999
1956 10 01 12    11   -22 10275   340    72     3 -9999     6
1956 10 01 18   -61  -100 10320   270    21     0 -9999 -9999
1956 10 01 21   -72  -128 10313     0     0     0 -9999 -9999
1956 10 02 00   -50  -111 10301   270    10     1 -9999 -9999
1956 10 02 03    39  -222 10233   270    98     1 -9999 -9999
1956 10 02 06    61  -222 10183   270   118     1 -9999 -9999
1956 10 02 09    72  -222 10175   270   118     1 -9999 -9999
1956 10 02 12    11  -128 10220   270    41     0 -9999 -9999
1956 10 02 18 -9999 -9999 -9999     0     0     1 -9999 -9999
1956 10 02 21   -22  -100 10220     0     0     4 -9999 -9999
1956 10 03 00     0   -89 10223     0     0     6 -9999 -9999
1956 10 03 03   100  -139 10169   220    62     2 -9999 -9999
1956 10 03 06   139  -178 10118   270    82     7 -9999 -9999
1956 10 03 09   139  -100 10141   270    62     6 -9999 -9999
1956 10 03 12    61   -61 10201     0     0     1 -9999 -9999
1956 10 03 18     0   -78 10261   320    31     0 -9999 -9999
1956 10 03 21   -28   -39 10292   320    21     0 -9999 -9999
1956 10 04 00     0   -72 10280   320    10     0 -9999 -9999
1956 10 04 06   161    11 10211   270    31     2 -9999 -9999
1956 10 04 09   161     0 10208   250    21     7 -9999 -9999
1956 10 04 12    89    22 10256     0     0     7 -9999 -9999
1956 10 04 18    28   -39 10293   340    41     8 -9999 -9999
1956 10 04 21    28   -50 10287   340    41     7 -9999 -9999
1956 10 05 00    61   -39 10272   340    31     8 -9999 -9999
1956 10 05 03   128     0 10233     0     0     8 -9999 -9999
1956 10 05 06   161   -61 10199   200    10     8 -9999 -9999
1956 10 05 09   161   -72 10187   220    21     7 -9999 -9999
1956 10 05 12   111   -28 10212   290    21     8 -9999 -9999
1956 10 05 18   100     0 10215   270    21     8 -9999     6
1956 10 05 21    78    22 10217   270    21     8 -9999 -9999
1956 10 06 00    78    39 10230     0     0     1 -9999     6
1956 10 06 03   139    39 10185   250    10     2 -9999 -9999
1956 10 06 06   178    11 10159   250    21     2 -9999 -9999
1956 10 06 09   178   -28 10169   170    51     5 -9999 -9999
1956 10 06 12    89   -50 10219   270    10     1 -9999 -9999
1956 10 06 21    39   -22 10218   320    10     6 -9999 -9999
1956 10 07 00    39   -39 10211   320    41     7 -9999 -9999
1956 10 07 03   139   -11 10150   140    31     7 -9999 -9999
1956 10 07 06   178   -50 10105   200    41     7 -9999 -9999
1956 10 07 09   178   -89 10089   250    41     7 -9999 -9999
1956 10 07 12   111   -50 10123   320    10     5 -9999 -9999
1956 10 07 18    50   -78 10139   320    10     1 -9999 -9999
1956 10 07 21    22   -39 10147   320    10     1 -9999 -9999
1956 10 08 00    61   -22 10128   320    10     7 -9999 -9999
1956 10 08 03   139    22 10086   250    31     1 -9999 -9999
1956 10 08 06   178   -72 10057   290    31     2 -9999 -9999
1956 10 08 09   178   -61 10055   250    31     4 -9999 -9999
1956 10 08 12   100   -50 10123     0     0     1 -9999 -9999
1956 10 08 18    22  -100 10181    20    87     1 -9999 -9999
1956 10 08 21   -11  -139 10211    40   118     1 -9999 -9999
1956 10 09 00   -22   -72 10251    40   118     7 -9999 -9999
1956 10 09 03    11   -72 10252    20    82     7 -9999 -9999
1956 10 09 12   -22  -122 10298   360    51     1 -9999 -9999
1956 10 09 18   -78  -172 10363   360    21     1 -9999 -9999
1956 10 09 21  -100  -211 10378    40    21     1 -9999 -9999
1956 10 10 00   -89  -272 10382   340    10     0 -9999 -9999
1956 10 10 06    22   -61 10283   270    82     0 -9999 -9999
1956 10 10 09    28   -89 10260   270    87     0 -9999 -9999
1956 10 10 12   -28  -189 10301   270    72     0 -9999 -9999
1956 10 10 18   -61  -172 10325   270    51     0 -9999 -9999
1956 10 10 21   -78  -200 10329   270    21     0 -9999 -9999
1956 10 11 00   -72  -172 10328   250    51     1 -9999 -9999
1956 10 11 03    28  -150 10258   270   139     1 -9999 -9999
1956 10 11 06    72  -189 10211   270   118     1 -9999 -9999
1956 10 11 09    78  -139 10198   250    98     1 -9999 -9999
1956 10 11 12    39  -128 10222   270    62     0 -9999 -9999
1956 10 11 18   -11  -139 10237   270    31     0 -9999 -9999
1956 10 12 00   -11  -150 10230   270    41     1 -9999 -9999
1956 10 12 03    72   -89 10195   250    87     1 -9999 -9999
1956 10 12 09   122  -100 10160   250    87     1 -9999 -9999
1956 10 12 12    39   -89 10215   250    31     0 -9999 -9999
1956 10 12 18   -22  -111 10256   270    10     1 -9999 -9999
1956 10 12 21     0   -89 10251   290    21     1 -9999 -9999
1956 10 13 00    22   -78 10302   340    10     0 -9999 -9999
1956 10 13 03    39  -100 10319   360    72     1 -9999 -9999
1956 10 13 06    72  -128 10302   360    41     1 -9999 -9999
1956 10 13 09    72  -161 10307   340    31     1 -9999 -9999
1956 10 13 12   -11  -150 10365   340    21     1 -9999 -9999
1956 10 13 18   -61  -111 10396   340    41     0 -9999 -9999
1956 10 13 21   -72  -161 10398   320    31     0 -9999 -9999
1956 10 14 00   -39  -128 10383   340    21     0 -9999 -9999
1956 10 14 03    89  -139 10308   250    21     0 -9999 -9999
1956 10 14 06   139  -128 10253   250    41     1 -9999 -9999
1956 10 14 09   128   -72 10245   250    51     1 -9999 -9999
1956 10 14 12    22   -78 10300   320    10     0 -9999 -9999
1956 10 14 21   -22  -122 10286   340    10     0 -9999 -9999
1956 10 15 03   111  -172 10200   220    51     1 -9999 -9999
1956 10 15 06   150  -200 10151   250    72     1 -9999 -9999
1956 10 15 09   150  -211 10150   270    72     1 -9999 -9999
1956 10 15 12    50  -122 10190   290    10     0 -9999 -9999
1956 10 15 18    11  -111 10198     0     0     0 -9999 -9999
1956 10 15 21   -11  -111 10197   220    10     0 -9999 -9999
1956 10 16 00    11  -128 10193     0     0     1 -9999 -9999
1956 10 16 03   111  -200 10141   220    41     1 -9999 -9999
1956 10 16 06   161  -250 10105   250    62     1 -9999 -9999
1956 10 16 09   150  -211 10111   270    51     1 -9999 -9999
1956 10 16 12    72  -128 10165   290    10     2 -9999 -9999
1956 10 16 18   -22  -128 10222   340    31     1 -9999 -9999
1956 10 16 21   -28  -122 10216   320    31     1 -9999 -9999
1956 10 17 00   -11  -122 10201   340    31     7 -9999 -9999
1956 10 17 03   139 -9999 10119   270    51     7 -9999 -9999
1956 10 17 06   128  -161 10114   250    51     8 -9999 -9999
1956 10 17 09   111  -128 10133   320    41     7 -9999 -9999
1956 10 17 12    22   -50 10220    20    87     7 -9999 -9999
1956 10 17 18   -22   -89 10301   340    72     7 -9999 -9999
1956 10 17 21   -78  -122 10363   360    41     1 -9999 -9999
1956 10 18 00   -61  -111 10373    20    41     7 -9999 -9999
1956 10 18 03   -11  -122 10360   360    41     2 -9999 -9999
1956 10 18 06    22  -161 10337   320    51     2 -9999 -9999
1956 10 18 09    22  -128 10336   290    51     1 -9999 -9999
1956 10 18 12   -39  -111 10383   360    51     1 -9999 -9999
1956 10 18 18  -100  -172 10431   360    21     0 -9999 -9999
1956 10 18 21  -122  -211 10438   360    31     0 -9999 -9999
1956 10 19 00  -100  -189 10428   360    31     0 -9999 -9999
1956 10 19 03    22  -139 10345   180    21     0 -9999 -9999
1956 10 19 06    78  -122 10281   270    41     0 -9999 -9999
1956 10 19 09    89   -78 10252   220    51     0 -9999 -9999
1956 10 19 18    11   -50 10248   250    10     0 -9999 -9999
1956 10 19 21   -22   -78 10240   220    10     0 -9999 -9999
1956 10 20 00     0   -61 10218   290    10     1 -9999 -9999
1956 10 20 03   122   -89 10137   250    51     1 -9999 -9999
1956 10 20 06   172   -89 10088   250    31     1 -9999 -9999
1956 10 20 09   161 -9999 10071   250    31     0 -9999 -9999
1956 10 20 12    72  -100 10118   360    21     1 -9999 -9999
1956 10 20 18    39   -39 10132   140    10     0 -9999 -9999
1956 10 20 21    28   -22 10106     0     0     0 -9999 -9999
1956 10 21 00    39   -11 10101   290    10     0 -9999 -9999
1956 10 21 03   139   -72 10038   250    51     1 -9999 -9999
1956 10 21 06   172  -122 10004   250    62     6 -9999 -9999
1956 10 21 09   150   -78 10024   250    62     7 -9999 -9999
1956 10 21 12    78   -61 10101   270    31     1 -9999 -9999
1956 10 21 18     0   -50 10203   360    21     7 -9999 -9999
1956 10 21 21   -11   -22 10235   360    10     8 -9999 -9999
1956 10 22 00     0   -28 10230   360    10     8 -9999    10
1956 10 22 03    11   -22 10257   290    10     7 -9999 -9999
1956 10 22 06    22   -39 10260   290    41     7 -9999     6
1956 10 22 09    22   -39 10270   320    51     4 -9999 -9999
1956 10 22 12   -50   -89 10324   360    51     1 -9999 -9999
1956 10 22 18  -100 -9999 10373     0     0     0 -9999 -9999
1956 10 22 21  -122  -172 10386   320    31     1 -9999 -9999
1956 10 23 00   -89  -139 10376   360    10     7 -9999 -9999
1956 10 23 03    22  -122 10309     0     0     2 -9999 -9999
1956 10 23 06    28  -150 10280   270    41     6 -9999 -9999
1956 10 23 09    11  -139 10288   250    51     6 -9999 -9999
1956 10 23 18   -72  -161 10338   270    10     7 -9999 -9999
1956 10 23 21   -89  -161 10350     0     0     5 -9999 -9999
1956 10 24 00  -100  -139 10373     0     0     1 -9999 -9999
1956 10 24 03     0  -122 10324   230    10     1 -9999 -9999
1956 10 24 06    22  -139 10299    20    10     2 -9999 -9999
1956 10 24 09    22  -150 10295   320    10     1 -9999 -9999
1956 10 24 12   -61  -200 10348    20    10     0 -9999 -9999
1956 10 24 18  -122  -189 10384   360    21     0 -9999 -9999
1956 10 24 21  -128  -222 10378   360    41     1 -9999 -9999
1956 10 25 00  -100  -161 10352   360    31     2 -9999 -9999
1956 10 25 03     0  -178 10279   180    31     5 -9999 -9999
1956 10 25 06   139 -9999 10232   220    31     6 -9999 -9999
1956 10 25 09    61  -189 10211   250    10     1 -9999 -9999
1956 10 25 12   -39  -211 10276   340    21     0 -9999 -9999
1956 10 25 18  -111  -211 10321   360    10     0 -9999 -9999
1956 10 25 21  -128  -211 10330     0     0     0 -9999 -9999
1956 10 26 00  -150  -222 10344   360    21     1 -9999 -9999
1956 10 26 03    39  -100 10228   220    10     1 -9999 -9999
1956 10 26 06   100   -39 10173   220    31     1 -9999 -9999
1956 10 26 09    89   -61 10175   250    31     1 -9999 -9999
1956 10 26 12     0   -78 10230     0     0     0 -9999 -9999
1956 10 26 18   -72  -161 10275    20    10     0 -9999 -9999
1956 10 26 21   -61  -139 10266     0     0     1 -9999 -9999
1956 10 27 00   -50  -128 10260    70    10     1 -9999 -9999
1956 10 27 03   100  -122 10176   220    21     1 -9999 -9999
1956 10 27 06   139  -100 10142   250    41     6 -9999 -9999
1956 10 27 09   111  -122 10167   270    31     7 -9999 -9999
1956 10 27 12    72  -111 10218   320    31     5 -9999 -9999
1956 10 27 18    22   -78 10273   320    21     7 -9999 -9999
1956 10 27 21    11  -100 10291   340    21     8 -9999 -9999
1956 10 28 00   -11   -89 10292   360    21     7 -9999 -9999
1956 10 28 03    72   -78 10250   250    21     7 -9999 -9999
1956 10 28 06    89   -78 10222   350    21     8 -9999 -9999
1956 10 28 09    78   -78 10239   200    10     7 -9999 -9999
1956 10 28 12    11   -89 10270   220    10     2 -9999 -9999
1956 10 28 18   -11  -122 10287   270    51     3 -9999 -9999
1956 10 29 00   -72  -178 10329     0     0     2 -9999 -9999
1956 10 29 03    22  -178 10273   250    21     2 -9999 -9999
1956 10 29 06    39  -161 10236   250    31     6 -9999 -9999
1956 10 29 09    28  -128 10232   220    21     7 -9999 -9999
1956 10 29 12   -22  -139 10253   270    21     3 -9999 -9999
1956 10 29 21   -72   -78 10303   290    41     1 -9999 -9999
1956 10 30 00   -78   -89 10320   250    10     2 -9999 -9999
1956 10 30 03     0   -89 10274   320    51     2 -9999 -9999
1956 10 30 06    11  -139 10258   320    51     3 -9999 -9999
1956 10 30 09    11  -139 10261   320    41     1 -9999 -9999
1956 10 30 12   -50  -161 -9999   360    21     1 -9999 -9999
1956 10 30 21  -128  -161 10319   320    10     1 -9999 -9999
1956 10 31 00  -122  -161 10315   290    10     1 -9999 -9999
1956 10 31 03     0  -128 10236   220    10     1 -9999 -9999
1956 10 31 06    28  -122 10191   290    41     1 -9999 -9999
1956 10 31 09    22   -89 10192   320    62     1 -9999 -9999
1956 10 31 12   -39  -111 10240   290    31     0 -9999 -9999
1956 10 31 18   -78  -139 10234     0     0     1 -9999 -9999
1956 10 31 21  -100  -139 10253     0     0     0 -9999 -9999
1956 11 01 00   -78  -128 10238     0     0     0 -9999 -9999
1956 11 01 03    22  -128 10173   250    51     0 -9999 -9999
1956 11 01 06    72   -39 10112   270    82     0 -9999 -9999
1956 11 01 09    61   -39 10095   220    51     0 -9999 -9999
1956 11 01 12    11  -128 10128   270    31     0 -9999 -9999
1956 11 01 18   -28  -128 10123   270    41     0 -9999 -9999
1956 11 01 21   -28  -178 10131   270    21     1 -9999 -9999
1956 11 02 00   -39   -89 10121   270    41     1 -9999 -9999
1956 11 02 03    61 -9999 10070   250    72     4 -9999 -9999
1956 11 02 09    11   -72 10136   290   118     6 -9999 -9999
1956 11 02 12   -72  -128 10264   320   118     5 -9999     6
1956 11 02 18  -150  -200 10340   320    62     1 -9999     6
1956 11 02 21  -172  -211 10312   270    51     0 -9999 -9999
1956 11 03 00  -150  -200 10294   270    87     1 -9999 -9999
1956 11 03 03   -78  -211 10238   270   149     1 -9999 -9999
1956 11 03 06   -50  -200 10192   320   139     2 -9999 -9999
1956 11 03 09   -78  -211 10224   320    82     1 -9999 -9999
1956 11 03 12  -122  -189 10251   270    41     0 -9999 -9999
1956 11 03 18  -172  -211 10288   270    31     0 -9999 -9999
1956 11 03 21  -150  -222 10308   290    51     0 -9999 -9999
1956 11 04 00  -178  -222 10317   290    82     1 -9999 -9999
1956 11 04 03  -122  -189 10292   290    82     7 -9999 -9999
1956 11 04 06  -100  -161 10276   290    87     8 -9999 -9999
1956 11 04 12  -128  -189 10340   270    21     5 -9999 -9999
1956 11 04 21  -172  -211 10326   290    10     0 -9999 -9999
1956 11 05 00  -172  -200 10381   270    31     1 -9999 -9999
1956 11 05 03  -100  -178 10341   290    41     1 -9999 -9999
1956 11 05 06   -78  -178 10324   290    98     6 -9999 -9999
1956 11 05 12  -122  -178 10337   340    31     1 -9999 -9999
1956 11 05 18  -172  -200 10347   270    31     1 -9999 -9999
1956 11 05 21  -150  -189 10328     0     0     8 -9999 -9999
1956 11 06 00  -150  -189 10324     0     0     6 -9999 -9999
1956 11 06 06   -11  -161 10203   270    82     1 -9999 -9999
1956 11 06 09   -39  -161 10207   270    51     5 -9999 -9999
1956 11 06 12  -111  -228 10244     0     0     1 -9999 -9999
1956 11 06 18 -9999 -9999 10274   360    10 -9999 -9999 -9999
1956 11 06 21  -172  -228 10289   360    10     1 -9999 -9999
1956 11 07 00  -161  -222 10297    20    31     1 -9999 -9999
1956 11 07 03   -22   -89 10213     0     0     6 -9999 -9999
1956 11 07 06    22   -72 10176     0     0     8 -9999 -9999
1956 11 07 09    11  -111 10181    90    21     8 -9999 -9999
1956 11 07 12   -50  -161 10230    70    87     8 -9999     6
1956 11 07 18  -111  -128 10281    70    72     8 -9999     6
1956 11 08 00  -122  -128 10274    70    31     7 -9999     6
1956 11 08 03   -72  -111 10243    90    82     2 -9999 -9999
1956 11 08 06   -39   -72 -9999    90    62     1 -9999     6
1956 11 08 09   -50   -89 10243    90    41     1 -9999 -9999
1956 11 08 12   -78  -139 10280     0     0     2 -9999 -9999
1956 11 08 18  -122  -128 10319   250    62     7 -9999     6
1956 11 08 21  -161  -172 10367   270    72     1 -9999 -9999
1956 11 09 00  -161  -172 10390   270    21     7 -9999     6
1956 11 09 03  -128  -139 10371   220    51     6 -9999 -9999
1956 11 09 06   -89  -139 10351   250    62     7 -9999     6
1956 11 09 09  -100  -150 10391   320    10     8 -9999 -9999
1956 11 09 12  -111  -150 10411    20    51     8 -9999     6
1956 11 09 21  -161  -172 10455    20    21     6 -9999 -9999
1956 11 10 00  -172  -172 10464    20    41     2 -9999     6
1956 11 10 03  -111  -139 10447    30    41     4 -9999 -9999
1956 11 10 06   -89  -161 10447    40    82     7 -9999 -9999
1956 11 10 12  -111  -150 10424   320    31     7 -9999 -9999
1956 11 10 18  -139  -161 10424   320    62     8 -9999     6
1956 11 10 21  -139  -150 10407   320    62     7 -9999 -9999
1956 11 11 00  -128  -128 10466   270    41     8 -9999     6
1956 11 11 03  -122  -139 10394   270    82     7 -9999 -9999
1956 11 11 06  -111  -150 10358   290    72     6 -9999     6
1956 11 11 09  -122  -172 10352   250    51     2 -9999 -9999
1956 11 11 12  -139  -178 10368   290    31     0 -9999 -9999
1956 11 11 21  -150  -178 10301   270    21     7 -9999 -9999
1956 11 12 00  -161  -189 10295   220    21     2 -9999 -9999
1956 11 12 06   -61  -172 10219   290    82     1 -9999 -9999
1956 11 12 09   -78  -178 10236   270    62     1 -9999 -9999
1956 11 12 12   -72  -178 10150   270    31     3 -9999 -9999
1956 11 12 18  -111  -172 -9999   260    82     4 -9999 -9999
1956 11 13 03   -39  -122 10120   270    87     7 -9999 -9999
1956 11 13 06     0  -122 10099   290   180     1 -9999 -9999
1956 11 13 09   -72  -111 10167   340    82     7 -9999 -9999
1956 11 13 12  -122  -161 10225   340    51     2 -9999     6
1956 11 13 21 -9999 -9999 -9999   320    51     0 -9999 -9999
1956 11 14 00  -200  -228 10412   320    62     1 -9999 -9999
1956 11 14 03  -150  -200 10385   290   242     1 -9999 -9999
1956 11 14 06  -111  -211 10368   320   118     1 -9999 -9999
1956 11 14 09  -139  -228 10387   240    51     0 -9999 -9999
1956 11 14 12  -189  -239 10447     0     0     0 -9999 -9999
1956 11 14 18  -222  -250 10480   270    31     0 -9999 -9999
1956 11 15 00  -222  -239 10479   290    10     7 -9999 -9999
1956 11 15 03  -122  -189 10423   320    21     2 -9999 -9999
1956 11 15 06  -111  -228 10409   320    82     1 -9999 -9999
1956 11 15 12  -189  -278 10492     0     0     0 -9999 -9999
1956 11 15 18  -222  -272 -9999     0     0     0 -9999 -9999
1956 11 15 21  -222  -272 -9999     0     0     1 -9999 -9999
1956 11 16 00  -211  -261 -9999     0     0     1 -9999 -9999
1956 11 16 03   -89  -200 10438   250    31     1 -9999 -9999
1956 11 16 06   -50  -172 10367   250    41     1 -9999 -9999
1956 11 16 09   -61  -189 10386   200    21     1 -9999 -9999
1956 11 16 18  -122  -178 10373   360    41     8 -9999 -9999
1956 11 17 00  -111  -172 10301    40    51     8 -9999 -9999
1956 11 17 03   -50  -128 10250   140    21     8 -9999 -9999
1956 11 17 06   -11  -161 10209   250    51     8 -9999 -9999
1956 11 17 09   -50   -72 10216   360    10     8 -9999 -9999
1956 11 17 12   -61   -61 10227    40    10     8 -9999     5
1956 11 17 18   -61   -61 10247     0     0     8 -9999     5
1956 11 17 21   -61   -72 10284    20    10     8 -9999 -9999
1956 11 18 00  -111  -122 10342    20    41     8 -9999     5
1956 11 18 03  -100  -122 10364    20    41     8 -9999 -9999
1956 11 18 06  -100  -139 10390    20    10     6 -9999     5
1956 11 18 09  -122  -150 10376   340    31     7 -9999 -9999
1956 11 18 12  -111  -122 10401     0     0     8 -9999     6
1956 11 18 18  -222  -228 10474   150    10     1 -9999     6
1956 11 18 21  -261  -311 -9999    20    10     1 -9999 -9999
1956 11 19 00  -250  -272 -9999    40    10     6 -9999 -9999
1956 11 19 03  -178  -189 10471     0     0     1 -9999 -9999
1956 11 19 09  -161  -172 10446   270    41     1 -9999 -9999
1956 11 19 12  -200  -211 10476     0     0     1 -9999 -9999
1956 11 19 18  -189  -200 10470     0     0     8 -9999     6
1956 11 19 21  -228  -250 10485   360    31     6 -9999 -9999
1956 11 20 00  -228  -250 10489     0     0     7 -9999 -9999
1956 11 20 03  -150  -172 10439   110    21     7 -9999 -9999
1956 11 20 06  -122  -161 10412    90    41     7 -9999     6
1956 11 20 12  -161  -189 10438    40    62     7 -9999     6
1956 11 21 00  -189  -222 10280   290    31     8 -9999     6
1956 11 21 03  -150  -200 10470   320    41     7 -9999 -9999
1956 11 21 06  -128  -200 10434   320    41     7 -9999 -9999
1956 11 21 09  -150  -178 10445   270    72     7 -9999 -9999
1956 11 21 12  -200  -228 10491   270    51     0 -9999     6
1956 11 21 21  -239  -278 -9999   270    21     3 -9999 -9999
1956 11 22 00  -278  -300 -9999   210    10     1 -9999 -9999
1956 11 22 03  -228  -261 -9999   270    21     1 -9999 -9999
1956 11 22 09  -200  -228 -9999   270    31     1 -9999 -9999
1956 11 22 12  -239  -272 -9999     0     0     1 -9999 -9999
1956 11 22 18  -261  -289 -9999     0     0     0 -9999 -9999
1956 11 22 21  -278  -322 -9999     0     0     0 -9999 -9999
1956 11 23 00  -278  -322 -9999     0     0     1 -9999 -9999
1956 11 23 03  -228  -261 -9999   220    21     0 -9999 -9999
1956 11 23 06  -172  -222 -9999   250    41     0 -9999 -9999
1956 11 23 09  -189  -228 -9999   270    21     0 -9999 -9999
1956 11 23 12  -228  -261 -9999   270    41     0 -9999 -9999
1956 11 23 18  -261  -289 -9999     0     0     0 -9999 -9999
1956 11 24 00  -250  -278 -9999     0     0     0 -9999 -9999
1956 11 24 03  -189  -222 10480   250    21     0 -9999 -9999
1956 11 24 06  -139  -189 10421   250    41     0 -9999 -9999
1956 11 24 09  -172  -211 10432   220    21     0 -9999 -9999
1956 11 24 12  -222  -250 10444     0     0     0 -9999 -9999
1956 11 24 21  -250  -272 10396     0     0     1 -9999 -9999
1956 11 25 00  -222  -239 10377   250    21     1 -9999 -9999
1956 11 25 03  -161 -9999 10313   250    82     7 -9999 -9999
1956 11 25 06  -100  -172 10271   270    82     7 -9999 -9999
1956 11 25 12  -100  -161 10299   250    41     7 -9999 -9999
1956 11 25 18  -128  -189 10320   360    31     5 -9999 -9999
1956 11 25 21  -139  -178 10328     0     0     7 -9999 -9999
1956 11 26 00  -161  -189 10375    70    41     5 -9999 -9999
1956 11 26 03  -128  -211 10396    20    41     1 -9999 -9999
1956 11 26 09  -161  -239 10430   360    31     1 -9999 -9999
1956 11 26 12  -178 -9999 10458    60    10     4 -9999 -9999
1956 11 27 00  -278  -311 10482     0     0     6 -9999 -9999
1956 11 27 03  -200  -228 10421   110    10     7 -9999 -9999
1956 11 27 06  -128  -178 10340   140    10     7 -9999 -9999
1956 11 27 09  -139  -189 10340     0     0     7 -9999 -9999
1956 11 27 12  -189  -228 10372   290    21     1 -9999 -9999
1956 11 27 18  -222  -239 10404     0     0     1 -9999 -9999
1956 11 27 21  -239  -261 10419     0     0     5 -9999 -9999
1956 11 28 00  -278  -300 10460    40    10     2 -9999 -9999
1956 11 28 03  -200  -222 10436    90    10     6 -9999 -9999
1956 11 28 06  -150  -228 10403   360    41     1 -9999 -9999
1956 11 28 09  -189  -228 10435   270    31     0 -9999 -9999
1956 11 28 12  -200  -239 10452   290    72     0 -9999 -9999
1956 11 28 18  -239  -261 10491     0     0     1 -9999 -9999
1956 11 28 21  -261  -278 -9999     0     0     1 -9999 -9999
1956 11 29 00  -250  -272 -9999     0     0     0 -9999 -9999
1956 11 29 03  -189  -228 10495   250    10     0 -9999 -9999
1956 11 29 06  -161  -211 10453   250    82     0 -9999 -9999
1956 11 29 09  -189  -228 10477     0     0     1 -9999 -9999
1956 11 29 12  -228  -261 -9999     0     0     0 -9999 -9999
1956 11 29 18  -228  -250 10475    20    41     3 -9999 -9999
1956 11 29 21  -189  -222 10411   360    41     8 -9999 -9999
1956 11 30 00  -150  -200 10371   180    10     7 -9999 -9999
1956 11 30 03  -128  -200 10341   200    10     7 -9999 -9999
1956 11 30 06  -111  -178 10304   250    41     2 -9999 -9999
1956 11 30 09  -150  -189 10348   270    41     1 -9999 -9999
1956 11 30 12  -189  -222 10383     0     0     0 -9999 -9999
1956 11 30 18  -228  -250 10400   290    21     0 -9999 -9999
1956 11 30 21  -250  -272 10434     0     0     0 -9999 -9999
1956 12 01 00  -261  -278 10442     0     0     1 -9999 -9999
1956 12 01 03  -189  -211 10399   220    21     1 -9999 -9999
1956 12 01 06  -122  -172 10335   220    31     1 -9999 -9999
1956 12 01 09  -139  -178 10340     0     0     1 -9999 -9999
1956 12 01 12  -189  -211 10376     0     0     0 -9999 -9999
1956 12 01 21  -261  -289 10375     0     0     0 -9999 -9999
1956 12 02 00  -250  -272 10435     0     0     6 -9999 -9999
1956 12 02 03  -172  -189 10383     0     0     6 -9999 -9999
1956 12 02 06  -100  -161 10307   250    31     7 -9999 -9999
1956 12 02 09  -111  -150 10277   220    31     8 -9999 -9999
1956 12 02 12  -100  -222 10250   270    31     8 -9999     6
1956 12 02 21  -128  -150 10250   250    82     7 -9999 -9999
1956 12 03 00  -111  -122 10229   250    72     8 -9999     6
1956 12 03 03  -100  -111 10206   250    51     8 -9999 -9999
1956 12 03 09  -111  -139 10207   340    62     8 -9999 -9999
1956 12 03 12  -178  -222 10293   340    31     1 -9999     3
1956 12 03 18  -222  -239 10421     0     0     0 -9999 -9999
1956 12 03 21  -250  -272 10439     0     0     1 -9999 -9999
1956 12 04 00  -289  -322 10402   270    10     1 -9999 -9999
1956 12 04 03  -239  -289 10372   270    10     0 -9999 -9999
1956 12 04 06  -228  -278 10357   250    72     0 -9999 -9999
1956 12 04 12  -278  -311 10395   270    31     0 -9999 -9999
1956 12 04 18  -272  -300 10344     0     0     0 -9999 -9999
1956 12 04 21  -289  -322 10336     0     0     0 -9999 -9999
1956 12 05 03  -200  -228 10242   160    41     8 -9999 -9999
1956 12 05 06  -139  -172 10172    40    21     8 -9999     3
1956 12 05 09  -122  -139 10140    40    21     8 -9999 -9999
1956 12 05 12  -139  -161 10159    40    10     8 -9999    20
1956 12 06 00  -200  -239 10287    30    51     8 -9999     6
1956 12 06 03  -189  -250 10304    70    21     8 -9999 -9999
1956 12 06 06  -172  -239 10306    20    21     8 -9999     6
1956 12 06 09  -211  -261 10336   320    41     7 -9999 -9999
1956 12 06 12  -272  -311 10393     0     0     1 -9999     6
1956 12 06 18  -272  -300 10412     0     0     1 -9999     6
1956 12 07 00  -322  -350 10440     0     0     1 -9999 -9999
1956 12 07 03  -278  -311 10419     0     0     1 -9999 -9999
1956 12 07 06  -261  -289 10395   250    21     0 -9999 -9999
1956 12 07 12  -322  -350 10452     0     0     0 -9999 -9999
1956 12 07 18  -339  -378 10464     0     0     0 -9999 -9999
1956 12 07 21  -339  -439 10467   270    10     0 -9999 -9999
1956 12 08 00  -350  -411 10471     0     0     1 -9999 -9999
1956 12 08 03  -300  -339 10437     0     0     1 -9999 -9999
1956 12 08 06  -278  -311 10426   250    41     2 -9999 -9999
1956 12 08 09  -300  -328 10441   270    31     1 -9999 -9999
1956 12 08 18  -339  -372 10483     0     0     0 -9999 -9999
1956 12 08 21  -350  -378 10475     0     0     0 -9999 -9999
1956 12 09 00  -378  -411 -9999     0     0     0 -9999 -9999
1956 12 09 03  -322  -350 10467   200    10     0 -9999 -9999
1956 12 09 06  -278  -322 10411   270    10     0 -9999 -9999
1956 12 09 09  -278  -328 10403   180    21     0 -9999 -9999
1956 12 09 12  -328  -361 10450     0     0     1 -9999 -9999
1956 12 09 18  -350  -378 10463     0     0     0 -9999 -9999
1956 12 09 21  -361  -378 -9999     0     0     0 -9999 -9999
1956 12 10 00  -361  -389 10488     0     0     0 -9999 -9999
1956 12 10 06  -261  -289 10415     0     0     7 -9999 -9999
1956 12 10 09  -261  -278 10413     0     0     7 -9999 -9999
1956 12 10 12  -272  -289 10431     0     0     2 -9999 -9999
1956 12 10 18  -322  -339 10482     0     0     0 -9999 -9999
1956 12 11 00  -339  -361 10493     0     0     0 -9999 -9999
1956 12 11 03  -300  -322 10467     0     0     0 -9999 -9999
1956 12 11 06  -239  -289 10418     0     0     0 -9999 -9999
1956 12 11 09  -261  -300 10427   170    10     0 -9999 -9999
1956 12 11 12  -300  -328 10461   160    10     0 -9999 -9999
1956 12 11 18  -328  -361 10480     0     0     0 -9999 -9999
1956 12 11 21  -322  -361 10466     0     0     0 -9999 -9999
1956 12 12 00  -322  -350 10486    20    10     5 -9999 -9999
1956 12 12 03  -278  -311 10480   270    41     1 -9999 -9999
1956 12 12 06  -261  -289 10473   250    41     0 -9999 -9999
1956 12 12 09  -300  -339 -9999   250    62     0 -9999 -9999
1956 12 12 12  -311  -339 -9999     0     0     0 -9999 -9999
1956 12 12 21  -378  -411 -9999     0     0     0 -9999 -9999
1956 12 13 00  -400  -428 -9999 -9999 -9999     1 -9999 -9999
1956 12 13 03  -311  -339 -9999     0     0     1 -9999 -9999
1956 12 13 06  -289  -328 -9999   220    10     1 -9999 -9999
1956 12 13 09  -328  -372 -9999     0     0     0 -9999 -9999
1956 12 13 12  -361  -389 -9999     0     0     0 -9999 -9999
1956 12 13 18  -400  -428 -9999     0     0     0 -9999 -9999
1956 12 14 00  -411  -439 -9999     0     0     0 -9999 -9999
1956 12 14 03  -350  -389 -9999     0     0     1 -9999 -9999
1956 12 14 06  -311  -339 -9999   220    10     1 -9999 -9999
1956 12 14 09  -328  -361 -9999     0     0     1 -9999 -9999
1956 12 14 12  -350  -389 -9999     0     0     1 -9999 -9999
1956 12 14 18  -372  -400 -9999     0     0     0 -9999 -9999
1956 12 15 00  -378  -411 -9999     0     0     1 -9999 -9999
1956 12 15 03  -328  -372 -9999   270    10     1 -9999 -9999
1956 12 15 06  -289  -322 -9999   270    31     1 -9999 -9999
1956 12 15 18  -328  -372 -9999   290    31     8 -9999 -9999
1956 12 15 21  -300  -328 -9999   270    21     8 -9999 -9999
1956 12 16 00  -289  -322 -9999   270    41     8 -9999     6
1956 12 16 03  -278  -311 -9999   270    41     1 -9999 -9999
1956 12 16 09 -9999 -9999 -9999   250    41     0 -9999 -9999
1956 12 16 12  -300  -328 10482   270    31     0 -9999 -9999
1956 12 16 18  -289  -322 10455   220    31     6 -9999 -9999
1956 12 16 21  -272  -300 10443   270    10     7 -9999 -9999
1956 12 17 00  -250  -278 10435   250    41     8 -9999     6
1956 12 17 03  -239  -272 10431   250    72     7 -9999 -9999
1956 12 17 06  -222  -250 10387   250    87     7 -9999     6
1956 12 17 09  -250  -278 10394   270    51     1 -9999 -9999
1956 12 17 12  -272  -300 10415   270    21     1 -9999     6
1956 12 17 18  -272  -300 10411     0     0     7 -9999 -9999
1956 12 17 21  -261  -289 10402   270    31     8 -9999 -9999
1956 12 18 00  -250  -278 10395   110    10     8 -9999     5
1956 12 18 03  -250  -278 10398     0     0     2 -9999 -9999
1956 12 18 06  -200  -278 10362     0     0     1 -9999     6
1956 12 18 12  -278  -311 10440     0     0     7 -9999     6
1956 12 18 21  -322  -350 10466     0     0     1 -9999 -9999
1956 12 19 00  -300  -328 10438     0     0     8 -9999     6
1956 12 19 03  -228  -261 10393   270    72     7 -9999 -9999
1956 12 19 06  -239  -272 10383   250    41     1 -9999     6
1956 12 19 09  -250  -278 10390   200    10     6 -9999 -9999
1956 12 19 12  -289  -322 10433     0     0     1 -9999     6
1956 12 19 18  -328  -361 10471     0     0     7 -9999 -9999
1956 12 20 00  -361  -400 -9999     0     0     1 -9999 -9999
1956 12 20 03  -300  -339 10492     0     0     1 -9999 -9999
1956 12 20 09  -289  -322 10497   250    10     1 -9999 -9999
1956 12 20 12  -350  -378 -9999     0     0     0 -9999 -9999
1956 12 20 18  -361  -389 -9999     0     0     0 -9999 -9999
1956 12 20 21  -372  -400 -9999     0     0     1 -9999 -9999
1956 12 21 00  -372  -400 -9999     0     0     1 -9999 -9999
1956 12 21 03  -311  -339 -9999     0     0     1 -9999 -9999
1956 12 21 06  -261  -289 -9999    90    10     1 -9999 -9999
1956 12 21 12  -328  -361 -9999     0     0     0 -9999 -9999
1956 12 21 18  -361  -389 -9999   360    10     0 -9999 -9999
1956 12 21 21  -378  -411 -9999    20    10     1 -9999 -9999
1956 12 22 00  -378  -411 -9999     0     0     1 -9999 -9999
1956 12 22 03  -322 -9999 -9999     0     0     0 -9999 -9999
1956 12 22 06  -250  -278 10497     0     0     0 -9999 -9999
1956 12 22 09  -289  -311 -9999     0     0     1 -9999 -9999
1956 12 22 12  -322  -350 -9999     0     0     0 -9999 -9999
1956 12 22 18  -361  -389 -9999     0     0     1 -9999 -9999
1956 12 22 21  -378  -411 -9999     0     0     0 -9999 -9999
1956 12 23 00  -378  -411 -9999     0     0     1 -9999 -9999
1956 12 23 03  -328  -361 -9999     0     0     1 -9999 -9999
1956 12 23 06  -278  -300 10493     0     0     1 -9999 -9999
1956 12 23 09  -300  -328 -9999   250    10     1 -9999 -9999
1956 12 23 12  -339  -372 -9999     0     0     1 -9999 -9999
1956 12 23 18  -372  -400 -9999     0     0     0 -9999 -9999
1956 12 23 21  -389  -422 -9999     0     0     0 -9999 -9999
1956 12 24 00  -400  -428 -9999   320    10     5 -9999 -9999
1956 12 24 03  -322  -350 10486 -9999 -9999 -9999 -9999 -9999
1956 12 24 06  -311  -339 10470     0     0     5 -9999 -9999
1956 12 24 09  -322  -350 10474     0     0     1 -9999 -9999
1956 12 24 12  -350  -378 -9999     0     0     0 -9999 -9999
1956 12 24 18  -378  -411 -9999     0     0     1 -9999 -9999
1956 12 24 21  -361  -389 -9999     0     0     2 -9999 -9999
1956 12 25 00  -350  -378 -9999    40    21     7 -9999     6
1956 12 25 03  -322  -350 10490     0     0     5 -9999 -9999
1956 12 25 06  -272  -300 10453     0     0     1 -9999     6
1956 12 25 12  -328  -361 10490     0     0     1 -9999 -9999
1956 12 25 18  -261  -289 10435    20    21     7 -9999 -9999
1956 12 25 21  -250  -278 10404    20    41     7 -9999 -9999
1956 12 26 00  -211  -239 -9999    20    41     7 -9999 -9999
1956 12 26 03  -200  -239 10402     0     0     3 -9999 -9999
1956 12 26 09  -211  -261 10420   270    31     1 -9999 -9999
1956 12 26 12  -272  -289 10474     0     0     0 -9999 -9999
1956 12 26 18 -9999 -9999 -9999     0     0     0 -9999 -9999
1956 12 27 00  -339  -372 -9999     0     0     2 -9999 -9999
1956 12 27 03  -261  -289 10490     0     0     7 -9999 -9999
1956 12 27 06  -250  -278 10456    90    21     7 -9999 -9999
1956 12 27 18  -222  -250 10497     0     0     0 -9999 -9999
1956 12 27 21  -289  -322 10459   360    10     0 -9999 -9999
1956 12 28 00  -322  -350 10479     0     0     1 -9999 -9999
1956 12 28 06  -200  -228 10373     0     0     1 -9999 -9999
1956 12 28 09  -178  -211 10353   220    21     6 -9999 -9999
1956 12 28 12  -211  -228 10357   320    21     1 -9999 -9999
1956 12 28 18  -222  -239 10358     0     0     0 -9999 -9999
1956 12 28 21  -272  -289 -9999    40    10     0 -9999 -9999
1956 12 29 03  -222  -289 10384     0     0     0 -9999 -9999
1956 12 29 06  -161  -222 10341     0     0     0 -9999 -9999
1956 12 29 09  -200  -239 10380     0     0     1 -9999 -9999
1956 12 29 12  -222  -250 10410    20    41     0 -9999 -9999
1956 12 29 18  -228  -250 10413    20    41     0 -9999 -9999
1956 12 30 00  -222  -239 10391    20    41     3 -9999 -9999
1956 12 30 03  -172  -178 10354    30    41     5 -9999 -9999
1956 12 30 06  -139  -150 10313    70    10     7 -9999 -9999
1956 12 30 12  -222  -239 10372   270    41     2 -9999 -9999
1956 12 30 21  -272  -289 10424     0     0     1 -9999 -9999
1956 12 31 00  -278  -322 10445     0     0     1 -9999     6
1956 12 31 03  -211  -228 10412     0     0     1 -9999 -9999
1956 12 31 09  -211  -228 10375    40    21     1 -9999 -9999
1956 12 31 12  -189  -211 10350    20    41     1 -9999 -9999
1956 12 31 18  -128  -172 10275   290    41     7 -9999 -9999
1956 12 31 21  -128  -172 10267   270    41     1 -9999 -9999
