1962 05 03 06   111 -9999 -9999    60    21 -9999 -9999     6
1962 05 03 09   100   -22 -9999    90    21     8 -9999 -9999
1962 05 04 06    61    22 -9999   320    72     8 -9999     6
1962 05 04 09    72     0 -9999     0     0     8 -9999 -9999
1962 05 04 21    22     0 -9999     0     0     8 -9999 -9999
1962 05 05 00    22     0 -9999     0     0     8 -9999 -9999
1962 05 05 06   128     0 -9999   360    21     6 -9999     6
1962 05 05 09   111 -9999 -9999   360    21     8 -9999 -9999
1962 05 06 09   122   -11 -9999   220    41     3 -9999 -9999
1962 05 06 21    61 -9999 -9999   110    41     8 -9999 -9999
1962 05 07 00    61    50 -9999     0     0     7 -9999     5
1962 05 07 09   122    22 -9999    70    72     7 -9999 -9999
1962 05 08 00    78    61 -9999   110    10     7 -9999 -9999
1962 05 08 21   -11   -11 -9999     0     0     1 -9999 -9999
1962 05 09 09    89     0 -9999     0     0     8 -9999 -9999
1962 05 09 21    28    22 -9999     0     0     3 -9999 -9999
1962 05 10 09    61    11 -9999   360    21     8 -9999 -9999
1962 05 11 09   128   -28 -9999     0     0     7 -9999 -9999
1962 05 11 21    39    22 -9999     0     0     8 -9999 -9999
1962 05 12 21    50    28 -9999     0     0     8 -9999 -9999
1962 05 13 00    89    78 -9999   360    10     8 -9999 -9999
1962 05 13 21    11     0 -9999   120    87     6 -9999 -9999
1962 05 14 09   111   -22 -9999    60    31     6 -9999 -9999
1962 05 14 21     0     0 -9999     0     0     8 -9999 -9999
1962 05 15 09    89   -22 -9999   270    21     5 -9999 -9999
1962 05 15 21    22     0 -9999     0     0     7 -9999 -9999
1962 05 16 09 -9999 -9999 -9999     0     0     8 -9999 -9999
1962 05 16 21    28    11 -9999     0     0     8 -9999 -9999
1962 05 17 06   111    22 -9999   140    10     8 -9999 -9999
1962 05 17 21    22     0 -9999     0     0     8 -9999 -9999
1962 05 18 09    89    11 -9999   180    31 -9999 -9999 -9999
1962 05 18 21    11   -11 -9999     0     0     8 -9999 -9999
1962 05 20 09   100   -39 -9999   220    10     8 -9999 -9999
1962 05 20 21   -22   -22 -9999     0     0     7 -9999 -9999
1962 05 21 06   189    22 -9999   290    31     7 -9999 -9999
1962 05 21 21    22   -11 -9999     0     0     8 -9999 -9999
1962 05 22 09   111   -22 -9999   220    41     8 -9999 -9999
1962 05 22 21    28     0 -9999    90    21     8 -9999 -9999
1962 05 23 21    39   -28 -9999     0     0     7 -9999 -9999
1962 05 24 09    72 -9999 -9999   360    21     7 -9999 -9999
1962 05 24 21    72    39 -9999     0     0     8 -9999 -9999
1962 05 25 06   111    72 -9999   270    21     6 -9999 -9999
1962 05 25 09   111    39 -9999   290    31     7 -9999 -9999
1962 05 26 00    78    39 -9999     0     0     8 -9999 -9999
1962 05 26 21    72    50 -9999   220    10 -9999 -9999 -9999
1962 05 27 00   139    72 -9999     0     0     6 -9999     6
1962 05 27 06   139    72 -9999     0     0     6 -9999     6
1962 05 27 09   161    72 -9999   200    10     7 -9999 -9999
1962 05 27 21    89    39 -9999     0     0     8 -9999 -9999
1962 05 28 09   128    50 -9999   290    31     8 -9999 -9999
1962 05 28 21    61    39 -9999     0     0     8 -9999 -9999
1962 05 29 00   100    89 -9999     0     0     7 -9999 -9999
1962 05 29 09   139    61 -9999   340    72     6 -9999 -9999
1962 05 29 21    72    50 -9999     0     0     8 -9999 -9999
1962 05 30 21    72    22 -9999   360    10     7 -9999 -9999
1962 05 31 00    72    22 -9999     0     0     7 -9999 -9999
1962 05 31 09   128    72 -9999   160    21     7 -9999 -9999
1962 06 01 09    89    61 -9999   270    21     8 -9999 -9999
1962 06 01 12   128   111 -9999     0     0     8 -9999 -9999
1962 06 01 21    72    50 -9999     0     0     8 -9999 -9999
1962 06 02 21    78    22 -9999     0     0     8 -9999 -9999
1962 06 03 00    50    22 -9999     0     0     8 -9999     3
1962 06 03 03   128    50 -9999     0     0 -9999 -9999 -9999
1962 06 03 09   100    22 -9999     0     0     8 -9999 -9999
1962 06 03 12   111   -11 -9999   220    41     8 -9999 -9999
1962 06 03 21    39    22 -9999     0     0     8 -9999 -9999
1962 06 04 00    72    11 -9999     0     0     8 -9999 -9999
1962 06 04 09    89    39 -9999     0     0     8 -9999 -9999
1962 06 04 21    61    50 -9999     0     0     8 -9999 -9999
1962 06 05 21    50    39 -9999     0     0     8 -9999 -9999
1962 06 06 21    50    28 -9999     0     0     3 -9999 -9999
1962 06 07 09 -9999 -9999 -9999   320    31     8 -9999 -9999
1962 06 08 09   150     0 -9999    40    21     7 -9999 -9999
1962 06 08 21    39    22 -9999     0     0     8 -9999 -9999
1962 06 09 09    78    39 -9999   140    10 -9999 -9999 -9999
1962 06 09 21    11    11 -9999     0     0     1 -9999 -9999
1962 06 10 06   211    28 -9999   320    10     7 -9999 -9999
1962 06 10 09   150    22 -9999   140    10     6 -9999 -9999
1962 06 10 21    11     0 -9999     0     0     1 -9999 -9999
1962 06 11 09   172   -39 -9999   140    31     5 -9999 -9999
1962 06 11 21    11     0 -9999     0     0     1 -9999 -9999
1962 06 12 06   200 -9999 -9999     0     0     7 -9999 -9999
1962 06 12 09   172     0 -9999   200    51     7 -9999 -9999
1962 06 12 12    89    39 -9999     0     0     0 -9999 -9999
1962 06 13 00    28    28 -9999     0     0 -9999 -9999 -9999
1962 06 13 21    72    11 -9999     0     0     8 -9999 -9999
1962 06 14 09   139    78 -9999     0     0     8 -9999 -9999
1962 06 15 09   172    78 -9999     0     0     7 -9999 -9999
1962 06 15 21    28    22 -9999     0     0     1 -9999 -9999
1962 06 16 06   189    72 -9999    90    21     2 -9999 -9999
1962 06 16 09   211    78 -9999    90    10     2 -9999 -9999
1962 06 16 21   111    78 -9999     0     0     7 -9999 -9999
1962 06 17 09   128    78 -9999   320    10     8 -9999 -9999
1962 06 17 21    89    61 -9999     0     0     8 -9999 -9999
1962 06 18 09   139    50 -9999   290    31     8 -9999 -9999
1962 06 18 15   100    72 -9999   290    21     8 -9999 -9999
1962 06 18 21    78    72 -9999     0     0     8 -9999 -9999
1962 06 19 21    28    11 -9999     0     0     1 -9999 -9999
1962 06 20 09   200     0 -9999    90    10     1 -9999 -9999
1962 06 20 21    22    11 -9999     0     0     1 -9999 -9999
1962 06 21 09   111    89 -9999   320    51     8 -9999 -9999
1962 06 22 21    78    72 -9999     0     0     7 -9999 -9999
1962 06 23 09   178    50 -9999     0     0     2 -9999 -9999
1962 06 23 21    28    22 -9999     0     0     1 -9999 -9999
1962 06 24 09   150    50 -9999   110    41     7 -9999 -9999
1962 06 24 21   178    72 -9999     0     0     8 -9999 -9999
1962 06 25 09   128 -9999 -9999    90    21     7 -9999 -9999
1962 06 25 21    72    61 -9999     0     0     8 -9999 -9999
1962 06 26 09   150    28 -9999   180    21     7 -9999 -9999
1962 06 26 21    61    50 -9999     0     0     5 -9999 -9999
1962 06 27 09   172    28 -9999     0     0     8 -9999 -9999
1962 06 27 21    28    28 -9999     0     0     2 -9999 -9999
1962 06 28 06   128    78 -9999   140    21     8 -9999    10
1962 06 28 09   150    78 -9999    90    21     7 -9999 -9999
1962 06 28 21   100    72 -9999     0     0     7 -9999 -9999
1962 06 29 09   161    78 -9999    20    41     8 -9999 -9999
1962 06 29 21   100    89 -9999     0     0     8 -9999 -9999
1962 06 30 21    39    39 -9999     0     0     2 -9999 -9999
1962 07 01 09   178    50 -9999   220    21     7 -9999 -9999
1962 07 01 21    78    72 -9999     0     0     8 -9999 -9999
1962 07 02 09   150    78 -9999   360    41     7 -9999 -9999
1962 07 02 21    78    72 -9999   310    10     8 -9999 -9999
1962 07 04 00   178    78 -9999   110    10     7 -9999 -9999
1962 07 04 21   100    89 -9999     0     0     8 -9999 -9999
1962 07 05 00   161    89 -9999   200    21     7 -9999 -9999
1962 07 05 03   200    39 -9999     0     0     3 -9999 -9999
1962 07 05 21    89    78 -9999     0     0     8 -9999 -9999
1962 07 06 00    89    89 -9999   320    21     8 -9999   130
1962 07 06 09   161    78 -9999    90    10     7 -9999 -9999
1962 07 06 21   100    78 -9999     0     0     8 -9999 -9999
1962 07 07 09   161   111 -9999   140    21     7 -9999 -9999
1962 07 08 09   222    22 -9999     0     0     2 -9999 -9999
1962 07 08 21    39    28 -9999     0     0     0 -9999 -9999
1962 07 09 21   100    89 -9999     0     0     8 -9999 -9999
1962 07 10 00 -9999 -9999 -9999     0     0 -9999 -9999     6
1962 07 10 09   211   111 -9999 -9999    41 -9999 -9999 -9999
1962 07 10 21   111   100 -9999     0     0     7 -9999 -9999
1962 07 11 00   122   111 -9999     0     0     8 -9999     3
1962 07 11 09   161   122 -9999    90    10     7 -9999 -9999
1962 07 12 21   111   111 -9999     0     0     8 -9999 -9999
1962 07 13 09   200   100 -9999   160    51     7 -9999 -9999
1962 07 14 09   200   111 -9999   180    41     7 -9999 -9999
1962 07 14 21   128   111 -9999     0     0     7 -9999 -9999
1962 07 15 21   111   111 -9999     0     0     7 -9999 -9999
1962 07 16 09   161   100 -9999   160    31     8 -9999 -9999
1962 07 17 09   128   122 -9999     0     0     8 -9999 -9999
1962 07 17 21   100   100 -9999     0     0     8 -9999 -9999
1962 07 18 00   111   100 -9999   270    21     8 -9999 -9999
1962 07 18 06   189   128 -9999   180    21     7 -9999     6
1962 07 18 09   178   122 -9999     0     0     7 -9999 -9999
1962 07 18 21    72    72 -9999     0     0     8 -9999 -9999
1962 07 19 09   211    72 -9999   160    10     1 -9999 -9999
1962 07 19 21    72    61 -9999     0     0     7 -9999 -9999
1962 07 20 09   172    89 -9999   360    41     7 -9999 -9999
1962 07 20 21    72    72 -9999     0     0 -9999 -9999 -9999
1962 07 21 09   228   122 -9999   160    21     5 -9999 -9999
1962 07 21 21   111   100 -9999     0     0     7 -9999 -9999
1962 07 22 00   111    89 -9999     0     0     4 -9999 -9999
1962 07 22 06   161    72 -9999    40    72     8 -9999 -9999
1962 07 22 09   200    89 -9999   320    10     7 -9999 -9999
1962 07 23 09   200   111 -9999     0     0     7 -9999 -9999
1962 07 23 21    78    78 -9999     0     0     5 -9999 -9999
1962 07 24 09   222   100 -9999 -9999 -9999 -9999 -9999 -9999
1962 07 24 21   100   100 -9999     0     0     7 -9999 -9999
1962 07 25 09   161   128 -9999   200    10     8 -9999 -9999
1962 07 25 21    89    78 -9999     0     0     8 -9999 -9999
1962 07 26 00    89    78 -9999   290    21     8 -9999 -9999
1962 07 26 09   122    89 -9999   250    10     8 -9999 -9999
1962 07 26 18    78    61 -9999     0     0     6 -9999 -9999
1962 07 26 21    72    61 -9999     0     0     7 -9999 -9999
1962 07 27 09   161    78 -9999   140    10     7 -9999 -9999
1962 07 27 21   100    89 -9999     0     0     8 -9999 -9999
1962 07 28 09   150    89 -9999     0     0     7 -9999 -9999
1962 07 28 21    61    61 -9999     0     0     7 -9999 -9999
1962 07 29 00    61    61 -9999     0     0     9 -9999     6
1962 07 29 06   150    89 -9999     0     0     8 -9999     6
1962 07 29 09   161    61 -9999     0     0     7 -9999 -9999
1962 07 30 06   178   100 -9999   140    21     3 -9999 -9999
1962 07 30 09   200    89 -9999     0     0     6 -9999 -9999
1962 07 30 21   100    89 -9999     0     0 -9999 -9999 -9999
1962 07 31 00   100 -9999 -9999 -9999 -9999     8 -9999 -9999
1962 07 31 09   111    89 -9999   360    31     8 -9999 -9999
1962 08 01 09   161    72 -9999     0     0     7 -9999 -9999
1962 08 01 21    89    78 -9999     0     0     8 -9999 -9999
1962 08 02 00    78    61 -9999     0     0     8 -9999    60
1962 08 02 06   128    72 -9999   140    41     6 -9999    40
1962 08 02 09   139    61 -9999   140    21     7 -9999 -9999
1962 08 02 21    39    28 -9999   270    21     9 -9999 -9999
1962 08 03 00    39    28 -9999     0     0     7 -9999 -9999
1962 08 03 09   200    28 -9999   160    21     1 -9999 -9999
1962 08 03 21    28    28 -9999     0     0     1 -9999 -9999
1962 08 04 09 -9999 -9999 -9999   160    21     7 -9999 -9999
1962 08 04 21    89    78 -9999     0     0     8 -9999 -9999
1962 08 05 00    78    78 -9999     0     0     8 -9999 -9999
1962 08 05 21    78    78 -9999     0     0     8 -9999 -9999
1962 08 06 21    78    72 -9999     0     0     7 -9999 -9999
1962 08 07 00    89    78 -9999     0     0     8 -9999 -9999
1962 08 07 12   122    89 -9999     0     0     7 -9999    30
1962 08 07 21    78    72 -9999     0     0     8 -9999 -9999
1962 08 08 00 -9999 -9999 -9999     0     0     8 -9999 -9999
1962 08 08 09   189    78 -9999   140    21     2 -9999 -9999
1962 08 08 21    89    78 -9999     0     0     8 -9999 -9999
1962 08 09 21    39    28 -9999     0     0     1 -9999 -9999
1962 08 10 09   200    28 -9999    70    31     3 -9999 -9999
1962 08 10 21    50    50 -9999     0     0     1 -9999 -9999
1962 08 12 21    78    78 -9999   140    10     8 -9999 -9999
1962 08 13 21   111   100 -9999     0     0     8 -9999 -9999
1962 08 14 21   111    89 -9999     0     0     7 -9999 -9999
1962 08 15 00   111    89 -9999     0     0     7 -9999     6
1962 08 15 06   161    78 -9999   180    21     7 -9999     6
1962 08 15 09   128    61 -9999   220    10     7 -9999 -9999
1962 08 15 21    22    11 -9999     0     0     0 -9999 -9999
1962 08 16 00    22    22 -9999     0     0     9 -9999     6
1962 08 16 06   161 -9999 -9999   140    21     2 -9999     6
1962 08 16 09   178    28 -9999   140    31     6 -9999 -9999
1962 08 16 21    22    22 -9999   360    10     8 -9999 -9999
1962 08 17 00    39    11 -9999     0     0     2 -9999 -9999
1962 08 17 06   172    50 -9999   250    10     6 -9999 -9999
1962 08 17 09   189    39 -9999   140    31     6 -9999 -9999
1962 08 17 21    61    50 -9999     0     0     8 -9999 -9999
1962 08 18 00    61    50 -9999     0     0     7 -9999 -9999
1962 08 18 09   122    89 -9999    40    41     8 -9999 -9999
1962 08 18 21    78    72 -9999     0     0     8 -9999 -9999
1962 08 19 00    78    72 -9999     0     0     8 -9999     6
1962 08 19 09   172    72 -9999     0     0     7 -9999 -9999
1962 08 19 21    39    28 -9999     0     0     2 -9999 -9999
1962 08 20 00    50    39 -9999     0     0     8 -9999 -9999
1962 08 20 06   161    78 -9999     0     0     7 -9999 -9999
1962 08 20 09   178    61 -9999   140    21     7 -9999 -9999
1962 08 20 21   100    89 -9999     0     0     8 -9999 -9999
1962 08 21 00    89    89 -9999     0     0     8 -9999    30
1962 08 21 09   139    78 -9999    70    51     7 -9999 -9999
1962 08 21 21    78    61 -9999     0     0     8 -9999 -9999
1962 08 22 00    72    50 -9999   320    10     7 -9999 -9999
1962 08 22 06   178    72 -9999   160    31     6 -9999 -9999
1962 08 22 09   200    72 -9999   140    21     4 -9999 -9999
1962 08 22 21    50    50 -9999     0     0     6 -9999 -9999
1962 08 23 00    61    50 -9999     0     0     7 -9999 -9999
1962 08 23 06   200   122 -9999   180    10     2 -9999 -9999
1962 08 23 09   222    89 -9999   140    21     6 -9999 -9999
1962 08 23 21   111   100 -9999    40    10     8 -9999 -9999
1962 08 24 00   128    89 -9999     0     0     7 -9999     5
1962 08 24 06 -9999 -9999 -9999   270    41     7 -9999     3
1962 08 24 09   150   122 -9999   110    31     7 -9999 -9999
1962 08 24 21   111   100 -9999     0     0     8 -9999 -9999
1962 08 25 00   100   100 -9999     0     0     8 -9999 -9999
1962 08 25 09   128    78 -9999     0     0     8 -9999 -9999
1962 08 25 12   150   128 -9999   330    21     8 -9999 -9999
1962 08 25 21    39    39 -9999     0     0     9 -9999 -9999
1962 08 26 00    50    39 -9999     0     0     7 -9999 -9999
1962 08 26 06   161    50 -9999   270    31     6 -9999 -9999
1962 08 26 09   161    39 -9999    40    31     3 -9999 -9999
1962 08 26 21    50    11 -9999     0     0     1 -9999 -9999
1962 08 27 00    11    11 -9999     0     0     9 -9999     6
1962 08 27 06   172    78 -9999    20    10     2 -9999     6
1962 08 27 09   161    78 -9999     0     0     6 -9999 -9999
1962 08 27 21    78    72 -9999     0     0     7 -9999 -9999
1962 08 28 00    78    72 -9999     0     0     8 -9999 -9999
1962 08 28 09   178   100 -9999   140    21 -9999 -9999 -9999
1962 08 28 21   111    89 -9999     0     0     8 -9999 -9999
1962 08 29 00    89    78 -9999     0     0     8 -9999    10
1962 08 29 09   122    61 -9999     0     0     8 -9999 -9999
1962 08 29 21    61    39 -9999     0     0     8 -9999 -9999
1962 08 30 00    50    28 -9999     0     0     7 -9999 -9999
1962 08 30 06   128     0 -9999     0     0     8 -9999 -9999
1962 08 30 09   128    11 -9999   340    10     8 -9999 -9999
1962 08 30 21    61    28 -9999   270    10     7 -9999 -9999
1962 08 31 00    61    39 -9999     0     0     8 -9999     5
1962 08 31 06   128    61 -9999   200    21     2 -9999     5
1962 08 31 09   161    61 -9999   110    21     7 -9999 -9999
1962 08 31 21    22    11 -9999     0     0     1 -9999 -9999
1962 09 01 00    28    22 -9999     0     0     9 -9999 -9999
1962 09 01 06   139    39 -9999     0     0     8 -9999 -9999
1962 09 01 09   150    39 -9999     0     0     8 -9999 -9999
1962 09 01 21    72    50 -9999     0     0     8 -9999 -9999
1962 09 02 00    72    61 -9999     0     0     8 -9999 -9999
1962 09 02 06   139    50 -9999     0     0     8 -9999 -9999
1962 09 02 09   150    61 -9999     0     0     8 -9999 -9999
1962 09 03 00    72 -9999 -9999   110    31     8 -9999     6
1962 09 03 09   100    28 -9999     0     0     7 -9999 -9999
1962 09 04 00    28    22 -9999     0     0     7 -9999 -9999
1962 09 04 09   150    28 -9999   140    41     7 -9999 -9999
1962 09 04 21    28    28 -9999     0     0     7 -9999 -9999
1962 09 05 00    39    28 -9999     0     0     8 -9999 -9999
1962 09 05 06   139    39 -9999   140    21     7 -9999     6
1962 09 05 09    89    50 -9999   270    31     8 -9999 -9999
1962 09 06 00    61    39 -9999     0     0     8 -9999    10
1962 09 06 09   139    39 -9999     0     0     7 -9999 -9999
1962 09 06 21     0   -11 -9999     0     0     1 -9999 -9999
1962 09 07 00     0     0 -9999   320    10     9 -9999 -9999
1962 09 07 06   161    39 -9999     0     0 -9999 -9999 -9999
1962 09 07 09   178    11 -9999   140    41     1 -9999 -9999
1962 09 07 21     0   -11 -9999     0     0     0 -9999 -9999
1962 09 08 00   -11   -11 -9999     0     0     9 -9999 -9999
1962 09 08 06   189    78 -9999     0     0     1 -9999 -9999
1962 09 08 09   211    28 -9999   200    21     3 -9999 -9999
1962 09 08 21    22    11 -9999     0     0     0 -9999 -9999
1962 09 09 00    28    11 -9999     0     0     1 -9999 -9999
1962 09 09 06   189    78 -9999   140    21     2 -9999 -9999
1962 09 09 09   211    39 -9999   110    21     5 -9999 -9999
1962 09 09 21    39    22 -9999     0     0     1 -9999 -9999
1962 09 10 00    22    11 -9999     0     0     2 -9999 -9999
1962 09 10 06   100    78 -9999    20    72     7 -9999     6
1962 09 10 09   100    78 -9999   270    31     8 -9999 -9999
1962 09 10 21    61    50 -9999     0     0     7 -9999 -9999
1962 09 11 00    39    28 -9999     0     0     6 -9999 -9999
1962 09 11 09   150    22 -9999     0     0     2 -9999 -9999
1962 09 11 21    11     0 -9999     0     0     2 -9999 -9999
1962 09 12 00    28    11 -9999     0     0     7 -9999 -9999
1962 09 12 06   128    39 -9999   140    10     1 -9999     6
1962 09 12 09   161    50 -9999    70    21     2 -9999 -9999
1962 09 12 21    39    39 -9999     0     0     8 -9999 -9999
1962 09 13 06    78    72 -9999     0     0     8 -9999    20
1962 09 13 09   100    78 -9999   290 -9999     8 -9999 -9999
1962 09 13 21    78    72 -9999     0     0     8 -9999 -9999
1962 09 14 09   161    50 -9999    20    31     2 -9999 -9999
1962 09 14 21    72    39 -9999     0     0     8 -9999 -9999
1962 09 15 00    50    28 -9999     0     0     8 -9999    40
1962 09 15 06   100    22 -9999     0     0     8 -9999    10
1962 09 15 09   111    22 -9999   140    10     7 -9999 -9999
1962 09 15 21    28    22 -9999   140    21     5 -9999 -9999
1962 09 16 00    39    28 -9999     0     0     8 -9999 -9999
1962 09 16 09   161    28 -9999   110    31     7 -9999 -9999
1962 09 16 21    61    39 -9999   270    21     8 -9999 -9999
1962 09 17 00    61    50 -9999     0     0     7 -9999     6
1962 09 17 06   122    28 -9999   270    10     8 -9999 -9999
1962 09 17 21    50    39 -9999   250    21     8 -9999 -9999
1962 09 18 00    50    28 -9999   270    21     8 -9999    80
1962 09 18 09   111    11 -9999   360    21     7 -9999 -9999
1962 09 18 21   -11   -22 -9999     0     0     1 -9999 -9999
1962 09 19 09   150    11 -9999     0     0     2 -9999 -9999
1962 09 20 00   -11   -22 -9999     0     0     9 -9999     6
1962 09 20 06   172    61 -9999   110    10     1 -9999     6
1962 09 20 09   200    22 -9999     0     0     1 -9999 -9999
1962 09 21 00    28    22 -9999     0     0     6 -9999 -9999
1962 09 21 09   228    72 -9999     0     0     2 -9999 -9999
1962 09 21 21    72    61 -9999     0     0     6 -9999 -9999
1962 09 22 00    50    50 -9999     0     0     3 -9999 -9999
1962 09 22 09   250    61 -9999   160    41     2 -9999 -9999
1962 09 22 21    78    39 -9999     0     0     2 -9999 -9999
1962 09 23 00    50    39 -9999     0     0     8 -9999 -9999
1962 09 23 21    39    28 -9999     0     0     1 -9999 -9999
1962 09 24 00    61    28 -9999     0     0     2 -9999 -9999
1962 09 24 06   222    61 -9999    90    21     2 -9999 -9999
1962 09 24 09   239    39 -9999   200    31     2 -9999 -9999
1962 09 24 21    50    39 -9999     0     0     1 -9999 -9999
1962 09 25 00    72    50 -9999     0     0     6 -9999 -9999
1962 09 25 21    39    28 -9999     0     0     1 -9999 -9999
1962 09 26 00    39    39 -9999     0     0     9 -9999     6
1962 09 26 09   211    89 -9999   110    21     7 -9999 -9999
1962 09 26 21    78    72 -9999     0     0     3 -9999 -9999
1962 09 27 00    78    72 -9999   270    21     7 -9999     6
1962 09 27 09   111    72 -9999   140    51     8 -9999 -9999
1962 09 28 00    61    39 -9999   110    31     8 -9999 -9999
1962 09 28 09   178    78 -9999   110    51     2 -9999 -9999
1962 09 28 21    39    39 -9999     0     0     1 -9999 -9999
1962 09 29 00    61    61 -9999     0     0     7 -9999 -9999
1962 09 29 09   228    39 -9999   180    41     2 -9999 -9999
1962 09 29 21    50    39 -9999     0     0     0 -9999 -9999
1962 09 30 00    50    28 -9999     0     0     1 -9999 -9999
1962 10 01 00    28    22 -9999     0     0     1 -9999 -9999
1962 10 01 09   228    39 -9999   160    41     1 -9999 -9999
1962 10 01 21    78    61 -9999     0     0     7 -9999 -9999
1962 10 02 00    89    61 -9999    70    21     7 -9999 -9999
1962 10 02 06   178    72 -9999   110    41     2 -9999 -9999
1962 10 02 21    72    72 -9999     0     0     7 -9999 -9999
1962 10 03 00    78    72 -9999     0     0     7 -9999 -9999
1962 10 03 06   100    89 -9999     0     0     3 -9999 -9999
1962 10 03 09   111    89 -9999    20    62     7 -9999 -9999
1962 10 03 21    78    50 -9999   320    21     8 -9999 -9999
1962 10 04 00    78    50 -9999     0     0     8 -9999 -9999
1962 10 04 09    89    89 -9999   110    41     2 -9999 -9999
1962 10 04 21    72    50 -9999     0     0     8 -9999 -9999
1962 10 05 00    72    50 -9999     0     0     8 -9999 -9999
1962 10 05 09   172   100 -9999     0     0     7 -9999 -9999
1962 10 05 21    72    61 -9999     0     0     8 -9999 -9999
1962 10 06 00    72    61 -9999     0     0     8 -9999 -9999
1962 10 06 09   178    89 -9999   110    31     7 -9999 -9999
1962 10 07 00    78    72 -9999     0     0     7 -9999 -9999
1962 10 07 06   172    72 -9999    70    31     3 -9999 -9999
1962 10 07 21    89    61 -9999   140    21     7 -9999 -9999
1962 10 08 00    78    61 -9999    90    10     7 -9999 -9999
1962 10 08 06   161    61 -9999    90    41     3 -9999 -9999
1962 10 08 09    89    50 -9999   140    41     2 -9999 -9999
1962 10 08 21    72    61 -9999     0     0     8 -9999 -9999
1962 10 09 00    61    50 -9999     0     0     8 -9999    70
1962 10 09 09    78    61 -9999    20    41     8 -9999 -9999
1962 10 09 21    22    22 -9999   270    41 -9999 -9999 -9999
1962 10 10 00    22    22 -9999    90    21     7 -9999    80
1962 10 10 06    78    11 -9999     0     0     7 -9999     6
1962 10 10 09   111    11 -9999     0     0     4 -9999 -9999
1962 10 10 21    22    11 -9999   320    10     8 -9999 -9999
1962 10 11 00    28    11 -9999     0     0     7 -9999    40
1962 10 11 09   122    22 -9999     0     0     2 -9999 -9999
1962 10 11 21    39    22 -9999    90    51     8 -9999 -9999
1962 10 12 00    28    22 -9999   110    21     6 -9999    20
1962 10 12 09   139    39 -9999     0     0     2 -9999 -9999
1962 10 12 21    39    11 -9999    90    21     8 -9999 -9999
1962 10 13 00    39     0 -9999   140    31     7 -9999    10
1962 10 13 09    50   -11 -9999    40    51     8 -9999 -9999
1962 10 13 21   -11   -11 -9999   270    21     8 -9999 -9999
1962 10 14 00   -11   -11 -9999     0     0     8 -9999    30
1962 10 14 09    50   -22 -9999   140    31     7 -9999 -9999
1962 10 14 21     0     0 -9999     0     0     8 -9999 -9999
1962 10 15 00    11     0 -9999     0     0     8 -9999    40
1962 10 15 09    61     0 -9999    90    10     8 -9999 -9999
1962 10 15 21    11     0 -9999     0     0     8 -9999 -9999
1962 10 16 00     0     0 -9999     0     0     8 -9999    30
1962 10 16 06    61    11 -9999     0     0     8 -9999    10
1962 10 16 09    89    22 -9999     0     0     7 -9999 -9999
1962 10 16 21     0     0 -9999     0     0     8 -9999 -9999
1962 10 17 00     0     0 -9999     0     0     8 -9999    50
1962 10 17 09    89    28 -9999   290    21     5 -9999 -9999
1962 10 17 21    11    11 -9999     0     0     8 -9999 -9999
1962 10 18 00    11 -9999 -9999     0     0     8 -9999    30
1962 10 18 09   100   -50 -9999   270    51     1 -9999 -9999
1962 10 18 21   -11   -28 -9999     0     0     8 -9999 -9999
1962 10 19 00   -22   -28 -9999     0     0     2 -9999 -9999
1962 10 19 06    89   -50 -9999     0     0     2 -9999 -9999
1962 10 19 09    89   -61 -9999   340    10     8 -9999 -9999
1962 10 19 21     0   -11 -9999     0     0     7 -9999 -9999
1962 10 20 00     0   -22 -9999     0     0     7 -9999     6
1962 10 20 06    78   -39 -9999     0     0     4 -9999 -9999
1962 10 20 09    78   -78 -9999   340    62     2 -9999 -9999
1962 10 20 21   -50   -72 -9999     0     0     0 -9999 -9999
1962 10 21 00   -61   -72 -9999     0     0     0 -9999 -9999
1962 10 21 06    89   -50 -9999   180    21     1 -9999 -9999
1962 10 21 09   100  -100 -9999   270    41     1 -9999 -9999
1962 10 21 21   -50   -72 -9999     0     0     1 -9999 -9999
1962 10 22 00   -50   -72 -9999     0     0     1 -9999 -9999
1962 10 22 06    89   -61 -9999     0     0     3 -9999 -9999
1962 10 22 09   111   -39 -9999     0     0     7 -9999 -9999
1962 10 22 21    11   -11 -9999   320    10     7 -9999 -9999
1962 10 23 00     0   -11 -9999   290    21     8 -9999    10
1962 10 23 09    72   -22 -9999   140    31     7 -9999 -9999
1962 10 23 21   -11   -28 -9999     0     0     8 -9999 -9999
1962 10 24 00   -11   -28 -9999     0     0     7 -9999     6
1962 10 24 09    39   -28 -9999   320    21     2 -9999 -9999
1962 10 24 21   -50   -78 -9999     0     0     1 -9999 -9999
1962 10 25 00   -39   -72 -9999     0     0     7 -9999 -9999
1962 10 25 21   -50   -78 -9999     0     0     0 -9999 -9999
1962 10 26 00   -50   -78 -9999   290    10     7 -9999 -9999
1962 10 26 09    89   -61 -9999   250    41 -9999 -9999 -9999
1962 10 26 21    61   -72 -9999     0     0     0 -9999 -9999
1962 10 27 00   -61   -72 -9999     0     0     0 -9999 -9999
1962 10 27 06    72   -61 -9999     0     0     8 -9999 -9999
1962 10 27 09    78   -61 -9999     0     0     7 -9999 -9999
1962 10 27 21   -28   -39 -9999     0     0     2 -9999 -9999
1962 10 28 00   -28   -39 -9999     0     0     7 -9999 -9999
1962 10 28 09    78   -22 -9999   270    31     7 -9999 -9999
1962 10 28 21   -11   -39 -9999   290    31     8 -9999 -9999
1962 10 29 00   -22   -28 -9999     0     0     7 -9999     6
1962 10 29 06    89     0 -9999     0     0     7 -9999     6
1962 10 29 09   111   -39 -9999   250    10     7 -9999 -9999
1962 10 29 21    11   -11 -9999     0     0     8 -9999 -9999
1962 10 30 00     0     0 -9999     0     0     7 -9999     3
1962 10 30 06    72   -11 -9999    90    21     7 -9999     6
1962 10 30 09    78     0 -9999     0     0     7 -9999 -9999
1962 10 31 00    22    11 -9999    90    21     7 -9999 -9999
1962 10 31 06    89 -9999 -9999     0     0     5 -9999 -9999
1962 10 31 09    78     0 -9999    40    31     5 -9999 -9999
1962 10 31 21    11     0 -9999     0     0     6 -9999 -9999
1962 11 01 00    89   -22 -9999   110    31     7 -9999 -9999
1962 11 02 00     0   -22 -9999    90    21     8 -9999     6
1962 11 02 06    72 -9999 -9999    40    10 -9999 -9999     6
1962 11 02 09    50   -72 -9999   290    41     8 -9999 -9999
1962 11 02 21   -50  -211 -9999   340    31     2 -9999 -9999
1962 11 03 00   -78  -178 -9999   320    21     3 -9999 -9999
1962 11 03 06    22  -211 -9999 -9999 -9999 -9999 -9999 -9999
1962 11 03 09    28  -200 -9999   290    41     1 -9999 -9999
1962 11 03 21  -100  -122 -9999     0     0     1 -9999 -9999
1962 11 04 00  -111  -128 -9999     0     0     6 -9999 -9999
1962 11 04 09    78  -200 -9999   320    62     7 -9999 -9999
1962 11 04 21   -72  -100 -9999     0     0     1 -9999 -9999
1962 11 05 00   -78  -100 -9999     0     0     2 -9999 -9999
1962 11 05 06    89   -89 -9999   160    10     2 -9999 -9999
1962 11 05 09   100  -139 -9999   270    21     3 -9999 -9999
1962 11 05 21   -50   -89 -9999     0     0     1 -9999 -9999
1962 11 06 00   -61   -89 -9999     0     0     2 -9999 -9999
1962 11 06 09    39   -72 -9999   320    72     8 -9999 -9999
1962 11 06 21   -11   -22 -9999     0     0     7 -9999 -9999
1962 11 07 00   -22   -28 -9999     0     0     7 -9999 -9999
1962 11 07 09    28   -72 -9999   320    62     7 -9999 -9999
1962 11 07 21   -61   -78 -9999     0     0     1 -9999 -9999
1962 11 08 00   -78   -89 -9999    90    10     0 -9999 -9999
1962 11 08 06    50   -72 -9999   160    10 -9999 -9999 -9999
1962 11 08 09    72 -9999 -9999   340    31     7 -9999 -9999
1962 11 08 21   -72   -89 -9999     0     0     0 -9999 -9999
1962 11 09 00   -78   -89 -9999     0     0 -9999 -9999 -9999
1962 11 09 03    61   -61 -9999   290    10     6 -9999 -9999
1962 11 09 09    28  -189 -9999   270    87     7 -9999 -9999
1962 11 09 21  -100  -128 -9999     0     0     0 -9999 -9999
1962 11 10 00  -122  -139 -9999     0     0     1 -9999 -9999
1962 11 10 09   100  -172 -9999   270    62     1 -9999 -9999
1962 11 10 21  -100  -128 -9999     0     0     0 -9999 -9999
1962 11 11 00  -111  -128 -9999     0     0     0 -9999 -9999
1962 11 11 06    78  -111 -9999   180    10     0 -9999 -9999
1962 11 11 09   122  -128 -9999     0     0     1 -9999 -9999
1962 11 11 21  -100  -111 -9999     0     0     0 -9999 -9999
1962 11 12 00  -111  -122 -9999     0     0     0 -9999 -9999
1962 11 12 06    89  -122 -9999     0     0     0 -9999 -9999
1962 11 12 09   128  -128 -9999     0     0     2 -9999 -9999
1962 11 12 21   -89  -122 -9999     0     0     0 -9999 -9999
1962 11 13 00  -100  -100 -9999     0     0     0 -9999 -9999
1962 11 13 06   100  -100 -9999   180    10     1 -9999 -9999
1962 11 13 09   122   -89 -9999     0     0     7 -9999 -9999
1962 11 13 21   -50   -89 -9999     0     0     1 -9999 -9999
1962 11 14 00   -72   -89 -9999     0     0     1 -9999 -9999
1962 11 14 06   100   -78 -9999   180    21     6 -9999 -9999
1962 11 14 09   128  -150 -9999   250    41     2 -9999 -9999
1962 11 14 21   -89  -122 -9999     0     0     0 -9999 -9999
1962 11 15 00  -111  -111 -9999     0     0     1 -9999 -9999
1962 11 15 06    78  -100 -9999   180    10     1 -9999 -9999
1962 11 15 09   122     0 -9999     0     0     6 -9999 -9999
1962 11 15 21   -72  -100 -9999    40    21     2 -9999 -9999
1962 11 16 00   -89   -89 -9999     0     0     0 -9999 -9999
1962 11 16 06   100  -250 -9999   290    72     1 -9999 -9999
1962 11 16 09   100  -278 -9999   290    72     1 -9999 -9999
1962 11 16 21   -89  -128 -9999     0     0     1 -9999 -9999
1962 11 17 00  -111  -111 -9999     0     0     0 -9999 -9999
1962 11 17 06    72  -161 -9999     0     0     1 -9999 -9999
1962 11 17 09   128  -128 -9999     0     0     1 -9999 -9999
1962 11 17 21   -50   -89 -9999   140    21     8 -9999 -9999
1962 11 18 00   -78  -100 -9999     0     0     1 -9999 -9999
1962 11 18 06    89  -122 -9999   200    10     7 -9999 -9999
1962 11 18 09   111  -150 -9999   250    98     7 -9999 -9999
1962 11 18 21   -22   -78 -9999   340    10     7 -9999 -9999
1962 11 19 00   -28   -50 -9999     0     0     7 -9999 -9999
1962 11 19 06    78  -100 -9999   220    82     7 -9999 -9999
1962 11 19 09    72   -78 -9999   200    31     6 -9999 -9999
1962 11 19 21   -50   -89 -9999     0     0     8 -9999 -9999
1962 11 20 00   -61   -78 -9999     0     0     8 -9999 -9999
1962 11 20 06    61   -61 -9999     0     0     2 -9999 -9999
1962 11 20 09    89  -100 -9999   250    41     7 -9999 -9999
1962 11 20 21   -61   -89 -9999    20    21     3 -9999 -9999
1962 11 21 00   -72   -89 -9999     0     0     7 -9999 -9999
1962 11 21 06    89  -161 -9999   200    21     5 -9999 -9999
1962 11 21 09    61   -39 -9999   140    31     7 -9999 -9999
1962 11 21 21   -50   -78 -9999     0     0     3 -9999 -9999
1962 11 22 00   -50   -72 -9999     0     0     8 -9999 -9999
1962 11 22 06    72   -61 -9999   200    10     6 -9999 -9999
1962 11 22 09    78   -89 -9999   340    51     6 -9999 -9999
1962 11 22 21   -22   -39 -9999     0     0     8 -9999 -9999
1962 11 23 00   -22   -28 -9999     0     0     8 -9999     5
1962 11 23 06    61   -11 -9999     0     0     7 -9999 -9999
1962 11 23 09   100   -89 -9999    90    10     7 -9999 -9999
1962 11 23 21   -50   -78 -9999    20    21     6 -9999 -9999
1962 11 24 00   -72   -89 -9999     0     0     6 -9999 -9999
1962 11 24 06    50   -50 -9999    40    10     7 -9999 -9999
1962 11 24 09    61   -72 -9999    40    21 -9999 -9999 -9999
1962 11 24 21   -28  -100 -9999   110    41     8 -9999 -9999
1962 11 25 00   -39   -72 -9999    90    31     8 -9999    10
1962 11 25 06   -11   -61 -9999   140    21     8 -9999     6
1962 11 25 09    11   -28 -9999   200    10     8 -9999 -9999
1962 11 25 21   -61   -89 -9999     0     0     3 -9999 -9999
1962 11 26 00   -50   -78 -9999     0     0     8 -9999     6
1962 11 26 06    11   -89 -9999    40    10     6 -9999     6
1962 11 26 09    28   -50 -9999    90    41     7 -9999 -9999
1962 11 26 21   -28   -89 -9999    90    21     8 -9999 -9999
1962 11 27 09    28   -61 -9999   180    10     7 -9999 -9999
1962 11 27 21   -61   -89 -9999   220    10     2 -9999 -9999
1962 11 28 00   -72  -111 -9999   270    10     8 -9999 -9999
1962 11 28 06    28   -89 -9999     0     0     2 -9999 -9999
1962 11 28 09    50  -100 -9999   110    21     7 -9999 -9999
1962 11 28 21   -61  -100 -9999     0     0     0 -9999 -9999
1962 11 29 00   -72  -111 -9999     0     0     8 -9999 -9999
1962 11 29 09    28  -150 -9999    90    21     7 -9999 -9999
1962 11 29 21  -100  -122 -9999     0     0     1 -9999 -9999
1962 11 30 00  -111  -128 -9999     0     0     1 -9999 -9999
1962 11 30 06    22  -100 -9999   290    87     1 -9999 -9999
1962 11 30 09    22  -172 -9999   320    72     1 -9999 -9999
1962 11 30 21  -139  -178 -9999     0     0     0 -9999 -9999
1962 12 01 00  -161  -189 -9999   360    10     0 -9999 -9999
1962 12 01 06     0  -239 -9999   160    10     0 -9999 -9999
1962 12 01 09    39  -200 -9999     0     0     1 -9999 -9999
1962 12 01 21  -139  -172 -9999     0     0     0 -9999 -9999
1962 12 02 00  -161  -189 -9999     0     0     0 -9999 -9999
1962 12 02 09    61  -161 -9999   270    21     1 -9999 -9999
1962 12 02 21  -122  -150 -9999     0     0     1 -9999 -9999
1962 12 03 00  -139  -161 -9999    70    21     1 -9999 -9999
1962 12 03 06    22  -161 -9999   220    21     0 -9999 -9999
1962 12 03 09    11  -200 -9999    40    31     1 -9999 -9999
1962 12 03 21  -128  -161 -9999     0     0     1 -9999 -9999
1962 12 04 00  -150  -161 -9999     0     0     1 -9999 -9999
1962 12 04 06    22  -178 -9999     0     0     7 -9999 -9999
1962 12 04 09    39  -128 -9999     0     0     6 -9999 -9999
1962 12 04 21  -122  -128 -9999     0     0     0 -9999 -9999
1962 12 05 00  -139  -161 -9999     0     0     0 -9999 -9999
1962 12 05 06    50  -111 -9999     0     0     0 -9999 -9999
1962 12 05 09    89  -178 -9999   140    21     1 -9999 -9999
1962 12 05 21  -111  -128 -9999     0     0     2 -9999 -9999
1962 12 06 00  -122  -139 -9999     0     0     6 -9999 -9999
1962 12 06 06    39  -139 -9999   320    10     7 -9999 -9999
1962 12 06 09    89  -111 -9999     0     0     7 -9999 -9999
1962 12 06 21   -11   -78 -9999     0     0     8 -9999 -9999
1962 12 07 00   -22   -28 -9999     0     0     8 -9999     5
1962 12 07 06    22   -61 -9999   170    31     8 -9999     3
1962 12 07 09    28   -39 -9999   160    21     7 -9999 -9999
1962 12 07 21   -78  -111 -9999     0     0     1 -9999 -9999
1962 12 08 00  -100 -9999 -9999     0     0     2 -9999 -9999
1962 12 08 06    39   -61 -9999    20    10     2 -9999 -9999
1962 12 08 09    50   -72 -9999   220    21     5 -9999 -9999
1962 12 08 21   -72  -100 -9999     0     0     7 -9999 -9999
1962 12 09 06    11   -61 -9999   320    41     7 -9999     6
1962 12 09 09    11   -11 -9999     0     0     8 -9999 -9999
1962 12 09 21   -39   -61 -9999   340    10     8 -9999 -9999
1962 12 10 00   -72   -89 -9999     0     0     7 -9999     5
1962 12 10 06    22   -28 -9999   140    21     2 -9999 -9999
1962 12 10 09    22  -128 -9999   270    41     2 -9999 -9999
1962 12 10 21  -128  -150 -9999     0     0     0 -9999 -9999
1962 12 11 00  -139  -161 -9999     0     0     0 -9999 -9999
1962 12 11 06   -11  -128 -9999   140    10     3 -9999 -9999
1962 12 11 09    50  -128 -9999   250    31     5 -9999 -9999
1962 12 11 21  -128  -161 -9999     0     0     1 -9999 -9999
1962 12 12 00  -139  -161 -9999     0     0     1 -9999 -9999
1962 12 12 06    11 -9999 -9999     0     0     7 -9999 -9999
1962 12 12 09    22  -111 -9999     0     0     7 -9999 -9999
1962 12 12 21   -78  -122 -9999     0     0     6 -9999 -9999
1962 12 13 00  -100  -122 -9999    70    10     3 -9999 -9999
1962 12 13 06    11   -78 -9999   160    10     7 -9999     6
1962 12 13 09    22  -100 -9999   250    51     7 -9999 -9999
1962 12 13 21   -89  -122 -9999     0     0     7 -9999 -9999
1962 12 14 06    28  -100 -9999   290    31     4 -9999 -9999
1962 12 14 09    22  -139 -9999   270    31     1 -9999 -9999
1962 12 15 00  -161  -189 -9999     0     0     6 -9999 -9999
1962 12 15 06    11  -161 -9999     0     0     7 -9999 -9999
1962 12 15 09    11  -139 -9999     0     0     7 -9999 -9999
1962 12 16 00  -122  -139 -9999     0     0     0 -9999 -9999
1962 12 16 06    11  -228 -9999   290    62     1 -9999 -9999
1962 12 16 09    22  -278 -9999   290    72     3 -9999 -9999
1962 12 16 21  -161  -178 -9999     0     0     0 -9999 -9999
1962 12 17 00  -172  -189 -9999     0     0     0 -9999 -9999
1962 12 17 06    50  -222 -9999   140    21     1 -9999 -9999
1962 12 17 09    72  -278 -9999   250    72     1 -9999 -9999
1962 12 17 21  -139  -172 -9999     0     0     1 -9999 -9999
1962 12 18 00  -150  -172 -9999     0     0     0 -9999 -9999
1962 12 18 06    61  -150 -9999   160    10     6 -9999 -9999
1962 12 18 09    72  -178 -9999   290    21     7 -9999 -9999
1962 12 18 21  -100  -139 -9999     0     0     7 -9999 -9999
1962 12 19 00  -122  -139 -9999     0     0     1 -9999 -9999
1962 12 19 06    50  -111 -9999   140    21     7 -9999 -9999
1962 12 19 09    28  -228 -9999   290    62     1 -9999 -9999
1962 12 19 21  -150  -172 -9999     0     0     0 -9999 -9999
1962 12 20 00  -172  -189 -9999     0     0     1 -9999 -9999
1962 12 20 06   -11  -161 -9999   220    21     8 -9999 -9999
1962 12 20 09    39  -150 -9999   270    10     8 -9999 -9999
1962 12 20 21  -100  -161 -9999     0     0     8 -9999 -9999
1962 12 21 00  -100  -139 -9999     0     0     8 -9999 -9999
1962 12 21 06    11  -200 -9999     0     0     7 -9999 -9999
1962 12 21 09     0  -139 -9999   140    31     7 -9999 -9999
1962 12 21 21  -161  -189 -9999     0     0     1 -9999 -9999
1962 12 22 06   -22  -178 -9999   270    21     0 -9999 -9999
1962 12 22 09    11  -250 -9999   270    31     0 -9999 -9999
1962 12 23 00  -200  -222 -9999     0     0     0 -9999 -9999
1962 12 23 06     0  -239 -9999     0     0     0 -9999 -9999
1962 12 23 09    39  -272 -9999     0     0     1 -9999 -9999
1962 12 23 21  -172  -211 -9999     0     0     0 -9999 -9999
1962 12 24 00  -178  -200 -9999     0     0     1 -9999 -9999
1962 12 24 06     0  -189 -9999   110    21     1 -9999 -9999
1962 12 24 09    50  -250 -9999   270    31     1 -9999 -9999
1962 12 24 21  -161  -200 -9999     0     0     0 -9999 -9999
1962 12 25 00  -178  -200 -9999     0     0     0 -9999 -9999
1962 12 25 06    22  -200 -9999   140    21     1 -9999 -9999
1962 12 25 09    39  -272 -9999   270    41     2 -9999 -9999
1962 12 25 21  -150  -189 -9999     0     0     0 -9999 -9999
1962 12 26 00  -172  -189 -9999     0     0     1 -9999 -9999
1962 12 26 06    28  -161 -9999   140    10     3 -9999 -9999
1962 12 26 09    50  -222 -9999   270    41     6 -9999 -9999
1962 12 26 21  -150  -172 -9999     0     0     0 -9999 -9999
1962 12 27 00  -172  -172 -9999     0     0     0 -9999 -9999
1962 12 27 06    22  -172 -9999   220    10     1 -9999 -9999
1962 12 27 09    78  -161 -9999     0     0     3 -9999 -9999
1962 12 28 00  -172  -189 -9999     0     0     7 -9999 -9999
1962 12 28 06    39  -172 -9999     0     0     1 -9999 -9999
1962 12 28 09    61  -228 -9999   340    51     8 -9999 -9999
1962 12 28 21   -89  -139 -9999   200    21     8 -9999 -9999
1962 12 29 00  -111  -139 -9999     0     0     8 -9999     6
1962 12 29 06  -100  -122 -9999   110    41     8 -9999     3
1962 12 29 09   -89  -139 -9999    90    31     8 -9999 -9999
1962 12 30 06   -78  -150 -9999   250    21     3 -9999 -9999
1962 12 30 09   -28  -122 -9999   270    21     5 -9999 -9999
1962 12 30 21  -122  -128 -9999     0     0     3 -9999 -9999
1962 12 31 00  -111  -122 -9999     0     0     7 -9999     5
1962 12 31 06     0   -89 -9999     0     0     7 -9999     6
1962 12 31 09   -11  -100 -9999     0     0     8 -9999 -9999
