1958 01 01 06    50  -161 -9999     0     0     7 -9999 -9999
1958 01 01 12 -9999 -9999 -9999     0     0     7 -9999 -9999
1958 01 01 15   -22  -139 -9999   360    21     8 -9999 -9999
1958 01 01 18   -39  -122 -9999   360    21     8 -9999 -9999
1958 01 01 21   -50  -128 -9999   250    10     2 -9999 -9999
1958 01 02 00   -61  -111 -9999     0     0     7 -9999 -9999
1958 01 02 06    78  -122 -9999   140    31     6 -9999 -9999
1958 01 02 09    50   -61 -9999   270    82     3 -9999 -9999
1958 01 02 12   -28  -100 -9999   270    31     2 -9999 -9999
1958 01 02 15   -50  -100 -9999     0     0     7 -9999 -9999
1958 01 02 18   -72   -89 -9999     0     0     7 -9999 -9999
1958 01 02 21  -111  -111 -9999     0     0     1 -9999 -9999
1958 01 03 00  -122  -122 -9999     0     0     5 -9999 -9999
1958 01 03 03   -39  -100 -9999     0     0     2 -9999 -9999
1958 01 03 06    50   -89 -9999   200    21     7 -9999 -9999
1958 01 03 12   -22  -122 -9999   110    10     4 -9999 -9999
1958 01 03 15   -72  -161 -9999     0     0     3 -9999 -9999
1958 01 03 18   -72  -128 -9999     0     0     7 -9999 -9999
1958 01 03 21  -122  -150 -9999     0     0     1 -9999 -9999
1958 01 04 00  -139  -161 -9999     0     0     1 -9999 -9999
1958 01 04 03   -61  -139 -9999   140    10     1 -9999 -9999
1958 01 04 06    39  -122 -9999   200    10     1 -9999 -9999
1958 01 04 09    89  -128 -9999     0     0     3 -9999 -9999
1958 01 04 12   -22  -150 -9999   320    21     4 -9999 -9999
1958 01 04 15   -39  -122 -9999    40    10     7 -9999 -9999
1958 01 04 18   -61  -122 -9999     0     0     6 -9999 -9999
1958 01 05 00  -100  -128 -9999     0     0     6 -9999 -9999
1958 01 05 03   -28  -139 -9999     0     0     7 -9999 -9999
1958 01 05 06    28   -89 -9999   270    21     7 -9999 -9999
1958 01 05 09     0   -72 -9999   160    21     7 -9999 -9999
1958 01 05 12   -28   -61 -9999     0     0     8 -9999     6
1958 01 05 18   -28   -72 -9999     0     0     8 -9999     6
1958 01 05 21   -50   -89 -9999     0     0     8 -9999 -9999
1958 01 06 00   -50   -78 -9999     0     0     8 -9999     6
1958 01 06 03   -50   -78 -9999   320    10     8 -9999 -9999
1958 01 06 06   -22   -78 -9999   180    10     8 -9999     3
1958 01 06 12   -72   -78 -9999     0     0     6 -9999     5
1958 01 06 15  -122  -150 -9999     0     0     1 -9999 -9999
1958 01 06 18  -150  -200 -9999   340    21     0 -9999 -9999
1958 01 07 00 -9999 -9999 -9999     0     0     0 -9999 -9999
1958 01 07 03  -161  -189 -9999     0     0     0 -9999 -9999
1958 01 07 06   -78  -139 -9999   160    21     0 -9999 -9999
1958 01 07 09   -11  -200 -9999   250    62     1 -9999 -9999
1958 01 07 12   -78  -200 -9999   360    21     1 -9999 -9999
1958 01 07 15  -139  -172 -9999     0     0     1 -9999 -9999
1958 01 07 18  -172  -200 -9999     0     0     2 -9999 -9999
1958 01 07 21  -178  -200 -9999     0     0     0 -9999 -9999
1958 01 08 00  -189  -200 -9999     0     0     0 -9999 -9999
1958 01 08 03  -122  -161 -9999   140    10     1 -9999 -9999
1958 01 08 06   -22  -161 -9999   180    10     1 -9999 -9999
1958 01 08 09    28  -161 -9999   140    41     5 -9999 -9999
1958 01 08 12   -28  -172 -9999     0     0     1 -9999 -9999
1958 01 08 15  -111  -150 -9999     0     0     1 -9999 -9999
1958 01 08 18  -139  -172 -9999     0     0     2 -9999 -9999
1958 01 08 21  -139  -150 -9999     0     0     7 -9999 -9999
1958 01 09 00  -161  -172 -9999     0     0     1 -9999 -9999
1958 01 09 03   -72  -161 -9999     0     0     5 -9999 -9999
1958 01 09 06   -11  -150 -9999   180    21     8 -9999 -9999
1958 01 09 12   -28  -139 -9999   270    21     7 -9999 -9999
1958 01 09 15   -72 -9999 -9999     0     0     7 -9999 -9999
1958 01 09 18   -61  -128 -9999     0     0     7 -9999 -9999
1958 01 10 00   -89  -111 -9999     0     0     6 -9999 -9999
1958 01 10 03   -28  -111 -9999     0     0     1 -9999 -9999
1958 01 10 06   -39  -128 -9999   220    31     6 -9999 -9999
1958 01 10 09   -39  -161 -9999   250    21     7 -9999 -9999
1958 01 10 12   -11  -122 -9999   360    21     6 -9999 -9999
1958 01 10 15   -61  -111 -9999     0     0     7 -9999 -9999
1958 01 10 21  -122  -128 -9999     0     0     2 -9999 -9999
1958 01 11 00  -139  -150 -9999     0     0     1 -9999 -9999
1958 01 11 06 -9999 -9999 -9999   220    10     7 -9999 -9999
1958 01 11 09    11  -111 -9999   250    41     8 -9999 -9999
1958 01 11 12   -22  -111 -9999   270    21     7 -9999 -9999
1958 01 11 15   -50  -100 -9999   320    21     2 -9999 -9999
1958 01 11 18   -78  -122 -9999     0     0     7 -9999     6
1958 01 11 21   -89  -111 -9999   330    10     8 -9999 -9999
1958 01 12 00  -100  -122 -9999     0     0     7 -9999 -9999
1958 01 12 03   -50  -111 -9999   140    21     7 -9999 -9999
1958 01 12 06    22  -222 -9999   290    82     7 -9999 -9999
1958 01 12 12   -50  -250 -9999   340    21     2 -9999 -9999
1958 01 12 15  -111  -222 -9999     0     0     7 -9999 -9999
1958 01 12 18  -100  -189 -9999     0     0     8 -9999 -9999
1958 01 13 00  -100  -139 -9999     0     0     7 -9999 -9999
1958 01 13 03   -39  -178 -9999    90    10     6 -9999 -9999
1958 01 13 06    39  -139 -9999   220    41     7 -9999 -9999
1958 01 13 09    28  -189 -9999   320    62     8 -9999 -9999
1958 01 13 12    22  -200 -9999   220    51     7 -9999 -9999
1958 01 13 15   -11  -172 -9999   270    10     7 -9999 -9999
1958 01 13 18    11  -150 -9999   270    72     7 -9999 -9999
1958 01 13 21   -39  -189 -9999   270    51     1 -9999 -9999
1958 01 14 00   -72  -250 -9999   360    31     1 -9999 -9999
1958 01 14 06    28  -222 -9999   270    31     2 -9999 -9999
1958 01 14 09    22  -200 -9999   320    41     6 -9999 -9999
1958 01 14 12   -61  -228 -9999   290    21     1 -9999 -9999
1958 01 14 18   -72  -178 -9999   140    21     6 -9999 -9999
1958 01 14 21  -139  -189 -9999   140    21     0 -9999 -9999
1958 01 15 00  -161  -189 -9999   220    10     1 -9999 -9999
1958 01 15 03   -78  -161 -9999     0     0     1 -9999 -9999
1958 01 15 06     0  -150 -9999   180    21     7 -9999 -9999
1958 01 15 12   -28  -161 -9999     0     0     6 -9999 -9999
1958 01 15 15   -28  -111 -9999     0     0     4 -9999 -9999
1958 01 15 18  -100  -128 -9999   290    10     2 -9999 -9999
1958 01 15 21  -111  -128 -9999   290    31     1 -9999 -9999
1958 01 16 00  -128  -139 -9999     0     0     4 -9999 -9999
1958 01 16 03   -78  -122 -9999     0     0     7 -9999 -9999
1958 01 16 09   -11   -78 -9999    20    62     8 -9999 -9999
1958 01 16 12   -39   -50 -9999     0     0     7 -9999     6
1958 01 16 15   -61   -72 -9999     0     0     3 -9999 -9999
1958 01 16 21   -89  -111 -9999   270    10     8 -9999 -9999
1958 01 17 00   -78  -100 -9999     0     0     8 -9999     6
1958 01 17 03   -61   -89 -9999     0     0     8 -9999 -9999
1958 01 17 06 -9999 -9999 -9999   110    10     8 -9999 -9999
1958 01 17 09   -22   -78 -9999   270    21     8 -9999 -9999
1958 01 17 12   -28   -89 -9999    70    31     8 -9999 -9999
1958 01 17 15   -72  -100 -9999     0     0     3 -9999 -9999
1958 01 17 21   -78   -89 -9999   320    10     8 -9999 -9999
1958 01 18 00  -100  -200 -9999   320    21     1 -9999     3
1958 01 18 03   -28  -211 -9999   270    72     5 -9999 -9999
1958 01 18 06   -11  -228 -9999   270    98     7 -9999 -9999
1958 01 18 12   -89  -250 -9999     0     0     2 -9999 -9999
1958 01 18 15  -128  -250 -9999   320    10     2 -9999 -9999
1958 01 18 18  -128  -211 -9999     0     0     6 -9999 -9999
1958 01 18 21  -122  -178 -9999   220    21     7 -9999 -9999
1958 01 19 00  -172  -222 -9999   180    10     1 -9999 -9999
1958 01 19 03   -72  -178 -9999   140    21     0 -9999 -9999
1958 01 19 09    22  -278 -9999   320    72     7 -9999 -9999
1958 01 19 12   -22  -300 -9999   320    51     1 -9999 -9999
1958 01 19 15  -100  -289 -9999     0     0     1 -9999 -9999
1958 01 19 18  -150  -261 -9999     0     0     1 -9999 -9999
1958 01 19 21  -150  -222 -9999     0     0     1 -9999 -9999
1958 01 20 00  -161  -200 -9999     0     0     5 -9999 -9999
1958 01 20 03   -72  -211 -9999   250    10     1 -9999 -9999
1958 01 20 06 -9999 -9999 -9999    90    31 -9999 -9999 -9999
1958 01 20 09    50  -111 -9999   250    31     4 -9999 -9999
1958 01 20 12   -11  -128 -9999    20    31     2 -9999 -9999
1958 01 20 15   -89  -222 -9999   270    21     2 -9999 -9999
1958 01 20 18  -111  -172 -9999     0     0     5 -9999 -9999
1958 01 20 21  -139  -189 -9999     0     0     0 -9999 -9999
1958 01 21 00  -161  -189 -9999     0     0     0 -9999 -9999
1958 01 21 06    39  -161 -9999     0     0     4 -9999 -9999
1958 01 21 12   -39  -222 -9999     0     0     2 -9999 -9999
1958 01 21 15  -111  -222 -9999     0     0     1 -9999 -9999
1958 01 21 18  -122  -189 -9999     0     0     1 -9999 -9999
1958 01 22 00  -172  -200 -9999     0     0     1 -9999 -9999
1958 01 22 03   -78  -189 -9999     0     0     8 -9999 -9999
1958 01 22 06   -28  -200 -9999   180    10     8 -9999 -9999
1958 01 22 12   -50  -172 -9999     0     0     6 -9999 -9999
1958 01 22 15   -61  -100 -9999     0     0     2 -9999 -9999
1958 01 22 18   -72 -9999 -9999   270    31     7 -9999 -9999
1958 01 22 21   -72  -100 -9999     0     0     2 -9999 -9999
1958 01 23 00  -111  -122 -9999     0     0     3 -9999     6
1958 01 23 03   -61   -89 -9999   220    10     7 -9999 -9999
1958 01 23 06     0  -111 -9999   160    10     6 -9999     6
1958 01 23 12   -22  -161 -9999   360    10     7 -9999 -9999
1958 01 23 15   -50  -172 -9999   220    21     2 -9999 -9999
1958 01 23 18   -72  -139 -9999     0     0     7 -9999 -9999
1958 01 23 21 -9999 -9999 -9999     0     0     6 -9999 -9999
1958 01 24 03   -39  -128 -9999     0     0     1 -9999 -9999
1958 01 24 06    39  -172 -9999   270    72     6 -9999 -9999
1958 01 24 12   -28  -200 -9999   340    10     3 -9999 -9999
1958 01 24 15  -100  -211 -9999   320    10     1 -9999 -9999
1958 01 24 18  -128  -172 -9999     0     0     1 -9999 -9999
1958 01 25 00  -150  -178 -9999     0     0     6 -9999 -9999
1958 01 25 06    28   -61 -9999   360    41     7 -9999 -9999
1958 01 25 12   -39  -228 -9999   270    62     1 -9999     6
1958 01 25 15  -100  -250 -9999   360    31     1 -9999 -9999
1958 01 25 18  -161  -239 -9999     0     0     1 -9999 -9999
1958 01 25 21  -200  -272 -9999     0     0     1 -9999 -9999
1958 01 26 00  -211  -289 -9999   270    10     0 -9999 -9999
1958 01 26 03  -122  -189 -9999     0     0     0 -9999 -9999
1958 01 26 06   -28  -250 -9999   140    21     1 -9999 -9999
1958 01 26 09    61  -239 -9999   270    82     6 -9999 -9999
1958 01 26 12   -22  -178 -9999   320    21     7 -9999 -9999
1958 01 26 15   -78  -150 -9999     0     0     3 -9999 -9999
1958 01 26 18  -128  -161 -9999     0     0     1 -9999 -9999
1958 01 26 21  -150  -172 -9999   220    21     1 -9999 -9999
1958 01 27 00  -172  -178 -9999     0     0     0 -9999 -9999
1958 01 27 03   -61  -139 -9999    10   139     7 -9999 -9999
1958 01 27 12    22  -228 -9999   200    51     7 -9999 -9999
1958 01 27 18   -39  -178 -9999   140    21     6 -9999 -9999
1958 01 27 21   -39  -161 -9999     0     0     7 -9999 -9999
1958 01 28 00   -89  -161 -9999   270    10     7 -9999 -9999
1958 01 28 03    50  -161 -9999   220    31     7 -9999 -9999
1958 01 28 09    50  -189 -9999   320    72     8 -9999 -9999
1958 01 28 12   -11   -61 -9999     0     0     7 -9999     6
1958 01 28 15   -28   -78 -9999   180    10     8 -9999 -9999
1958 01 28 18   -28   -78 -9999     0     0     8 -9999 -9999
1958 01 29 00   -61   -72 -9999   140    10     8 -9999    10
1958 01 29 03   -22   -39 -9999   220    10     8 -9999 -9999
1958 01 29 06    39   -61 -9999   220    51     9 -9999    90
1958 01 29 09    22   -61 -9999   360    41     8 -9999 -9999
1958 01 29 15   -61   -72 -9999     0     0     8 -9999 -9999
1958 01 29 18   -72   -78 -9999 -9999 -9999     7 -9999 -9999
1958 01 29 21   -61   -72 -9999     0     0     8 -9999 -9999
1958 01 30 00   -50  -128 -9999   320    41     8 -9999 -9999
1958 01 30 03   -50  -150 -9999    40    21     8 -9999 -9999
1958 01 30 06   -39  -150 -9999   320    51     8 -9999     6
1958 01 30 12   -78  -111 -9999   140    31     8 -9999     5
1958 01 30 15   -89  -111 -9999     0     0     8 -9999 -9999
1958 01 30 18  -111  -122 -9999     0     0     7 -9999     6
1958 01 30 21  -128  -139 -9999     0     0     3 -9999 -9999
1958 01 31 00  -128  -150 -9999     0     0     7 -9999     3
1958 01 31 03   -89  -161 -9999     0     0     7 -9999 -9999
1958 01 31 06   -50  -139 -9999   140    10     7 -9999     6
1958 01 31 09   -22  -228 -9999   270    87     1 -9999 -9999
1958 01 31 12  -111 -9999 -9999   270    10     1 -9999 -9999
1958 01 31 15 -9999 -9999 -9999     0     0     1 -9999 -9999
1958 01 31 18 -9999 -9999 -9999     0     0     1 -9999 -9999
1958 02 01 00  -200  -222 -9999     0     0     3 -9999 -9999
1958 02 01 03  -111  -172 -9999   160    10     7 -9999 -9999
1958 02 01 09    11  -189 -9999   270    62     6 -9999 -9999
1958 02 01 12   -39  -161 -9999   340    41     8 -9999 -9999
1958 02 01 18  -111  -161 -9999     0     0     7 -9999 -9999
1958 02 01 21  -128  -161 -9999     0     0     0 -9999 -9999
1958 02 02 00  -161  -172 -9999     0     0     3 -9999 -9999
1958 02 02 06    28  -150 -9999    70    10     7 -9999 -9999
1958 02 02 15   -78  -200 -9999     0     0     3 -9999 -9999
1958 02 02 18   -89  -161 -9999     0     0     8 -9999 -9999
1958 02 02 21   -89  -139 -9999     0     0     1 -9999 -9999
1958 02 03 00  -139  -172 -9999     0     0     5 -9999 -9999
1958 02 03 03   -39  -139 -9999     0     0     1 -9999 -9999
1958 02 03 06    39  -111 -9999   180    31     7 -9999 -9999
1958 02 03 09    50  -189 -9999   270    82     7 -9999 -9999
1958 02 03 12    11  -100 -9999   320    41     7 -9999 -9999
1958 02 03 15   -39  -150 -9999   320    21     7 -9999 -9999
1958 02 03 18   -78  -150 -9999     0     0     2 -9999 -9999
1958 02 03 21  -128  -161 -9999     0     0     1 -9999 -9999
1958 02 04 00  -150  -161 -9999     0     0     1 -9999 -9999
1958 02 04 03   -50  -139 -9999    90    10     1 -9999 -9999
1958 02 04 09    50  -128 -9999   200    31     6 -9999 -9999
1958 02 04 12     0   -61 -9999     0     0     7 -9999 -9999
1958 02 04 15   -28  -161 -9999     0     0     8 -9999 -9999
1958 02 04 18   -72  -100 -9999     0     0     7 -9999 -9999
1958 02 05 00  -100  -150 -9999     0     0     7 -9999 -9999
1958 02 05 03   -39  -139 -9999     0     0     7 -9999 -9999
1958 02 05 06    11  -161 -9999   180    10     7 -9999     6
1958 02 05 12  -100  -100 -9999   320    10     2 -9999     6
1958 02 05 15  -111  -122 -9999     0     0     2 -9999 -9999
1958 02 05 18  -139  -139 -9999     0     0     2 -9999 -9999
1958 02 05 21  -128  -139 -9999     0     0     7 -9999 -9999
1958 02 06 00  -122  -139 -9999     0     0     8 -9999     6
1958 02 06 06   -28  -122 -9999     0     0     7 -9999     6
1958 02 06 09    22  -161 -9999   250    82     7 -9999 -9999
1958 02 06 12   -72  -211 -9999   270    21     1 -9999 -9999
1958 02 06 15  -122  -200 -9999     0     0     0 -9999 -9999
1958 02 06 18  -139  -189 -9999     0     0     7 -9999 -9999
1958 02 06 21  -139  -172 -9999     0     0     7 -9999 -9999
1958 02 07 00  -150  -178 -9999     0     0     7 -9999 -9999
1958 02 07 03   -72  -161 -9999   300 -9999     7 -9999 -9999
1958 02 07 06   -11  -178 -9999   250    21     8 -9999 -9999
1958 02 07 12   -28  -111 -9999    70    10     6 -9999     6
1958 02 07 21  -128  -161 -9999     0     0     7 -9999 -9999
1958 02 08 00  -128  -161 -9999     0     0     8 -9999 -9999
1958 02 08 03   -72  -161 -9999   290    10     7 -9999 -9999
1958 02 08 12   -61  -250 -9999   320    21     6 -9999 -9999
1958 02 08 15  -100  -178 -9999     0     0     2 -9999 -9999
1958 02 08 18   -89  -172 -9999     0     0     8 -9999 -9999
1958 02 08 21   -78  -172 -9999     0     0     8 -9999 -9999
1958 02 09 00   -78  -161 -9999   270    51     8 -9999 -9999
1958 02 09 03   -50  -172 -9999   270    41     8 -9999 -9999
1958 02 09 06   -22  -139 -9999    20    31     7 -9999 -9999
1958 02 09 09   -39  -128 -9999    90    51     8 -9999 -9999
1958 02 09 12   -50  -178 -9999   140    41     8 -9999     6
1958 02 09 15   -89  -211 -9999     0     0     1 -9999 -9999
1958 02 09 18  -128  -161 -9999     0     0     7 -9999 -9999
1958 02 09 21  -128  -161 -9999   180    10     7 -9999 -9999
1958 02 10 00  -122  -139 -9999     0     0     8 -9999 -9999
1958 02 10 06   -22  -161 -9999   270    21     7 -9999     6
1958 02 10 09   -39  -128 -9999   140    21     7 -9999 -9999
1958 02 10 12   -50  -161 -9999    90    21     8 -9999     6
1958 02 10 15   -78  -111 -9999   140    10     1 -9999 -9999
1958 02 10 21  -128  -172 -9999     0     0     7 -9999 -9999
1958 02 11 00  -128  -161 -9999   340    10     8 -9999 -9999
1958 02 11 03   -78  -178 -9999     0     0     8 -9999 -9999
1958 02 11 06   -28  -172 -9999   360    10     7 -9999 -9999
1958 02 11 12   -50  -139 -9999   340    10     8 -9999     6
1958 02 11 15   -61  -161 -9999   320    10     8 -9999 -9999
1958 02 11 18   -78  -150 -9999     0     0     8 -9999 -9999
1958 02 11 21   -89  -128 -9999     0     0     8 -9999 -9999
1958 02 12 00  -100  -100 -9999   270    21     8 -9999     5
1958 02 12 03   -89  -111 -9999   270    21     8 -9999 -9999
1958 02 12 06   -72  -122 -9999     0     0     8 -9999     6
1958 02 12 09   -61  -122 -9999     0     0     8 -9999 -9999
1958 02 12 12   -78  -122 -9999   270    10     7 -9999     3
1958 02 12 15  -100  -122 -9999     0     0     5 -9999 -9999
1958 02 12 18  -150  -161 -9999     0     0     2 -9999 -9999
1958 02 12 21  -189  -200 -9999     0     0     0 -9999 -9999
1958 02 13 03  -111  -139 -9999   140    10     1 -9999 -9999
1958 02 13 06   -28  -100 -9999   160    10     2 -9999 -9999
1958 02 13 09    11   -89 -9999   220    10     7 -9999 -9999
1958 02 13 12   -50  -122 -9999   290    21     3 -9999 -9999
1958 02 13 15 -9999 -9999 -9999   180    21     3 -9999 -9999
1958 02 13 18   -72  -150 -9999     0     0     6 -9999 -9999
1958 02 13 21  -122  -161 -9999     0     0     1 -9999 -9999
1958 02 14 00  -122  -150 -9999     0     0     7 -9999 -9999
1958 02 14 03   -61  -161 -9999     0     0     8 -9999 -9999
1958 02 14 06     0  -189 -9999     0     0     7 -9999 -9999
1958 02 14 09    11  -150 -9999     0     0     7 -9999 -9999
1958 02 14 12   -28  -139 -9999    70    31     7 -9999 -9999
1958 02 14 15   -61  -128 -9999   290    10     7 -9999 -9999
1958 02 14 18   -72  -128 -9999   270    21     8 -9999 -9999
1958 02 14 21   -89  -122 -9999     0     0     2 -9999 -9999
1958 02 15 00   -78  -200 -9999     0     0     8 -9999 -9999
1958 02 15 03   -39  -211 -9999   140    31     8 -9999 -9999
1958 02 15 06   -22  -161 -9999   180    31     8 -9999 -9999
1958 02 15 09   -11  -139 -9999   180    31     8 -9999 -9999
1958 02 15 12   -39  -122 -9999     0     0     7 -9999 -9999
1958 02 15 15   -89  -139 -9999     0     0     1 -9999 -9999
1958 02 15 18  -122  -161 -9999     0     0     3 -9999 -9999
1958 02 15 21  -128  -161 -9999     0     0     1 -9999 -9999
1958 02 16 00  -150  -161 -9999   250    10     3 -9999 -9999
1958 02 16 03   -78  -139 -9999     0     0     7 -9999 -9999
1958 02 16 06 -9999 -9999 -9999   160    21     8 -9999 -9999
1958 02 16 09     0  -178 -9999   220    21     8 -9999 -9999
1958 02 16 15   -39  -150 -9999   340    31     8 -9999 -9999
1958 02 16 18   -61  -161 -9999   320    41     8 -9999 -9999
1958 02 16 21   -61  -222 -9999   340    31     8 -9999 -9999
1958 02 17 00   -89  -128 -9999     0     0     8 -9999     6
1958 02 17 03   -61  -161 -9999     0     0     7 -9999 -9999
1958 02 17 06   -39  -189 -9999     0     0     7 -9999 -9999
1958 02 17 12  -100  -261 -9999   320    41     1 -9999 -9999
1958 02 17 15  -139  -278 -9999     0     0     0 -9999 -9999
1958 02 17 18  -178  -261 -9999     0     0     0 -9999 -9999
1958 02 17 21  -200  -250 -9999     0     0     0 -9999 -9999
1958 02 18 00  -200  -228 -9999     0     0     1 -9999 -9999
1958 02 18 03  -122  -189 -9999     0     0     7 -9999 -9999
1958 02 18 06   -22  -172 -9999    90    10     7 -9999 -9999
1958 02 18 09     0  -189 -9999     0     0     7 -9999 -9999
1958 02 18 12   -50  -150 -9999   290    41     5 -9999 -9999
1958 02 18 21  -111  -139 -9999     0     0     7 -9999 -9999
1958 02 19 00  -100  -111 -9999     0     0     8 -9999    50
1958 02 19 03   -72  -100 -9999     0     0     8 -9999 -9999
1958 02 19 09   -11  -122 -9999   140    10     7 -9999 -9999
1958 02 19 12   -50  -128 -9999    20    62     8 -9999     6
1958 02 19 15   -78   -89 -9999     0     0     2 -9999 -9999
1958 02 19 18  -122  -128 -9999     0     0     2 -9999     3
1958 02 19 21  -139  -161 -9999   270    10     3 -9999 -9999
1958 02 20 00  -150  -172 -9999     0     0     5 -9999 -9999
1958 02 20 03   -78  -139 -9999     0     0     7 -9999 -9999
1958 02 20 06   -11  -172 -9999    90    21     7 -9999     6
1958 02 20 12   -61  -239 -9999   250    51     3 -9999 -9999
1958 02 20 15  -122  -261 -9999   290    10     1 -9999 -9999
1958 02 20 18  -172  -250 -9999     0     0     1 -9999 -9999
1958 02 20 21  -161  -200 -9999     0     0     1 -9999 -9999
1958 02 21 03   -89  -222 -9999   160    10     2 -9999 -9999
1958 02 21 06    11  -250 -9999   220    31     6 -9999 -9999
1958 02 21 09     0  -228 -9999   340   118     7 -9999 -9999
1958 02 21 15  -122  -200 -9999     0     0     0 -9999 -9999
1958 02 21 18  -139  -200 -9999     0     0     0 -9999 -9999
1958 02 21 21  -172  -200 -9999     0     0     0 -9999 -9999
1958 02 22 00  -189  -222 -9999     0     0 -9999 -9999 -9999
1958 02 22 03   -78  -239 -9999     0     0     5 -9999 -9999
1958 02 22 06    11  -239 -9999     0     0     7 -9999 -9999
1958 02 22 09    22  -222 -9999   270    72     6 -9999 -9999
1958 02 22 12   -39  -239 -9999   320    31     5 -9999 -9999
1958 02 22 15  -111  -272 -9999     0     0     0 -9999 -9999
1958 02 22 18  -128  -211 -9999     0     0     0 -9999 -9999
1958 02 22 21   -61  -272 -9999   270    72     0 -9999 -9999
1958 02 23 00   -78  -272 -9999   270    72     7 -9999 -9999
1958 02 23 03   -50  -272 -9999   250    62     7 -9999 -9999
1958 02 23 06   -11  -272 -9999   220    41     1 -9999 -9999
1958 02 23 12   -72  -250 -9999   270    10     0 -9999 -9999
1958 02 23 15  -139  -278 -9999     0     0     0 -9999 -9999
1958 02 23 18  -150  -239 -9999     0     0     0 -9999 -9999
1958 02 24 00  -211  -239 -9999     0     0     0 -9999 -9999
1958 02 24 03   -78  -239 -9999   110    10     0 -9999 -9999
1958 02 24 06    28  -278 -9999   250    41     1 -9999 -9999
1958 02 24 09    39  -278 -9999   200    51     7 -9999 -9999
1958 02 24 12   -11  -228 -9999   220    21     2 -9999 -9999
1958 02 24 15   -89  -239 -9999     0     0     0 -9999 -9999
1958 02 24 18  -139  -222 -9999     0     0     1 -9999 -9999
1958 02 24 21  -150  -200 -9999     0     0     1 -9999 -9999
1958 02 25 00  -172  -200 -9999     0     0     1 -9999 -9999
1958 02 25 03   -39  -189 -9999     0     0     1 -9999 -9999
1958 02 25 06    78  -250 -9999   220    72     7 -9999 -9999
1958 02 25 09    72  -250 -9999   270    41     8 -9999 -9999
1958 02 25 12    11  -139 -9999   320    51     8 -9999 -9999
1958 02 25 15   -22  -111 -9999   320    31     7 -9999 -9999
1958 02 25 18   -50  -128 -9999   320    21     7 -9999 -9999
1958 02 26 00  -122  -128 -9999     0     0     7 -9999 -9999
1958 02 26 03   -11  -128 -9999     0     0     7 -9999 -9999
1958 02 26 06    72  -161 -9999   200    51     7 -9999 -9999
1958 02 26 12    11   -28 -9999   360    41     8 -9999     6
1958 02 26 18   -61   -89 -9999     0     0     7 -9999     3
1958 02 26 21  -111  -122 -9999     0     0     1 -9999 -9999
1958 02 27 00  -122  -122 -9999     0     0     7 -9999 -9999
1958 02 27 03   -72   -89 -9999   140    21     8 -9999 -9999
1958 02 27 06    72  -200 -9999   270    87     6 -9999     6
1958 02 27 09    50  -150 -9999   320    72     8 -9999 -9999
1958 02 27 12     0  -172 -9999     0     0     7 -9999 -9999
1958 02 27 15     0  -111 -9999   320    21     7 -9999 -9999
1958 02 27 18   -39  -128 -9999     0     0     7 -9999 -9999
1958 02 27 21   -39   -50 -9999   270    10     8 -9999 -9999
1958 02 28 03   -22   -78 -9999     0     0     6 -9999 -9999
1958 02 28 06    50  -161 -9999   290    62     4 -9999 -9999
1958 02 28 09    28  -128 -9999   290    82     7 -9999 -9999
1958 02 28 12   -39  -122 -9999     0     0     4 -9999     6
1958 02 28 15   -61  -122 -9999   320    10     7 -9999 -9999
1958 02 28 18   -50  -128 -9999   340    10     8 -9999 -9999
1958 02 28 21   -39  -122 -9999   340    10     8 -9999 -9999
1958 03 01 00   -61   -72 -9999   140    10     8 -9999     5
1958 03 01 03   -50   -72 -9999    90    21     8 -9999 -9999
1958 03 01 06   -11   -61 -9999    90    10     8 -9999     5
1958 03 01 12   -72  -100 -9999   140    21     7 -9999 -9999
1958 03 01 15   -78  -111 -9999   290    31     7 -9999 -9999
1958 03 01 18   -78  -111 -9999     0     0     7 -9999 -9999
1958 03 01 21  -111  -128 -9999     0     0     1 -9999 -9999
1958 03 02 06    78  -111 -9999   360    10     7 -9999 -9999
1958 03 02 12    22  -139 -9999   270    21     7 -9999 -9999
1958 03 02 18   -72  -161 -9999     0     0     7 -9999 -9999
1958 03 03 03    11  -122 -9999    90    10     7 -9999 -9999
1958 03 03 06   100  -161 -9999   250    72     7 -9999 -9999
1958 03 03 12    28  -161 -9999   320    21     2 -9999     6
1958 03 03 15   -39  -178 -9999   270    21     2 -9999 -9999
1958 03 03 18   -89  -161 -9999     0     0     6 -9999 -9999
1958 03 03 21   -28   -78 -9999     0     0     0 -9999 -9999
1958 03 04 00  -128  -178 -9999     0     0     1 -9999 -9999
1958 03 04 03     0  -161 -9999     0     0     2 -9999 -9999
1958 03 04 06   122  -172 -9999   180    51     7 -9999 -9999
1958 03 04 12    61  -128 -9999     0     0     8 -9999 -9999
1958 03 04 15   -22  -150 -9999   360    21     2 -9999 -9999
1958 03 04 18   -39  -139 -9999     0     0     6 -9999 -9999
1958 03 04 21    28   -61 -9999     0     0     7 -9999 -9999
1958 03 05 00   -50  -100 -9999     0     0     6 -9999     6
1958 03 05 03    72   -72 -9999   360    21     6 -9999 -9999
1958 03 05 06    78  -139 -9999   270   139     7 -9999 -9999
1958 03 05 09    61  -172 -9999   240   118     8 -9999 -9999
1958 03 05 12    11  -128 -9999   320    41     8 -9999 -9999
1958 03 05 15   -22  -100 -9999     0     0     8 -9999 -9999
1958 03 05 18   -28  -122 -9999    70    31     7 -9999 -9999
1958 03 05 21   -78  -139 -9999   270    21     7 -9999 -9999
1958 03 06 00   -89  -128 -9999     0     0     7 -9999 -9999
1958 03 06 03    11  -222 -9999   220    10     1 -9999 -9999
1958 03 06 06    61  -228 -9999   290   180     1 -9999 -9999
1958 03 06 09    61  -222 -9999   320   118     1 -9999 -9999
1958 03 06 12   -11  -250 -9999   290    21     1 -9999 -9999
1958 03 06 15   -78  -222 -9999   140    10     0 -9999 -9999
1958 03 06 18  -111  -211 -9999     0     0     1 -9999 -9999
1958 03 06 21  -128  -189 -9999     0     0     1 -9999 -9999
1958 03 07 00  -161  -211 -9999     0     0     1 -9999 -9999
1958 03 07 03   -28  -228 -9999   320    10     2 -9999 -9999
1958 03 07 06    72  -122 -9999   320    10     7 -9999 -9999
1958 03 07 12    11  -211 -9999     0     0     7 -9999 -9999
1958 03 07 15   -78  -200 -9999   270    21     4 -9999 -9999
1958 03 08 00  -122  -161 -9999     0     0     6 -9999 -9999
1958 03 08 03     0  -178 -9999    90    10     7 -9999 -9999
1958 03 08 06    78  -161 -9999     0     0     7 -9999 -9999
1958 03 08 09    39   -78 -9999   220    98     8 -9999 -9999
1958 03 08 12    22   -89 -9999    40    21     8 -9999     6
1958 03 08 15   -50  -111 -9999     0     0     7 -9999 -9999
1958 03 08 18   -89  -139 -9999     0     0     3 -9999 -9999
1958 03 08 21  -111  -111 -9999     0     0     0 -9999 -9999
1958 03 09 00  -128  -128 -9999     0     0     2 -9999 -9999
1958 03 09 06   122  -211 -9999   220    21     6 -9999 -9999
1958 03 09 09   111  -200 -9999   250    72     7 -9999 -9999
1958 03 09 12    72  -222 -9999   200    41     7 -9999 -9999
1958 03 09 15    11  -172 -9999   270    10     6 -9999 -9999
1958 03 09 18   -28  -139 -9999     0     0     7 -9999 -9999
1958 03 09 21   -78  -172 -9999     0     0     3 -9999 -9999
1958 03 10 00  -100  -139 -9999     0     0     1 -9999 -9999
1958 03 10 03    39  -139 -9999     0     0     1 -9999 -9999
1958 03 10 12    72  -150 -9999     0     0     7 -9999 -9999
1958 03 10 15     0  -122 -9999   340    21     5 -9999 -9999
1958 03 10 18   -61  -200 -9999     0     0     7 -9999 -9999
1958 03 10 21   -50  -128 -9999     0     0     7 -9999 -9999
1958 03 11 00   -39  -139 -9999     0     0     7 -9999 -9999
1958 03 11 03    50  -111 -9999    40    10     5 -9999 -9999
1958 03 11 09   100  -178 -9999   320    62     8 -9999 -9999
1958 03 11 12    22  -128 -9999   270    21     8 -9999 -9999
1958 03 11 18   -28 -9999 -9999     0     0     6 -9999 -9999
1958 03 11 21   -28  -111 -9999   270    41     7 -9999 -9999
1958 03 12 00   -39   -89 -9999     0     0     7 -9999 -9999
1958 03 12 06    89  -111 -9999   290    10     6 -9999 -9999
1958 03 12 09   100  -172 -9999   270    72     7 -9999 -9999
1958 03 12 12    39  -139 -9999   360    10     7 -9999 -9999
1958 03 12 15     0  -139 -9999   320    21     2 -9999 -9999
1958 03 12 18   -61  -128 -9999   270    21     2 -9999 -9999
1958 03 12 21   -89  -161 -9999     0     0     0 -9999 -9999
1958 03 13 00  -111  -122 -9999     0     0     0 -9999 -9999
1958 03 13 03    22  -122 -9999     0     0     1 -9999 -9999
1958 03 13 06   139   -72 -9999   220    41     5 -9999 -9999
1958 03 13 12    72  -128 -9999   220    62 -9999 -9999 -9999
1958 03 13 15   -11   -11 -9999     0     0     6 -9999 -9999
1958 03 14 00   -89  -122 -9999     0     0     0 -9999 -9999
1958 03 14 06   111  -139 -9999   220    51     7 -9999 -9999
1958 03 14 12    61  -100 -9999   360    31     7 -9999 -9999
1958 03 14 15     0   -39 -9999     0     0 -9999 -9999 -9999
1958 03 14 18   -61   -89 -9999   290    10     2 -9999     6
1958 03 14 21   -50   -61 -9999     0     0     5 -9999 -9999
1958 03 15 00   -50   -72 -9999   270    21     8 -9999 -9999
1958 03 15 03    11   -39 -9999   140    41     7 -9999 -9999
1958 03 15 06    78   -50 -9999   250    10     7 -9999     6
1958 03 15 09    61   -61 -9999   290    62     8 -9999 -9999
1958 03 15 12    11   -50 -9999   290    21     8 -9999     6
1958 03 15 15     0   -61 -9999   180    21     7 -9999 -9999
1958 03 15 18   -28   -61 -9999   270    21     2 -9999 -9999
1958 03 16 00   -28   -50 -9999     0     0     7 -9999 -9999
1958 03 16 03    39   -61 -9999     0     0     7 -9999 -9999
1958 03 16 12    22  -139 -9999   290    21     8 -9999 -9999
1958 03 16 15   -28  -150 -9999   270    41     2 -9999 -9999
1958 03 16 18   -72  -139 -9999     0     0     2 -9999 -9999
1958 03 16 21   -89  -161 -9999     0     0     1 -9999 -9999
1958 03 17 00   -11  -150 -9999     0     0     5 -9999 -9999
1958 03 17 03     0  -200 -9999   110 -9999     1 -9999 -9999
1958 03 17 09    50  -211 -9999   270    62     6 -9999 -9999
1958 03 17 12     0  -228 -9999     0     0     2 -9999 -9999
1958 03 17 18   -28  -150 -9999     0     0     0 -9999 -9999
1958 03 17 21  -111  -150 -9999     0     0     7 -9999 -9999
1958 03 18 00  -111  -139 -9999     0     0     2 -9999 -9999
1958 03 18 03     0  -189 -9999   140    10     0 -9999 -9999
1958 03 18 06   111  -100 -9999    70    21     5 -9999 -9999
1958 03 18 09   139  -250 -9999   220    72     7 -9999 -9999
1958 03 18 12   100  -272 -9999   220    62     7 -9999 -9999
1958 03 18 15    39  -122 -9999   360    31     5 -9999 -9999
1958 03 18 18     0 -9999 -9999   320    41     4 -9999 -9999
1958 03 19 06    61  -111 -9999    20    31     7 -9999 -9999
1958 03 19 12    50   -78 -9999   140    21     8 -9999 -9999
1958 03 19 15   -39   -39 -9999   180    21     8 -9999 -9999
1958 03 19 18   -39   -50 -9999     0     0     8 -9999    40
1958 03 19 21   -78   -89 -9999   270    10     2 -9999 -9999
1958 03 20 00  -122  -161 -9999     0     0     8 -9999     5
1958 03 20 03   -50   -89 -9999     0     0     1 -9999 -9999
1958 03 20 06    28   -89 -9999     0     0     1 -9999 -9999
1958 03 20 09    89   -61 -9999   220    21     3 -9999 -9999
1958 03 20 12    39   -72 -9999     0     0     7 -9999 -9999
1958 03 20 15   -11   -72 -9999     0     0     2 -9999 -9999
1958 03 20 18   -50   -89 -9999   290    10     3 -9999 -9999
1958 03 20 21   -50   -78 -9999     0     0     2 -9999 -9999
1958 03 21 00   -61   -89 -9999     0     0     7 -9999 -9999
1958 03 21 03    11   -89 -9999     0     0     7 -9999 -9999
1958 03 21 06    72   -78 -9999   140    10     7 -9999 -9999
1958 03 21 12     0   -22 -9999   360    21     8 -9999     6
1958 03 21 15   -22   -39 -9999   220    10     7 -9999 -9999
1958 03 21 18   -39   -61 -9999     0     0     6 -9999     6
1958 03 21 21 -9999 -9999 -9999     0     0     6 -9999 -9999
1958 03 22 00   -39   -50 -9999     0     0     7 -9999 -9999
1958 03 22 03     0   -61 -9999   220    21     7 -9999 -9999
1958 03 22 06    72   -78 -9999    90    21     2 -9999 -9999
1958 03 22 12    22   -61 -9999     0     0     6 -9999     6
1958 03 22 15   -28   -72 -9999     0     0     6 -9999 -9999
1958 03 23 00   -72   -78 -9999     0     0     1 -9999 -9999
1958 03 23 03    28   -50 -9999   140    10     1 -9999 -9999
1958 03 23 09   100  -111 -9999   220    62     8 -9999 -9999
1958 03 23 12    61   -72 -9999   270    41     8 -9999 -9999
1958 03 23 15    22   -50 -9999   320    21     8 -9999 -9999
1958 03 23 18   -11   -28 -9999   270    21     2 -9999 -9999
1958 03 23 21   -50   -72 -9999   270    10     6 -9999 -9999
1958 03 24 00   -39   -61 -9999     0     0     7 -9999 -9999
1958 03 24 03    22   -28 -9999     0     0     8 -9999 -9999
1958 03 24 06   100  -100 -9999   220    21     8 -9999 -9999
1958 03 24 12    50  -189 -9999   320    31     1 -9999 -9999
1958 03 24 15   -22  -200 -9999     0     0     5 -9999 -9999
1958 03 24 21   -78  -122 -9999     0     0     1 -9999 -9999
1958 03 25 00   -89  -111 -9999     0     0     0 -9999 -9999
1958 03 25 03    28  -150 -9999     0     0     0 -9999 -9999
1958 03 25 12    89  -200 -9999   220    31     8 -9999 -9999
1958 03 25 15    28  -161 -9999   360    31     3 -9999 -9999
1958 03 25 18     0  -122 -9999     0     0     7 -9999 -9999
1958 03 25 21   -39  -111 -9999   250    21     5 -9999 -9999
1958 03 26 00   -28  -111 -9999     0     0     7 -9999 -9999
1958 03 26 03    39   -61 -9999     0     0     7 -9999 -9999
1958 03 26 06    78  -172 -9999   340    41     8 -9999 -9999
1958 03 26 09    89  -139 -9999   290    82     7 -9999 -9999
1958 03 26 12    39  -239 -9999   340    21     3 -9999 -9999
1958 03 26 15   -39  -139 -9999     0     0     0 -9999 -9999
1958 03 26 18   -61  -128 -9999     0     0     0 -9999 -9999
1958 03 26 21   -78  -139 -9999   140    10     0 -9999 -9999
1958 03 27 00  -100  -128 -9999     0     0     0 -9999 -9999
1958 03 27 03    72  -200 -9999   270    87     0 -9999 -9999
1958 03 27 06   111  -278 -9999   290   159     7 -9999 -9999
1958 03 27 09    89  -300 -9999   320    98     7 -9999 -9999
1958 03 27 12    50  -289 -9999   340    72     0 -9999 -9999
1958 03 27 18   -78  -139 -9999     0     0     0 -9999 -9999
1958 03 27 21  -111  -139 -9999     0     0     0 -9999 -9999
1958 03 28 00  -100  -111 -9999     0     0     0 -9999 -9999
1958 03 28 03     0  -128 -9999   180    10     0 -9999 -9999
1958 03 28 15     0  -139 -9999     0     0     7 -9999 -9999
1958 03 28 21   -78  -139 -9999     0     0     0 -9999 -9999
1958 03 29 00   -72  -139 -9999     0     0     1 -9999 -9999
1958 03 29 03    50   -89 -9999     0     0     1 -9999 -9999
1958 03 29 06   172  -172 -9999   290    62     2 -9999 -9999
1958 03 29 09   150  -211 -9999   180    41     7 -9999 -9999
1958 03 29 12   100  -161 -9999   320    10     8 -9999 -9999
1958 03 29 15    50  -122 -9999   220    21     6 -9999 -9999
1958 03 29 18   -39   -78 -9999     0     0     1 -9999 -9999
1958 03 29 21   -61  -111 -9999     0     0     0 -9999 -9999
1958 03 30 03    61  -122 -9999     0     0     0 -9999 -9999
1958 03 30 06   161  -122 -9999   140    21     2 -9999 -9999
1958 03 30 09   150  -139 -9999   220    41     8 -9999 -9999
1958 03 30 12   111  -122 -9999   180    62     8 -9999 -9999
1958 03 30 15    11  -100 -9999   270    10     7 -9999 -9999
1958 03 30 18   -39   -89 -9999     0     0     6 -9999 -9999
1958 03 30 21   -28   -72 -9999     0     0     6 -9999 -9999
1958 03 31 00   -39   -72 -9999   220    10     7 -9999 -9999
1958 03 31 03    61   -50 -9999   180    10     5 -9999 -9999
1958 03 31 06   128   -61 -9999    90    21     3 -9999 -9999
1958 03 31 12    78   -28 -9999   290    31     8 -9999 -9999
1958 03 31 15    28   -28 -9999   320    31     7 -9999 -9999
1958 03 31 21   -11   -50 -9999     0     0     8 -9999 -9999
1958 04 01 00   -28   -50 -9999     0     0     8 -9999     6
1958 04 01 03    28   -78 -9999 -9999 -9999 -9999 -9999 -9999
1958 04 01 06    50  -100 -9999   270    98     7 -9999     6
1958 04 01 09    72  -139 -9999   290    82     7 -9999 -9999
1958 04 01 12    22  -200 -9999   320    31     1 -9999 -9999
1958 04 01 15   -61  -161 -9999   270    41     0 -9999 -9999
1958 04 01 18  -100  -150 -9999     0     0     0 -9999 -9999
1958 04 01 21  -100  -128 -9999     0     0     0 -9999 -9999
1958 04 02 00   -89  -111 -9999   180    10     0 -9999 -9999
1958 04 02 06   100  -172 -9999    40    31     1 -9999 -9999
1958 04 02 12    50   -89 -9999     0     0     7 -9999 -9999
1958 04 02 15     0  -100 -9999     0     0     6 -9999 -9999
1958 04 02 18   -22  -100 -9999     0     0     7 -9999 -9999
1958 04 02 21   -50   -89 -9999     0     0     7 -9999 -9999
1958 04 03 00   -50   -89 -9999   180    21     0 -9999 -9999
1958 04 03 03    61   -78 -9999   140    10     1 -9999 -9999
1958 04 03 12   128  -139 -9999    90    41     8 -9999 -9999
1958 04 03 15   100  -111 -9999    70    21     8 -9999 -9999
1958 04 03 18    61   -22 -9999   220    31     8 -9999 -9999
1958 04 03 21    28   -11 -9999   270    10     7 -9999 -9999
1958 04 04 00     0   -22 -9999     0     0     7 -9999 -9999
1958 04 04 03    50    22 -9999   140 -9999     8 -9999 -9999
1958 04 04 06    89   -28 -9999   180    10     8 -9999    10
1958 04 04 12    50     0 -9999   140    31     8 -9999     5
1958 04 04 21   -11   -11 -9999   290    21     8 -9999 -9999
1958 04 05 03    39   -39 -9999   140    21     6 -9999 -9999
1958 04 05 06   128   -89 -9999    20    10     7 -9999 -9999
1958 04 05 09   128  -161 -9999   360    21     7 -9999 -9999
1958 04 05 12    89  -161 -9999   200    51     8 -9999 -9999
1958 04 05 15    39  -111 -9999   170    31     8 -9999 -9999
1958 04 05 21     0   -22 -9999   270    31     8 -9999 -9999
1958 04 06 00     0     0 -9999     0     0     8 -9999     3
1958 04 06 03    61   -22 -9999     0     0     3 -9999 -9999
1958 04 06 06   128  -172 -9999   320    51     1 -9999 -9999
1958 04 06 12    72  -139 -9999   270    10     2 -9999 -9999
1958 04 06 15    28   -89 -9999     0     0     5 -9999 -9999
1958 04 06 18   -50  -122 -9999     0     0     6 -9999 -9999
1958 04 06 21   -39   -50 -9999     0     0     6 -9999 -9999
1958 04 07 00   -39  -100 -9999     0     0     2 -9999 -9999
1958 04 07 03    89  -111 -9999    90    31     6 -9999 -9999
1958 04 07 06   161  -111 -9999   270    87     7 -9999 -9999
1958 04 07 09   128  -161 -9999   340    87     8 -9999 -9999
1958 04 07 12   100   -89 -9999   290    72     8 -9999 -9999
1958 04 07 15    78   -72 -9999   320    41     8 -9999 -9999
1958 04 07 18    28   -61 -9999   290    10     7 -9999 -9999
1958 04 07 21   -22   -72 -9999     0     0     0 -9999 -9999
1958 04 08 00   -28   -61 -9999     0     0     1 -9999 -9999
1958 04 08 03   100   -39 -9999   140    10     1 -9999 -9999
1958 04 08 06   150  -122 -9999   180    10     7 -9999 -9999
1958 04 08 09   161  -128 -9999   220    98     7 -9999 -9999
1958 04 08 12   122  -122 -9999   290    62     8 -9999 -9999
1958 04 08 18    39   -39 -9999     0     0     6 -9999 -9999
1958 04 09 00   -11   -61 -9999     0     0     7 -9999 -9999
1958 04 09 03   100   -11 -9999     0     0     7 -9999 -9999
1958 04 09 06   150  -111 -9999   340    72     7 -9999     6
1958 04 09 12    89   -61 -9999   320    41     8 -9999     6
1958 04 09 18    28     0 -9999   270    31     8 -9999     5
1958 04 09 21    22     0 -9999     0     0     7 -9999 -9999
1958 04 10 00     0   -22 -9999   250    10     5 -9999     3
1958 04 10 03    78   -22 -9999     0     0     1 -9999 -9999
1958 04 10 06   139  -139 -9999   180    31     3 -9999 -9999
1958 04 10 09   139  -161 -9999   320    31     7 -9999 -9999
1958 04 10 15    50   -11 -9999   360    51     8 -9999 -9999
1958 04 10 18    11     0 -9999   320    41     8 -9999    10
1958 04 10 21    11 -9999 -9999     0     0     7 -9999 -9999
1958 04 11 00     0   -11 -9999   290    10     7 -9999     3
1958 04 11 03    50   -11 -9999     0     0     7 -9999 -9999
1958 04 11 06    78     0 -9999   200    21     8 -9999     6
1958 04 11 09    50     0 -9999    90    31     8 -9999 -9999
1958 04 11 12    28   -11 -9999   180    10     7 -9999    20
1958 04 11 15    22   -11 -9999     0     0     5 -9999 -9999
1958 04 11 18     0   -22 -9999     0     0     7 -9999     6
1958 04 11 21   -11   -11 -9999    70    21     2 -9999 -9999
1958 04 12 00   -11   -11 -9999     0     0     7 -9999 -9999
1958 04 12 03    39   -11 -9999    40    21     8 -9999 -9999
1958 04 12 12    61   -39 -9999    40    31     8 -9999 -9999
1958 04 12 15    39   -39 -9999   270    41     8 -9999 -9999
1958 04 12 18    28   -39 -9999   360    41     8 -9999     6
1958 04 13 00   -22   -39 -9999     0     0     7 -9999 -9999
1958 04 13 03    61   -78 -9999   340    21     7 -9999 -9999
1958 04 13 09   111  -111 -9999   270    98     7 -9999 -9999
1958 04 13 12    61   -78 -9999   220    21     7 -9999 -9999
1958 04 13 18   -11   -89 -9999   320    10     1 -9999 -9999
1958 04 13 21   -50   -89 -9999   320    10     0 -9999 -9999
1958 04 14 00   -39   -89 -9999     0     0     1 -9999 -9999
1958 04 14 03    72  -128 -9999   180    21     2 -9999 -9999
1958 04 14 06   139  -122 -9999   340    10     6 -9999 -9999
1958 04 14 09   139  -128 -9999   320    82     7 -9999 -9999
1958 04 14 12   100  -139 -9999   320    10     2 -9999 -9999
1958 04 14 15     0  -100 -9999     0     0     1 -9999 -9999
1958 04 14 18   -39  -111 -9999     0     0     0 -9999 -9999
1958 04 14 21   -50  -100 -9999     0     0     0 -9999 -9999
1958 04 15 00   -28   -72 -9999     0     0     0 -9999 -9999
1958 04 15 06   150  -139 -9999   200    10     7 -9999 -9999
1958 04 15 12   111   -72 -9999     0     0     7 -9999 -9999
1958 04 15 15    50   -89 -9999     0     0     6 -9999 -9999
1958 04 15 18    11   -89 -9999     0     0     1 -9999 -9999
1958 04 15 21   -28   -72 -9999     0     0     0 -9999 -9999
1958 04 16 00   -22   -89 -9999     0     0     0 -9999 -9999
1958 04 16 09   172  -150 -9999    70    41     7 -9999 -9999
1958 04 16 12   122   -72 -9999   320    21     8 -9999 -9999
1958 04 16 15    72   -39 -9999   270    10     4 -9999 -9999
1958 04 16 21     0   -50 -9999     0     0     1 -9999 -9999
1958 04 17 00     0   -39 -9999     0     0     1 -9999 -9999
1958 04 17 03   122   -22 -9999     0     0     1 -9999 -9999
1958 04 17 06   172   -72 -9999   160    31     7 -9999 -9999
1958 04 17 09   139   -61 -9999   250    51     7 -9999 -9999
1958 04 17 12    89 -9999 -9999   140    31     8 -9999 -9999
1958 04 17 18    50    28 -9999     0     0     5 -9999    10
1958 04 17 21    28    11 -9999     0     0     2 -9999 -9999
1958 04 18 00 -9999 -9999 -9999     0     0     6 -9999 -9999
1958 04 18 03    78    28 -9999    90    31     7 -9999 -9999
1958 04 18 06   150   -11 -9999   260    31     6 -9999 -9999
1958 04 18 12   172   -22 -9999   320    72     8 -9999 -9999
1958 04 18 15    61   -11 -9999   320    31     6 -9999 -9999
1958 04 18 18    22   -11 -9999     0     0     2 -9999 -9999
1958 04 18 21     0   -22 -9999     0     0     1 -9999 -9999
1958 04 19 00    11   -28 -9999     0     0     1 -9999 -9999
1958 04 19 03    78     0 -9999     0     0     2 -9999 -9999
1958 04 19 06   150   -22 -9999   270    31     6 -9999     6
1958 04 19 09   139   -22 -9999   360    62     6 -9999 -9999
1958 04 19 12    72    22 -9999   200    41     8 -9999     5
1958 04 19 21    28    22 -9999   320    21     7 -9999 -9999
1958 04 20 00    39    22 -9999     0     0     8 -9999     6
1958 04 20 03    61    28 -9999   250    10     7 -9999 -9999
1958 04 20 06    72    28 -9999   180    10     7 -9999    30
1958 04 20 09    89    28 -9999   320    21     8 -9999 -9999
1958 04 20 12    28    11 -9999   140    31     8 -9999    20
1958 04 20 15    39     0 -9999   140    21     8 -9999 -9999
1958 04 20 18    28    11 -9999     0     0     8 -9999    10
1958 04 20 21    11    11 -9999   180 -9999     2 -9999 -9999
1958 04 21 00    22     0 -9999     0     0     7 -9999     3
1958 04 21 03    72    11 -9999   140    21     3 -9999 -9999
1958 04 21 06   139     0 -9999   140    21     7 -9999 -9999
1958 04 22 00    22   -22 -9999     0     0     1 -9999 -9999
1958 04 22 03   100   -28 -9999   200    10     3 -9999 -9999
1958 04 22 06   189   -50 -9999    40    10     7 -9999 -9999
1958 04 22 09   172   -50 -9999   160    82     8 -9999 -9999
1958 04 22 15    89    11 -9999   270    31     8 -9999 -9999
1958 04 22 18    78    11 -9999   140    21     8 -9999 -9999
1958 04 22 21    39    22 -9999   320    21     2 -9999 -9999
1958 04 23 00    39    22 -9999     0     0     7 -9999     6
1958 04 23 03    89    11 -9999     0     0     7 -9999 -9999
1958 04 23 06   172     0 -9999   290    87     6 -9999     6
1958 04 23 09 -9999 -9999 -9999   270   118     8 -9999 -9999
1958 04 23 12    89   -78 -9999   250    82 -9999 -9999     6
1958 04 23 18    22   -72 -9999     0     0     0 -9999 -9999
1958 04 23 21    11   -50 -9999   220    10     6 -9999 -9999
1958 04 24 00    22   -50 -9999     0     0     2 -9999 -9999
1958 04 24 03   111  -128 -9999   270   139     5 -9999 -9999
1958 04 24 06   111  -111 -9999   270   159     7 -9999     6
1958 04 24 12    89   -72 -9999   290    21     3 -9999 -9999
1958 04 24 15    22   -50 -9999     0     0     2 -9999 -9999
1958 04 24 18    39   -61 -9999    40    10     8 -9999 -9999
1958 04 24 21   -11   -61 -9999     0     0     1 -9999 -9999
1958 04 25 00    11   -50 -9999     0     0     2 -9999 -9999
1958 04 25 03   122   -22 -9999     0     0     2 -9999 -9999
1958 04 25 06   161  -100 -9999   250    98     7 -9999 -9999
1958 04 25 09   189   -89 -9999   270    51     7 -9999 -9999
1958 04 25 12   161 -9999 -9999   360    51 -9999 -9999     6
1958 04 25 15    72   -11 -9999   360    21     7 -9999 -9999
1958 04 25 18    72   -28 -9999    40    41     6 -9999     6
1958 04 25 21    11     0 -9999   180    31     8 -9999 -9999
1958 04 26 00    22    11 -9999   140    10     8 -9999    30
1958 04 26 03    61    11 -9999    90    21     7 -9999 -9999
1958 04 26 06   122  -139 -9999   270    72     2 -9999     6
1958 04 26 09   150  -161 -9999   320    72     1 -9999 -9999
1958 04 26 12    78  -100 -9999   290    21     1 -9999 -9999
1958 04 26 18   -22 -9999 -9999     0     0     1 -9999 -9999
1958 04 26 21   -28  -139 -9999     0     0     2 -9999 -9999
1958 04 27 03    78  -172 -9999     0     0     6 -9999 -9999
1958 04 27 06   172     0 -9999    90    10     8 -9999 -9999
1958 04 27 15    72    28 -9999    90    21 -9999 -9999 -9999
1958 04 27 21    39    22 -9999     0     0     8 -9999 -9999
1958 04 28 00    61    22 -9999    40    10     8 -9999    20
1958 04 28 03   100    11 -9999     0     0     7 -9999 -9999
1958 04 28 06   161   -28 -9999    90    21     3 -9999 -9999
1958 04 28 09   178   -11 -9999   290    41     2 -9999 -9999
1958 04 28 12   139   -39 -9999   320    10     7 -9999 -9999
1958 04 28 15    78   -11 -9999     0     0     8 -9999 -9999
1958 04 28 18    72   -22 -9999   180    21     7 -9999 -9999
1958 04 28 21    50   -11 -9999   270    21     8 -9999 -9999
1958 04 29 00    72    22 -9999     0     0     7 -9999 -9999
1958 04 29 03   122    28 -9999    90    21     7 -9999 -9999
1958 04 29 06   100    22 -9999   360    72     7 -9999    10
1958 04 29 09   150   -22 -9999   270    41     7 -9999 -9999
1958 04 29 12   111   -22 -9999   340    31     7 -9999     6
1958 04 29 15    61     0 -9999   320    21     7 -9999 -9999
1958 04 29 18    61    22 -9999     0     0     7 -9999     6
1958 04 29 21    39    22 -9999   250    10     1 -9999 -9999
1958 04 30 00    28    22 -9999     0     0     7 -9999     6
1958 04 30 03   111    22 -9999    40    31     7 -9999 -9999
1958 04 30 06   161     0 -9999    90    31     7 -9999     6
1958 04 30 12    50    39 -9999     0     0     8 -9999    60
1958 04 30 15    39 -9999 -9999   320    41     8 -9999 -9999
1958 04 30 18    39    11 -9999    90    10     8 -9999    50
1958 04 30 21    11     0 -9999     0     0     2 -9999 -9999
1958 05 01 00    22   -11 -9999    20    21     7 -9999 -9999
1958 05 01 03    61   -11 -9999   110    10     8 -9999 -9999
1958 05 01 09   122   -11 -9999    90    10     8 -9999 -9999
1958 05 01 12   100     0 -9999   180    21     7 -9999 -9999
1958 05 01 21    22     0 -9999     0     0     7 -9999 -9999
1958 05 02 03    89    11 -9999     0     0     7 -9999 -9999
1958 05 02 06   150   -28 -9999   200    10     8 -9999     6
1958 05 02 09   111   -11 -9999   140    10     7 -9999 -9999
1958 05 02 12 -9999 -9999 -9999    90    10     8 -9999 -9999
1958 05 02 15    72    28 -9999     0     0     8 -9999 -9999
1958 05 02 18    50    28 -9999     0     0     8 -9999 -9999
1958 05 02 21    28    22 -9999     0     0     7 -9999 -9999
1958 05 03 00    50    22 -9999     0     0     8 -9999     6
1958 05 03 03    72    22 -9999    90    10     8 -9999 -9999
1958 05 03 06   111    22 -9999    90    31     8 -9999     5
1958 05 03 12    89    22 -9999   180    31     8 -9999 -9999
1958 05 03 15    50    28 -9999   270    10     8 -9999 -9999
1958 05 03 18    39    22 -9999     0     0     8 -9999    50
1958 05 04 00    39    22 -9999     0     0     7 -9999    10
1958 05 04 03    72    22 -9999   340    10     7 -9999 -9999
1958 05 04 06   122    28 -9999     0     0     7 -9999 -9999
1958 05 04 09    78    28 -9999    90    41     8 -9999 -9999
1958 05 04 12    61    39 -9999   140    21     7 -9999    20
1958 05 04 15    50    28 -9999    90    31     8 -9999 -9999
1958 05 04 18    50    39 -9999     0     0     8 -9999    10
1958 05 04 21    39    22 -9999     0     0     7 -9999 -9999
1958 05 05 00    39    22 -9999     0     0     7 -9999    10
1958 05 05 03    89    28 -9999   180    10     7 -9999 -9999
1958 05 05 06   128    22 -9999     0     0     7 -9999 -9999
1958 05 05 09   122    11 -9999   180    51     8 -9999 -9999
1958 05 05 12    50    22 -9999   180    21     8 -9999    30
1958 05 05 15    50    28 -9999     0     0     7 -9999 -9999
1958 05 05 18    50    22 -9999     0     0     7 -9999     3
1958 05 05 21    39    22 -9999     0     0     8 -9999 -9999
1958 05 26 03   122 -9999 -9999   140    10     5 -9999 -9999
