1962 01 01 00  -322  -339 10257   290    51     2 -9999 -9999
1962 01 01 06  -239  -272 10240   320    51     1 -9999 -9999
1962 01 01 09  -278  -300 10252   180    21     1 -9999 -9999
1962 01 01 21  -328  -350 10222    70    10     5 -9999 -9999
1962 01 02 00  -322  -339 10209    70    21     8 -9999 -9999
1962 01 02 06  -239  -272 10166    90    10     0 -9999     6
1962 01 02 09  -272  -289 10171     0     0     1 -9999 -9999
1962 01 02 21  -322  -339 10197   320    41     3 -9999 -9999
1962 01 03 00  -300  -322 10205   320    51     1 -9999 -9999
1962 01 03 06  -239  -272 10220     0     0     1 -9999 -9999
1962 01 03 09  -300  -322 10228   320    62     2 -9999 -9999
1962 01 03 21  -300  -322 10229   320    51     0 -9999 -9999
1962 01 04 00  -300  -328 10228   320    41     1 -9999 -9999
1962 01 04 06  -250  -289 10215   320    31     0 -9999 -9999
1962 01 04 09  -300  -328 10225   320    41     0 -9999 -9999
1962 01 04 21  -322  -339 10227   320    62     0 -9999 -9999
1962 01 05 00  -328  -350 10236   290    51     0 -9999 -9999
1962 01 05 09  -239  -278 10220   220    31     0 -9999 -9999
1962 01 05 21  -272  -289 10216   290    31     1 -9999 -9999
1962 01 06 00  -278  -300 10225   290    31     2 -9999 -9999
1962 01 06 06  -189  -228 10215   140    21     5 -9999 -9999
1962 01 06 09  -228  -261 10215   160    21     1 -9999 -9999
1962 01 06 21  -278  -300 10237   140    21     1 -9999 -9999
1962 01 07 00  -278  -300 10254     0     0     6 -9999 -9999
1962 01 07 06  -211  -239 10264   140    10     8 -9999 -9999
1962 01 07 09  -250  -278 10281   160    21     2 -9999 -9999
1962 01 07 21  -278  -300 10310   290    21     0 -9999 -9999
1962 01 08 00  -272  -289 10313   290    31     0 -9999 -9999
1962 01 08 06  -172  -200 10305   290    21     0 -9999 -9999
1962 01 08 09  -211  -239 10305   140    10     0 -9999 -9999
1962 01 08 21  -272  -289 10291     0     0     0 -9999 -9999
1962 01 09 00  -272  -289 10291     0     0     1 -9999 -9999
1962 01 09 06  -178  -211 10261     0     0     1 -9999 -9999
1962 01 09 09  -239  -261 10273   220    21     1 -9999 -9999
1962 01 09 21 -9999 -9999 10260   290    21     0 -9999 -9999
1962 01 10 00  -278  -300 10265   290    31     1 -9999 -9999
1962 01 10 06  -189  -222 10235   140    31     3 -9999 -9999
1962 01 10 09  -228  -250 10237   140    21     2 -9999 -9999
1962 01 11 00  -250  -272 10195   140    21     8 -9999     6
1962 01 11 06  -211  -228 10172   320    41     8 -9999     3
1962 01 11 09  -211  -222 10174   320    31     8 -9999 -9999
1962 01 11 21  -239  -250 10160     0     0     8 -9999 -9999
1962 01 12 00  -228  -239 10156   290    21     8 -9999     6
1962 01 12 09  -211  -228 10155   300    21 -9999 -9999 -9999
1962 01 13 00  -200  -239 10187   320    87     0 -9999 -9999
1962 01 13 06  -172  -228 10182   320    72     0 -9999 -9999
1962 01 13 21  -222  -278 10247   320    82     0 -9999 -9999
1962 01 14 00  -239  -289 10251   290    62     1 -9999 -9999
1962 01 14 06  -150  -228 10222   320    51     1 -9999 -9999
1962 01 14 09  -200  -261 10224   290    62     2 -9999 -9999
1962 01 14 21  -211  -272 10197   270    87     0 -9999 -9999
1962 01 15 00  -211  -272 10191   270    82     6 -9999 -9999
1962 01 15 06  -122  -200 10165   270    10     1 -9999 -9999
1962 01 16 00  -228  -261 10147   320    62     1 -9999 -9999
1962 01 16 06  -150  -211 10127   160    31     1 -9999 -9999
1962 01 16 09  -178  -228 10126   160    31     1 -9999 -9999
1962 01 16 21  -222  -239 10120   180    21     8 -9999 -9999
1962 01 17 00  -189  -211 10138   290    51     7 -9999     6
1962 01 17 06  -161  -189 10158     0     0     1 -9999     6
1962 01 18 00  -300  -322 10261   290    31     1 -9999     3
1962 01 18 06  -178  -222 10252     0     0     1 -9999 -9999
1962 01 18 09  -239  -261 10260   140    21     1 -9999 -9999
1962 01 19 00  -239  -261 10263   320    41     7 -9999 -9999
1962 01 19 06  -178  -222 10255   140    21     1 -9999 -9999
1962 01 19 09  -222  -250 10271   140    31     3 -9999 -9999
1962 01 19 21  -200  -222 10302   320    21     8 -9999 -9999
1962 01 20 00  -228  -250 10326   290    41     2 -9999     6
1962 01 20 06  -172  -200 10326   320    51     0 -9999 -9999
1962 01 20 09  -200  -228 10336   320    62     0 -9999 -9999
1962 01 21 00  -250  -278 10319   290    62     1 -9999 -9999
1962 01 21 06  -161  -211 10296   320    98     1 -9999 -9999
1962 01 21 21  -211  -228 10248   320    87     6 -9999 -9999
1962 01 22 00  -222  -250 10248   320    87     6 -9999 -9999
1962 01 22 09  -161  -200 10236   320    62     2 -9999 -9999
1962 01 22 21  -172  -200 10226   320    98     1 -9999 -9999
1962 01 23 00 -9999 -9999 10234   290    87     1 -9999 -9999
1962 01 23 06  -111  -161 10237   320   118     0 -9999 -9999
1962 01 23 21  -172  -200 10228   290    62     0 -9999 -9999
1962 01 24 06  -122  -178 10209   320    98     0 -9999 -9999
1962 01 24 09  -161  -189 10210   320    62     0 -9999 -9999
1962 01 24 21  -211  -239 10165   290    62     1 -9999 -9999
1962 01 25 00  -222  -250 10171   320    62     1 -9999 -9999
1962 01 25 06  -128  -189 10147   320    62     0 -9999 -9999
1962 01 25 09  -178  -222 10177   320    51     0 -9999 -9999
1962 01 25 21  -200  -228 10159   290    72     0 -9999 -9999
1962 01 26 00  -189  -228 10158   290    87     3 -9999 -9999
1962 01 26 09  -178  -222 10147   320    51     1 -9999 -9999
1962 01 26 21  -211  -239 10135   320    82     2 -9999 -9999
1962 01 27 00  -200  -228 10143   290    72     2 -9999 -9999
1962 01 27 09  -128  -189 10167   320    72     2 -9999 -9999
1962 01 27 21  -189  -228 10193   320    62     1 -9999 -9999
1962 01 28 00  -178  -211 10215   320    72     1 -9999 -9999
1962 01 28 06  -111  -172 10222   320    82     0 -9999 -9999
1962 01 28 09  -139  -189 10237   320    51     1 -9999 -9999
1962 01 28 18  -272  -289 10296     0     0     7 -9999 -9999
1962 01 29 00  -189  -228 10284   320    62     1 -9999 -9999
1962 01 29 09  -161  -211 10313   320    62     8 -9999 -9999
1962 01 29 18  -278  -300 10368     0     0     0 -9999 -9999
1962 01 29 21  -189  -239 10340   320    82     2 -9999 -9999
1962 01 30 00  -189  -250 10349   290    87     1 -9999 -9999
1962 01 30 06  -139  -211 10348   320    62     1 -9999 -9999
1962 01 30 09  -200  -250 10360   320    41     0 -9999 -9999
1962 01 30 21  -261  -289 10374   290    51     0 -9999 -9999
1962 01 31 00  -250  -278 10380   290    31     0 -9999 -9999
1962 01 31 06  -139  -200 10363   180    31     0 -9999 -9999
1962 01 31 09  -189  -228 10367   140    21     0 -9999 -9999
1962 01 31 21  -228  -261 10360     0     0     0 -9999 -9999
1962 02 01 00  -250  -278 -9999     0     0     0 -9999 -9999
1962 02 01 06  -122  -178 10342   180    21     0 -9999 -9999
1962 02 01 09  -161  -200 10341     0     0     0 -9999 -9999
1962 02 01 21  -250  -272 10307    90    21     0 -9999 -9999
1962 02 02 00  -261  -278 10302     0     0     0 -9999 -9999
1962 02 02 09 -9999 -9999 -9999   220    41     4 -9999 -9999
1962 02 02 21  -250  -272 10267   290    51     1 -9999 -9999
1962 02 03 00  -261  -278 10269   290    41     1 -9999 -9999
1962 02 03 06  -139  -178 10260   140    41     1 -9999 -9999
1962 02 03 09  -200  -239 10268   140    41     0 -9999 -9999
1962 02 03 21  -272  -289 10270   290    51     0 -9999 -9999
1962 02 04 00  -272  -289 10286   290    51     1 -9999 -9999
1962 02 04 06  -161  -189 10282   320    21     3 -9999 -9999
1962 02 04 09  -189  -222 10289   180    31     8 -9999 -9999
1962 02 04 21  -272  -289 10289   320    41     0 -9999 -9999
1962 02 05 00  -272  -289 10295   290    31     0 -9999 -9999
1962 02 05 09  -189  -222 10259   140    41     1 -9999 -9999
1962 02 05 21  -239  -261 10209     0     0     0 -9999 -9999
1962 02 06 06  -122 -9999 10191     0     0     1 -9999 -9999
1962 02 06 09  -172  -211 10198   290    21     1 -9999 -9999
1962 02 06 21  -239  -250 10200   290    31     1 -9999 -9999
1962 02 07 00  -250  -272 -9999   290    10     0 -9999 -9999
1962 02 07 06 -9999 -9999 -9999   140    41     0 -9999 -9999
1962 02 07 21  -122  -161 10117   180    21     0 -9999 -9999
1962 02 08 00  -139  -172 10113   140    51     5 -9999 -9999
1962 02 08 06   -22  -139 10063   220   118     7 -9999 -9999
1962 02 08 09   -39  -128 10069   220    21     7 -9999 -9999
1962 02 08 21  -100  -161 10173   290    72     0 -9999 -9999
1962 02 09 00  -128  -200 10214   290    62     0 -9999 -9999
1962 02 09 06   -78  -239 10257   340    41     7 -9999 -9999
1962 02 09 09  -100  -228 10269   180    21     7 -9999 -9999
1962 02 09 21  -272  -278 10268   320    31     0 -9999 -9999
1962 02 10 00  -261  -278 10255   290    41     8 -9999 -9999
1962 02 10 06  -139  -178 10216   140    41     7 -9999 -9999
1962 02 10 09  -161  -189 10208   140    10     7 -9999 -9999
1962 02 10 21  -250  -278 10212   320    62     0 -9999 -9999
1962 02 11 00  -228  -272 10230   320    87     1 -9999 -9999
1962 02 11 06  -172  -239 10221   320    98     0 -9999 -9999
1962 02 11 09  -189  -272 10240   320    82     0 -9999 -9999
1962 02 11 21  -250  -322 10260   290    82     0 -9999 -9999
1962 02 12 00  -250  -322 10263   290    82     0 -9999 -9999
1962 02 12 06  -200  -272 10249   320    82     0 -9999 -9999
1962 02 12 09  -211  -278 10250   320    31     0 -9999 -9999
1962 02 12 21  -289  -339 10205   290    51     2 -9999 -9999
1962 02 13 00  -289  -328 10208   290    51     6 -9999 -9999
1962 02 13 06  -161  -250 10187   360    21     0 -9999 -9999
1962 02 13 09  -189  -261 10195   140    21     1 -9999 -9999
1962 02 13 21  -239  -289 10180    20    62     6 -9999 -9999
1962 02 14 00  -239  -278 10186   290    51     1 -9999 -9999
1962 02 14 06  -139  -200 10178   340    72     1 -9999 -9999
1962 02 14 09  -178  -228 10185   320    41     0 -9999 -9999
1962 02 14 21  -161  -172 10140   320    51     8 -9999 -9999
1962 02 15 06  -128  -200 10140   360    98     2 -9999 -9999
1962 02 15 09  -161  -222 10156   340    21     1 -9999 -9999
1962 02 15 21  -161  -200 10148   270    62     2 -9999 -9999
1962 02 16 00  -122  -172 10140   290    72     1 -9999 -9999
1962 02 16 06   -72  -172 10119   320    98     2 -9999 -9999
1962 02 16 09  -111  -172 10123   320    41     1 -9999 -9999
1962 02 16 21  -200  -239 10110   270    51     0 -9999 -9999
1962 02 17 00  -200  -239 10121   290    51     0 -9999 -9999
1962 02 17 06  -111  -172 10124   340    41     1 -9999 -9999
1962 02 17 09  -139  -200 10136   360    31     2 -9999 -9999
1962 02 17 21  -239  -272 10151   300    51     1 -9999 -9999
1962 02 18 00  -222  -250 10162   200    62     2 -9999 -9999
1962 02 18 06  -128  -189 10158   340    62     2 -9999 -9999
1962 02 18 09  -150  -200 10172   340    41     6 -9999 -9999
1962 02 18 21  -228  -272 10122   290    41     2 -9999 -9999
1962 02 19 00  -211  -250 10106   290    41     2 -9999 -9999
1962 02 19 06   -89  -178 10057    70    21     1 -9999 -9999
1962 02 19 09  -100  -150 10058     0     0     1 -9999 -9999
1962 02 19 21  -250  -272 10058   320    62     0 -9999 -9999
1962 02 20 00  -239  -250 10088   290    62     0 -9999 -9999
1962 02 20 06  -128  -178 10090   340    41     0 -9999 -9999
1962 02 20 09  -150  -200 10105   290    31     2 -9999 -9999
1962 02 20 21  -189  -228 10113   290    72     1 -9999 -9999
1962 02 21 00  -178  -211 10132   290    62     0 -9999 -9999
1962 02 21 06  -100  -189 10142   320    82     3 -9999 -9999
1962 02 21 09  -128  -178 10062   360    31     3 -9999 -9999
1962 02 21 21  -222  -250 10193   290    41     0 -9999 -9999
1962 02 22 00  -222  -250 10208   290    51     1 -9999 -9999
1962 02 22 06  -122  -178 10217   360    51     6 -9999 -9999
1962 02 22 09  -150  -189 10233   340    21     7 -9999 -9999
1962 02 22 21  -239  -272 10246   340    51     0 -9999 -9999
1962 02 23 00  -228  -261 10251   320    62     1 -9999 -9999
1962 02 23 06  -128  -178 10238   360    72     2 -9999 -9999
1962 02 23 09  -150  -200 10240   340    51     1 -9999 -9999
1962 02 23 21  -200  -250 10207   290    82     1 -9999 -9999
1962 02 24 00  -178  -239 10196   290    87     2 -9999 -9999
1962 02 24 06  -122  -189 10172   290    72     3 -9999 -9999
1962 02 24 09  -150  -211 10171   290    51 -9999 -9999 -9999
1962 02 24 21  -172  -200 10127   270    41     8 -9999 -9999
1962 02 25 00  -172  -189 10122   320    51     8 -9999     6
1962 02 25 06  -122  -161 10111   340    62     6 -9999     6
1962 02 25 21  -228  -261 10129   290    51     3 -9999 -9999
1962 02 26 00  -189  -222 10140   290    51     1 -9999 -9999
1962 02 26 09  -128  -189 10148   340    41     3 -9999 -9999
1962 02 26 21  -272  -289 10171   290    21     1 -9999 -9999
1962 02 27 00  -239  -272 10188   290    31     1 -9999 -9999
1962 02 27 09  -128  -172 10188   110    31     4 -9999 -9999
1962 02 27 21  -239  -261 10193   320    41     0 -9999 -9999
1962 02 28 00  -228  -250 10207   290    41     1 -9999 -9999
1962 02 28 06   -89  -161 10205   360    31     1 -9999 -9999
1962 02 28 09  -122 -9999 10215   140    21     1 -9999 -9999
1962 02 28 21  -172  -211 10197   290    62     0 -9999 -9999
1962 03 01 00  -139  -189 10206   320    62     0 -9999 -9999
1962 03 01 06   -61  -172 10189   300    41     6 -9999 -9999
1962 03 01 09   -89  -161 10198   320    31     1 -9999 -9999
1962 03 01 21  -178  -222 10183   320    41     0 -9999 -9999
1962 03 02 00  -161  -189 10188   320    21     0 -9999 -9999
1962 03 02 09   -39  -111 10162   250    51     2 -9999 -9999
1962 03 03 00  -139  -150 10177   320    51     1 -9999 -9999
1962 03 03 06   -11   -39 10153    40    10     6 -9999 -9999
1962 03 03 09   -28   -72 10153   140    31     8 -9999 -9999
1962 03 03 21  -128  -189 10189   320    87     1 -9999 -9999
1962 03 04 00  -128  -200 10207   320    87     0 -9999     6
1962 03 04 06   -89  -228 10203   320    98     0 -9999 -9999
1962 03 04 09  -111  -211 10208   320    62     1 -9999 -9999
1962 03 04 21  -228  -278 10167     0     0     0 -9999 -9999
1962 03 05 00  -211  -239 10154     0     0     8 -9999 -9999
1962 03 05 06  -122  -139 10093   110    51     8 -9999     3
1962 03 05 09  -122  -228 10099    40    41     8 -9999 -9999
1962 03 06 00  -172  -228 10149   320    82     0 -9999 -9999
1962 03 06 06  -128  -211 10145   320    82     0 -9999 -9999
1962 03 06 09  -139  -272 10141   320    51     1 -9999 -9999
1962 03 06 21  -189  -272 10136   320    87     1 -9999 -9999
1962 03 07 00  -178  -250 10146   320    62     1 -9999 -9999
1962 03 07 06  -111  -211 10131   320    62     0 -9999 -9999
1962 03 07 21  -250  -278 10150   320    51     0 -9999 -9999
1962 03 08 00  -128  -189 10155   320    51     1 -9999 -9999
1962 03 08 06  -111  -189 10137    90    21     1 -9999 -9999
1962 03 08 09  -128  -200 10145    90    21     7 -9999 -9999
1962 03 08 21  -222  -250 10139   320    62     8 -9999 -9999
1962 03 09 00  -200  -228 10153   320    62     8 -9999 -9999
1962 03 09 06  -111  -189 10142   340    62     8 -9999 -9999
1962 03 09 09  -122  -189 10135   360    72     8 -9999 -9999
1962 03 09 21  -189  -228 10099   320    41     3 -9999 -9999
1962 03 10 00  -139  -200 10098   320    51     8 -9999 -9999
1962 03 10 06   -89  -211 10057   290    21     7 -9999 -9999
1962 03 10 09  -100  -172 10053   340    31     7 -9999 -9999
1962 03 10 21  -239  -250 10036   320    62     1 -9999 -9999
1962 03 11 00  -222  -228 10040   320    41     1 -9999 -9999
1962 03 11 06  -100  -172 10040   140    31     6 -9999     6
1962 03 11 09  -122  -161 10056   160    41     4 -9999 -9999
1962 03 11 21  -239  -261 10105   320    51     1 -9999 -9999
1962 03 12 06  -111  -211 10145   340    62     6 -9999 -9999
1962 03 12 09  -111  -211 10164   360    31     5 -9999 -9999
1962 03 12 21  -239  -278 10210   320    51     1 -9999 -9999
1962 03 13 00  -211  -250 10215   320    41     1 -9999 -9999
1962 03 13 06  -100  -200 10182   140    41     6 -9999 -9999
1962 03 13 09  -122  -189 10164   140    31     8 -9999 -9999
1962 03 13 21  -139  -172 10096   140    21     8 -9999 -9999
1962 03 14 00  -128  -139 10082    90    21     8 -9999     5
1962 03 14 06  -111  -128 10051    40    62     8 -9999     3
1962 03 14 09  -122  -128 10061    40    72     8 -9999 -9999
1962 03 14 21  -172  -178 10043   320    62     8 -9999 -9999
1962 03 15 00  -161  -172 10041   320    87     8 -9999     6
1962 03 15 06  -100  -128 10047    20    62     8 -9999     6
1962 03 15 21  -122  -128 10031   320    62     8 -9999 -9999
1962 03 16 00   -78   -89 10022   320    72     8 -9999     3
1962 03 16 06   -61   -72 10024   340    98     8 -9999     6
1962 03 16 09   -61   -72 10041   340    72     8 -9999 -9999
1962 03 16 21  -111  -150 10089   340    72     7 -9999 -9999
1962 03 17 00  -122  -161 10104   320    72     6 -9999     6
1962 03 17 06 -9999 -9999 -9999   340    98 -9999 -9999 -9999
1962 03 17 09   -72  -150 10109   340    87     1 -9999 -9999
1962 03 17 21  -150  -200 10121   320    62     1 -9999 -9999
1962 03 18 00  -122  -178 10128   320    72     1 -9999 -9999
1962 03 18 06   -50  -139 10132   340    82     3 -9999 -9999
1962 03 18 09   -61  -128 10145   340    51     6 -9999 -9999
1962 03 19 00   -89  -161 10206   320    51     2 -9999 -9999
1962 03 19 09   -22  -111 10240   340    41     1 -9999 -9999
1962 03 19 21  -122  -150 10268   290    51     1 -9999 -9999
1962 03 20 00  -100  -139 10274   320    31     0 -9999 -9999
1962 03 20 06   -11   -89 10253   360    41     1 -9999 -9999
1962 03 20 09   -22  -122 10247   360    51     1 -9999 -9999
1962 03 20 21  -139  -172 10221   290    51     0 -9999 -9999
1962 03 21 00  -111  -150 10222   320    51     1 -9999 -9999
1962 03 21 06   -28  -122 10197   340    87     1 -9999 -9999
1962 03 21 09   -39  -139 10202   340    72     0 -9999 -9999
1962 03 21 21  -128  -178 10189   320    62     1 -9999 -9999
1962 03 22 00  -100  -161 10186   320    72     1 -9999 -9999
1962 03 22 06   -39  -128 10170   340    87     1 -9999 -9999
1962 03 22 09   -39 -9999 10174   360    41     1 -9999 -9999
1962 03 23 00   -78  -189 10141   320    51     6 -9999 -9999
1962 03 23 06   -28  -128 10125   340    41     6 -9999 -9999
1962 03 23 09   -39  -150 10127   360    21     6 -9999 -9999
1962 03 23 21  -128  -161 10132   290    51     6 -9999 -9999
1962 03 24 00  -111  -122 10145   320    41     6 -9999     6
1962 03 24 06   -50  -128 10159    20    31     4 -9999     6
1962 03 24 09   -50  -128 10175    20    62     2 -9999 -9999
1962 03 24 21  -139  -172 10188   320    51     8 -9999 -9999
1962 03 25 00  -111  -172 10197   320    72     6 -9999 -9999
1962 03 25 06   -72  -178 10175    20    41     1 -9999 -9999
1962 03 25 09   -72  -200 10163   360    31     1 -9999 -9999
1962 03 25 21  -189  -222 10113   220    21     2 -9999 -9999
1962 03 26 00  -128  -172 10104   160    21     6 -9999 -9999
1962 03 26 09   -50  -139 10092   140    41     7 -9999 -9999
1962 03 26 21  -128  -150 10116   320    41     8 -9999 -9999
1962 03 27 00   -89  -139 10127   320    72     8 -9999 -9999
1962 03 27 06   -39  -111 10124   340    98     7 -9999     6
1962 03 27 09   -39  -128 10142   340    87     7 -9999 -9999
1962 03 28 00  -100  -161 10194   320    98     1 -9999 -9999
1962 03 28 06   -39  -150 10195   290    72     1 -9999 -9999
1962 03 28 09   -50  -161 10204   340    82     0 -9999 -9999
1962 03 28 21  -172  -211 10197   290    62     0 -9999 -9999
1962 03 29 06     0  -122 10146   220    87     7 -9999 -9999
1962 03 29 09     0   -72 10129   250    72     7 -9999 -9999
1962 03 30 00   -22   -89 10055   200    41     7 -9999 -9999
1962 03 30 06    61   -89 10022   200    62     7 -9999 -9999
1962 03 30 09    39   -61 10019   140    51     7 -9999 -9999
1962 03 30 21     0   -50  9975   140    41     8 -9999 -9999
1962 03 31 00   -22   -50  9996   340    82     6 -9999 -9999
1962 03 31 06    39   -50 10029   270    51     6 -9999 -9999
1962 03 31 09    28   -39 10046   290    31     7 -9999 -9999
1962 03 31 21   -50  -100 10161   290    31     7 -9999 -9999
1962 04 01 00   -39  -128 10180   320    62     7 -9999 -9999
1962 04 01 06   -11  -189 10182   320    62     8 -9999 -9999
1962 04 01 09   -22  -178 10189   340    72     8 -9999 -9999
1962 04 01 21  -100  -139 10183   290    41     3 -9999 -9999
1962 04 02 00   -72  -178 10172   340    72     7 -9999 -9999
1962 04 02 06   -22  -111 10129   340    87     7 -9999 -9999
1962 04 02 09   -28  -122 10114   360    72     7 -9999 -9999
1962 04 03 00   -72  -161 10030   320    98     1 -9999 -9999
1962 04 03 06   -28  -122  9983   340    98     3 -9999 -9999
1962 04 03 21  -100  -189  9954   320    72     1 -9999 -9999
1962 04 04 00   -72 -9999  9956   320    98 -9999 -9999 -9999
1962 04 04 06   -11  -161  9954   320    87     1 -9999 -9999
1962 04 04 09   -11  -122  9971   320    87     1 -9999 -9999
1962 04 05 06    22  -211 10144   320    41     3 -9999 -9999
1962 04 05 09    11  -161 10164    20    21     7 -9999 -9999
1962 04 05 21   -61  -100 10177     0     0     8 -9999 -9999
1962 04 06 00   -39  -111 10172    40    31     8 -9999     6
1962 04 06 06   -28   -39 10154    20    31     8 -9999    40
1962 04 06 09   -22   -22 10158   340    51     8 -9999 -9999
1962 04 06 21   -28   -39 10165   320    21     8 -9999 -9999
1962 04 07 00   -39   -39 10159   320    51     8 -9999    70
1962 04 07 06   -11   -28 10177   340    72     2 -9999    10
1962 04 07 21   -78  -128 10205   320    62     0 -9999 -9999
1962 04 08 00   -28  -111 10227    40    31     0 -9999 -9999
1962 04 08 06    50   -61 10213   360    10     0 -9999 -9999
1962 04 08 09    28   -39 10211   110    31     0 -9999 -9999
1962 04 08 21  -100  -111 10192   210    41     3 -9999 -9999
1962 04 09 00    72   -28 10180   290    21     0 -9999 -9999
1962 04 09 06    50   -50 10158   360    21     8 -9999 -9999
1962 04 09 09    39   -61 10153    20    31     8 -9999 -9999
1962 04 09 21   -39   -61 10118   290    51     8 -9999 -9999
1962 04 10 00   -11   -22 10115   320    41     8 -9999 -9999
1962 04 10 06    72   -28 10089    90    21     8 -9999 -9999
1962 04 10 09    50   -28 10086   110    31     8 -9999 -9999
1962 04 10 21   -11   -28 10080   290    41     8 -9999 -9999
1962 04 11 00    22   -22 10085   340    21     8 -9999 -9999
1962 04 11 06    72   -11 10089   340    21     7 -9999 -9999
1962 04 11 09    50    11 10105     0     0     6 -9999 -9999
1962 04 11 21   -11   -72 10155   290    62     2 -9999 -9999
1962 04 12 00     0   -72 10168   320    62     2 -9999 -9999
1962 04 12 06    61   -50 10152   360    62     8 -9999 -9999
1962 04 12 09    50   -50 10155   360    31     7 -9999 -9999
1962 04 12 21   -28   -50 10137   320    21     2 -9999 -9999
1962 04 13 00    22   -22 10134   220    21     1 -9999 -9999
1962 04 13 06    89   -22 10099   140    21     1 -9999 -9999
1962 04 13 21   -39   -50 10053   180    10     1 -9999 -9999
1962 04 14 00    11   -22 10049   160    41     2 -9999 -9999
1962 04 14 06   122   -39 10006   200    62     8 -9999 -9999
1962 04 14 09   111   -28 10001   250    41     8 -9999 -9999
1962 04 14 21     0   -22 10027   320    31     3 -9999 -9999
1962 04 15 06   139   -11 10032   160    31     7 -9999 -9999
1962 04 15 09   122    11 10026   180    31     8 -9999 -9999
1962 04 15 21    89    11  9927   160    82     8 -9999 -9999
1962 04 16 00   111    11  9912   160   242     8 -9999 -9999
1962 04 16 06    89   -72  9967   200   159     6 -9999 -9999
1962 04 16 09    61  -100 10005   220   139     7 -9999 -9999
1962 04 17 00   -11   -61 10069   220    82     2 -9999 -9999
1962 04 17 06    39  -111 10064   220    98     7 -9999 -9999
1962 04 17 09    39  -122 10095   290    62     3 -9999 -9999
1962 04 17 21   -72  -111 10104   320    31     1 -9999 -9999
1962 04 18 00     0   -28 10106    70 -9999     0 -9999 -9999
1962 04 18 06    72  -128 10097   340    41     5 -9999 -9999
1962 04 18 09    72  -122 10089    70    21     6 -9999 -9999
1962 04 18 21   -50   -61 10116     0     0     1 -9999 -9999
1962 04 19 00    11   -78 10121   140    31     2 -9999 -9999
1962 04 19 06    89   -72 10078    90    31     2 -9999 -9999
1962 04 19 09    78   -72 10068    90    31     7 -9999 -9999
1962 04 19 21   -28   -61 10086   320    41     5 -9999 -9999
1962 04 20 00    28   -61 10092   320    31     4 -9999 -9999
1962 04 20 06   122   -89 10081    40    21     2 -9999 -9999
1962 04 20 09   128   -72 10074    70    21     4 -9999 -9999
1962 04 20 21     0   -50 10062   140    41     8 -9999 -9999
1962 04 21 06   189     0 10024   250    87     8 -9999 -9999
1962 04 21 09   139    22 10051   340    98     8 -9999 -9999
1962 04 22 00    11  -111 10182   340    87     1 -9999 -9999
1962 04 22 06    78  -139 10176   320    98     3 -9999 -9999
1962 04 22 21   -22  -100 10223   290    51     0 -9999 -9999
1962 04 23 00    72  -100 10222   290    21     1 -9999 -9999
1962 04 23 09   150   -22 10176   290    41     7 -9999 -9999
1962 04 23 21     0   -28 10195   320 -9999 -9999 -9999 -9999
1962 04 24 00    78   -22 10195   320    31     0 -9999 -9999
1962 04 24 06   211 -9999 10153   200    82     5 -9999 -9999
1962 04 24 09   189   -61 10122   220    62     8 -9999 -9999
1962 04 25 00   172   -89 10101   220    98     1 -9999 -9999
1962 04 25 06   222   -72 10068   220    98     4 -9999 -9999
1962 04 25 09   211   -78 10058   220    98     6 -9999 -9999
1962 04 25 21    28   -39 10032   160    51     1 -9999 -9999
1962 04 26 00   128     0 10031   160    72     7 -9999 -9999
1962 04 26 06   211   -50  9994   200    87     8 -9999 -9999
1962 04 26 09   189   -61  9991   200    82     8 -9999 -9999
1962 04 27 00    28    11 10024   320    51     8 -9999    20
1962 04 27 06    28    22 10055   320    41     8 -9999     6
1962 04 27 09    39     0 10084   180    51     8 -9999 -9999
1962 04 28 00    39  -122 10113   160    21     1 -9999 -9999
1962 04 28 06   128   -50 10102   340    31     1 -9999 -9999
1962 04 28 09   128   -39 10108    20    41     2 -9999 -9999
1962 04 28 21    11   -50 10164   320    41     2 -9999 -9999
1962 04 29 00    78   -39 10182   340    62     0 -9999 -9999
1962 04 29 06   128  -128 10177   360    82     1 -9999 -9999
1962 04 29 09   122   -28 10179   360    82     0 -9999 -9999
1962 04 30 00    72   -89 10187   340    62     1 -9999 -9999
1962 04 30 06   139   -72 10154    90    51     5 -9999 -9999
1962 04 30 09   139   -39 10141    90    51     6 -9999 -9999
1962 04 30 21     0   -22 10133   290    41     4 -9999 -9999
1962 05 01 00    61     0 10115 -9999 -9999 -9999 -9999 -9999
1962 05 01 06   161    22 10089   140    51     8 -9999     6
1962 05 01 09   111    72 10099   160    51     8 -9999 -9999
1962 05 01 21    39    28 10109   160    21     7 -9999 -9999
1962 05 02 00    89    50 10104   160    51     6 -9999 -9999
1962 05 02 06   122    28 10106   180    72     8 -9999     6
1962 05 02 09   128   -11 10104   180    51     8 -9999 -9999
1962 05 02 21    39    39 10089   340    21     8 -9999 -9999
1962 05 03 06    78    61 10046   320    72     8 -9999    30
1962 05 03 09    89    50 10042   320    62     7 -9999 -9999
1962 05 03 21    11     0 10032   270    82     7 -9999 -9999
1962 05 04 00    50    28 10025   270    21     8 -9999 -9999
1962 05 04 06   111    39  9991   140    41     8 -9999 -9999
1962 05 04 09    89    22  9988   320    41     8 -9999 -9999
1962 05 04 21    39    28  9980     0     0     8 -9999 -9999
1962 05 05 00    78    28  9988   180    41     6 -9999     3
1962 05 05 06    78    39 10004    70    31     7 -9999 -9999
1962 05 05 09    78    39 10020     0     0     7 -9999 -9999
1962 05 05 21    39    28 10078    20    31     8 -9999 -9999
1962 05 06 00    61    28 10105   360    51     7 -9999    10
1962 05 06 06   100    11 10106    20    41     7 -9999 -9999
1962 05 06 09   111    22 10105    20    31     6 -9999 -9999
1962 05 07 00   111    11 10123   320    31     1 -9999 -9999
1962 05 07 06   178   -50 10084    70    41     1 -9999 -9999
1962 05 07 09   178   -72 10070   160    51     1 -9999 -9999
1962 05 07 21    28     0 10049   160    21     8 -9999 -9999
1962 05 08 00    72    22 10006    20    21     8 -9999 -9999
1962 05 08 09   100    28 10005   200    87     8 -9999 -9999
1962 05 08 21    28    28  9988   160    10     6 -9999 -9999
1962 05 09 00    78    50  9986    70    21     8 -9999 -9999
1962 05 09 06   139    28  9963    40    51     8 -9999 -9999
1962 05 09 09   100    22  9966    40    98     8 -9999 -9999
1962 05 09 21    72    61  9950   320    51     7 -9999 -9999
1962 05 10 00    78    72  9966   320    41     8 -9999     6
1962 05 10 06   128    72  9967   160    31     7 -9999     6
1962 05 10 09   139    50  9976   110    41     6 -9999 -9999
1962 05 10 21    61    39  9975    90    62     7 -9999 -9999
1962 05 11 00    61    50  9974    90    62     8 -9999    20
1962 05 11 06   128    22  9984   180    41     6 -9999     6
1962 05 11 09   139   -11  9987   180    41     6 -9999 -9999
1962 05 11 21    28    22 10002   340    41     1 -9999 -9999
1962 05 12 00    89    61  9999   340    51     1 -9999 -9999
1962 05 12 06   111    50 10003   340    62     7 -9999    10
1962 05 12 09   150    39  9988   360    10     2 -9999 -9999
1962 05 12 21    39    22 10022   320    21     1 -9999 -9999
1962 05 13 06   200    22 10003   200    41     6 -9999 -9999
1962 05 13 09   200     0 10001   250    62     6 -9999 -9999
1962 05 13 21    61    28 10021   140    31     7 -9999 -9999
1962 05 14 00   150    39 10013   160    72     8 -9999 -9999
1962 05 14 09   200    72  9991    90    98     8 -9999 -9999
1962 05 14 21   100    72 10077   110    82     8 -9999 -9999
1962 05 15 06   128    61 10126   110    31     7 -9999     6
1962 05 15 09   161    78 10121   320    31     1 -9999 -9999
1962 05 15 21    78    50 10117   320    72     1 -9999 -9999
1962 05 16 00   161    72 10118   340    72     1 -9999 -9999
1962 05 16 06   228    11 10087    70    51     2 -9999 -9999
1962 05 16 09   228    28 10074    70    41     1 -9999 -9999
1962 05 16 21   100    39 10056   320    72     6 -9999 -9999
1962 05 17 00   139    72 10054   140    31     7 -9999 -9999
1962 05 17 06   261    39 10001   160    41     4 -9999 -9999
1962 05 17 09   261    50  9986   110    21     6 -9999 -9999
1962 05 17 21   161    61  9959   320    72     7 -9999 -9999
1962 05 18 00   189    89  9970   340    62     7 -9999 -9999
1962 05 18 06   239    78  9965    40    51     2 -9999 -9999
1962 05 18 09   239    78  9935    90    31     6 -9999 -9999
1962 05 18 21   150    89  9917   200    62     2 -9999 -9999
1962 05 19 00   211   111  9911   180    72     1 -9999 -9999
1962 05 19 06   272    78  9893   270    72     6 -9999     6
1962 05 19 09   150   -11  9944   340    98     7 -9999 -9999
1962 05 19 21    39   -50 10051   320    31     1 -9999 -9999
1962 05 20 00    89   -61 10067   340    51     1 -9999 -9999
1962 05 20 06   128   -39 10052    20    10     5 -9999 -9999
1962 05 20 09   128   -78 10057    40    41     6 -9999 -9999
1962 05 20 21   122   -11 10103   320    41     1 -9999 -9999
1962 05 21 00   111   -61 10107    70    51     1 -9999 -9999
1962 05 21 06   161   -89 10091    70    41     4 -9999 -9999
1962 05 21 09   161   -78 10088    90    62     2 -9999 -9999
1962 05 21 21    72   -22 10127   320    31     3 -9999 -9999
1962 05 22 00   122   -22 10134    90    31     1 -9999 -9999
1962 05 22 06   128     0 10154   340    98     6 -9999 -9999
1962 05 22 09   122   -28 10163   340    72     7 -9999 -9999
1962 05 22 21    22   -11 10188   290    41     6 -9999 -9999
1962 05 23 00   122     0 10175   320    10     3 -9999 -9999
1962 05 23 06   189   -61 10119   160    31     2 -9999 -9999
1962 05 23 09   178   -50 10093   160    87     7 -9999 -9999
1962 05 23 21    50    28 10079   320    31     6 -9999 -9999
1962 05 24 00   122    39 10069   320    21     6 -9999 -9999
1962 05 24 06   211    11 10004   140    41     8 -9999 -9999
1962 05 24 09   200    39  9977    90    41     7 -9999 -9999
1962 05 24 21   100    89  9898   340    82     8 -9999 -9999
1962 05 25 00   100    72  9909   320    72     7 -9999     3
1962 05 25 06   122    39  9961   340    87     7 -9999     5
1962 05 25 09   150    50  9973   270   118     6 -9999 -9999
1962 05 25 21    89   -39 10008   360    72     1 -9999 -9999
1962 05 26 00   122   -22 10012   270    98     1 -9999 -9999
1962 05 26 06   150  -128 10007   270    98     7 -9999 -9999
1962 05 26 09   150   -11 10015   290    98     7 -9999 -9999
1962 05 26 21    78   -39 10026   290    62     1 -9999 -9999
1962 05 27 00   178   -61 10019   270    41     6 -9999 -9999
1962 05 27 09   200   -28  9988   290    62     7 -9999 -9999
1962 05 27 21   100    28  9977   320    31     8 -9999 -9999
1962 05 28 00    78    50  9986   320    51     8 -9999    20
1962 05 28 06   139    78  9995    70    31     7 -9999     6
1962 05 28 09   139    39 10009    70    82     4 -9999 -9999
1962 05 28 21    72    39 10015   290    41     6 -9999 -9999
1962 05 29 00   139    39 10018   320    62     7 -9999     6
1962 05 29 06   189    28 10013   340    31     6 -9999     6
1962 05 29 09   200    11 10014   340    82     3 -9999 -9999
1962 05 29 21    72 -9999 10065   320    62     1 -9999 -9999
1962 05 30 00   172    28 10070   320    41     1 -9999 -9999
1962 05 30 06   228    22 10055    40    41     8 -9999 -9999
1962 05 30 09   222    22 10048   110    31     8 -9999 -9999
1962 05 30 21   100    61 10056   340    10     1 -9999 -9999
1962 05 31 00   139    61 10056    90    10     7 -9999     6
1962 05 31 06   261    61 10015   110    62     6 -9999 -9999
1962 05 31 09   228    61 10006    90    87     6 -9999 -9999
1962 05 31 21   111    78 10049    90    21     6 -9999 -9999
1962 06 01 00   178    89 10049   140    72     7 -9999 -9999
1962 06 01 06   211   122 10020   110    87     8 -9999     6
1962 06 01 21   111    72 10021   290    51     1 -9999 -9999
1962 06 02 00   172    61 10022   290    62     1 -9999 -9999
1962 06 02 06   250    28 10010   140    41     3 -9999 -9999
1962 06 02 09   228    11 10012   140    31     7 -9999 -9999
1962 06 02 21    78    72 10050   320    31     5 -9999 -9999
1962 06 03 00   161   122 10054    20    41     1 -9999 -9999
1962 06 03 06   228    50 10055    70    31     7 -9999 -9999
1962 06 03 09   228   100 10036    70    31     6 -9999 -9999
1962 06 03 21   139   111 10065   180    41     7 -9999 -9999
1962 06 04 00   172   122 10064   140    87     7 -9999 -9999
1962 06 04 09   228    61 10028   110    82     7 -9999 -9999
1962 06 04 21   139    89 10054   110    31     7 -9999 -9999
1962 06 05 00   172    78 10056    90    51     7 -9999 -9999
1962 06 05 06   189    78 10047    40    62     8 -9999     6
1962 06 05 09   200    78 10057    40    82     8 -9999 -9999
1962 06 05 21    89    50 10060   340    62     3 -9999 -9999
1962 06 06 00   139    50 10068   360    72     2 -9999 -9999
1962 06 06 06   200 -9999 10053    40    21     6 -9999 -9999
1962 06 06 09   222    61 10049   360    41     1 -9999 -9999
1962 06 06 21   111    61 10060   180    21     1 -9999 -9999
1962 06 07 00   222    50 10061   270    41     1 -9999 -9999
1962 06 07 06   261    28 10044   110    51     2 -9999 -9999
1962 06 07 09   261    50 10040   140    41     1 -9999 -9999
1962 06 08 00   211   100 10069   200    21     1 -9999 -9999
1962 06 08 06   272    72 10041   180    62     5 -9999 -9999
1962 06 08 09   261    72 10039   220    62     2 -9999 -9999
1962 06 08 21   128    89 10031   180    41     3 -9999 -9999
1962 06 09 00   222   100 10026   220    62     3 -9999 -9999
1962 06 09 06   278    78 10003   220    98     1 -9999 -9999
1962 06 09 09   272    89  9998   220    87     1 -9999 -9999
1962 06 10 00   222   100  9983   220   139     4 -9999 -9999
1962 06 10 06   278   111  9972   220    98     1 -9999 -9999
1962 06 10 09   272    89  9966   220   118     3 -9999 -9999
1962 06 10 21   139   100  9928   180    31     2 -9999 -9999
1962 06 11 00   200   111  9923   200    31     6 -9999 -9999
1962 06 11 06   261   122  9916   270    87     7 -9999     6
1962 06 11 09   239    72  9931   270    98     6 -9999 -9999
1962 06 11 21   122    39 10015   320    98     7 -9999 -9999
1962 06 12 00   122    50 10034   340    62     7 -9999     6
1962 06 12 06   161    50 10038   340    41 -9999 -9999 -9999
1962 06 12 09   161    72 10046     0     0     7 -9999 -9999
1962 06 12 21   100    72 10076   320    51     7 -9999 -9999
1962 06 13 00   139    50 10096   320    82     7 -9999 -9999
1962 06 13 06   200    28 10085   290    31     7 -9999     6
1962 06 13 09   200    39 10077   360    31     3 -9999 -9999
1962 06 13 21   100    50 10092   320    10     3 -9999 -9999
1962 06 14 00   200    78 10082   220    72     1 -9999 -9999
1962 06 14 06   239    39 10052   220    51     7 -9999 -9999
1962 06 14 09   211    78 10035   220    62     8 -9999 -9999
1962 06 14 21   150   100 10016   320    62     6 -9999 -9999
1962 06 15 00   178   111 10031   340    98     7 -9999 -9999
1962 06 15 06   222    72 10068   340    87     7 -9999 -9999
1962 06 15 09   222    78 10084   340    72     7 -9999 -9999
1962 06 15 21   128    72 10131   270    41     7 -9999 -9999
1962 06 16 00   189    89 10139   320    31     7 -9999 -9999
1962 06 16 06   189   111 10131   290    41     8 -9999     6
1962 06 16 09   139   122 10133   270    51     8 -9999 -9999
1962 06 16 21   122   122 10090   360    21     8 -9999 -9999
1962 06 17 00   122   122 10084   360    21     8 -9999   120
1962 06 17 06   178   139 10067   320    51     7 -9999    10
1962 06 17 09   189   122 10068   340    51     7 -9999 -9999
1962 06 17 21   111    50 10122   320    62     1 -9999 -9999
1962 06 18 00   150    39 10126   320    98     1 -9999 -9999
1962 06 18 09   222    61 10089   340    82     2 -9999 -9999
1962 06 18 21   128    78 10062    20    21     1 -9999 -9999
1962 06 19 00   228   100 10044   270    82     1 -9999 -9999
1962 06 19 06   300    89 10020   250    72     7 -9999 -9999
1962 06 19 09   289   111 10010   250    82     7 -9999 -9999
1962 06 19 21   172   122 10034     0     0     7 -9999 -9999
1962 06 20 00   222   128 10045   140    31     8 -9999 -9999
1962 06 20 06   261   150 10048   140    21     8 -9999 -9999
1962 06 20 09   250   139 10053   110    21     8 -9999 -9999
1962 06 20 21   161   128 10093   320    31     8 -9999 -9999
1962 06 21 06   278   128 10105    90    41     7 -9999 -9999
1962 06 21 09   272   139 10110   140    41     7 -9999 -9999
1962 06 21 21   161   150 10140   320    31     7 -9999 -9999
1962 06 22 00   222   161 10142   320    10     6 -9999 -9999
1962 06 22 06   278   150 10113   140    21     6 -9999 -9999
1962 06 22 09   278   161 10102     0     0     7 -9999 -9999
1962 06 22 21   172   139 10096   320    41     2 -9999 -9999
1962 06 23 00   228   161 10101   320    51     3 -9999 -9999
1962 06 23 06   289   172 10090    70    62     7 -9999 -9999
1962 06 23 09   278   150 10080    20    87     6 -9999 -9999
1962 06 23 21   139   111 10097   270    21     6 -9999 -9999
1962 06 24 00   222   139 10090   320    41     1 -9999 -9999
1962 06 24 06   272   161 10059     0     0     6 -9999     6
1962 06 24 09   272   111 10044    70    41     5 -9999 -9999
1962 06 24 21   150   122 10068   320    51     5 -9999 -9999
1962 06 25 00   200   111 10065    20    72     2 -9999     6
1962 06 25 06   228    72 10064    40    87     2 -9999 -9999
1962 06 25 09   222    89 10066    40    72     1 -9999 -9999
1962 06 25 21   111    78 10072   290    51     2 -9999 -9999
1962 06 26 00   139    78 10072   340    41 -9999 -9999     6
1962 06 26 06   211   122 10047   360    31     7 -9999     6
1962 06 26 09   228   111 10040    90    31     6 -9999 -9999
1962 06 26 21   122   100 10044     0     0     4 -9999 -9999
1962 06 27 00   189   150 10038     0     0     7 -9999 -9999
1962 06 27 06   239   111 10022   140    21     7 -9999     6
1962 06 27 09   239   111 10007   140    31     7 -9999 -9999
1962 06 27 21   150   122 10008   250    21     1 -9999 -9999
1962 06 28 00   222   150 10000   160    10     1 -9999 -9999
1962 06 28 06 -9999 -9999 -9999   290    41     2 -9999 -9999
1962 06 28 09   222   122  9960   290    72     3 -9999 -9999
1962 06 28 21   189   128  9961   270    31     6 -9999 -9999
1962 06 29 00   250   161  9957   360    31     4 -9999 -9999
1962 06 29 06   272   161 -9999    70    21     7 -9999     6
1962 06 29 09   211   172  9949   320    82     8 -9999 -9999
1962 06 29 21   128    11 10035   340    62     2 -9999 -9999
1962 06 30 00   161   -22 10049   340    82 -9999 -9999 -9999
1962 06 30 06   228     0 10057   300    62     4 -9999 -9999
1962 06 30 09   228    11 10036   320    62     2 -9999 -9999
1962 06 30 21   100 -9999 10073   320    41     1 -9999 -9999
1962 07 01 00   189    78 10080   350    31     1 -9999 -9999
1962 07 01 06   250    50 10061   180    21     1 -9999 -9999
1962 07 01 09   261    50 10056   160    21     1 -9999 -9999
1962 07 01 21   111    72 10066   320    41     6 -9999 -9999
1962 07 02 00   211   100 10067     0     0     7 -9999 -9999
1962 07 02 06   272    61 10050   140    31     5 -9999 -9999
1962 07 02 09   222    89 10036   110    10     8 -9999 -9999
1962 07 02 21   139   111 10043   290    31     2 -9999 -9999
1962 07 03 00 -9999 -9999 10037    90    21     3 -9999 -9999
1962 07 03 06   278   161 10022   180    62     7 -9999 -9999
1962 07 03 09   250   172 10008   290    41     7 -9999 -9999
1962 07 03 21   172   150 10015   160    31     6 -9999 -9999
1962 07 04 00   222   178 10014   160    41     6 -9999 -9999
1962 07 04 06   228   189 10004   160    41     7 -9999     6
1962 07 04 09   272   178  9991   140    51     6 -9999 -9999
1962 07 04 21   172   161 10008   160    31     7 -9999 -9999
1962 07 05 00   211   178 10012   160    62     6 -9999 -9999
1962 07 05 06   278   222 10012   160    62     7 -9999 -9999
1962 07 05 21   161   150 10062   160    31     7 -9999 -9999
1962 07 06 00   200   161 10075   140    31     7 -9999 -9999
1962 07 06 09   200   178 10063   180    21     7 -9999 -9999
1962 07 06 21   161   150 10075   110    21     6 -9999 -9999
1962 07 07 06   189   178 10066   180    72     8 -9999   150
1962 07 07 09   178   178 10061   140    72     7 -9999 -9999
1962 07 08 06   172   161 10085   140    51     8 -9999    20
1962 07 08 09   189   172 10082   140    51     7 -9999 -9999
1962 07 08 21   150   150 10103   140    41     8 -9999 -9999
1962 07 09 00   172   161 10110     0     0     8 -9999     6
1962 07 09 06   228   178 10110   140    41     7 -9999     6
1962 07 09 09   239   172 10104    90    31     7 -9999 -9999
1962 07 09 21   161   150 10106    90    21     7 -9999 -9999
1962 07 10 00   189   161 10095    70    31     7 -9999 -9999
1962 07 10 06   178   172 10068    70    62     8 -9999    10
1962 07 10 09   172   172 10060    70    62     8 -9999 -9999
1962 07 10 21   172   161 10041   340    41     7 -9999 -9999
1962 07 11 00   211   178 10037   340    62     4 -9999 -9999
1962 07 11 06   272   161 10008   360    51     3 -9999 -9999
1962 07 11 09   172   161 10006    20    21     1 -9999 -9999
1962 07 11 21   178   139 10012   340    51     1 -9999 -9999
1962 07 12 00   228   161 10019   340    41     0 -9999 -9999
1962 07 12 06   289   189 10005    20    51     1 -9999 -9999
1962 07 12 09   189   178 10002   140    21     0 -9999 -9999
1962 07 12 21   178   172 10025   340    21     1 -9999 -9999
1962 07 13 00   261   189 10037   140    21     1 -9999 -9999
1962 07 13 09   200   189 10023   160    51     7 -9999 -9999
1962 07 13 21   178   178 10059   160    21     8 -9999 -9999
1962 07 14 00   222   189 10056   140    51     7 -9999     6
1962 07 14 06   239   222 10060     0     0     8 -9999    10
1962 07 14 09   222   200 10054   200    41     7 -9999 -9999
1962 07 14 21   200   189 10038   180    31     8 -9999 -9999
1962 07 15 00   200   200 10038   160    51     8 -9999 -9999
1962 07 15 06   250   200 10013   160    72     7 -9999 -9999
1962 07 15 09   250   211 10006   160    72     6 -9999 -9999
1962 07 16 00   200   200 10025   340    21     7 -9999     6
1962 07 16 06   228   211 10013   340    21     7 -9999    10
1962 07 16 09   272   189 10007   250    31     6 -9999 -9999
1962 07 16 21   200   189 10015   160    10     5 -9999 -9999
1962 07 17 00   239   200 10011   160    10     6 -9999 -9999
1962 07 17 06   261   222  9981   140    82     7 -9999 -9999
1962 07 17 09   189   178  9975   180    21     8 -9999 -9999
1962 07 17 21   189   189  9931   160    31     8 -9999 -9999
1962 07 18 00   222   200  9931   160    51     7 -9999     3
1962 07 18 06   200   200  9930   200    21     8 -9999   130
1962 07 18 09   211   189  9948   200    51     7 -9999 -9999
1962 07 18 21   178   178  9961   140    21     7 -9999 -9999
1962 07 19 00   211   178  9963   140    41     7 -9999     5
1962 07 19 06   189   178  9962   140    21     7 -9999   100
1962 07 19 09   200   189  9958   140    62     7 -9999 -9999
1962 07 20 00   189   178  9982    90    31     8 -9999    20
1962 07 20 06   228   189  9985    90    51     7 -9999     6
1962 07 20 09 -9999 -9999 -9999   110    62 -9999 -9999 -9999
1962 07 21 00   222   189 10028    20    31     7 -9999 -9999
1962 07 21 06   228   189 10022    40    31     7 -9999     6
1962 07 21 09   239   178 10026    70    21     7 -9999 -9999
1962 07 21 21   178   172 10075   340    21     8 -9999 -9999
1962 07 22 00   200   189 10084   110    21     8 -9999     5
1962 07 22 06   239   172 10101    70    41     7 -9999 -9999
1962 07 22 09   239   178 10093   140    31     7 -9999 -9999
1962 07 22 21   161   150 10130   290    21     1 -9999 -9999
1962 07 23 00   211    78 10135   220    21     1 -9999 -9999
1962 07 23 06   239   189 10126   110    41     7 -9999 -9999
1962 07 23 09   228   178 10115   110    41     7 -9999 -9999
1962 07 23 21   172   172 10121   340    21     7 -9999 -9999
1962 07 24 00   211   178 10126   340    10     7 -9999 -9999
1962 07 24 06   261   178 10109   180    21     6 -9999 -9999
1962 07 24 09   272   178 10108    90    21     2 -9999 -9999
1962 07 25 00   211   189 10134   290    31     8 -9999     6
1962 07 25 06   250   211 10118   140    21     8 -9999 -9999
1962 07 25 09   250   222 10113   140    10     8 -9999 -9999
1962 07 26 00   211   200 10070   140    31     8 -9999   150
1962 07 26 06   211   211 10039   110    31     8 -9999    30
1962 07 26 09   222   211 10003   110    51     8 -9999 -9999
1962 07 27 00   222   211  9951   160    31     7 -9999     3
1962 07 27 06   261   222  9937   160    21     7 -9999     6
1962 07 27 09   228   222  9931    70    51     7 -9999 -9999
1962 07 27 21   189   189  9943   290    21     9 -9999 -9999
1962 07 28 00   200   200  9944    70    10     8 -9999     6
1962 07 28 06   239   211  9941    40    51     7 -9999     6
1962 07 28 09   222   211  9949    70    31     8 -9999 -9999
1962 07 29 00   172   172  9982   340    87     8 -9999    40
1962 07 29 06   172   161  9992   340    72     8 -9999    10
1962 07 29 09   161   161 10013   340    82     8 -9999 -9999
1962 07 29 21   150   139 10045   340    51 -9999 -9999 -9999
1962 07 30 00   150   139 10057   360    72     8 -9999     6
1962 07 30 06   172   139 10069   340    72     8 -9999     6
1962 07 30 09   172   139 10072   340    41     8 -9999 -9999
1962 07 31 00   172   150 10102   320    31     8 -9999     6
1962 07 31 06   211   161 10091   360    21     8 -9999 -9999
1962 07 31 09   272   161 10087     0     0     7 -9999 -9999
1962 08 01 00   172   172 10100   360    21     7 -9999 -9999
1962 08 01 06   222   161 10075    70    10     6 -9999    30
1962 08 01 09   222   161 10079    20    31     6 -9999 -9999
1962 08 02 00   178   139 10105   320    31     6 -9999 -9999
1962 08 02 06   211   172 -9999   110    10     4 -9999 -9999
1962 08 02 09   222   161 10089   340    10     3 -9999 -9999
1962 08 02 21   128   122 10086   320    31     6 -9999 -9999
1962 08 03 00   178   150 10094   220    41     2 -9999 -9999
1962 08 03 06   239   172 10079   320    31     7 -9999 -9999
1962 08 03 09   228   178 10080   320    21     8 -9999 -9999
1962 08 04 00   200   172 10095   320    41     7 -9999     6
1962 08 04 06   261   139 10078    70    31     8 -9999 -9999
1962 08 04 09   250   150 10072   110    31     3 -9999 -9999
1962 08 04 21   239   139 10076   320    21     1 -9999 -9999
1962 08 05 00   200   150 10078   320    41     1 -9999 -9999
1962 08 05 06   250   150 10058   140    10     7 -9999 -9999
1962 08 05 09   239   178 10050   200    21     7 -9999 -9999
1962 08 05 21   172   150 10061   340    31     7 -9999 -9999
1962 08 06 00   222   172 10060   290    31     6 -9999 -9999
1962 08 06 06   239   161 10058   180    31 -9999 -9999 -9999
1962 08 06 09   222   172 10052   340    51     6 -9999 -9999
1962 08 07 00   211   172 10092   320    21     0 -9999 -9999
1962 08 07 06   289   172 10076   320    21     2 -9999 -9999
1962 08 07 09   278   178 10074   320    21     1 -9999 -9999
1962 08 07 21   161   139 10085   290    10     0 -9999 -9999
1962 08 08 00   228   189 10078   200    21     1 -9999 -9999
1962 08 08 06   300   172 10044   200    51 -9999 -9999 -9999
1962 08 08 09   278   178 10029   200    41     1 -9999 -9999
1962 08 08 21   178   178 10024   320    41     8 -9999 -9999
1962 08 09 06   239   150 10025   340    51     1 -9999 -9999
1962 08 09 09   228   139 10025   340    41     1 -9999 -9999
1962 08 09 21   161   128 10036   320    51     6 -9999 -9999
1962 08 10 00   189   139 10043   320    51     2 -9999 -9999
1962 08 10 06   239   150 10039   340    31     1 -9999 -9999
1962 08 10 09   239   139 10039   340    21     1 -9999 -9999
1962 08 11 06   228   161 10031   200    51     8 -9999 -9999
1962 08 11 09   200   161 10032   200    51     8 -9999 -9999
1962 08 11 21   150   139 10047   290    41     7 -9999 -9999
1962 08 12 06   211   150 10069   320    21     7 -9999 -9999
1962 08 12 09   211   139 10078   290    21     7 -9999 -9999
1962 08 12 21   128   111 10088   290    21     8 -9999 -9999
1962 08 13 00   161   122 10085   320    21     8 -9999 -9999
1962 08 13 06   150   139 10067   340    10     8 -9999    30
1962 08 13 09   128   122 10060   360    21     8 -9999 -9999
1962 08 14 00   161   139 10032   320    51     8 -9999    10
1962 08 14 06   222   139 10048   340    51     7 -9999     6
1962 08 14 09   222   139 10063   340    72     3 -9999 -9999
1962 08 14 21   100    89 10107   290    31     1 -9999 -9999
1962 08 15 00   178   139 10099   160    21     1 -9999 -9999
1962 08 15 06   228   122 10071   140    51     2 -9999 -9999
1962 08 15 09   222   139 10053   140    31     2 -9999 -9999
1962 08 15 21   111    89 10025   180    41     1 -9999 -9999
1962 08 16 00   172   100 10025   250    72     4 -9999 -9999
1962 08 16 06   222   128 10014   200    72     7 -9999 -9999
1962 08 16 09   189   111 10010   180    51     4 -9999 -9999
1962 08 17 00   161   128 10045   290    62     7 -9999     3
1962 08 17 06   211   128 10065   320    51 -9999 -9999     6
1962 08 17 09   211   128 10084   320    31     4 -9999 -9999
1962 08 17 21   100   100 10100   180    21     1 -9999 -9999
1962 08 18 00   189   150 10105   140    21     1 -9999 -9999
1962 08 18 06   278   161 10088   250    62     0 -9999 -9999
1962 08 18 09   261   172 10095   220    21     1 -9999 -9999
1962 08 18 21   161   139 10066   180    31     7 -9999 -9999
1962 08 19 00   178   150 10057   180    51     7 -9999    10
1962 08 19 06   261   161 10037   250    72     6 -9999     6
1962 08 19 09   250   189 10034   320    10     6 -9999 -9999
1962 08 19 21   161   150 10052   340    31     7 -9999 -9999
1962 08 20 00   189   172 10052   320    31     2 -9999 -9999
1962 08 20 06   222   178 10043   290    21     7 -9999     5
1962 08 20 09   239   172 10040    70    21     7 -9999 -9999
1962 08 20 21   172   172 10049   320    41     8 -9999 -9999
1962 08 21 00   178   172 10058   290    31     8 -9999     3
1962 08 21 06   211   172 10066   360    21     7 -9999 -9999
1962 08 21 09   211   172 10072    70    31     7 -9999 -9999
1962 08 21 21   150   139 10103   340    41     7 -9999 -9999
1962 08 22 00   161   139 10114   340    51     7 -9999 -9999
1962 08 22 06   228   150 10113   360    51     6 -9999 -9999
1962 08 22 09   222   139 10114    20    31     2 -9999 -9999
1962 08 23 00   172   128 10161   340    31     1 -9999 -9999
1962 08 23 06   189   150 10152   360    72     2 -9999 -9999
1962 08 23 09   178   161 10157   340    51     6 -9999 -9999
1962 08 23 21   111   100 10183   340    10     6 -9999 -9999
1962 08 24 00   161   128 10181   290    10     7 -9999 -9999
1962 08 24 06   200   161 10152   110    31     7 -9999     3
1962 08 24 21   111   111 10201   200    31     7 -9999 -9999
1962 08 25 06   122   111 10183   200    10     8 -9999    30
1962 08 25 09   122   122 10179   160    10     7 -9999 -9999
1962 08 25 21   100   100 10183   320    31     7 -9999 -9999
1962 08 26 00   128   100 10186    40    41     7 -9999 -9999
1962 08 26 06   161    72 10168    20    51     6 -9999 -9999
1962 08 26 09   161    78 10167    20    31     2 -9999 -9999
1962 08 26 21    78    72 10142   290    41     5 -9999 -9999
1962 08 27 00   128   111 10139   320    51     6 -9999 -9999
1962 08 27 06   161   150 10122    40    21     8 -9999    70
1962 08 27 09   178   161 10116    40    21     8 -9999 -9999
1962 08 27 21   139   128 10098    70    62     8 -9999 -9999
1962 08 28 00   150   139 10096    90    51     8 -9999    50
1962 08 28 06   161   150 10080    70    41     8 -9999    20
1962 08 28 09   150   150 10071    20    41     8 -9999 -9999
1962 08 29 00   150   150 10064    90    10     8 -9999    80
1962 08 29 06   161   150 10051   110    10     8 -9999   170
1962 08 29 09   161   150 10051    70    21     8 -9999 -9999
1962 08 29 21   150   150 10091    20    21     8 -9999 -9999
1962 08 30 00   161   150 10100    70    31     8 -9999    20
1962 08 30 06   189   172 10104    70    31     7 -9999    20
1962 08 30 09   189   172 10106    40    31     7 -9999 -9999
1962 08 31 00   161   150 10149   110    31     7 -9999    10
1962 08 31 06   172   161 10149    90    41     8 -9999    30
1962 08 31 09   172   150 10152    90    41     8 -9999 -9999
1962 08 31 21   139   139 10164    70    21     8 -9999 -9999
1962 09 01 00   139   128 10163    70    31     8 -9999    40
1962 09 01 06   161   150 10138    70    31     8 -9999    80
1962 09 01 09   161   150 10138    70    21     8 -9999 -9999
1962 09 01 21   150   150 10135   160    41     8 -9999 -9999
1962 09 02 00   161   150 10140    20    31     8 -9999    10
1962 09 02 06   178   161 10121    50    21     7 -9999    10
1962 09 02 09   172   161 10118    40    10     7 -9999 -9999
1962 09 02 21   150   150 10123   320    31     7 -9999 -9999
1962 09 03 00   161   161 10130     0     0     8 -9999     6
1962 09 03 06   200   161 10113    90    21     7 -9999     6
1962 09 03 09   172   161 10118   320    21     7 -9999 -9999
1962 09 03 21   122   122 10129   330    31     9 -9999 -9999
1962 09 04 00   161   150 10134   340    41     4 -9999 -9999
1962 09 04 06   228   161 10119   340    31     6 -9999 -9999
1962 09 04 09   211   172 10121   320    21     6 -9999 -9999
1962 09 05 00   172   172 10151   320    31     1 -9999 -9999
1962 09 05 06   239   139 10131   140    41     2 -9999 -9999
1962 09 05 09   222   161 10133   180    31     2 -9999 -9999
1962 09 06 00   172   161 10144   160    51     2 -9999 -9999
1962 09 06 06   150   139 10129 -9999    31     8 -9999    30
1962 09 06 09   161   128 10136   250    51     8 -9999 -9999
1962 09 06 21   100    89 10122     0     0     2 -9999 -9999
1962 09 07 00   128   122 10114   180    21     9 -9999     6
1962 09 07 06   172   122 10087    70    31 -9999 -9999     3
1962 09 07 09   128   122 10094   340    31     7 -9999 -9999
1962 09 07 21   100    89 10077   290    31     7 -9999 -9999
1962 09 08 00   128   111 10078   340    41     7 -9999 -9999
1962 09 08 06   161   100 10057   340    72     3 -9999 -9999
1962 09 08 09   139   139 10056   320    51     3 -9999 -9999
1962 09 08 21   128   100 10034   320    62     8 -9999 -9999
1962 09 09 00   122   100 10034   290    41     8 -9999     6
1962 09 09 06   128   128 10018    20    41     8 -9999   110
1962 09 09 09   139   128 10034   320    31     8 -9999 -9999
1962 09 09 21   111   111 10056   340    51     8 -9999 -9999
1962 09 10 00   111    89 10068   360    82     8 -9999 -9999
1962 09 10 06   172   100 10074   340    62     7 -9999     6
1962 09 10 09   172   122 10085   160    21     7 -9999 -9999
1962 09 10 21    89    50 10099   340    51     1 -9999 -9999
1962 09 11 00   111    61 10104   340    51     1 -9999 -9999
1962 09 11 06   189    89 10087   320    31     3 -9999 -9999
1962 09 11 09   178    78 10099    40    31     2 -9999 -9999
1962 09 11 21   161   150 10104   290    21     2 -9999 -9999
1962 09 12 00   100    78 10113   290    21     2 -9999 -9999
1962 09 12 06   200    78 10094   260    31 -9999 -9999 -9999
1962 09 12 09   178   111 10093   250    21     6 -9999 -9999
1962 09 12 21    89    78 10094   220    21     7 -9999 -9999
1962 09 13 00   111    78 10095   200    31     8 -9999    30
1962 09 13 06   150   139 10066   140    51     8 -9999    50
1962 09 13 09   139   139 10061   160    41     7 -9999 -9999
1962 09 13 21   100    89 10062   180    41     7 -9999 -9999
1962 09 14 00   122    89 10069   200    41     6 -9999     6
1962 09 14 06   178    78 10075   220    62     7 -9999 -9999
1962 09 14 09   161   111 10085   220    51     4 -9999 -9999
1962 09 15 00   150    89 10142   270    21     3 -9999 -9999
1962 09 15 06   211   100 10133    90    41     1 -9999 -9999
1962 09 15 09   189   122 10140   140    21     4 -9999 -9999
1962 09 15 21    89    78 10162   320    41     1 -9999 -9999
1962 09 16 00   122   111 10163   320    10     6 -9999 -9999
1962 09 16 06   189   128 10147   160    51     8 -9999     5
1962 09 16 09   178   139 10146   110    21     8 -9999 -9999
1962 09 16 21   122   111 10110   140    41     8 -9999 -9999
1962 09 17 00   161   150 10110   160    41     9 -9999 -9999
1962 09 17 06   228   178 10079   160    72     8 -9999 -9999
1962 09 17 09   211   178 10070   160    51     8 -9999 -9999
1962 09 17 21   111   100 10092   320    62     8 -9999 -9999
1962 09 18 00   122   111 10100   340    41     8 -9999    10
1962 09 18 06   189    50 10079   340    51     2 -9999     6
1962 09 19 00    89    28 10118   320    51     1 -9999 -9999
1962 09 19 06   150    28 10097   360    21     1 -9999 -9999
1962 09 19 09   139    61 10077   140    21     4 -9999 -9999
1962 09 19 21    89    78 10021   140    21     8 -9999 -9999
1962 09 20 00   111   100 10015   140    31     8 -9999    20
1962 09 20 06   172    11 10012   220    82     4 -9999     6
1962 09 20 09   150    22 10033   220    62     2 -9999 -9999
1962 09 20 21    72    50 10010   290    10     7 -9999 -9999
1962 09 21 00    89    28 10011   250    72     2 -9999     6
1962 09 21 06   111     0 10020   250    98     7 -9999     6
1962 09 21 09   100     0 10031   250    98     7 -9999 -9999
1962 09 21 21    39    22 10056   270    82     8 -9999 -9999
1962 09 22 00    61     0 10075   320    82     7 -9999     5
1962 09 22 06   100   -22 10093   290    82     7 -9999 -9999
1962 09 22 09    78   -11 10114   340    62     7 -9999 -9999
1962 09 22 21    28   -39 10125   320    98     1 -9999 -9999
1962 09 23 00    50   -39 10131   320    87     1 -9999 -9999
1962 09 23 06   111   -72 10105   360    72     3 -9999 -9999
1962 09 23 09    78     0 10113   320    21     3 -9999 -9999
1962 09 23 21    22   -22 10131   320    41     1 -9999 -9999
1962 09 24 00    61   -11 10139   320    87     1 -9999 -9999
1962 09 24 06   111   -28 10129   340    72     5 -9999 -9999
1962 09 24 09    89   -22 10136   340    62     6 -9999 -9999
1962 09 24 21    28   -39 10142   290    62     1 -9999 -9999
1962 09 25 00    89   -28 10147   320    41     0 -9999 -9999
1962 09 25 06   172   -11 10109   320    21     1 -9999 -9999
1962 09 25 09   139    11 10107   290    31     1 -9999 -9999
1962 09 25 21    50   -22 10104   290    62     1 -9999 -9999
1962 09 26 00   111   -11 10113   320    41     8 -9999 -9999
1962 09 26 06   172   -11 10106    20    51     6 -9999 -9999
1962 09 26 09   128    22 10110    70    31     7 -9999 -9999
1962 09 26 21    72    22 10077    40    72     8 -9999 -9999
1962 09 27 00    78    22 10054    70    51     8 -9999 -9999
1962 09 27 06   100    50 10027   360    41     8 -9999 -9999
1962 09 27 09    72    61 10014    20    51     8 -9999 -9999
1962 09 27 21    39    28  9961   340    87     7 -9999 -9999
1962 09 28 00    61   -11  9985   340   118     7 -9999    40
1962 09 28 06   111   -11 10036   340   139     1 -9999 -9999
1962 09 28 09    78   -50 10075   340   139     1 -9999 -9999
1962 09 28 21    11   -89 10160   320    51     1 -9999 -9999
1962 09 29 00    28   -72 10178   320    98     0 -9999 -9999
1962 09 29 06    78   -89 10174   340    87     1 -9999 -9999
1962 09 29 09    72   -39 10181   360    31     0 -9999 -9999
1962 09 29 21   -11   -22 10147    90    10     6 -9999 -9999
1962 09 30 00    28     0 10142   110    10     7 -9999 -9999
1962 09 30 06   128    39 10103   250    21     8 -9999     6
1962 09 30 09   100    61 10092   140    31     8 -9999 -9999
1962 09 30 21    50    28 10076   160    31     1 -9999 -9999
1962 10 01 00   122    39 10067   220    51     7 -9999 -9999
1962 10 01 06   189    50 10056   360    31     7 -9999 -9999
1962 10 01 09   161    50 10066     0     0     7 -9999 -9999
1962 10 01 21    61    22 10035    20    41     7 -9999 -9999
1962 10 02 00    50    39 10023   360    72     8 -9999     3
1962 10 02 06    28    22 10037   320    31     8 -9999     5
1962 10 02 09    28    22 10057   320    82     7 -9999 -9999
1962 10 03 00    39   -28 10137   330    82     1 -9999 -9999
1962 10 03 06    78   -89 10142   340    87     3 -9999 -9999
1962 10 03 09    72   -78 10158   290    72     7 -9999 -9999
1962 10 03 21    22   -39 10163   310    62     7 -9999 -9999
1962 10 04 00    28   -50 10175   320    62     7 -9999     6
1962 10 04 06    72  -100 10157   320    51     7 -9999 -9999
1962 10 04 09    50   -39 10154     0     0     7 -9999 -9999
1962 10 04 21   -22   -50 10130   250    31     1 -9999 -9999
1962 10 05 06   111   -78 10080   220    62     7 -9999 -9999
1962 10 05 09    78   -28 10069   220    41     7 -9999 -9999
1962 10 05 21    28   -89 10072   220    51     7 -9999 -9999
1962 10 06 00    28   -22 10066   250    82     7 -9999     6
1962 10 06 06    61  -122 10056   270    87     7 -9999     6
1962 10 06 09    50  -139 10067   270    62     5 -9999 -9999
1962 10 06 21   -22   -61 10115   270    72     1 -9999 -9999
1962 10 07 00     0  -128 10129   290   108     1 -9999 -9999
1962 10 07 06    50  -139 10138   290    98     1 -9999 -9999
1962 10 07 09    22  -111 10155   340    21     1 -9999 -9999
1962 10 07 21   -61  -100 10211   320    41     0 -9999 -9999
1962 10 08 00   -11  -122 10219   320    87     1 -9999 -9999
1962 10 08 06     0   -89 10190   360    41 -9999 -9999 -9999
1962 10 08 09    39   -72 10217   360    31     2 -9999 -9999
1962 10 08 21   -11   -28 10190   160    10     8 -9999 -9999
1962 10 09 00    39   -89 10197   270    21     7 -9999 -9999
1962 10 09 06    78   -61 10180    40    21     8 -9999 -9999
1962 10 09 09    61   -22 10187     0     0     7 -9999 -9999
1962 10 09 21   -39   -61 10209    40    21     3 -9999 -9999
1962 10 10 00     0   -11 10225   340    21     2 -9999 -9999
1962 10 10 06   100   -11 10150   110    41     6 -9999 -9999
1962 10 10 09    72     0 10134    90    21     3 -9999 -9999
1962 10 10 21    50    39 10007   140    62     8 -9999 -9999
1962 10 11 00    50    39  9983   140    72     8 -9999   130
1962 10 11 06    50   -39 10020   220   118     7 -9999     6
1962 10 11 09    28   -61 10040   250    62     7 -9999 -9999
1962 10 11 21     0   -39 10079   220    31     7 -9999 -9999
1962 10 12 00     0   -72 10093   220    41     7 -9999 -9999
1962 10 12 06    39  -111 10112   250    31     3 -9999 -9999
1962 10 12 09    11   -61 10137   200    41     2 -9999 -9999
1962 10 12 21   -28   -39 10198   340    82     6 -9999 -9999
1962 10 13 00     0     0 10203   360    41     8 -9999 -9999
1962 10 13 06    39   -39 10195    20    87     7 -9999     6
1962 10 13 09    28   -28 10198   340    51     7 -9999 -9999
1962 10 13 21   -11   -61 10178   320    82     1 -9999 -9999
1962 10 14 00     0   -11 10180   340    82     1 -9999 -9999
1962 10 14 09    28   -72 10160   320    72     1 -9999 -9999
1962 10 14 21   -22   -78 10144   320    62     7 -9999 -9999
1962 10 15 00    11   -89 10143   320    87     7 -9999 -9999
1962 10 15 06    50  -122 10143   360    98     7 -9999 -9999
1962 10 15 09    28   -72 10157   360    41     3 -9999 -9999
1962 10 15 21     0   -61 10187   320    51     6 -9999 -9999
1962 10 16 00    11   -72 10200   320    82     2 -9999 -9999
1962 10 16 06    61   -78 10190   290    41     2 -9999 -9999
1962 10 16 21   -39   -78 10197   270    21     6 -9999 -9999
1962 10 17 00   -22   -61 10199   270    21     6 -9999 -9999
1962 10 17 06    61   -39 10194   110    10     7 -9999 -9999
1962 10 17 09    22   -39 10217   110    10     3 -9999 -9999
1962 10 17 21   -11   -50 10263   290    41     1 -9999 -9999
1962 10 18 00   -11   -78 10272   320    72     2 -9999 -9999
1962 10 18 06    22  -100 10266   340    51     7 -9999 -9999
1962 10 18 09    11   -89 10281   360    82     8 -9999 -9999
1962 10 18 21   -11   -72 10288   320    62     8 -9999 -9999
1962 10 19 00   -11   -89 10292   320    82     7 -9999     6
1962 10 19 06    28   -89 10278   340    87     3 -9999 -9999
1962 10 19 09     0   -72 10285   320    62     2 -9999 -9999
1962 10 20 00   -22   -72 10269   320    62     1 -9999 -9999
1962 10 20 06    50  -100 10244   360    62     1 -9999 -9999
1962 10 20 09    11   -72 10244   320    41     1 -9999 -9999
1962 10 20 21   -39  -100 10209   290    51     0 -9999 -9999
1962 10 21 00   -22   -89 10208   320    62     0 -9999 -9999
1962 10 21 06    61   -89 10180   360    41     0 -9999 -9999
1962 10 21 09    11   -72 10185   340    31     0 -9999 -9999
1962 10 21 21   -39   -78 10188   290    41     0 -9999 -9999
1962 10 22 00   -11   -72 10197   320    51     1 -9999 -9999
1962 10 22 06    78   -78 10186   360    62     1 -9999 -9999
1962 10 22 21   -11   -72 10224   290    41     3 -9999 -9999
1962 10 23 00    11   -28 10235   290    51     6 -9999 -9999
1962 10 23 06    72   -22 10219   340    62     3 -9999 -9999
1962 10 23 09    22   -28 10223   340    41     2 -9999 -9999
1962 10 24 00   -11   -39 10208   340    21     7 -9999 -9999
1962 10 24 06    61   -50 10209   340    41     4 -9999 -9999
1962 10 24 09    22   -39 10224   340    41     1 -9999 -9999
1962 10 24 21   -28   -50 10266   320    51     0 -9999 -9999
1962 10 25 00     0   -28 10278   290    21     1 -9999 -9999
1962 10 25 06    89   -28 10252   320    21     1 -9999 -9999
1962 10 25 09    39   -28 10237   160    21     1 -9999 -9999
1962 10 25 21   -22   -50 10227     0     0     1 -9999 -9999
1962 10 26 00    11   -22 10226   320    10     6 -9999 -9999
1962 10 26 06   111     0 10206   110    21     2 -9999 -9999
1962 10 26 09    72   -22 10217     0     0     1 -9999 -9999
1962 10 26 21   -28   -50 10209   290    21     0 -9999 -9999
1962 10 27 00   -11   -28 10229   290    10     0 -9999 -9999
1962 10 27 06   150   -22 10170   180    62     1 -9999 -9999
1962 10 27 09    89   -28 10170   220    41     1 -9999 -9999
1962 10 27 21    50   -28 10131   270    72     0 -9999 -9999
1962 10 28 00    61   -22 10151   270    10     0 -9999 -9999
1962 10 28 06   139   -11 10137   160    10     1 -9999 -9999
1962 10 28 21   -22   -28 10198   320    51     2 -9999 -9999
1962 10 29 00   -11   -39 10213   320    51     2 -9999 -9999
1962 10 29 06    78   -61 10210    40    51     2 -9999 -9999
1962 10 29 09    28   -50 10210   360    31     2 -9999 -9999
1962 10 29 21   -50  -100 10321   340    72     1 -9999 -9999
1962 10 30 00   -72  -161 10346   340    98     1 -9999 -9999
1962 10 30 06   -22  -200 10337   340    51     0 -9999 -9999
1962 10 30 09   -50  -139 10342   340    41     1 -9999 -9999
1962 10 30 21  -111  -139 10331   290    41     0 -9999 -9999
1962 10 31 00   -89  -128 10329   320    31     6 -9999 -9999
1962 10 31 06   -22  -139 10304    90    21     8 -9999 -9999
1962 10 31 09   -22   -89 10298    70    10     8 -9999 -9999
1962 10 31 21   -78  -139 10268   220    21     0 -9999 -9999
1962 11 01 00   -50  -128 10259   140    21     5 -9999 -9999
1962 11 01 06    22  -111 10225   220    62     8 -9999 -9999
1962 11 01 09   -39  -111 10222   220    41     1 -9999 -9999
1962 11 01 21   -61  -122 10225   270    62     2 -9999 -9999
1962 11 02 00   -50  -122 10238   290    41     1 -9999 -9999
1962 11 02 09   -39  -100 10246   290    31     1 -9999 -9999
1962 11 02 21  -111  -122 10257   320    41     1 -9999 -9999
1962 11 03 00   -89  -100 10253   320    31     6 -9999 -9999
1962 11 03 09   -39  -100 10204   140    21     5 -9999 -9999
1962 11 04 00  -111  -111 10167   320    51     1 -9999 -9999
1962 11 04 06     0  -128 10135    20    51     1 -9999 -9999
1962 11 04 09   -61  -122 10131    20    41     1 -9999 -9999
1962 11 04 21  -100  -139 10125   290    51     0 -9999 -9999
1962 11 05 00   -61  -122 10123   290    41     1 -9999 -9999
1962 11 05 06    22  -111 10108    40    41     3 -9999 -9999
1962 11 05 09   -11  -111 10114   200    41     3 -9999 -9999
1962 11 05 21   -28  -100 10104   140    62     7 -9999 -9999
1962 11 06 00   -28   -89 10113   180    51     3 -9999 -9999
1962 11 06 06    61   -78 10114   250    82     2 -9999 -9999
1962 11 06 09     0   -89 10144   270    51     8 -9999 -9999
1962 11 06 21   -50  -139 10206   320    31     7 -9999 -9999
1962 11 07 00   -39  -111 10214   320    21     7 -9999 -9999
1962 11 07 06   -28   -61 10195    40    31     7 -9999     6
1962 11 07 09   -50   -78 -9999     0     0     3 -9999 -9999
1962 11 07 21  -111  -139 10241   320    62     0 -9999 -9999
1962 11 08 00  -111  -150 10257   320    82     2 -9999 -9999
1962 11 08 06   -78  -200 10236   360    62     6 -9999 -9999
1962 11 08 21  -178  -189 10223     0     0     0 -9999 -9999
1962 11 09 00  -161  -178 10214   140    41     7 -9999 -9999
1962 11 09 06   -61  -211 10152   220    51     7 -9999 -9999
1962 11 10 00   -72   -89 10020   180    62     8 -9999     6
1962 11 10 06   -78  -150 10056   320    87     4 -9999     6
1962 11 10 09  -111  -189 10092   270    62     1 -9999 -9999
1962 11 10 21  -189  -228 10158   270    31     1 -9999 -9999
1962 11 11 00  -161  -189 10176   320    31     1 -9999 -9999
1962 11 11 06   -72  -228 10178   290    62     1 -9999 -9999
1962 11 11 09  -111  -178 10201   270    51     1 -9999 -9999
1962 11 11 21  -161  -172 10228   270    21     1 -9999 -9999
1962 11 12 00  -111  -161 10237   250    51     1 -9999 -9999
1962 11 12 06   -28  -189 10206   220    72     0 -9999 -9999
1962 11 12 21   -89  -128 10166   180    51     2 -9999 -9999
1962 11 13 00   -78  -128 10164   180    51     6 -9999 -9999
1962 11 13 06   -22  -100 10144    70    31     8 -9999 -9999
1962 11 13 09   -39  -100 10151    90    21     8 -9999 -9999
1962 11 13 21   -78  -122 10124   140    10     8 -9999 -9999
1962 11 14 00   -50   -61 10119   160    21     6 -9999 -9999
1962 11 14 06   -22  -100 10123    20    51     6 -9999 -9999
1962 11 14 09   -61  -128 10152   320    41     3 -9999 -9999
1962 11 14 21  -128  -200 10249   290    62     1 -9999 -9999
1962 11 15 00  -128  -222 10270   320    62     1 -9999 -9999
1962 11 15 06  -100  -250 10265   320    62     1 -9999 -9999
1962 11 15 09  -122  -239 10276   290    31     1 -9999 -9999
1962 11 15 21  -211  -228 10264    40    10     0 -9999 -9999
1962 11 16 00  -189  -211 10262   110    31     0 -9999 -9999
1962 11 16 06   -61  -189 10211   140    62     0 -9999 -9999
1962 11 16 09  -122  -189 10214   200    62     1 -9999 -9999
1962 11 16 21  -161  -178 10175   160    31     8 -9999 -9999
1962 11 17 00  -150  -172 10176   140    21     7 -9999 -9999
1962 11 17 06   -61  -161 10150   140    51     7 -9999 -9999
1962 11 17 09   -89  -172 10164   220    51     6 -9999 -9999
1962 11 17 21  -139  -150 10156   320    72     8 -9999 -9999
1962 11 18 00  -150  -161 10169   320    72     8 -9999     5
1962 11 18 06  -128  -189 10192   320    62     3 -9999     6
1962 11 18 09  -139  -189 10212   270    62     5 -9999 -9999
1962 11 18 21  -178  -222 10265   290    72     8 -9999 -9999
1962 11 19 00  -189  -228 10304   290    51     3 -9999     6
1962 11 19 06  -161  -228 10332   290    62     2 -9999 -9999
1962 11 19 21  -261 -9999 10378   270    41     1 -9999 -9999
1962 11 20 00  -250  -289 10386   290    31     0 -9999 -9999
1962 11 20 06  -200  -272 10382   320    51     1 -9999 -9999
1962 11 20 09  -250  -300 10399   290    31 -9999 -9999 -9999
1962 11 20 21  -250  -289 10393   290    41     2 -9999 -9999
1962 11 21 00  -228  -261 10398   290    31     2 -9999 -9999
1962 11 21 06  -178  -250 10387   340    41     3 -9999 -9999
1962 11 21 09  -228  -278 10395   320    21     1 -9999 -9999
1962 11 21 21  -200  -250 10333   290    51     1 -9999 -9999
1962 11 22 00  -189  -239 10321   290    62     2 -9999 -9999
1962 11 22 06  -111  -178 10275   320    62     2 -9999 -9999
1962 11 22 21  -150  -189 10260   320    51     0 -9999 -9999
1962 11 23 00  -150  -189 10281   320    62     0 -9999 -9999
1962 11 23 06  -100  -172 10293   340    72     1 -9999 -9999
1962 11 23 09  -161  -211 10313   340    41     1 -9999 -9999
1962 11 23 21  -172  -211 10333   320    72     0 -9999 -9999
1962 11 24 00  -172  -222 10344   320    72     0 -9999 -9999
1962 11 24 06  -122  -189 10351   360    51     0 -9999 -9999
1962 11 24 09  -178  -228 10345   320    41     0 -9999 -9999
1962 11 24 21  -178  -222 10345   290    31     0 -9999 -9999
1962 11 25 00  -161  -200 10346   320    51     1 -9999 -9999
1962 11 25 09  -161  -211 10333   290    31     1 -9999 -9999
1962 11 25 21  -189  -228 10330   320    41     0 -9999 -9999
1962 11 26 00  -178  -222 10332   290    41     1 -9999 -9999
1962 11 26 06  -111  -189 10323   340    41     0 -9999 -9999
1962 11 26 09  -150  -222 10330   270    21     0 -9999 -9999
1962 11 26 21  -228  -250 10322   320    31     0 -9999 -9999
1962 11 27 00  -228  -250 10328   320    21     2 -9999 -9999
1962 11 27 06  -139  -189 10301   110    41 -9999 -9999 -9999
1962 11 27 09  -189  -222 10301   110    21     1 -9999 -9999
1962 11 27 21  -239  -261 10279   340    31 -9999 -9999 -9999
1962 11 28 00  -211  -222 10278   340    21     8 -9999 -9999
1962 11 28 06  -172  -200 10260    40    21     7 -9999 -9999
1962 11 28 09  -172  -189 10262    40    10     8 -9999 -9999
1962 11 28 21  -228  -239 10266   290    21     1 -9999 -9999
1962 11 29 00  -250  -261 10272   320    31     2 -9999     6
1962 11 29 06  -128  -189 10260   110    10     7 -9999 -9999
1962 11 29 09  -189  -222 10273   180    31     1 -9999 -9999
1962 11 29 21  -250  -272 10278   320    10     1 -9999 -9999
1962 11 30 00  -239  -250 10276     0     0     7 -9999 -9999
1962 11 30 06  -122  -161 10235   140    51     7 -9999 -9999
1962 11 30 09  -128  -161 10227   140    10     2 -9999 -9999
1962 11 30 21  -100  -111 10176   180    31     8 -9999 -9999
1962 12 01 00  -111  -122 10176   160    10     8 -9999     5
1962 12 01 06  -122  -128 10158   340    51     8 -9999     6
1962 12 01 09  -128  -139 10162   340    72     8 -9999 -9999
1962 12 01 21  -161  -178 10177   320    82     8 -9999 -9999
1962 12 02 00  -189  -211 10197   320    72     7 -9999     6
1962 12 02 06  -139  -178 10205   340    31     0 -9999 -9999
1962 12 02 09  -200  -228 10217   320    21     0 -9999 -9999
1962 12 02 21  -261  -278 10202     0     0     0 -9999 -9999
1962 12 03 00  -261  -278 10207   320    21     1 -9999 -9999
1962 12 03 06  -178  -200 10199    90    10     8 -9999     6
1962 12 03 09  -178  -189 10210    70    21     8 -9999 -9999
1962 12 03 21  -189  -200 10236   320    72     8 -9999 -9999
1962 12 04 00  -189  -200 10252   340    82     7 -9999     6
1962 12 04 06  -150  -178 10265   340    72     7 -9999     6
1962 12 04 09  -178  -200 10284   320    62     2 -9999 -9999
1962 12 04 21  -239  -250 10337   320    41     0 -9999 -9999
1962 12 05 00  -239  -250 10353   320    31     1 -9999 -9999
1962 12 05 06  -150  -178 10329   140    41     1 -9999 -9999
1962 12 05 09  -161  -189 10325   180    31     1 -9999 -9999
1962 12 05 21  -139  -161 10257   160    41     1 -9999 -9999
1962 12 06 00  -161  -178 10251   160    41 -9999 -9999 -9999
1962 12 06 06  -100  -139 10200   180    51     8 -9999 -9999
1962 12 06 21  -200  -211 10229   320    62     0 -9999 -9999
1962 12 07 00  -211  -222 10234   320    51     7 -9999 -9999
1962 12 07 06  -150  -178 10221   320    21     7 -9999 -9999
1962 12 07 09  -178  -189 10190   220    21     8 -9999 -9999
1962 12 07 21  -200  -211 10096     0     0     7 -9999 -9999
1962 12 08 00  -228  -239 10090   320    31     3 -9999 -9999
1962 12 08 06  -128  -161 10114   320    62     7 -9999     6
1962 12 08 09  -150  -189 10164   320    72     1 -9999 -9999
1962 12 08 21  -150  -200 10220   290    31     1 -9999 -9999
1962 12 09 00  -178  -211 10232     0     0     8 -9999 -9999
1962 12 09 06  -128  -200 10219     0     0     8 -9999 -9999
1962 12 09 09  -189  -250 -9999   360    31     8 -9999 -9999
1962 12 09 21  -189  -239 10230   320    72     8 -9999 -9999
1962 12 10 00  -200  -239 10241   320    72     7 -9999 -9999
1962 12 10 06  -161  -222 10251   320    82     7 -9999     6
1962 12 10 09  -189  -250 10281   320    41     5 -9999 -9999
1962 12 10 21  -189  -261 10324   320    98     0 -9999 -9999
1962 12 11 00  -189  -261 10337   320    72     0 -9999 -9999
1962 12 11 06  -139  -228 10318   270    31     2 -9999 -9999
1962 12 11 09  -200  -278 10320   200    41     2 -9999 -9999
1962 12 11 21  -228  -261 10253   200    41 -9999 -9999 -9999
1962 12 12 00  -228  -261 10246   180    41     2 -9999 -9999
1962 12 12 06  -122  -178 10193   140    31     7 -9999 -9999
1962 12 12 09  -172  -211 10187   180    41     1 -9999 -9999
1962 12 12 21  -122  -161 10092     0     0     8 -9999 -9999
1962 12 13 00  -178  -189 10104   320    98     8 -9999     6
1962 12 13 06  -150  -200 10132   320    98     7 -9999     6
1962 12 13 09  -189  -228 10163   290    62     0 -9999 -9999
1962 12 13 21  -178  -239 10198   290    51     0 -9999 -9999
1962 12 14 00  -200  -250 10208   290    62     0 -9999 -9999
1962 12 14 06  -139  -222 10202   270    41     7 -9999 -9999
1962 12 14 09  -161  -228 10204   250    31     8 -9999 -9999
1962 12 14 21  -200  -239 10144   200    51     6 -9999 -9999
1962 12 15 00  -161  -211 10137   180    31     7 -9999 -9999
1962 12 15 06   -78  -189 10077   220    98     6 -9999 -9999
1962 12 15 09  -100  -161 10075   270    31     7 -9999 -9999
1962 12 15 21  -172  -200 10147   320    41     4 -9999 -9999
1962 12 16 00  -189  -222 10173   290    31     2 -9999 -9999
1962 12 16 06  -111  -178 10179   320    41     5 -9999 -9999
1962 12 16 09  -172  -200 10191   270    41     1 -9999 -9999
1962 12 16 21  -211  -239 10195   320    31     8 -9999 -9999
1962 12 17 00  -211  -239 10167   340    10     6 -9999 -9999
1962 12 17 06  -150  -211 10155   320    21     1 -9999 -9999
1962 12 17 09  -200  -250 10171   270    31     1 -9999 -9999
1962 12 17 21  -272  -289 10155   320    41     0 -9999 -9999
1962 12 18 00  -278  -300 10149   320    10     6 -9999 -9999
1962 12 18 06  -200  -222 10113   140    10     8 -9999 -9999
1962 12 18 09  -172  -189 10098   110    21     8 -9999 -9999
1962 12 19 00  -211  -250 10156   320    98     6 -9999     6
1962 12 19 06  -200  -272 10158   320    72     0 -9999 -9999
1962 12 19 09  -211  -272 10168     0     0     1 -9999 -9999
1962 12 19 21  -272  -311 10158   340    31     1 -9999 -9999
1962 12 20 00  -300  -339 10182   320    31     2 -9999 -9999
1962 12 20 06  -228  -300 10176   340    31     0 -9999 -9999
1962 12 20 09  -278  -328 10198   320    31     1 -9999 -9999
1962 12 20 21  -322  -361 10229   290    41     0 -9999 -9999
1962 12 21 00  -311  -350 10225   290    41     1 -9999 -9999
1962 12 21 06  -239  -278 10181   140    51     7 -9999 -9999
1962 12 21 09  -239  -272 10162   140    41     8 -9999 -9999
1962 12 21 21  -322  -339 10132   320    41     1 -9999 -9999
1962 12 22 00  -328  -350 10149   290    41     0 -9999     6
1962 12 22 06  -261  -289 10147   360    31     0 -9999 -9999
1962 12 22 09  -311  -339 10165   290    31     0 -9999 -9999
1962 12 22 21  -322  -339 10172   320    41     0 -9999 -9999
1962 12 23 00  -322  -339 10189   320    31     0 -9999 -9999
1962 12 23 06  -211  -272 10192     0     0     1 -9999 -9999
1962 12 23 09  -239  -289 10186   270    31     0 -9999 -9999
1962 12 23 21  -272  -311 10181   290    41     0 -9999 -9999
1962 12 24 00  -272  -311 10187   320    10     0 -9999 -9999
1962 12 24 06  -200  -261 10175   160    31     1 -9999 -9999
1962 12 24 09  -250  -289 10176   140    21     1 -9999 -9999
1962 12 24 21  -322  -339 10158   320    41     1 -9999 -9999
1962 12 25 00  -322  -339 10179   290    62     7 -9999 -9999
1962 12 25 06  -250  -278 10193   320    31     1 -9999 -9999
1962 12 25 09  -278  -311 10220   290    31     1 -9999 -9999
1962 12 25 21  -322  -339 10266   320    51     0 -9999 -9999
1962 12 26 00  -328  -350 10277   320    41     1 -9999 -9999
1962 12 26 06  -228  -272 10268   320    21     0 -9999 -9999
1962 12 26 09  -272  -300 10278   200    21     0 -9999 -9999
1962 12 26 21  -289  -311 10279   320    51     0 -9999 -9999
1962 12 27 00  -311  -328 10283   290    51     0 -9999 -9999
1962 12 27 06  -211  -250 10279   200    10     1 -9999 -9999
1962 12 27 09  -261  -289 10290     0     0     1 -9999 -9999
1962 12 27 21  -239  -261 10297   320    21     8 -9999 -9999
1962 12 28 00  -228  -250 10293   320    10     8 -9999     3
1962 12 28 06  -200  -222 10278    40    31     8 -9999    10
1962 12 28 09  -200  -222 10282    40    31     8 -9999 -9999
1962 12 28 21  -228  -250 10249   340    72     8 -9999 -9999
1962 12 29 00  -261  -278 10256   340    62     7 -9999     6
1962 12 29 09  -250  -278 10233   320    10     0 -9999 -9999
1962 12 29 21  -278  -300 10178   320    41     6 -9999 -9999
1962 12 30 00  -272  -289 10175   320    62     6 -9999     6
1962 12 30 06  -222  -261 10126   340    87     7 -9999     6
1962 12 30 09  -222  -250 10118   320   108     8 -9999 -9999
1962 12 30 21  -211  -239 10031   320    98     8 -9999 -9999
1962 12 31 00  -211  -239 10016   320    98     8 -9999     6
1962 12 31 06  -200  -228 10001   320    87     8 -9999     6
1962 12 31 09  -222  -250 10005   290    51     8 -9999 -9999
1962 12 31 21  -250  -278  9991   290    41     8 -9999 -9999
