1961 08 01 09   350   222  9999    90    41     3 -9999 -9999
1961 08 01 21   189   189 10030   140    10     8 -9999 -9999
1961 08 05 21   178   172 10035   290    31 -9999 -9999 -9999
1961 08 07 09   222   161 10055   360    31     7 -9999 -9999
1961 08 07 21   178   161 10048   340    62     8 -9999 -9999
1961 08 08 09   222   189 10040   360    51     8 -9999 -9999
1961 08 08 21   150   128 10064   320    51     7 -9999 -9999
1961 08 09 09   228   172 10055    20    31     5 -9999 -9999
1961 08 09 21   150   139 10068   290    31     3 -9999 -9999
1961 08 11 21   189   178 10027   140    31     8 -9999 -9999
1961 08 12 09   200   200  9978    40    21     8 -9999 -9999
1961 08 13 21   150   122 10031   290    82     2 -9999 -9999
1961 08 15 09   200   100 10075   340    31     2 -9999 -9999
1961 08 16 09   250   139 10095     0     0     1 -9999 -9999
1961 08 16 21   111   100 10127   320    21     1 -9999 -9999
1961 08 17 21   150   139 10122   160    21 -9999 -9999 -9999
1961 08 18 09   239   172 10067   140    51     7 -9999 -9999
1961 08 19 09   222   128 10037   250    82     1 -9999 -9999
1961 08 20 09   211   122 10083   340    62     2 -9999 -9999
1961 08 20 21   100    78 10125   270    31 -9999 -9999 -9999
1961 08 21 09   189   122 10119   360    21     7 -9999 -9999
1961 08 21 21   139   128 10146   220    31     7 -9999 -9999
1961 08 22 09   228   161 10122    20    21     3 -9999 -9999
1961 08 23 09   222   172 10058   110    51     6 -9999 -9999
1961 08 24 09   211   100  9960   220   118     1 -9999 -9999
1961 08 26 21   100    89 -9999   270    10     3 -9999 -9999
1961 08 27 09   161   128 10120   320    21     7 -9999 -9999
1961 08 29 09   178   122 10120   160    21     7 -9999 -9999
1961 08 29 21   139   128 10075   140    41     8 -9999 -9999
1961 08 31 21   139   128 10000   200    21     7 -9999 -9999
1961 09 01 09   139    89 10011   320    98     7 -9999 -9999
1961 09 01 21   100    50 10044   270    51     3 -9999 -9999
1961 09 02 21   128   122  9962     0     0     8 -9999 -9999
1961 09 03 09   150   111 -9999   240    41     6 -9999 -9999
1961 09 04 21    61    50 10138     0     0     1 -9999 -9999
1961 09 05 09   200   122 10122   160    31     6 -9999 -9999
1961 09 05 21   139 -9999 10134   320    31     7 -9999 -9999
1961 09 06 09   178   150 10141   290    21     7 -9999 -9999
1961 09 07 09   161   150  9936   140    51     8 -9999 -9999
1961 09 07 21   111    89  9918   250    41     7 -9999 -9999
1961 09 08 09   128    61  9983   290    87     7 -9999 -9999
1961 09 08 21    78    39 10009   270    62     2 -9999 -9999
1961 09 09 09   150    61 10051   290    62     2 -9999 -9999
1961 09 09 21    72    28 10091   290    31     4 -9999 -9999
1961 09 10 09   189   111 10111   160    10 -9999 -9999 -9999
1961 09 10 21    89    89 10138   200    21     7 -9999 -9999
1961 09 12 09   139   122 10113   160    31     6 -9999 -9999
1961 09 12 21    72    61 10069     0     0     5 -9999 -9999
1961 09 13 21    61    50 10027   270    21     8 -9999 -9999
1961 09 14 09   111    78 10037   320    21     7 -9999 -9999
1961 09 14 21    61 -9999 10051   270    31     7 -9999 -9999
1961 09 15 21    72    72 10110   340    62     7 -9999 -9999
1961 09 16 21    78    72 10061   320    62     6 -9999 -9999
1961 09 17 09   161    61 10058   340    72     5 -9999 -9999
1961 09 17 21    72    28 10083   320    51     1 -9999 -9999
1961 09 18 09   189    89 10068   270    41     1 -9999 -9999
1961 09 18 21   100    61 10068   290    21     1 -9999 -9999
1961 09 19 09   200   139 10067   220    10     7 -9999 -9999
1961 09 20 09   211   139 10128   250    41     7 -9999 -9999
1961 09 20 21    89    72 10171   320    62     2 -9999 -9999
1961 09 21 09   211   161 10159   140    10     2 -9999 -9999
1961 09 21 21   111    89 10146   220    21     4 -9999 -9999
1961 09 22 21    89    72 10074   320    31     2 -9999 -9999
1961 09 23 09   178   128 10033   340    10     1 -9999 -9999
1961 09 24 09   139   122 10051   270    21     7 -9999 -9999
1961 09 25 09   200   100 10042   260    10     2 -9999 -9999
1961 09 25 21    72    72 10070   320    10     2 -9999 -9999
1961 09 26 09   178   150 10043    40    31     7 -9999 -9999
1961 09 26 21   100   100 10076     0     0     1 -9999 -9999
1961 09 27 09   150   111 10139   360    10     6 -9999 -9999
1961 09 27 21    89    72 10205   320    41     8 -9999 -9999
1961 09 28 09   111     0 10230   340    31     6 -9999 -9999
1961 09 28 21    11   -28 10244   320    51     2 -9999 -9999
1961 09 29 09   111     0 10194     0     0     7 -9999 -9999
1961 09 29 21     0   -22 10190   320    21     0 -9999 -9999
1961 09 30 06   128    22 10170   180    21     3 -9999 -9999
1961 10 01 09   161    28 10118   220    41     1 -9999 -9999
1961 10 01 21    50    22 10138   140    51     2 -9999 -9999
1961 10 02 09   161    50 10182   360    10     1 -9999 -9999
1961 10 02 21    11     0 10265   240    41     1 -9999 -9999
1961 10 03 09   139    28 10262   110    21     2 -9999 -9999
1961 10 03 21     0   -11 10249   290    21     1 -9999 -9999
1961 10 04 09    61    50 10187   140    10     6 -9999 -9999
1961 10 04 21    39    28 10123   340    31     6 -9999 -9999
1961 10 05 09    72    61 10057   320    51     7 -9999 -9999
1961 10 05 21    39    39 10075   320    41     7 -9999 -9999
1961 10 06 09    78    61 10091   290    31     7 -9999 -9999
1961 10 07 09   122    39 10058   340    31     1 -9999 -9999
1961 10 07 21    50     0 10101   290    51     1 -9999 -9999
1961 10 08 09   111    22 10148   360    41     1 -9999 -9999
1961 10 08 21    22   -22 10247   290    51     0 -9999 -9999
1961 10 09 09   111    28 10268   180    31     1 -9999 -9999
1961 10 09 21    11   -22 10291     0     0     1 -9999 -9999
1961 10 10 09   122    22 10251   140    31     1 -9999 -9999
1961 10 10 21    22   -11 10179   160    51     8 -9999 -9999
1961 10 11 09    28     0 10141   250    41     7 -9999 -9999
1961 10 11 21   -39  -100 10154   320    72     1 -9999 -9999
1961 10 12 21   -50  -122 10148   270    41     1 -9999 -9999
1961 10 13 09    39   -89 10170   360    62     1 -9999 -9999
1961 10 13 21    11   -89 10179   270    51     0 -9999 -9999
1961 10 14 09    78   -39 10099   220    51     8 -9999 -9999
1961 10 15 09    89   -39 10091    40    31     6 -9999 -9999
1961 10 15 21     0  -111 10099   340    72     8 -9999 -9999
1961 10 16 09    11   -89 10223   340    21     4 -9999 -9999
1961 10 16 21   -61   -72 10286   320    21     7 -9999 -9999
1961 10 17 21     0  -189 10259   290    87     7 -9999 -9999
1961 10 18 09   -22  -161 10238   270    62     1 -9999 -9999
1961 10 18 21   -89  -150 10244   270    21     1 -9999 -9999
1961 10 19 09   -28  -161 10222   270    51     1 -9999 -9999
1961 10 19 21   -78  -161 10198   270    51     1 -9999 -9999
1961 10 20 09   -28  -161 10190   290    31     2 -9999 -9999
1961 10 20 21   -78  -111 10207   320    21     7 -9999 -9999
1961 10 22 00   -50  -150 10261   320    51     8 -9999 -9999
1961 10 22 09   -39  -128 10274    20    10     8 -9999 -9999
1961 10 22 21   -89  -122 10303   320    41     1 -9999 -9999
1961 10 23 09   -50  -139 -9999   290    10     1 -9999 -9999
1961 10 23 21  -100  -111 10298   320    51     0 -9999 -9999
1961 10 24 09   -11   -39 10284   110    21     0 -9999 -9999
1961 10 25 21    11   -22 10186   110    10     8 -9999 -9999
1961 10 26 09    11     0 10173   290    41     7 -9999 -9999
1961 10 26 21     0   -28 10201   220    10     8 -9999 -9999
1961 10 27 09    39    11 10132   160    31     8 -9999 -9999
1961 10 27 21   -50  -161 10167 -9999    72     4 -9999 -9999
1961 10 28 09   -39  -172 10157   250    31     1 -9999 -9999
1961 10 28 21   -89  -139 10146   250    62     0 -9999 -9999
1961 10 29 09   -61  -150 10192   270    41     1 -9999 -9999
1961 10 29 21  -100  -128 10211   310    62     8 -9999 -9999
1961 10 30 09   -50  -139 10204   270    41     1 -9999 -9999
1961 10 30 21  -122  -128 10251   290    41     0 -9999 -9999
1961 10 31 09   -50  -150 10256   270    31     1 -9999 -9999
1961 10 31 21   -78  -139 10284   320    41     1 -9999 -9999
1961 11 01 00   -50  -139 10296   290    62     0 -9999 -9999
1961 11 01 06    28  -122 10288   140    41     0 -9999 -9999
1961 11 01 09   -28  -128 10291   270    41     1 -9999 -9999
1961 11 01 21  -111  -128 10277   320    21     1 -9999 -9999
1961 11 02 06    28  -100 10244   270    62     1 -9999 -9999
1961 11 02 09   -28  -122 10243   270    21     1 -9999 -9999
1961 11 02 21  -111  -122 10230   290    51     0 -9999 -9999
1961 11 03 00  -100  -128 10231   320    31     1 -9999 -9999
1961 11 03 06     0  -100 10190    40    21     3 -9999 -9999
1961 11 03 09   -22  -128 10188   160    21     7 -9999 -9999
1961 11 03 21  -100  -122 10143   270    21     0 -9999 -9999
1961 11 04 06    22   -28 10125   110    10     2 -9999 -9999
1961 11 04 09   -50  -100 10135   250    31     2 -9999 -9999
1961 11 04 21   -28   -61 10134   140    31     8 -9999 -9999
1961 11 05 09    11   -72 10089   200    51     2 -9999 -9999
1961 11 05 21   -28   -61 10128   140    21     6 -9999 -9999
1961 11 06 00   -28   -61 10137   320    21     8 -9999 -9999
1961 11 06 06    50   -11 10093   140    87     7 -9999 -9999
1961 11 06 09    28     0 10081   140    41     8 -9999 -9999
1961 11 06 21    28   -28 10029   250    98     7 -9999 -9999
1961 11 07 06    50  -139 10114   250   118     0 -9999 -9999
1961 11 07 09    11  -172 10136   220    72     0 -9999 -9999
1961 11 07 21   -89  -161 10179   320    41     7 -9999 -9999
1961 11 08 00   -78  -161 10180   320    51     7 -9999 -9999
1961 11 08 06  -111  -150 10146   340   118     8 -9999     6
1961 11 08 09  -139  -161 10144   340   139     8 -9999 -9999
1961 11 08 21  -172  -200 10095   290   159     8 -9999 -9999
1961 11 09 06  -150  -189 10068   270    98     8 -9999     6
1961 11 09 09  -150  -178 10070   270    98     8 -9999 -9999
1961 11 09 21  -150  -178 10071   290    62     8 -9999 -9999
1961 11 10 00  -150  -172 10076   270    72     8 -9999     3
1961 11 10 06  -122  -139 10131   290    51     8 -9999     6
1961 11 10 09  -128  -139 10155   320    51     8 -9999 -9999
1961 11 10 21  -150  -161 10181   290    31     8 -9999 -9999
1961 11 11 00  -128  -150 10177   270    51     7 -9999     6
1961 11 11 06   -78  -122 10182   220    62     8 -9999     6
1961 11 11 09   -78  -100 10205   320    72     8 -9999 -9999
1961 11 11 21   -89  -139 10251   320    72     3 -9999 -9999
1961 11 12 00   -78  -139 -9999   290    98     6 -9999 -9999
1961 11 12 06   -39  -139 10287   360    62     1 -9999 -9999
1961 11 12 09  -100  -150 10309   320    72     1 -9999 -9999
1961 11 12 21  -161 -9999 10327     0     0     0 -9999 -9999
1961 11 13 00  -150  -161 10327     0     0     2 -9999 -9999
1961 11 13 06   -22  -100 10288   140    51     2 -9999 -9999
1961 11 14 21   -89  -122 10242   180    31     8 -9999 -9999
1961 11 15 00  -100  -111 10250     0     0     7 -9999 -9999
1961 11 15 06   -11   -89 10220   140    31     6 -9999 -9999
1961 11 15 09   -61   -89 10228   140    31     3 -9999 -9999
1961 11 15 21   -78   -89 10168     0     0     8 -9999 -9999
1961 11 16 00   -22   -39 10158     0     0     7 -9999     3
1961 11 16 06    61   -28 10186   250    31     6 -9999 -9999
1961 11 16 09     0   -50 10224   270    31     2 -9999 -9999
1961 11 17 00   -89  -139 10393   320    51     6 -9999 -9999
1961 11 17 06   -61  -172 10403   340    82     3 -9999 -9999
1961 11 17 09  -111  -172 10432   340    21     1 -9999 -9999
1961 11 17 21  -172  -211 10492   290    51     0 -9999 -9999
1961 11 18 06  -122  -211 10491   340    72     1 -9999 -9999
1961 11 18 09  -150  -211 10487   340    51     1 -9999 -9999
1961 11 18 21  -211  -239 10467   290    31     1 -9999 -9999
1961 11 19 00  -211  -228 10461   290    31     6 -9999 -9999
1961 11 19 06  -100  -178 10402   140    41     2 -9999 -9999
1961 11 19 09  -139  -189 10382   140    31     1 -9999 -9999
1961 11 19 21  -100  -139 10285   160    62     8 -9999 -9999
1961 11 20 00   -78  -111 10276   160    31     8 -9999 -9999
1961 11 20 06   -50   -72 10253     0     0     8 -9999    10
1961 11 20 09   -61   -78 10263   320    21     8 -9999 -9999
1961 11 20 21  -161  -189 10289   320    21     1 -9999 -9999
1961 11 21 06  -100  -200 10277   290    72     0 -9999 -9999
1961 11 21 09  -150  -211 10284   320    31     0 -9999 -9999
1961 11 21 21  -200  -222 10214     0     0     7 -9999 -9999
1961 11 22 00  -172  -189 10208     0     0     7 -9999 -9999
1961 11 22 06  -111  -161 10201   340    72     3 -9999 -9999
1961 11 22 21  -172  -200 10244   290    51     0 -9999 -9999
1961 11 23 00  -172  -200 10250   340    10     0 -9999 -9999
1961 11 23 06   -72  -139 10203   360    10     0 -9999 -9999
1961 11 23 09  -139  -178 10186   200    51     0 -9999 -9999
1961 11 23 21  -150  -172 10106   320    10     1 -9999 -9999
1961 11 24 00  -100  -122 10109   290    31     7 -9999     6
1961 11 24 06   -72  -128 10132   340    51     2 -9999     6
1961 11 24 09  -122  -150 10150   290    31     1 -9999 -9999
1961 11 24 21  -122  -172 10132   270    21     2 -9999 -9999
1961 11 25 00  -161  -178 10132   290    10     2 -9999 -9999
1961 11 25 06   -39  -122 10125   340    31     3 -9999 -9999
1961 11 25 09  -100  -139 10124   180    21     7 -9999 -9999
1961 11 25 21  -122  -128 10074     0     0     6 -9999 -9999
1961 11 26 06    39   -28 10061   110    31     0 -9999 -9999
1961 11 26 09     0   -61 10072   270    62     1 -9999 -9999
1961 11 26 21  -111  -122 10072   290    51     6 -9999 -9999
1961 11 27 00  -122  -128 10085   290    41     1 -9999 -9999
1961 11 27 06   -11   -61 10067   160    21     1 -9999 -9999
1961 11 27 09   -61   -78 10083   140    21     0 -9999 -9999
1961 11 27 21  -128  -200 10187   320    98     0 -9999 -9999
1961 11 28 00  -150  -222 10217   320    82     1 -9999 -9999
1961 11 28 06  -111  -211 10226   320    82     1 -9999 -9999
1961 11 28 09  -150  -228 10246   340    21     1 -9999 -9999
1961 11 28 21  -189  -228 10263   290    41     0 -9999 -9999
1961 11 29 00  -172  -211 10261     0     0     6 -9999 -9999
1961 11 29 06   -50  -172 10220   200    98     8 -9999 -9999
1961 11 29 09  -100  -222 10231   180    21     6 -9999 -9999
1961 11 29 21  -161  -189 10207   220    21     8 -9999 -9999
1961 11 30 00  -172  -178 10207   220    10     8 -9999 -9999
1961 11 30 06  -111  -122 10174   340    31     8 -9999     6
1961 11 30 09  -128  -128 10186   340    62     8 -9999 -9999
1961 11 30 21  -150  -150 10233   320    82     8 -9999 -9999
1961 12 01 00  -150  -172 10238   320    82     5 -9999     6
1961 12 01 06  -100  -161 10255   320    72     1 -9999 -9999
1961 12 01 09  -139  -189 10274   320    51     0 -9999 -9999
1961 12 01 21  -161  -189 10293   290    62     0 -9999 -9999
1961 12 02 00   -61  -200 10300   290    51     1 -9999 -9999
1961 12 02 06   -78  -172 10312   340    10     0 -9999 -9999
1961 12 02 09  -150  -211 10321   290    21     0 -9999 -9999
1961 12 02 21  -128  -189 10301   320    51     1 -9999 -9999
1961 12 03 06   -50  -128 10272   160    21     1 -9999 -9999
1961 12 03 09  -100  -172 10277   250    21     1 -9999 -9999
1961 12 03 21  -139  -172 10239   320    41     8 -9999 -9999
1961 12 04 00  -128  -161 10242   320    62     7 -9999 -9999
1961 12 04 06  -122  -150 10225   320    98     8 -9999 -9999
1961 12 04 09  -128  -161 10246   320    62     7 -9999 -9999
1961 12 04 21  -200  -261 10254   270    62     1 -9999 -9999
1961 12 05 00  -200  -250 10262   290    51     0 -9999 -9999
1961 12 05 06  -150  -222 10250   320    51     0 -9999 -9999
1961 12 05 09  -211  -272 10265   320    31     0 -9999 -9999
1961 12 05 21  -272  -289 10242   290    31     0 -9999 -9999
1961 12 06 00  -278  -300 10247   290    10     1 -9999 -9999
1961 12 06 06  -150  -189 10206   140    51     2 -9999 -9999
1961 12 06 21  -178  -211 10186   320    41     1 -9999 -9999
1961 12 07 00  -178  -211 10196     0     0     7 -9999 -9999
1961 12 07 06  -128  -161 10201    20    21     8 -9999 -9999
1961 12 07 21  -239  -250 10224   290    51     1 -9999 -9999
1961 12 08 00  -250  -261 10231   290    21     1 -9999 -9999
1961 12 08 09  -172  -189 10206   140    41     6 -9999 -9999
1961 12 08 21  -122  -150 10122   160    87     8 -9999 -9999
1961 12 09 00  -111  -122 10114   160    72     8 -9999     6
1961 12 09 06   -78  -161 10076   120    51     2 -9999     6
1961 12 09 09  -161  -178 10094   200    51     1 -9999 -9999
1961 12 09 21  -189  -200 10103   320    41     2 -9999 -9999
1961 12 10 00  -222  -228 10117   320    21     2 -9999 -9999
1961 12 10 06  -100 -9999 10123    90    31     0 -9999 -9999
1961 12 10 09  -200  -222 10136   110    21     1 -9999 -9999
1961 12 10 21  -239  -250 10161   290    21     0 -9999 -9999
1961 12 11 00  -239  -250 10187   290    31     3 -9999 -9999
1961 12 11 09   -89  -200 10172    20    51     8 -9999 -9999
1961 12 11 21  -161  -172 10078   320    87     8 -9999 -9999
1961 12 12 00  -172  -189 10090   290    72     7 -9999     6
1961 12 12 06  -178  -211 10090   270    51     6 -9999     6
1961 12 12 09  -228  -261 10101   250    72     3 -9999 -9999
1961 12 12 21  -200  -228 10089   290    82     8 -9999 -9999
1961 12 13 00  -211  -239 10104   290    98     8 -9999     6
1961 12 13 06  -211  -239 10132   320   118     8 -9999     6
1961 12 13 09  -228  -272 10144   320   118     8 -9999 -9999
1961 12 13 21  -239  -272 10097   270    82     7 -9999 -9999
1961 12 14 00  -228  -261 10089   270    62     8 -9999     6
1961 12 14 06  -200  -250 10091   270    82     7 -9999     6
1961 12 14 09  -228  -272 10097   220    41     5 -9999 -9999
1961 12 14 21  -239  -289 10108   270    51     0 -9999 -9999
1961 12 15 00  -239  -289 10121   270    51     1 -9999 -9999
1961 12 15 06  -172  -239 10139   270    21     1 -9999 -9999
1961 12 15 09  -228  -289 10164   270    51     0 -9999 -9999
1961 12 16 00  -261  -289 10211   290    21     7 -9999 -9999
1961 12 16 06  -172  -222 10214   110    41     3 -9999 -9999
1961 12 16 09  -189  -222 10230     0     0     8 -9999 -9999
1961 12 16 21  -211  -222 10246   320    41     8 -9999 -9999
1961 12 17 00  -200  -211 10243   290    31     8 -9999     6
1961 12 17 06  -172  -178 10208   290    21     7 -9999     6
1961 12 18 00  -139  -150 10122   340    21     8 -9999     3
1961 12 18 06  -111  -122 10076   360    51     8 -9999     5
1961 12 18 09  -139  -150 10088   340   118     8 -9999 -9999
1961 12 18 21  -189  -250 10129   320   118     8 -9999 -9999
1961 12 19 00  -200  -228 10141   290    98     7 -9999     3
1961 12 19 06  -178  -211 10158   320    72 -9999 -9999 -9999
1961 12 19 09 -9999 -9999 -9999   320    51     8 -9999 -9999
1961 12 19 21  -200  -239 10173   290    51     8 -9999 -9999
1961 12 20 00  -200  -239 10182   290    51     8 -9999     6
1961 12 20 06  -178  -200 10164   340    41     7 -9999     6
1961 12 20 09  -189  -211 10170   320    41     7 -9999 -9999
1961 12 20 21  -228  -261 10158   290    31     0 -9999 -9999
1961 12 21 00  -228  -261 10160   270    41     1 -9999 -9999
1961 12 21 06  -161  -200 10157   320    21     7 -9999     6
1961 12 21 09 -9999 -9999 10173   320    21     8 -9999 -9999
1961 12 21 21  -172  -200 10197   320    31     8 -9999 -9999
1961 12 22 06  -161  -189 10182   320    21     7 -9999     6
1961 12 23 00  -150  -172 10128   270    51     8 -9999     6
1961 12 23 09  -161  -178 10190   250    51     8 -9999 -9999
1961 12 23 21  -289 -9999 10235   340    31     8 -9999 -9999
1961 12 24 00  -278  -300 -9999   290    51     8 -9999     6
1961 12 24 06  -228  -261 10277   290    72     2 -9999     6
1961 12 24 21  -161  -178 10297   290    62     8 -9999 -9999
1961 12 25 00  -161  -178 10309   320    31     8 -9999     6
1961 12 25 06  -122  -139 10309   320    31     8 -9999     6
1961 12 25 09  -122  -128 10314   290    31     8 -9999 -9999
1961 12 26 00  -122  -128 10319   340    72     7 -9999     6
1961 12 26 09  -172  -178 10314   320    51     1 -9999 -9999
1961 12 26 21  -222  -228 10316   320    72     1 -9999 -9999
1961 12 27 00  -239  -250 10326   290    51     1 -9999 -9999
1961 12 27 06  -150  -178 10323   320    72     2 -9999 -9999
1961 12 27 09  -178  -200 10336   320    72     7 -9999 -9999
1961 12 27 21  -189  -211 10348   320    98     5 -9999 -9999
1961 12 28 00  -189  -222 10352   320    21     6 -9999 -9999
1961 12 28 06  -161  -189 10352   320    51     1 -9999 -9999
1961 12 28 09  -189  -211 10360   320    82     1 -9999 -9999
1961 12 28 21  -228  -250 10369   290    72     0 -9999 -9999
1961 12 29 00  -239  -250 10388   320    51     0 -9999 -9999
1961 12 29 06  -178  -211 10373   320    51     0 -9999 -9999
1961 12 29 21  -250  -272 10383   290    62     0 -9999 -9999
1961 12 30 00  -272  -278 10386   320    51     0 -9999 -9999
1961 12 30 06  -200  -228 10353   320    51     0 -9999 -9999
1961 12 30 09  -239  -272 10355   290    31     0 -9999 -9999
1961 12 30 21  -300  -322 10343   320    62     0 -9999 -9999
1961 12 31 00  -311  -328 10343   320    62     2 -9999 -9999
1961 12 31 06  -200  -228 10301   290    10     2 -9999 -9999
1961 12 31 09  -239  -272 10302   290    21     5 -9999 -9999
1961 12 31 21  -311  -328 10259   290    62     2 -9999 -9999
