1963 01 01 00  -272  -289 10003   290    41     7 -9999     6
1963 01 01 09  -311  -328 10060   340    31     7 -9999 -9999
1963 01 01 21  -328  -350 10102   320    62     6 -9999 -9999
1963 01 02 00  -350  -372 10109   320    51     6 -9999     6
1963 01 02 06  -289  -311 10144   320    41     4 -9999     6
1963 01 02 09  -311  -328 10163   320    41     1 -9999 -9999
1963 01 02 21  -278  -300 10139   320    82     8 -9999 -9999
1963 01 03 06  -211  -239 10115   320    87     8 -9999     6
1963 01 03 09  -211  -228 10120   320    87     8 -9999 -9999
1963 01 03 21  -228  -250 10209   320    62     8 -9999 -9999
1963 01 04 00  -200  -222 10233   290    62     8 -9999 -9999
1963 01 04 06  -150  -172 10234   340    62     8 -9999     6
1963 01 04 09  -139  -150 10240   320    72     8 -9999 -9999
1963 01 04 21  -128  -161 10249   320    72     8 -9999 -9999
1963 01 05 00  -122  -161 10267   320    72     8 -9999     6
1963 01 05 06   -89  -178 10281   320    62     2 -9999 -9999
1963 01 05 09  -100  -211 10304   320    72     1 -9999 -9999
1963 01 05 21  -189  -228 -9999   320    87     0 -9999 -9999
1963 01 06 00  -172  -222 10255   320    87     2 -9999 -9999
1963 01 06 06  -111  -172 10235   320    72     7 -9999 -9999
1963 01 06 09  -128  -189 -9999   320    82     7 -9999 -9999
1963 01 06 21  -189  -250 10264   320    51     0 -9999 -9999
1963 01 07 00  -200  -250 10270   320    62     0 -9999 -9999
1963 01 07 06  -161  -322 10269   340    51     0 -9999 -9999
1963 01 07 21  -272  -289 10302   320    31     1 -9999 -9999
1963 01 08 00  -272  -289 10306   320    62     1 -9999 -9999
1963 01 08 06  -200  -239 10276   160    31     1 -9999 -9999
1963 01 08 09  -228  -261 10274     0     0     1 -9999 -9999
1963 01 08 21  -300  -322 10249   320    51     2 -9999 -9999
1963 01 09 00  -289  -311 10255   320    51     7 -9999 -9999
1963 01 09 06  -200  -228 10247   320    41     8 -9999 -9999
1963 01 09 09  -211  -239 10256   320    41     7 -9999 -9999
1963 01 09 21  -200  -261 10245   320    82     6 -9999 -9999
1963 01 10 00  -222  -278 10250   320    72     2 -9999 -9999
1963 01 10 06  -178  -239 10242   360    31     2 -9999 -9999
1963 01 10 09  -211  -272 10250   320    41     7 -9999 -9999
1963 01 10 21  -228  -278 10266   320    87     0 -9999 -9999
1963 01 11 00  -239  -300 10278   320    98     1 -9999 -9999
1963 01 11 06  -189  -250 10276   360    51     0 -9999 -9999
1963 01 11 09  -239  -300 10288   340    41     0 -9999 -9999
1963 01 11 21  -261  -300 10276   320    72     0 -9999 -9999
1963 01 12 00  -272  -311 10281   290    21     0 -9999 -9999
1963 01 12 06  -189  -250 10241   180    31     1 -9999 -9999
1963 01 12 09  -228  -278 10232   270    31     1 -9999 -9999
1963 01 12 21  -250  -278 10193    20    21     8 -9999 -9999
1963 01 13 00  -222  -239 10195   320    41     8 -9999 -9999
1963 01 13 06  -189  -222 10187   320    41     1 -9999     6
1963 01 13 09  -211  -239 10202   320    31     7 -9999 -9999
1963 01 13 21  -222  -278 10191   320   139     6 -9999 -9999
1963 01 14 00  -222  -261 10202   340   139     5 -9999     6
1963 01 14 06  -200  -250 10206   340    98     7 -9999     6
1963 01 14 09  -200  -261 10221   320    98     7 -9999 -9999
1963 01 14 21  -222  -278 10217   320    72     8 -9999 -9999
1963 01 15 00  -222  -278 10208   320    87     6 -9999 -9999
1963 01 15 06  -172  -239 10181   340    62     1 -9999 -9999
1963 01 15 09  -222  -278 10180   320    51     1 -9999 -9999
1963 01 15 21  -250  -311 10151   320    41     0 -9999 -9999
1963 01 16 00  -272  -322 10149   320    31     2 -9999 -9999
1963 01 16 06  -161  -228 10117   320    10     7 -9999 -9999
1963 01 16 09  -172  -228 10116   250    21     8 -9999 -9999
1963 01 16 21  -211  -228 10092   270    21     3 -9999 -9999
1963 01 17 00  -239  -272 10096   320    31     6 -9999 -9999
1963 01 17 06  -161  -200 10086     0     0     8 -9999 -9999
1963 01 17 09  -172  -200 10096     0     0     8 -9999 -9999
1963 01 17 21  -211  -228 10074   320    10     8 -9999 -9999
1963 01 18 00  -250  -272 10079   320    31     3 -9999     6
1963 01 18 09  -200  -228 10074   140    21     7 -9999 -9999
1963 01 18 21  -189  -222 10080   320    82     8 -9999 -9999
1963 01 19 00  -200  -239 10091   320    82     7 -9999     6
1963 01 19 06  -172  -222 10098   320    87     6 -9999 -9999
1963 01 19 09  -178  -228 10115   320    72     7 -9999 -9999
1963 01 19 21  -239  -289 10120   290    72     1 -9999 -9999
1963 01 20 00  -211  -261 10124   320    62     6 -9999 -9999
1963 01 20 06  -189  -272 10115   340    51     7 -9999 -9999
1963 01 20 09  -222  -289 10129   320    51     8 -9999 -9999
1963 01 20 21  -250  -322 10148   320    82     5 -9999 -9999
1963 01 21 00  -272  -328 10164   320    72     7 -9999 -9999
1963 01 21 06  -228  -300 10178   340    51     1 -9999 -9999
1963 01 21 09  -272  -311 10196   320    41     1 -9999 -9999
1963 01 21 21  -289  -322 10203   290    82     0 -9999 -9999
1963 01 22 00  -289  -322 10209   320    72     1 -9999 -9999
1963 01 22 06  -211  -261 10200   340    51     7 -9999 -9999
1963 01 22 09  -239  -278 10206   320    31     7 -9999 -9999
1963 01 22 21  -261  -300 10185   320    41     6 -9999 -9999
1963 01 23 00  -239  -278 10196   340    41     6 -9999 -9999
1963 01 23 06  -189  -228 10189   340    98     8 -9999     6
1963 01 23 09  -211  -250 10206   320    51     1 -9999 -9999
1963 01 23 21  -178  -200 10180   320   139     8 -9999 -9999
1963 01 24 00  -172  -200 10182   320   139     8 -9999     6
1963 01 24 06  -122  -161 10178   320   139     8 -9999     6
1963 01 24 09  -122  -161 10193   320   139     7 -9999 -9999
1963 01 24 21  -139  -189 10184   320   118     7 -9999 -9999
1963 01 25 00  -122  -178 10181   340    82     7 -9999 -9999
1963 01 25 06   -78  -139 10165   340    82     8 -9999     6
1963 01 25 09  -100  -161 10176   340    62     5 -9999 -9999
1963 01 25 21  -139  -200 10138   320    51     0 -9999 -9999
1963 01 26 00  -139  -200 10134   320    51     5 -9999 -9999
1963 01 26 06  -100  -161 10184   340    72     2 -9999 -9999
1963 01 26 09  -128  -189 10190   320    51     1 -9999 -9999
1963 01 26 21  -161  -200 10101   320    72     1 -9999 -9999
1963 01 27 00  -150  -200 10106   320    82     6 -9999 -9999
1963 01 27 06   -89  -172 10104   340    51     7 -9999 -9999
1963 01 27 09  -122  -172 10118   340    41     7 -9999 -9999
1963 01 27 21  -172  -228 10134   320    87     0 -9999 -9999
1963 01 28 00  -172  -228 10141   320    87     1 -9999 -9999
1963 01 28 06  -122  -178 10147   320    87     1 -9999 -9999
1963 01 28 09  -150  -222 10168   320    51     1 -9999 -9999
1963 01 28 21  -189  -239 10164   320    87     0 -9999 -9999
1963 01 29 00  -172  -228 10170   320    72     7 -9999 -9999
1963 01 29 06  -122  -189 10162   340    87     7 -9999 -9999
1963 01 29 09  -122  -178 10172   340    82     8 -9999 -9999
1963 01 29 21  -178  -239 10167   320    72     0 -9999 -9999
1963 01 30 00  -189  -250 10169   320    87     2 -9999 -9999
1963 01 30 06  -128  -200 10162   340    72     1 -9999 -9999
1963 01 30 09  -161  -222 10179   340    62     1 -9999 -9999
1963 01 30 21  -239  -278 10191   320    41     0 -9999 -9999
1963 01 31 00  -228  -272 10204   320    51     1 -9999 -9999
1963 01 31 09  -189  -250 10216   340    21     0 -9999 -9999
1963 01 31 21  -272  -300 10243   320    51     0 -9999 -9999
1963 02 01 00  -261  -289 10261   320    62     1 -9999 -9999
1963 02 01 06  -150  -211 10261   340    21     1 -9999 -9999
1963 02 01 09  -189  -239 10277   320    21     1 -9999 -9999
1963 02 02 00  -222  -250 10292   290    62     7 -9999 -9999
1963 02 02 06  -128  -189 10275   340    31     2 -9999 -9999
1963 02 02 09  -128  -178 10285   340    31     6 -9999 -9999
1963 02 02 21  -228  -261 10277   290    51     0 -9999 -9999
1963 02 03 00  -222  -250 10293   320    62     2 -9999 -9999
1963 02 03 06  -139  -200 10284   340    41     0 -9999 -9999
1963 02 03 09  -178  -228 10299   320    31     0 -9999 -9999
1963 02 03 21  -250  -272 10305   320    41     0 -9999 -9999
1963 02 04 00  -239  -272 10306   320    51     1 -9999 -9999
1963 02 04 06  -128  -200 10294   360    21     1 -9999 -9999
1963 02 04 09  -178  -228 10300   180    31     2 -9999 -9999
1963 02 04 21  -261  -289 10306   320    62     1 -9999 -9999
1963 02 05 00  -261  -289 10315   320    62     1 -9999 -9999
1963 02 05 06  -139  -200 10301   340    21     7 -9999 -9999
1963 02 05 09  -178  -228 10307   320    31     1 -9999 -9999
1963 02 06 06  -122  -189 10284     0     0     8 -9999 -9999
1963 02 06 09  -161  -200 10288   160    31     8 -9999 -9999
1963 02 07 06  -100  -150 10227   140    21     0 -9999 -9999
1963 02 07 09  -122  -178 10213   220    31     1 -9999 -9999
1963 02 08 06  -100  -178 10202    20    10     1 -9999 -9999
1963 02 08 09  -161  -200 10205   180    41     7 -9999 -9999
1963 02 09 00  -211  -228 10188   140    21     8 -9999     6
1963 02 09 06  -128  -161 10179   140    21     4 -9999     6
1963 02 09 09  -161  -178 10196   140    21     0 -9999 -9999
1963 02 10 00  -222  -228 10235   320    41     8 -9999     6
1963 02 10 06  -150  -172 10230   340    31     5 -9999     6
1963 02 11 00  -222  -228 10251   320    62     7 -9999 -9999
1963 02 11 06  -128  -161 10232   320    31     0 -9999 -9999
1963 02 11 09  -172  -200 10238   200    21     2 -9999 -9999
1963 02 12 00  -272  -289 10250   320    31     1 -9999 -9999
1963 02 12 06  -139  -178 10241   140    21     0 -9999 -9999
1963 02 12 09  -161  -189 10251   150    31     2 -9999 -9999
1963 02 13 00  -261  -278 10261   140    21     0 -9999 -9999
1963 02 13 06  -111  -139 10230   160    51     8 -9999 -9999
1963 02 13 09  -111  -139 10221   160    41     7 -9999 -9999
1963 02 14 00  -139  -161 10249   320    72     8 -9999     6
1963 02 14 06  -100  -178 10267   360    72     1 -9999     6
1963 02 14 09  -128  -200 10289   360    21     1 -9999 -9999
1963 02 15 00  -178  -250 10329   320    41     0 -9999 -9999
1963 02 15 06  -100  -200 10308   320    72     0 -9999 -9999
1963 02 15 09  -139  -222 10309   320    41     0 -9999 -9999
1963 02 16 00  -150  -211 10277   320    51     7 -9999 -9999
1963 02 16 06  -100  -200 10268   360    87     1 -9999 -9999
1963 02 16 09  -139  -200 10294    70    31     0 -9999 -9999
1963 02 16 21  -272  -289 10332   320    62     0 -9999 -9999
1963 02 17 00  -261  -278 10335   320    62     0 -9999 -9999
1963 02 17 06  -111  -178 10312   160    41     0 -9999 -9999
1963 02 17 09  -172  -222 10310   160    41     1 -9999 -9999
1963 02 18 06  -111  -189 10291     0     0     7 -9999 -9999
1963 02 18 09  -128  -172 10298     0     0     7 -9999 -9999
1963 02 19 00  -139  -172 10286   290    51     0 -9999 -9999
1963 02 19 06   -50  -178 10247   320    31     1 -9999 -9999
1963 02 19 09   -89  -211 10245   290    31     5 -9999 -9999
1963 02 20 00  -122  -172 10277   320    72     1 -9999 -9999
1963 02 20 06   -61  -172 10274   320    98     1 -9999 -9999
1963 02 20 09   -89  -178 10278   310    51     1 -9999 -9999
1963 02 21 00  -122  -178 10232   290    21     2 -9999 -9999
1963 02 21 06   -22  -189 10145   220    87     1 -9999 -9999
1963 02 21 09   -39  -122 10119   220    72     6 -9999 -9999
1963 02 22 00  -100  -128  9991   110    21     8 -9999 -9999
1963 02 22 06   -39   -61  9980   360    31     8 -9999     3
1963 02 22 09   -72   -78  9998    20    41     8 -9999 -9999
1963 02 23 00  -139  -200 10103   340    87     7 -9999     6
1963 02 23 06  -111  -172 10114   340    98     4 -9999 -9999
1963 02 23 09  -139  -211 10141   340    62     2 -9999 -9999
1963 02 24 00  -178  -239 10204   290    62     1 -9999 -9999
1963 02 24 06   -89  -200 10205   360    31     2 -9999 -9999
1963 02 24 09  -100  -178 10217     0     0     2 -9999 -9999
1963 02 25 00  -189  -222 10255   320    62     5 -9999 -9999
1963 02 25 06   -89  -189 10250   340    62     1 -9999 -9999
1963 02 25 09  -128  -189 10261   340    10     1 -9999 -9999
1963 02 26 00  -200  -239 10244   320    41     1 -9999 -9999
1963 02 26 06  -100  -178 10227   360    51     1 -9999 -9999
1963 02 26 09  -128  -200 10232   320    31     1 -9999 -9999
1963 02 27 00  -161  -211 10181     0     0     1 -9999 -9999
1963 02 28 00   -89  -128  9970   160    72     8 -9999     6
1963 02 28 06   -61  -100  9979    20    41     8 -9999     6
1963 02 28 09   -78   -89 10000     0     0     8 -9999 -9999
1963 03 01 00  -122  -139 10081   340    82     8 -9999     6
1963 03 01 06   -89  -161 10110   320    72     7 -9999     6
1963 03 01 09  -100  -150 10136   340    72     7 -9999 -9999
1963 03 02 00  -161  -228 10205   320    98     2 -9999 -9999
1963 03 02 06  -111  -189 10213   340    82     7 -9999 -9999
1963 03 02 09  -122  -189 10221   320    82     7 -9999 -9999
1963 03 03 00  -172  -228 10243   320    51     2 -9999 -9999
1963 03 03 06   -89  -211 10227   340    51     2 -9999 -9999
1963 03 03 09  -111  -189 10232   340    51     3 -9999 -9999
1963 03 04 00  -150  -211 10236   320    51     3 -9999 -9999
1963 03 04 06   -72  -200 10225   360    62     6 -9999 -9999
1963 03 04 09   -78  -211 10227   360    31     7 -9999 -9999
1963 03 05 00  -161  -211 10254   320    51     6 -9999 -9999
1963 03 05 06   -72  -211 10257   360    51     7 -9999 -9999
1963 03 05 09   -89  -200 10270   360    21     7 -9999 -9999
1963 03 06 00  -172  -200 10305   320    41     4 -9999 -9999
1963 03 06 06   -72  -211 10295   360    31     2 -9999 -9999
1963 03 06 09   -89  -161 10303   160    31     3 -9999 -9999
1963 03 07 00  -139  -172 10324   320    62     1 -9999 -9999
1963 03 07 06   -39  -178 10317   340    41     0 -9999 -9999
1963 03 07 09   -50  -161 10324   360    31     1 -9999 -9999
1963 03 08 00  -122  -172 10350   320    51     0 -9999 -9999
1963 03 08 09   -28  -139 10334   340    10     0 -9999 -9999
1963 03 09 00  -100  -150 10327   340    31     1 -9999 -9999
1963 03 09 06    22  -139 10305   360    41     1 -9999 -9999
1963 03 09 09     0  -122 10301   340    21     1 -9999 -9999
1963 03 10 00  -100  -178 10297   320    51     0 -9999 -9999
1963 03 10 06    28  -139 10275   340    31     0 -9999 -9999
1963 03 10 09     0   -61 10282   160    31     0 -9999 -9999
1963 03 11 00  -111  -128 10308   320    31     0 -9999 -9999
1963 03 11 09     0   -72 10296   160    31     0 -9999 -9999
1963 03 12 00   -78  -122 10292   320    21     1 -9999 -9999
1963 03 12 06    72   -89 10269    70    10     0 -9999 -9999
1963 03 12 09    28   -50 10264   180    31     1 -9999 -9999
1963 03 13 00   -72  -100 10230   160    21     8 -9999 -9999
1963 03 13 03    61   -28 10176   360    62     8 -9999 -9999
1963 03 13 06    72  -100 10179   220    62     8 -9999 -9999
1963 03 13 09    39   -72 10165   200    51     8 -9999 -9999
1963 03 14 00   -22   -50 10119    40    82     8 -9999 -9999
1963 03 14 06    39   -61 10132    40    87     7 -9999 -9999
1963 03 15 00   -11   -89 10196   290    41     1 -9999 -9999
1963 03 15 06    61   -89 10176   360    31     7 -9999 -9999
1963 03 15 09    28   -50 10178   160    51     8 -9999 -9999
1963 03 16 00   -22   -50 10202   200    51 -9999 -9999 -9999
1963 03 16 06    50   -78 10193   340    41     1 -9999 -9999
1963 03 16 09    28  -128 10200    20    51     2 -9999 -9999
1963 03 17 00   -50   -78 10191   320    21     7 -9999 -9999
1963 03 17 06    39  -111 10143   140    62     2 -9999 -9999
1963 03 17 09    22  -172 10130   140    51     3 -9999 -9999
1963 03 18 00    22   -78 10022   220    98     6 -9999 -9999
1963 03 18 06    78  -100  9962   220    72     7 -9999 -9999
1963 03 18 09    61   -72  9940   180    62     8 -9999 -9999
1963 03 19 00    22     0 -9999   240    98     8 -9999     6
1963 03 19 06   -28   -89  9807   220    98     7 -9999    10
1963 03 19 09   -28  -161  9850   220    87     1 -9999 -9999
1963 03 20 00   -89  -189  9963   180    21     7 -9999 -9999
1963 03 20 09   -72  -111 10055   360    21     7 -9999 -9999
1963 03 21 06   -28  -111 10195   340    51     5 -9999 -9999
1963 03 21 09   -39  -139 10213   340    82     1 -9999 -9999
1963 03 22 00  -100  -200 10279   320    72     0 -9999 -9999
1963 03 22 06   -28  -228 10256   350    62     1 -9999 -9999
1963 03 22 09   -28  -239 10251   290    62     1 -9999 -9999
1963 03 23 00   -50  -211 10186   220    21     7 -9999 -9999
1963 03 23 06    39  -172 10146   360    31     5 -9999 -9999
1963 03 23 09    39  -111 10137   320    21     4 -9999 -9999
1963 03 24 00   -61  -122 10132   320    41     1 -9999 -9999
1963 03 24 06    39  -122 10136    40    41     5 -9999 -9999
1963 03 24 09    22   -89 10136    90    31     6 -9999 -9999
1963 03 25 00   -22   -72 10150    30    31     3 -9999 -9999
1963 03 25 06    72   -78 10120   110    51     5 -9999 -9999
1963 03 25 09    50   -50 10129   110    31     7 -9999 -9999
1963 03 25 21   -28   -61 10143   320    21     8 -9999 -9999
1963 03 26 00     0   -78 10143    40    51     8 -9999 -9999
1963 03 26 06    22   -50 10140   360    82     8 -9999 -9999
1963 03 26 09     0   -11 10176   340    31     8 -9999 -9999
1963 03 27 00   -50  -189 10256   320    82     0 -9999 -9999
1963 03 27 06     0  -250 10237   320    98     1 -9999 -9999
1963 03 27 09   -11  -250 10234   320    98     1 -9999 -9999
1963 03 28 00   -72  -200 10252   320    98     0 -9999 -9999
1963 03 28 06   -11  -161 10226   340    62     1 -9999 -9999
1963 03 28 09   -11  -189 10215   360    51     0 -9999 -9999
1963 03 29 00   -72  -139 10130   160    41     8 -9999 -9999
1963 03 29 06    39  -228 10065   160    82     7 -9999 -9999
1963 03 29 09    22  -111 10052   160    21     8 -9999 -9999
1963 03 30 00   -39   -78 10052   320    72     8 -9999 -9999
1963 03 30 06    11  -128 10050   320    82     6 -9999 -9999
1963 03 30 09     0  -100 10070   360    51     1 -9999 -9999
1963 03 31 00   -22   -89 10101   320    31     8 -9999 -9999
1963 03 31 06    22  -111 10086   360    72     7 -9999 -9999
1963 03 31 09     0  -172 10095   360    51     3 -9999 -9999
1963 04 01 00   -39  -228 10151   320    82     0 -9999 -9999
1963 04 01 06    28  -278 10126   340    98     8 -9999 -9999
1963 04 01 09    22  -211 10119   320    62     0 -9999 -9999
1963 04 01 21     0  -161 10094   140    21     2 -9999 -9999
1963 04 02 00    11  -172 10068   180    72     7 -9999 -9999
1963 04 02 06   122  -139  9946   180    41     8 -9999 -9999
1963 04 02 09   128  -100  9937   220    72     8 -9999 -9999
1963 04 03 00   -28  -150 10120   340   118     7 -9999 -9999
1963 04 03 06   -11  -128 10163   360    87     6 -9999 -9999
1963 04 03 09   -28  -200 10171    20    62     7 -9999 -9999
1963 04 04 00   -78  -222 10253   160    51     5 -9999 -9999
1963 04 04 09   -11  -189 10197   160    72     7 -9999 -9999
1963 04 05 00   -72  -211 10277   320    21     2 -9999 -9999
1963 04 05 06     0  -228 10223   320    62     6 -9999 -9999
1963 04 05 09     0  -211 10218   320    31     5 -9999 -9999
1963 04 06 00  -100  -178 10285   340    98     0 -9999 -9999
1963 04 06 06   -72  -272 10296   320   118     0 -9999 -9999
1963 04 06 09   -78  -250 10307   340    98     0 -9999 -9999
1963 04 07 00  -111  -172 10315   360    31     2 -9999 -9999
1963 04 07 06   -22  -228 10269   140    41     6 -9999 -9999
1963 04 07 09   -22  -228 10260   110    31     3 -9999 -9999
1963 04 08 00   -72  -139 10236     0     0     0 -9999 -9999
1963 04 08 06    28  -172 10193   360    31     6 -9999 -9999
1963 04 08 09    11  -139 10183   290    21     6 -9999 -9999
1963 04 09 00   -22  -122 10159   140    31     0 -9999 -9999
1963 04 09 06    72  -228 10109   180    41     7 -9999 -9999
1963 04 09 09    50  -211 10106   160    51     7 -9999 -9999
1963 04 10 00    22   -78 10035   160    62     7 -9999     6
1963 04 10 06    22   -22 10074   320    82     8 -9999     3
1963 04 11 00   -11   -11 10159   290    51     7 -9999 -9999
1963 04 11 06    50   -22 10157    40    51     7 -9999 -9999
1963 04 11 09    39   -28 10161    90    51     3 -9999 -9999
1963 04 12 00    39   -39 10146   110    62     8 -9999 -9999
1963 04 12 06   100     0 10102   110    82     7 -9999 -9999
1963 04 12 09    89   -11 10084   110    62     8 -9999 -9999
1963 04 13 00    72     0 10033   140    98     8 -9999 -9999
1963 04 13 06   122    22 10054   200    72     8 -9999     6
1963 04 13 09    72    61 10060   180    41     8 -9999 -9999
1963 04 14 00    72   -78 10100   250    62     1 -9999 -9999
1963 04 14 09   122  -100 10083   250    51     1 -9999 -9999
1963 04 15 00    39   -39 10090     0     0     6 -9999 -9999
1963 04 15 06   139   -78 10064   140    72     7 -9999 -9999
1963 04 15 09   128   -72 10073   140    62     6 -9999 -9999
1963 04 16 00    78    22 10090   160    51     2 -9999 -9999
1963 04 16 09    89    50  9988   200    62     8 -9999 -9999
1963 04 17 00    22    22  9878   180    51     8 -9999    20
1963 04 17 06    50    39  9915   140    21     8 -9999     6
1963 04 17 09    61    28  9944    70    31     8 -9999 -9999
1963 04 18 00    28     0 10077   340    72     8 -9999     6
1963 04 18 06    61   -11 10111    20    21     8 -9999     6
1963 04 18 09    61    11 10115    50    21     8 -9999 -9999
1963 04 18 21    28    22 10148    40    31     8 -9999 -9999
1963 04 19 00    28    22 10149    20    51     8 -9999    10
1963 04 19 06    72    22 10141    90    31     8 -9999    10
1963 04 19 09    72    22 10138    90    31     8 -9999 -9999
1963 04 20 06    78   -22 10147    40    41     7 -9999 -9999
1963 04 20 09    72   -22 10161   340    31     7 -9999 -9999
1963 04 21 00    22   -61 10235   340    31     3 -9999 -9999
1963 04 21 06    61  -111 10226   320    62     1 -9999 -9999
1963 04 21 09    50  -100 10242    20    62     2 -9999 -9999
1963 04 21 21   -28   -72 10285   320    41     2 -9999 -9999
1963 04 22 00    22   -50 10287   320    10     8 -9999 -9999
1963 04 22 06    72   -61 10247   160    51     8 -9999 -9999
1963 04 22 09    72   -22 10224   140    41     7 -9999 -9999
1963 04 23 00    72    22 10155   160    87     1 -9999 -9999
1963 04 23 06   150     0 10188   200    82     6 -9999 -9999
1963 04 23 09   128   -28 10176   220    62     7 -9999 -9999
1963 04 24 00    50     0 10051   340    72     2 -9999 -9999
1963 04 24 06   100   -22 10037   340    72     6 -9999     6
1963 04 24 09    78   -11 10046   360    51     2 -9999 -9999
1963 04 24 21     0   -39 10078   290    41     1 -9999 -9999
1963 04 25 00    72   -22 10081   320    41     4 -9999 -9999
1963 04 25 09   139   -11 10068   160    41     3 -9999 -9999
1963 04 25 21    89     0 10069   140    21     1 -9999 -9999
1963 04 26 00    89    22 10067   160    62     7 -9999 -9999
1963 04 26 06   178     0 10031   160   118     8 -9999 -9999
1963 04 26 09   161    28 10022   180    82     7 -9999 -9999
1963 04 27 00    61     0 10037   340    31     8 -9999 -9999
1963 04 27 06   100    78 10012   180    62     8 -9999     5
1963 04 27 09   100    72  9994   160    82     8 -9999 -9999
1963 04 27 21    78    39  9924   160    98     8 -9999 -9999
1963 04 28 00    72    61  9904   160    82     8 -9999    50
1963 04 28 06    61   -22  9924   200   139     7 -9999     5
1963 04 28 09    39   -39  9955   220    98     8 -9999 -9999
1963 04 29 00    22   -72  9980   250   118     8 -9999 -9999
1963 04 29 06    39   -89 10003   270   139     7 -9999     6
1963 04 29 09    28   -50 10028   250    98     8 -9999 -9999
1963 04 30 00    11   -89 10092   290    98     7 -9999 -9999
1963 04 30 06    50  -111 10095   290    62     7 -9999     6
1963 04 30 09    39   -89 10104   320    82     7 -9999 -9999
1963 04 30 21   -28  -100 10121   290    41     2 -9999 -9999
1963 05 01 00    11  -122 10123   290    41     7 -9999 -9999
1963 05 01 06    72  -100 10094   320    82     3 -9999 -9999
1963 05 01 21     0   -72 10124   290    31     0 -9999 -9999
1963 05 02 00    61   -78 10124   290    21     0 -9999 -9999
1963 05 02 06   161   -28 10081   290    31     4 -9999 -9999
1963 05 02 09   150   -28 10071   270    72     7 -9999 -9999
1963 05 02 21    50     0 10049   140    21     8 -9999 -9999
1963 05 03 06   128    50 10052   360    87     7 -9999 -9999
1963 05 03 09   100    22 10067   340    62     7 -9999 -9999
1963 05 04 00    61   -50 10092   360    21     8 -9999 -9999
1963 05 04 06    89   -61 10067    40    72     8 -9999 -9999
1963 05 04 09    89   -50 10059    40    41     8 -9999 -9999
1963 05 05 00    89   -22 10037   340    72     7 -9999 -9999
1963 05 05 06   150   -89 10021   340    82     1 -9999 -9999
1963 05 05 09   161   -61 10023    20    21     1 -9999 -9999
1963 05 06 00   128   -22 10034   180   159     7 -9999 -9999
1963 05 06 06   172   -28 10003   160   159     7 -9999 -9999
1963 05 06 09   161     0 10002   130    98     7 -9999 -9999
1963 05 06 21    61    28 10052   320    87     8 -9999 -9999
1963 05 07 00    28    22 10064   320    82     8 -9999    70
1963 05 07 09     0     0 10038   340    31     8 -9999 -9999
1963 05 07 21    22   -11 10042   320    72     7 -9999 -9999
1963 05 08 00    28   -22 10054   320    82     7 -9999 -9999
1963 05 08 06   111   -61 10055   320   118     2 -9999 -9999
1963 05 09 00    78   -50 10140   320    51     0 -9999 -9999
1963 05 09 06   139   -61 10127    20    41     0 -9999 -9999
1963 05 09 09   150   -28 10122     0     0     0 -9999 -9999
1963 05 10 00    78    22 10152   160    51     3 -9999 -9999
1963 05 10 06   200   -39 10085   140    72     7 -9999 -9999
1963 05 10 09   211    28 10070   140    41     7 -9999 -9999
1963 05 11 00   128    72 10059    20    31     7 -9999 -9999
1963 05 11 06   250    78 10011   140    41     7 -9999 -9999
1963 05 11 09   228   111  9997   180    72     8 -9999 -9999
1963 05 11 21   100    11 10090   340   118     8 -9999 -9999
1963 05 12 00    78   -28 10120   340    87     7 -9999     6
1963 05 12 06   139   -50 10133   360    62     7 -9999 -9999
1963 05 12 09   150   -39 10126    90    21     3 -9999 -9999
1963 05 13 00    78    28 10056   340    31     8 -9999 -9999
1963 05 13 03    11   -22 10036   320    21     7 -9999 -9999
1963 05 13 06    72    50  9990   180    41     8 -9999    30
1963 05 13 09   100    39  9974   170    21     7 -9999 -9999
1963 05 14 00    89     0  9970   320    98     3 -9999 -9999
1963 05 14 06   111     0  9979   320    98     7 -9999     6
1963 05 14 09   100   -11  9990   360    62     7 -9999 -9999
1963 05 15 00    89   -72 10058   320    72     1 -9999 -9999
1963 05 15 06   139   -78 10037   320    51     7 -9999 -9999
1963 05 15 09   150   -61 10030   250    41     7 -9999 -9999
1963 05 15 21    39     0 10013     0     0     7 -9999 -9999
1963 05 16 00   100    22 10007   160    31     3 -9999 -9999
1963 05 16 06   178    11  9989   140    10     7 -9999 -9999
1963 05 16 09   178    22 10002    70    31     2 -9999 -9999
1963 05 17 00   139    28 10081    20    31     3 -9999 -9999
1963 05 17 06   189   -22 10060    20    21     3 -9999 -9999
1963 05 18 00   128    61 10067   160    41     8 -9999 -9999
1963 05 18 06   178    39  9978   190    72     7 -9999 -9999
1963 05 18 21   100    72  9984   220    62     1 -9999 -9999
1963 05 19 00   139   -28 10004   270    98     0 -9999 -9999
1963 05 19 06   211  -111 10018   270   118     1 -9999 -9999
1963 05 19 09   211  -111 10011   270    98     2 -9999 -9999
1963 05 20 00   122  -128 10006   320    98     1 -9999 -9999
1963 05 20 06   172   -89 10001   290    82     3 -9999 -9999
1963 05 20 09   161   -61 10012   320    51     2 -9999 -9999
1963 05 21 00    78   -28 10055   340    31     7 -9999 -9999
1963 05 21 06   111   -22 10016   320    41     8 -9999     6
1963 05 21 09    72    28 10019   250    51     8 -9999 -9999
1963 05 21 21    72   -78 10032   290    87     5 -9999 -9999
1963 05 22 00   111   -89 10033   290   118     1 -9999 -9999
1963 05 22 06   150  -122 10053   340   118     6 -9999 -9999
1963 05 22 09   139  -111 10072   340    87     6 -9999 -9999
1963 05 23 06   161   -72 10097   140    51     7 -9999 -9999
1963 05 23 09   150   -39 10063   160    72     7 -9999 -9999
1963 05 24 00    89    11 10029   330    62     7 -9999     6
1963 05 24 06   128   -22 10025   340    82     2 -9999 -9999
1963 05 24 09   122     0 10037   340    87     2 -9999 -9999
1963 05 25 00   128   -28 10060   200   118     2 -9999 -9999
1963 05 25 06   211   -72  9995   270    98     7 -9999 -9999
1963 05 25 09   222   -72  9970   290    72     7 -9999 -9999
1963 05 26 00   211   -39  9882   350    82     1 -9999 -9999
1963 05 26 06   200   -11  9876   340    51     8 -9999 -9999
1963 05 26 09   122    39  9914   320    87 -9999 -9999 -9999
1963 05 26 21    78   -28  9986   290    72     1 -9999 -9999
1963 05 27 00   100   -11  9979   280    21     7 -9999 -9999
1963 05 27 06   172   -11  9979   290    51     7 -9999     6
1963 05 27 09   189   -11  9976    20    51     2 -9999 -9999
1963 05 28 00   150    39 10025   140    21     6 -9999 -9999
1963 05 28 06   250     0  9979   140    62     8 -9999 -9999
1963 05 28 09   239    11  9953   110    62     7 -9999 -9999
1963 05 29 00   161    28 10012   340    87     1 -9999 -9999
1963 05 30 21    89    78  9938   340    41     7 -9999 -9999
1963 05 31 00   111    78  9950   320    82     8 -9999 -9999
1963 06 02 06   150    72 10097   130    41     6 -9999 -9999
1963 06 03 00   122    50 10114   140    87     6 -9999 -9999
1963 06 03 06   189    50 10074   140    72     6 -9999     6
1963 06 04 00   111   111 10056   180    41     8 -9999    10
1963 06 04 06   150   128 10067   320    72     7 -9999    10
1963 06 04 09   161   111 10071   360    41     4 -9999 -9999
1963 06 05 00   128    89 10119   360    21     1 -9999 -9999
1963 06 05 06   178   100 10099   140    31     7 -9999 -9999
1963 06 05 09   178   122 10086   140    72     7 -9999 -9999
1963 06 06 00   178   128 10051   180    62     2 -9999     3
1963 06 06 06   250    89 10056   290    41     3 -9999 -9999
1963 06 06 09   250    78 10063    20    31     7 -9999 -9999
1963 06 07 00   161   139 10095   110    31     7 -9999 -9999
1963 06 07 06   172   161 10072     0     0     8 -9999     3
1963 06 07 09   172   150 10051    90    41     8 -9999 -9999
1963 06 08 00   150   100 10036   180    62     7 -9999 -9999
1963 06 08 09   211   100 10024   160    82     8 -9999 -9999
1963 06 09 00   122   111  9971   320    31     8 -9999    40
1963 06 09 06   150   111  9944   360    72     7 -9999    10
1963 06 09 09   128   111  9944   320    21     7 -9999 -9999
1963 06 10 00   128   111  9927   290    31     8 -9999    10
1963 06 10 06   161   111  9921    20    41     7 -9999     6
1963 06 10 09   161   122  9926   270    31     7 -9999 -9999
1963 06 11 06   172   128 10018   340    51     7 -9999     5
1963 06 12 06   228    89 10046    70    31     7 -9999     6
1963 06 12 09   211   111 10048   180    51     7 -9999 -9999
1963 06 13 00   172   128 10072   320    41     2 -9999 -9999
1963 06 13 06   239   100 10059   340    51     5 -9999 -9999
1963 06 13 09   250    61 10058   340    41     2 -9999 -9999
1963 06 14 00   178   111 10100   340    41     3 -9999 -9999
1963 06 14 06   261    28 10093    40    10     2 -9999 -9999
1963 06 14 09   261    28 10068   180    41     1 -9999 -9999
1963 06 15 00   250    72 10104   220    62     2 -9999 -9999
1963 06 15 06   300    72 10082   230    72     6 -9999 -9999
1963 06 15 09   272   100 10073   220    41     6 -9999 -9999
1963 06 16 00   222   128 10124   340    72     6 -9999 -9999
1963 06 16 06   250   100 10141   340    31     1 -9999 -9999
1963 06 16 09   261    78 10132   310    31     1 -9999 -9999
1963 06 17 00   211   128 10146    20    31     5 -9999 -9999
1963 06 17 06   278   100 10128    90    21     1 -9999 -9999
1963 06 17 09   272   100 10122    40    41     1 -9999 -9999
1963 06 18 00   228   150 10101   180    31     0 -9999 -9999
1963 06 18 06   328   122 10059   250    72 -9999 -9999 -9999
1963 06 18 09   322   122 10049   250    62     2 -9999 -9999
1963 06 19 00   239   172 10063   180    31     5 -9999     6
1963 06 19 06   278   150 10044   180    87     6 -9999 -9999
1963 06 19 09   261   139 10045   180    82     6 -9999 -9999
1963 06 19 21   172   150 10046   160    10     3 -9999 -9999
1963 06 20 00   200   150 10046   180    51     6 -9999 -9999
1963 06 20 06   222   150 10022   140    87     7 -9999     6
1963 06 20 09   228   139 10009   140    41     7 -9999 -9999
1963 06 21 00   172   161 10009    90    31     8 -9999    40
1963 06 21 09   222   161  9999    70    31     7 -9999 -9999
1963 06 22 00   178   172 10012   140    51     8 -9999    50
1963 06 22 06   239   178  9992   160    82     7 -9999     6
1963 06 22 09   172   150 10020   160    82     7 -9999 -9999
1963 06 23 00   161   150 10024     0     0     8 -9999     6
1963 06 23 06   178   150 10024   140    31     8 -9999     6
1963 06 23 09   161   139 10031   140    62     8 -9999 -9999
1963 06 24 00   161   122 10042   140    62     8 -9999     3
1963 06 24 06   161   150 10013   110    51     8 -9999    60
1963 06 24 09   172   139 10021   140    21     8 -9999 -9999
1963 06 25 00   172   150 -9999   140    87     8 -9999   170
1963 06 25 06   178   139  9987   140    41     7 -9999   110
1963 06 25 09   122   111  9996   140    31     7 -9999 -9999
1963 06 26 00   139   122 10025   160    62     4 -9999     6
1963 06 26 06   172    89 10020   180    72     7 -9999    10
1963 06 27 00   172   128 10023   270    31     5 -9999    10
1963 06 27 06   222   122 10035   320    41     6 -9999     6
1963 06 27 09   211   128 10045   340    21     2 -9999 -9999
1963 06 28 00   161   150 10032   160    31     7 -9999     6
1963 06 28 06   200   172  9987   140    31     8 -9999     6
1963 06 28 09   200   178  9996   160    21     7 -9999 -9999
1963 06 29 00   172   128  9978   320    41     4 -9999 -9999
1963 06 29 06   228   139  9978   270    31     6 -9999 -9999
1963 06 30 00   200   161 10001   160    31     7 -9999 -9999
1963 06 30 06   222   172 10005   220    21     8 -9999     6
1963 06 30 09   178   161  9998   180    41     8 -9999 -9999
1963 07 01 00   200   178 10003   140    51     7 -9999     6
1963 07 01 06   239   189 10027   250    41     6 -9999 -9999
1963 07 02 00   239   211  9989   180    72     7 -9999    20
1963 07 02 06   272   228  9988   180    62     8 -9999 -9999
1963 07 02 09   261   222  9998   200    41     8 -9999 -9999
1963 07 03 00   211   189 10034   180    21     7 -9999 -9999
1963 07 03 06   250   211 10017   160    41     7 -9999     6
1963 07 03 09   250   200 10041   160    10     7 -9999 -9999
1963 07 04 00   211   172 10029   220    41     6 -9999 -9999
1963 07 04 06   250   161 10028   250    51     7 -9999 -9999
1963 07 04 09   239   178 10026   180    41     7 -9999 -9999
1963 07 05 00   200   161 10053   340    31     1 -9999 -9999
1963 07 05 06   250   172 10041    90    21     3 -9999 -9999
1963 07 05 09   250   172 10036   110    31     7 -9999 -9999
1963 07 06 00   200   172 10021   340    41     6 -9999    20
1963 07 06 06   250   178  9991    20    72     6 -9999     6
1963 07 06 09   178   172 10008    20    62     8 -9999 -9999
1963 07 07 00   178   172  9996   320    41     7 -9999    30
1963 07 07 06   211   178  9989    90    10     7 -9999   140
1963 07 07 09   178   172  9991   320    21     7 -9999 -9999
1963 07 08 00   200   172  9992   320    31     6 -9999 -9999
1963 07 08 06   250   189  9973   340    72     5 -9999 -9999
1963 07 08 09   239   128  9976   340    87     4 -9999 -9999
1963 07 09 00   172    72 10055   340    72     1 -9999 -9999
1963 07 09 06   239    72 10061   360    62     1 -9999 -9999
1963 07 09 09   228    89 10052   340    31     1 -9999 -9999
1963 07 10 00   228   172 10028   180    10     1 -9999 -9999
1963 07 10 06   311   172  9996   250    41     1 -9999 -9999
1963 07 10 09   300   178  9992   250    51     3 -9999 -9999
1963 07 11 00   261   178  9990   250    31     1 -9999 -9999
1963 07 11 06   322   172  9984   270    72     1 -9999 -9999
1963 07 11 09   300   189  9988   220    62     1 -9999 -9999
1963 07 12 00   250   189 10035   140    31     2 -9999 -9999
1963 07 12 06   300   161 10028   180    62     6 -9999 -9999
1963 07 13 00   228   178 10028   290    31     7 -9999 -9999
1963 07 13 06   278   189 10010    20    51     7 -9999 -9999
1963 07 13 09   278   200 10007   120    31     6 -9999 -9999
1963 07 14 00   189   178 10070   320    31     6 -9999 -9999
1963 07 14 06   250   189 10068     0     0     6 -9999 -9999
1963 07 14 09   272   189 10061   360    10     6 -9999 -9999
1963 07 15 00   222   211 10068   320    31     2 -9999 -9999
1963 07 15 06   278   178 10041   110    62     7 -9999 -9999
1963 07 16 00   211   161 10054    90    62     7 -9999 -9999
1963 07 16 06   211   178 10068   110    41     7 -9999    10
1963 07 16 09   189   161 10084   140    82     8 -9999 -9999
1963 07 17 00   211   161 10109    90    62     5 -9999 -9999
1963 07 17 06   228   161 10105   140    51     7 -9999 -9999
1963 07 18 00   222   139 10136   110    51     6 -9999 -9999
1963 07 18 06   261   228 10131   140    41     7 -9999 -9999
1963 07 18 09   239   161 10130   160    21     7 -9999 -9999
1963 07 19 00   211   150 10154    90    21 -9999 -9999 -9999
1963 07 19 06   239   172 10144   270    41     7 -9999 -9999
1963 07 19 09   228   178 10138   140    10     8 -9999 -9999
1963 07 20 00   200   189 10143     0     0     8 -9999 -9999
1963 07 20 06   250   178 10123   160    41     7 -9999 -9999
1963 07 20 09   239   189 10111   140    21     7 -9999 -9999
1963 07 21 00   189   178 10032    40    21     8 -9999 -9999
1963 07 21 06   200   189  9985    20    72     8 -9999    90
1963 07 21 09   189   178  9980   360    87     8 -9999 -9999
1963 07 22 00   189   178 10006 -9999 -9999     8 -9999     6
1963 07 22 06   189   172 10021   320    51     8 -9999     3
1963 07 23 06   239   150 10075    70    41     7 -9999 -9999
1963 07 23 09   222   172 10078   140    51     7 -9999 -9999
1963 07 24 00   211   178 10087   320    21     7 -9999 -9999
1963 07 24 06   261   189 10070    40    41     5 -9999 -9999
1963 07 24 09   272   189 10062    40    21     2 -9999 -9999
1963 07 25 00   222   178 10052   320    31     2 -9999 -9999
1963 07 25 06   300   200 10018   320    31     1 -9999 -9999
1963 07 25 09   289   228 10008   340    21     1 -9999 -9999
1963 07 26 00   239   178  9990   320    41     1 -9999 -9999
1963 07 26 06   322   178  9977   320    31     0 -9999 -9999
1963 07 27 00   261   222  9999   220    21     2 -9999 -9999
1963 07 27 09   261   200 10019   110    31     7 -9999 -9999
1963 07 28 00   200   178 10108   320    41     7 -9999 -9999
1963 07 28 06   228   211 10096    20    31     8 -9999 -9999
1963 07 28 09   211   200 10092    70    21     8 -9999 -9999
1963 07 29 00   172   172 10036   110    51     8 -9999 -9999
1963 07 29 06   200   189  9985   110    51     7 -9999    30
1963 07 29 09   211   211  9961   110    62     8 -9999 -9999
1963 07 30 00   222   200  9971   200    41     4 -9999 -9999
1963 07 30 06   261   178  9972   220    51     2 -9999     6
1963 07 30 09   261   178  9976   250    51     4 -9999 -9999
1963 07 31 00   228   200 10012   160    41     6 -9999 -9999
1963 07 31 06   211   189 10020   140    41     8 -9999     6
1963 07 31 09   211   200 10017   160    51     7 -9999 -9999
1963 08 01 00   211   200 10049   160    31     7 -9999    60
1963 08 01 06   228   189 10052   110    21     7 -9999 -9999
1963 08 01 09   222   211 10060    70    41     7 -9999 -9999
1963 08 01 21   189   178 10077   290    31     7 -9999 -9999
1963 08 02 00   222   178 10079   320    41     7 -9999 -9999
1963 08 02 06   272   200 10065   320    31     4 -9999 -9999
1963 08 02 09   261   211 10056     0     0     7 -9999 -9999
1963 08 02 21   211   211 10023   110    31     7 -9999 -9999
1963 08 03 00   189   189 10032     0     0     7 -9999   460
1963 08 03 06   272   222 10032   320    10     6 -9999 -9999
1963 08 03 09   272   228 10031   140    21     6 -9999 -9999
1963 08 04 00   228   200  9984   270    62     3 -9999     5
1963 08 04 06   272   178 10009   270    82     2 -9999     6
1963 08 04 09   272   189 10021   270    51     1 -9999 -9999
1963 08 04 21   161   139 10055   320    10     1 -9999 -9999
1963 08 05 00   228   161 10061   220    21     1 -9999 -9999
1963 08 05 06   278   172 10053   270    51     4 -9999 -9999
1963 08 05 09   272   178 10052   270    31     1 -9999 -9999
1963 08 05 21   178   122 10064   320    41     8 -9999 -9999
1963 08 06 00   211   178 10073   340    31 -9999 -9999 -9999
1963 08 06 06   239   178 10068   360    41 -9999 -9999 -9999
1963 08 06 09   239   178 10069   360    31     2 -9999 -9999
1963 08 06 21   161   150 10085   320    21     1 -9999 -9999
1963 08 07 00   200   161 10091   320    62     2 -9999 -9999
1963 08 07 06   228   178 10092   320    21     7 -9999     6
1963 08 07 09   222   178 10093   340    31     7 -9999 -9999
1963 08 07 21   172   161 10125   320    31     7 -9999 -9999
1963 08 08 00   189   161 10141   320    41     7 -9999 -9999
1963 08 08 09   222   178 10129     0     0     7 -9999 -9999
1963 08 08 21   172   172 10144   340    41     8 -9999 -9999
1963 08 09 00   178   178 10145   340    41     8 -9999     6
1963 08 09 06   250   200 10121   360    21     7 -9999 -9999
1963 08 09 09   200   189 10127   320    21 -9999 -9999 -9999
1963 08 09 21   178   172 10112   340    21     7 -9999 -9999
1963 08 10 00   200   189 10101   340    31     7 -9999     6
1963 08 10 06   228   200 10074    20    31     8 -9999     3
1963 08 10 09   222   200 10063    40    21     8 -9999 -9999
1963 08 11 00   222   189 10040   160    41 -9999 -9999     3
1963 08 11 06   261   178 10035   180    51     5 -9999 -9999
1963 08 11 09   250   178 10036   160    31     2 -9999 -9999
1963 08 11 21   200   200  9993   360    10     8 -9999 -9999
1963 08 12 00   200   189  9977   360    31     8 -9999    50
1963 08 12 06   211   189  9961   290    41     7 -9999   130
1963 08 12 09   222   211  9969   320    31     7 -9999 -9999
1963 08 12 21   189   161 -9999    40    41     8 -9999 -9999
1963 08 13 00   161   161 10034    40    51     8 -9999   160
1963 08 13 06   161   150 10063    40    51     8 -9999     5
1963 08 13 09   172   161 10072    40    31     8 -9999 -9999
1963 08 13 21   128   128 10108    40    10     2 -9999 -9999
1963 08 14 00   172   111 10112     0     0     1 -9999 -9999
1963 08 14 06   211   128 10095    70    21     7 -9999 -9999
1963 08 14 09   211   139 10091    40    21     7 -9999 -9999
1963 08 14 21   128   122 10093   320    41     7 -9999 -9999
1963 08 15 00   178   150 10083   320    21     8 -9999 -9999
1963 08 15 06   222   128 10076     0     0     8 -9999 -9999
1963 08 15 09   211   150 10070   110    10     7 -9999 -9999
1963 08 15 21   122   100 10097   290    51     7 -9999 -9999
1963 08 16 00   172   139 10076   290    41     7 -9999 -9999
1963 08 16 06   239   150 10068    20    21     7 -9999 -9999
1963 08 16 09   228   150 10064   360    21     7 -9999 -9999
1963 08 16 21   139   139 10069   320    41     7 -9999 -9999
1963 08 17 00   178   161 10073   320    41     8 -9999 -9999
1963 08 17 06   250   172 10058    70    21     3 -9999 -9999
1963 08 17 09   250   178 10055    70    10     2 -9999 -9999
1963 08 17 21   139   139 10074   320    21     5 -9999 -9999
1963 08 18 00   211   178 10078   160    10     1 -9999 -9999
1963 08 18 06   261   172 10070   160    41     1 -9999 -9999
1963 08 18 09   239   172 10068   160    21     0 -9999 -9999
1963 08 19 00   189   172 10094   160    10     0 -9999 -9999
1963 08 19 06   250   161 10087   110    31     1 -9999 -9999
1963 08 19 09   239   172 10081   160    21     1 -9999 -9999
1963 08 20 00   178   150 10079   140    41     7 -9999 -9999
1963 08 20 06   228   178 10043   140    62     8 -9999     6
1963 08 20 09   211   189 10034   140    41     8 -9999 -9999
1963 08 21 00   178   150 10056   180    41     6 -9999 -9999
1963 08 21 06   250   150 10038   180    62     4 -9999 -9999
1963 08 21 09   239   150 10036   180    41     7 -9999 -9999
1963 08 21 21   122   111 10026   200    21     2 -9999 -9999
1963 08 22 00   172   128 10060   160    51     2 -9999     5
1963 08 22 06   239   172 10047   140    51     5 -9999 -9999
1963 08 22 09   211   128 10052   160    21     2 -9999 -9999
1963 08 22 21   111   100 10067   290    31     1 -9999 -9999
1963 08 23 00   178   139 10066   340    21     2 -9999 -9999
1963 08 23 06   228   139 10058   270    41     6 -9999     6
1963 08 23 09   189   172 10061   360    31     6 -9999 -9999
1963 08 23 21   139   122 10087   290    41     7 -9999 -9999
1963 08 24 00   150   139 10075   320    41     7 -9999    10
1963 08 24 06   200   150 10070   360    41     6 -9999 -9999
1963 08 24 09   211   139 10066   340    31     2 -9999 -9999
1963 08 24 21   122   111 10081   320    41     1 -9999 -9999
1963 08 25 00   172   139 10082   320    21     0 -9999 -9999
1963 08 25 06   239   150 10071     0     0     2 -9999 -9999
1963 08 25 09   228   150 10069   140    31     1 -9999 -9999
1963 08 25 21   150   139 10082   180    31     6 -9999 -9999
1963 08 26 00   189   172 10103   140    10     8 -9999     6
1963 08 26 06   239   150 10082   200    62     7 -9999 -9999
1963 08 26 09   222   172 10082   220    21     7 -9999 -9999
1963 08 26 21   172   161 10071     0     0     8 -9999 -9999
1963 08 27 00   172   172 10068   320    31     8 -9999    90
1963 08 27 06   211   172 10062   340    21     7 -9999     6
1963 08 27 09   211   172 10062    20    10     3 -9999 -9999
1963 08 27 21   128   122 10058   340    21     7 -9999 -9999
1963 08 28 00   161   150 10057   320    31     7 -9999 -9999
1963 08 28 06   239   150 10034   160    21     4 -9999 -9999
1963 08 28 09   228   161 10036   180    21 -9999 -9999 -9999
1963 08 28 21   139   128 10039   320    21     7 -9999 -9999
1963 08 29 00   178   139 10042   340    51     7 -9999 -9999
1963 08 29 06   222   161 10026    40    10     7 -9999 -9999
1963 08 29 09   178   161 10033   290    41     7 -9999 -9999
1963 08 29 21   128   122 10050   290    31     2 -9999 -9999
1963 08 30 00   161   139 10053   320    72     7 -9999 -9999
1963 08 30 06   222   150 10034    70    10     6 -9999 -9999
1963 08 30 09   200   150 10039   320    31 -9999 -9999 -9999
1963 08 30 21   111   111 10042   320    31     1 -9999 -9999
1963 08 31 00   150   128 10041   340    62     2 -9999 -9999
1963 08 31 06   211   122 10023   320    31     5 -9999 -9999
1963 08 31 09   178   128 10010    20    41     7 -9999 -9999
1963 08 31 21   122   100  9963   320    41     7 -9999 -9999
1963 09 01 00   122   111  9954   360    41     8 -9999     5
1963 09 01 06   150   128  9933    40    31     8 -9999    50
1963 09 01 21   139   128  9907   340    41     8 -9999 -9999
1963 09 02 00   128   111  9898   360    72     8 -9999    10
1963 09 02 06   128   122  9917   360    82     8 -9999    40
1963 09 02 09   139   122  9941   360    98     7 -9999 -9999
1963 09 02 21   122   100 10001   340    41     7 -9999 -9999
1963 09 03 00   122    89 10021   340    51     7 -9999 -9999
1963 09 03 06   161    89 10017    20    51     7 -9999     6
1963 09 03 09   150   111 10025   340    10     7 -9999 -9999
1963 09 04 00   139   100 10073   320    41     4 -9999 -9999
1963 09 04 06   200   100 10071   160    31     6 -9999 -9999
1963 09 04 09   178   100 10073   200    21     2 -9999 -9999
1963 09 04 21   100   100 10099   320    31     7 -9999 -9999
1963 09 05 00   128   111 10109   320    21     7 -9999 -9999
1963 09 05 06   189   111 10104   160    10     7 -9999 -9999
1963 09 05 09   178   122 10103   270    31     6 -9999 -9999
1963 09 05 21   100   100 10132   320    31     6 -9999 -9999
1963 09 06 06   211   128 10123   110    21     5 -9999 -9999
1963 09 06 09   189   128 10123   180    21     3 -9999 -9999
1963 09 06 21    89    78 10138   290    21     1 -9999 -9999
1963 09 07 06   228   139 10114   140    72     2 -9999 -9999
1963 09 07 21   111   100 10095   160    31     3 -9999 -9999
1963 09 08 00   150   128 10097   160    51     6 -9999 -9999
1963 09 08 06   228   128 10079   220    62     7 -9999     6
1963 09 08 09   189   150 10078   220    31     7 -9999 -9999
1963 09 08 21    72    28 10154   320    51     1 -9999 -9999
1963 09 09 00   111    39 10163   330    62     2 -9999 -9999
1963 09 09 06   139    28 10158   320    31     7 -9999 -9999
1963 09 09 09   139    39 10158   340    21     2 -9999 -9999
1963 09 09 21    89    11 10176   320    41     2 -9999 -9999
1963 09 10 00    89    39 10182   340    41     1 -9999 -9999
1963 09 10 06   178    39 10160   360    31     5 -9999 -9999
1963 09 10 09   172    28 10163     0     0     2 -9999 -9999
1963 09 11 00   111    50 10169     0     0     2 -9999 -9999
1963 09 11 06   178    61 10158   160    41     6 -9999     5
1963 09 11 09   161    61 10167   360    21     2 -9999 -9999
1963 09 12 00    89    72 10185     0     0     7 -9999 -9999
1963 09 12 06   189    39 10168   360    41     5 -9999 -9999
1963 09 12 09   178    72 10166   290    10     3 -9999 -9999
1963 09 12 21    50    28 10178   320    51     2 -9999 -9999
1963 09 13 00   100    50 10180   320    62     2 -9999 -9999
1963 09 13 06   200    72 10155   140    21     2 -9999 -9999
1963 09 13 09   178    78 10144   140    21     5 -9999 -9999
1963 09 13 21    39    28 10153   270    21     2 -9999 -9999
1963 09 14 00   100    72 10156   290    21     7 -9999 -9999
1963 09 14 06   178    22 10121   110    72     7 -9999 -9999
1963 09 14 09   139    50 10150    90    31     7 -9999 -9999
1963 09 14 21   100    78 10071    40    31     8 -9999 -9999
1963 09 15 06   111   100 10050   360    62     8 -9999    40
1963 09 15 09   111   100 10055   360    62     8 -9999 -9999
1963 09 15 21   100    89 10058    40    41     7 -9999 -9999
1963 09 16 06   161   100 10028    70    41     7 -9999 -9999
1963 09 16 09   139   100 10023   110    21     8 -9999 -9999
1963 09 17 00   122   100 10040   320    31     8 -9999 -9999
1963 09 17 06   172    89 10033   320    98     7 -9999     6
1963 09 17 09   161    89 10044   320    82     7 -9999 -9999
1963 09 18 00   100     0 10108   320    98     1 -9999 -9999
1963 09 18 06   161   -11 10097   340    98     6 -9999 -9999
1963 09 18 09   139   -22 10109   340    82     2 -9999 -9999
1963 09 18 21    11   -22 10132   320    51     0 -9999 -9999
1963 09 19 00    72   -39 10147   320    82     0 -9999 -9999
1963 09 19 06   122   -39 10146   340    62     1 -9999 -9999
1963 09 19 09    78   -11 10153   360    21     2 -9999 -9999
1963 09 19 21   -11   -11 10134   320    31     6 -9999 -9999
1963 09 20 00    39   -39 10130   320    21     7 -9999 -9999
1963 09 20 06   100    28 10108   360    21     7 -9999     5
1963 09 20 09   100    28 10112   320    21     7 -9999 -9999
1963 09 20 21    28    11 10130   290    31     8 -9999 -9999
1963 09 21 06   172   -22 10135    40    21     5 -9999 -9999
1963 09 21 09   139    28 10148    40    21     7 -9999 -9999
1963 09 22 00   100    22 10215   320    72     1 -9999 -9999
1963 09 22 06   189    11 10200   340    31     1 -9999 -9999
1963 09 22 09   172    50 10200   360    21     6 -9999 -9999
1963 09 23 00   100    39 10196   110    21     7 -9999 -9999
1963 09 23 06   200    22 10143   180    82     7 -9999 -9999
1963 09 23 09   172    28 10135   180    62     7 -9999 -9999
1963 09 24 00   100    50 10069   140    51     7 -9999     6
1963 09 24 06   172    72 10031   140    98     8 -9999 -9999
1963 09 24 09   139   100 10039   180   129     7 -9999 -9999
1963 09 24 21   100    89 10055    70    21     8 -9999 -9999
1963 09 25 00   100   100 10063    90    21     8 -9999     5
1963 09 25 06   161   100 10049    40    31     7 -9999     6
1963 09 25 09   139   100 10054   360    51     7 -9999 -9999
1963 09 25 21    89    61 10063   320    87     7 -9999 -9999
1963 09 26 00   100    61 10076   340    87     7 -9999 -9999
1963 09 26 06   128    78 10081   360    31     7 -9999     3
1963 09 26 09   122    72 10094    40    31     7 -9999 -9999
1963 09 26 21    50    39 10137   320    41     1 -9999 -9999
1963 09 27 00   100    72 10154   320    41     1 -9999 -9999
1963 09 27 06   172    61 10145   140    21     2 -9999 -9999
1963 09 27 09   161    78 10146   160    10     5 -9999 -9999
1963 09 27 21    89    78 10153   270    31     7 -9999 -9999
1963 09 28 00   111    78 10159   200    21     4 -9999    40
1963 09 28 06   178    72 10128   180    82     6 -9999 -9999
1963 09 28 09   139    72 10134   180    62     2 -9999 -9999
1963 09 28 21    50    28 10155   270    10     1 -9999 -9999
1963 09 29 00   100    39 10161   290    31     1 -9999 -9999
1963 09 29 06   172    39 10119   140    62     7 -9999 -9999
1963 09 29 09   139    72 10096    90    41     8 -9999 -9999
1963 09 29 21   111   100 10040   320    41     7 -9999 -9999
1963 09 30 00   122   100 10053   320    41     7 -9999     6
1963 09 30 06   122    28 10047   360    72     8 -9999   270
1963 09 30 09   100   -11 10062   340    62     7 -9999 -9999
1963 09 30 21   -11  -100 10131   320    62     2 -9999 -9999
1963 10 01 00    11     0 10132   320    82     2 -9999 -9999
1963 10 01 06    72   -11 10113   320    82     1 -9999 -9999
1963 10 01 09    61   -72 10116   320    82     1 -9999 -9999
1963 10 01 21   -11   -22 10148     0     0     7 -9999 -9999
1963 10 02 00    28   -22 10151   140    21     1 -9999 -9999
1963 10 02 06   111   -22 10112   110    82     7 -9999 -9999
1963 10 02 09    89   -22 10119   110    62     7 -9999 -9999
1963 10 03 00    39    28 10090   290    41     8 -9999    70
1963 10 03 06    61   -28 10111   220    62     7 -9999    40
1963 10 03 09    28   -72 10139   220    62     2 -9999 -9999
1963 10 03 21   -72   -89 10148   320    21     1 -9999 -9999
1963 10 04 00   -28   -78 10147   320    21     7 -9999 -9999
1963 10 04 06   -11   -28 10128   220    72     8 -9999     6
1963 10 04 09   -22   -22 10132   220    21     7 -9999 -9999
1963 10 05 00   -28   -28 10111    20    41     7 -9999     3
1963 10 05 06     0   -11 10116    40    41     7 -9999     6
1963 10 05 09   -11   -39 10122    40    10     7 -9999 -9999
1963 10 05 21   -50   -78 10119   290    51     6 -9999 -9999
1963 10 06 00   -22   -72 10124   320    41     1 -9999 -9999
1963 10 06 06    50  -122 10113   290    41     7 -9999 -9999
1963 10 06 09    22   -72 10127   290    31     7 -9999 -9999
1963 10 06 21    22   -89 10108   270    21     8 -9999 -9999
1963 10 07 00    28   -39 10120   290    62     7 -9999     6
1963 10 07 06    61   -39 10140   340    62     8 -9999 -9999
1963 10 07 09    39     0 10163   360    51     8 -9999 -9999
1963 10 07 21   -28   -39 10207   340    31     2 -9999 -9999
1963 10 08 00     0   -22 10223   320    31     1 -9999 -9999
1963 10 08 06    78   -11 10211    90    21     2 -9999 -9999
1963 10 08 09    61   -11 10215   110    21     1 -9999 -9999
1963 10 08 21   -39   -50 10242   320    41     1 -9999 -9999
1963 10 09 00   -11   -22 10250   320    21     1 -9999 -9999
1963 10 09 06   100   -22 10221    40    31     1 -9999 -9999
1963 10 09 09    72   -22 10224     0     0     1 -9999 -9999
1963 10 09 21   -28   -39 10234   290    10     0 -9999 -9999
1963 10 10 00    28   -22 10234     0     0     1 -9999 -9999
1963 10 10 06    72   -39 10193   290    51     1 -9999 -9999
1963 10 10 09   111     0 10198   250    51     2 -9999 -9999
1963 10 10 21     0   -22 10235   320    31     1 -9999 -9999
1963 10 11 00    22   -28 10233   320    31     2 -9999 -9999
1963 10 11 06   128    22 10207   140    31     7 -9999 -9999
1963 10 11 09    78    28 10197   140    31     8 -9999 -9999
1963 10 11 21    22     0 10152   140    41     8 -9999 -9999
1963 10 12 00    39    22 10134   160    62     8 -9999 -9999
1963 10 12 06   128   -11 10052   160    98     8 -9999    90
1963 10 12 09    89    72 10062   220    82     8 -9999 -9999
1963 10 12 21   -22   -28 10073   220    10     1 -9999 -9999
1963 10 13 06    61   -50 10071   250    72     6 -9999 -9999
1963 10 13 09    39   -50 10087   220    72     7 -9999 -9999
1963 10 13 21   -11   -89 10099   250    82     2 -9999 -9999
1963 10 14 00    22   -89 10112   250    41     1 -9999 -9999
1963 10 14 06    61   -89 10115   270    98     7 -9999 -9999
1963 10 14 09    50   -72 10127   270    62     7 -9999 -9999
1963 10 14 21   -28   -50 10160   290    41     1 -9999 -9999
1963 10 15 00    11   -72 10170   290    51     2 -9999 -9999
1963 10 15 06    39   -78 10176   340    41     7 -9999     6
1963 10 15 09    22   -72 10182   110    51     7 -9999 -9999
1963 10 15 21   -39   -89 10184   320    41     1 -9999 -9999
1963 10 16 00   -11   -89 10186   320    41     1 -9999 -9999
1963 10 16 06    39   -89 10157   340    41     7 -9999     6
1963 10 16 09    22   -61 10160     0     0     8 -9999 -9999
1963 10 16 21   -39  -100 10147   320    51     2 -9999 -9999
1963 10 17 00   -28  -100 10155   320    62     3 -9999 -9999
1963 10 17 06   -11  -172 10143   360    62     7 -9999 -9999
1963 10 17 09   -39  -122 10167   360    41     7 -9999 -9999
1963 10 17 21   -89  -139 10210   270    62     1 -9999 -9999
1963 10 18 00   -50  -139 10221   320    62     1 -9999 -9999
1963 10 18 06    28  -150 10221   290    41     0 -9999 -9999
1963 10 18 09   -11  -139 10224   270    31     1 -9999 -9999
1963 10 18 21   -50  -100 10241   290    41     3 -9999 -9999
1963 10 19 00     0  -100 10254   290    51     6 -9999 -9999
1963 10 19 06   100  -100 10242   270    41     1 -9999 -9999
1963 10 19 09    22   -72 10252   250    51     1 -9999 -9999
1963 10 19 21     0   -78 10235   170    72     0 -9999 -9999
1963 10 20 00    39   -50 10232   160    31     1 -9999 -9999
1963 10 20 06   128   -50 10197   270    41     4 -9999 -9999
1963 10 20 09    61   -39 10199   270    51     2 -9999 -9999
1963 10 20 21   -22   -50 10186   270    31     0 -9999 -9999
1963 10 21 00    22   -39 10189   270    31     0 -9999 -9999
1963 10 21 09    78   -22 10170     0     0     0 -9999 -9999
1963 10 21 21   -28   -50 10163     0     0     0 -9999 -9999
1963 10 22 00    11   -22 10162   160    31     0 -9999 -9999
1963 10 22 06    50   -50 10126   220    62     1 -9999 -9999
1963 10 22 09    78   -22 10133   180    41     1 -9999 -9999
1963 10 22 21   -22   -39 10146   180    21     1 -9999 -9999
1963 10 23 00    22   -11 10161   220    10     7 -9999 -9999
1963 10 23 06   100   -11 10151   110    21     7 -9999 -9999
1963 10 23 09    72    11 10150    40    31     7 -9999 -9999
1963 10 23 21    72    28 10083   160    51     7 -9999 -9999
1963 10 24 00    89    72 10087   160    51     7 -9999     6
1963 10 24 06   111    28 10075   200    62     7 -9999 -9999
1963 10 24 09    72     0 10096   250    72     3 -9999 -9999
1963 10 24 21   -22   -39 10160   270    41     6 -9999 -9999
1963 10 25 00     0   -61 10189   320    51     8 -9999     6
1963 10 25 06    28   -78 10192   320    62     7 -9999 -9999
1963 10 25 21   -61   -72 10234   320    10     6 -9999 -9999
1963 10 26 00   -39   -72 10238     0     0     1 -9999 -9999
1963 10 26 06    28   -89 10214    70    31     6 -9999 -9999
1963 10 26 09     0   -78 10209     0     0     6 -9999 -9999
1963 10 26 21   -11   -11 10175   160    41     8 -9999 -9999
1963 10 27 00     0   -11 10175   140    62     8 -9999    30
1963 10 27 06    11     0 10169   160    51     8 -9999    20
1963 10 27 09    11    11 10188   180    31     8 -9999 -9999
1963 10 27 21    11    11 10196     0     0     9 -9999 -9999
1963 10 28 00    11     0 10175    70    31     9 -9999 -9999
1963 10 28 06    11    11 10082   110    10     8 -9999    70
1963 10 28 09    11    11 10088   350    21     7 -9999 -9999
1963 10 28 21   -11   -39 10179   290    31     2 -9999 -9999
1963 10 29 00     0   -22 10199   200    21     3 -9999 -9999
1963 10 29 06    39     0 10186   160    31     8 -9999 -9999
1963 10 29 09    22     0 10193     0     0     7 -9999 -9999
1963 10 29 21   -28   -39 10230   320    41     9 -9999 -9999
1963 10 30 00   -28   -28 10256   320    41     8 -9999 -9999
1963 10 30 06    11   -28 10268   340    72     1 -9999 -9999
1963 10 30 09     0   -28 10278   320    31     0 -9999 -9999
1963 10 30 21   -50   -72 10282   290    41     0 -9999 -9999
1963 10 31 00   -50   -72 10286   320    21     2 -9999 -9999
1963 10 31 06    61   -50 10244     0     0     6 -9999 -9999
1963 10 31 09    11   -28 10238   220    41     3 -9999 -9999
1963 10 31 21   -50   -72 10216     0     0     0 -9999 -9999
1963 11 01 00   -39   -50 10218     0     0     1 -9999 -9999
1963 11 01 06    61   -28 10187    40    21     3 -9999 -9999
1963 11 01 09    22   -28 10197   290    41     7 -9999 -9999
1963 11 01 21   -28   -61 10231   290    51     0 -9999 -9999
1963 11 02 00   -28   -61 10240   290    41     1 -9999 -9999
1963 11 02 06    89   -39 10194   270    72     1 -9999 -9999
1963 11 02 09    28   -28 10204   320    41     1 -9999 -9999
1963 11 02 21   -39   -61 10237   320    31     1 -9999 -9999
1963 11 03 00   -22   -39 10241   320    10     1 -9999 -9999
1963 11 03 06    89     0 10222   140    41     1 -9999 -9999
1963 11 03 09    28   -28 10228   220    51     0 -9999 -9999
1963 11 03 21   -22   -50 10245   270    10     0 -9999 -9999
1963 11 04 00     0   -39 10242   180    31     0 -9999 -9999
1963 11 04 06   128   -39 10215   250    41     0 -9999 -9999
1963 11 04 09    39   -28 10218   220    31     1 -9999 -9999
1963 11 04 21    11   -11 10158   160    31     2 -9999 -9999
1963 11 05 00    22     0 10145   140    41     7 -9999 -9999
1963 11 05 06    89    22 10087   200    87     8 -9999 -9999
1963 11 05 09    72    39 10096   200    98     7 -9999 -9999
1963 11 05 21    11   -50 10135   320    62     6 -9999 -9999
1963 11 06 00   -11   -72 10168   340    41     6 -9999 -9999
1963 11 06 06   -11  -128 10198   360    82     5 -9999 -9999
1963 11 06 09   -50  -150 10231   360    51     2 -9999 -9999
1963 11 06 21  -111  -172 10292   340    62     2 -9999 -9999
1963 11 07 00  -111  -172 10302   320    51     2 -9999 -9999
1963 11 07 06   -50  -172 10284   340    62     1 -9999 -9999
1963 11 07 09   -78  -161 10288   340    41     1 -9999 -9999
1963 11 07 21  -122  -172 10288   290    51     0 -9999 -9999
1963 11 08 00  -100  -161 10284   320    41     0 -9999 -9999
1963 11 08 06   -22  -161 10258   340    41     0 -9999 -9999
1963 11 08 09   -61  -139 10262   320    21     2 -9999 -9999
1963 11 08 21  -111  -150 10260   320    72     0 -9999 -9999
1963 11 09 00  -111  -139 10276   320    41     0 -9999 -9999
1963 11 09 06   -28  -139 10271   340    62     0 -9999     6
1963 11 09 09   -72  -128 10284   340    31     1 -9999 -9999
1963 11 09 21  -122  -139 10256     0     0 -9999 -9999 -9999
1963 11 10 00  -122  -150 10244   130    21     6 -9999 -9999
1963 11 10 06     0  -111 10171   160    21     6 -9999 -9999
1963 11 10 21   -61  -100 10040   180    98     8 -9999 -9999
1963 11 11 00   -61   -72 10015   160    98     8 -9999     6
1963 11 11 06   -28   -28  9953   180    41     8 -9999    10
1963 11 11 09   -39   -50  9962   250    51     8 -9999 -9999
1963 11 12 00  -100  -172 10062   270    82     0 -9999 -9999
1963 11 12 06  -100  -172 10067   290    87     1 -9999 -9999
1963 11 12 09  -100  -200 10092   270    62     0 -9999 -9999
1963 11 13 00  -150  -222 10123   290    31     2 -9999 -9999
1963 11 13 06   -89  -189 10091   110    51     8 -9999 -9999
1963 11 13 09  -122  -128 10107    20    41     8 -9999 -9999
1963 11 13 21  -161  -239 10132   320    87     2 -9999 -9999
1963 11 14 00  -172  -239 10151   320    62     1 -9999 -9999
1963 11 14 06  -139  -222 10165   320    82     7 -9999 -9999
1963 11 14 21  -211  -278 10246   280    41     0 -9999 -9999
1963 11 15 00  -200  -272 10265   290    51     0 -9999 -9999
1963 11 15 06  -139  -250 10268   290    62     1 -9999 -9999
1963 11 15 09  -189  -261 10280   270    41     1 -9999 -9999
1963 11 16 00  -228  -250 10297   320    41     0 -9999 -9999
1963 11 16 09  -178  -222 10277   180    51     0 -9999 -9999
1963 11 17 00  -139  -172 10159   180    31     6 -9999 -9999
1963 11 17 06   -39  -139 10134   290    51     4 -9999 -9999
1963 11 17 09   -78  -139 10156   290    41     4 -9999 -9999
1963 11 17 21  -100  -128 10068   180    21     3 -9999 -9999
1963 11 18 06   -28   -78 10031   110    21     7 -9999 -9999
1963 11 18 09   -72  -111 10043     0     0     6 -9999 -9999
1963 11 18 21  -122  -139 10058   340    72     8 -9999 -9999
1963 11 19 06  -150  -161 10025   330    98     8 -9999     5
1963 11 19 09  -161  -178 10030   330    98     8 -9999 -9999
1963 11 19 21  -178  -200 10038   290    62     8 -9999 -9999
1963 11 20 00  -178  -211 10048   290    87     8 -9999     6
1963 11 21 00  -178  -211 10070   270    51     8 -9999     3
1963 11 21 06  -139  -250 10063   290    62     7 -9999     6
1963 11 21 09  -150  -189 10073   360    41     7 -9999 -9999
1963 11 21 21  -172  -178 10101     0     0     7 -9999 -9999
1963 11 22 00  -178  -189 10123   290    31     7 -9999     6
1963 11 22 09  -189  -200 10167    40    21     1 -9999 -9999
1963 11 22 21  -278  -300 10208     0     0     0 -9999 -9999
1963 11 23 00  -278  -300 10222   290    41     6 -9999 -9999
1963 11 23 06  -172  -300 10236   320    21     2 -9999     6
1963 11 23 21  -200  -239 10247   290    41     0 -9999 -9999
1963 11 24 00  -178  -228 10249   220    21     7 -9999 -9999
1963 11 24 06  -122  -200 10225   220    41     0 -9999 -9999
1963 11 24 09  -172  -239 10247   290    21     0 -9999 -9999
1963 11 24 21  -222  -250 10239   320    41     0 -9999 -9999
1963 11 25 00  -222  -250 10250   320    31     6 -9999 -9999
1963 11 25 06  -150  -239 10200   360    21     1 -9999 -9999
1963 11 25 21  -311  -328 10188   320    41     0 -9999 -9999
1963 11 26 00  -311  -328 10185   320    62     0 -9999 -9999
1963 11 26 06  -211  -250 10157   320    31     0 -9999 -9999
1963 11 26 09  -261  -289 10160   320    31     0 -9999 -9999
1963 11 26 21  -228  -278 10139   320    72     0 -9999 -9999
1963 11 27 00  -228  -261 10147   320    82     7 -9999 -9999
1963 11 27 06  -161  -200 10148   270    31     8 -9999     6
1963 11 27 09  -178  -211 10161   320    31     8 -9999 -9999
1963 11 27 21  -161  -172 10188     0     0     8 -9999 -9999
1963 11 28 00  -178  -189 10220   110    21     8 -9999    10
1963 11 28 06  -172  -178 10251   110    21     8 -9999     3
1963 11 28 09  -150  -161 10263   140    21     8 -9999 -9999
1963 11 29 00  -178  -189 10359   320    41     0 -9999 -9999
1963 11 29 06   -89  -139 10352   320    21     2 -9999 -9999
1963 11 29 21  -189  -211 10316   320    31     0 -9999 -9999
1963 11 30 09  -172  -189 10265   190    10     0 -9999 -9999
1963 11 30 21  -178  -189 10241   320    41     7 -9999 -9999
1963 12 01 00  -189  -200 10254   320    51     7 -9999 -9999
1963 12 01 06  -111  -172 10259     0     0     1 -9999 -9999
1963 12 01 09  -178  -211 10277   290    10     0 -9999 -9999
1963 12 01 21  -211  -272 10257    20 -9999     7 -9999 -9999
1963 12 02 00  -178  -189 10257   250    31     7 -9999 -9999
1963 12 02 06   -72  -172 10261   220    10     0 -9999 -9999
1963 12 03 00  -172  -178 10230   140    51     3 -9999 -9999
1963 12 03 06   -50  -161 10196   250    51     1 -9999 -9999
1963 12 03 09  -100  -189 10206   160    31     1 -9999 -9999
1963 12 03 21  -222  -228 10198   320    21     3 -9999 -9999
1963 12 04 00  -250  -261 10206   320    31     2 -9999 -9999
1963 12 04 06  -178  -211 10195     0     0     0 -9999 -9999
1963 12 04 09  -228  -239 10208   220    21     0 -9999 -9999
1963 12 05 00  -222  -228 10203   320    62     8 -9999     6
1963 12 05 06  -189  -200 10194   320    21     8 -9999     6
1963 12 05 09  -178  -200 10202   320    21     8 -9999 -9999
1963 12 06 00  -200  -211 10225   320    21     8 -9999     6
1963 12 06 06  -178  -178 10217   220    21     7 -9999 -9999
1963 12 06 09  -189  -200 10234   320    31     8 -9999 -9999
1963 12 06 21  -189  -200 10229   360    10     8 -9999 -9999
1963 12 07 00  -200  -211 10236   360    10     8 -9999     3
1963 12 07 06  -178  -200 10231     0     0     2 -9999     6
1963 12 07 09  -200  -211 10237     0     0     1 -9999 -9999
1963 12 07 21  -289  -300 10254   290    10     0 -9999 -9999
1963 12 08 09  -228  -239 10261   220    31     0 -9999 -9999
1963 12 09 09  -228  -239 10250   140    10     2 -9999 -9999
1963 12 09 21  -178  -200 10173   320    21     6 -9999 -9999
1963 12 10 00  -200  -211 10193   320    31     2 -9999 -9999
1963 12 10 06  -150  -178 10194   340    31     1 -9999     6
1963 12 11 00  -272  -278 10185   320    62     1 -9999 -9999
1963 12 11 06  -189  -211 10198   340    51     0 -9999 -9999
1963 12 11 09  -239  -250 10217   290    41     0 -9999 -9999
1963 12 11 21  -289  -311 10186     0     0     0 -9999 -9999
1963 12 12 00  -250  -261 10160   140    31     8 -9999     6
1963 12 12 06  -172  -178 10100   160    21     7 -9999    10
1963 12 12 21  -239  -250 10140   320    51     0 -9999 -9999
1963 12 13 00  -261  -272 10146   320    21     2 -9999 -9999
1963 12 13 06  -200  -211 10148    70    21     8 -9999     6
1963 12 13 09  -200  -222 10175     0     0     8 -9999 -9999
1963 12 13 21  -261  -289 10271   320    62     1 -9999 -9999
1963 12 14 00  -239  -272 10288   320    41     1 -9999 -9999
1963 12 14 09  -161  -239 10269   290    21     0 -9999 -9999
1963 12 14 21  -189  -250 10272   290    31     0 -9999 -9999
1963 12 15 00  -178  -228 10266   190    10     7 -9999 -9999
1963 12 15 06  -172  -222 10260   290    21     7 -9999 -9999
1963 12 15 09  -200  -228 10257   320    21     8 -9999 -9999
1963 12 15 21  -211  -222 10217   360    10     8 -9999 -9999
1963 12 16 00  -200  -211 10211   360    21     8 -9999    20
1963 12 16 06  -178  -189 10181    40    31     8 -9999    10
1963 12 16 09  -200  -211 10189   360    31     8 -9999 -9999
1963 12 16 21  -211  -222 10181   320    41 -9999 -9999 -9999
1963 12 17 00  -200  -222 10187   320    41     4 -9999     6
1963 12 17 06  -150  -178 10176   320    87     7 -9999 -9999
1963 12 17 09  -150  -178 10192   320    87     8 -9999 -9999
1963 12 17 21  -211  -278 10178   220    72     1 -9999 -9999
1963 12 18 00  -211  -278 10180   220    62     0 -9999 -9999
1963 12 18 09  -222  -278 10204   290    41     0 -9999 -9999
1963 12 18 21  -228  -272 10233   290    72     0 -9999 -9999
1963 12 19 00  -222  -261 10247   320    21     0 -9999 -9999
1963 12 19 06  -172  -250 10251   340    31     1 -9999 -9999
1963 12 19 09  -222  -272 10265   290    31     1 -9999 -9999
1963 12 19 21  -189  -211 10257   320    31     8 -9999 -9999
1963 12 20 06  -161  -239 10235   340    31     0 -9999 -9999
1963 12 20 09  -211  -278 10230   320    21     1 -9999 -9999
1963 12 20 21  -278  -300 10135     0     0     0 -9999 -9999
1963 12 21 00  -261  -272 10106     0     0     5 -9999 -9999
1963 12 21 06  -189  -211 10073   110    10     8 -9999     3
1963 12 21 09  -239  -250 10090   320    31     2 -9999 -9999
1963 12 21 21  -311  -328 10097   180    21     0 -9999 -9999
1963 12 22 00  -311  -328 10100   180    10     3 -9999 -9999
1963 12 22 06  -250  -272 10102     0     0 -9999 -9999 -9999
1963 12 22 09  -278  -300 10120     0     0     1 -9999 -9999
1963 12 22 21  -322  -339 10182   320    31     0 -9999 -9999
1963 12 23 00  -322  -339 10201   320    51     0 -9999 -9999
1963 12 23 06  -239  -272 10218   320    51     2 -9999 -9999
1963 12 23 09  -278  -300 10235    20    41     2 -9999 -9999
1963 12 23 21  -289  -311 10238   220    62     2 -9999 -9999
1963 12 24 00  -278  -322 10240   240    72     7 -9999 -9999
1963 12 24 09  -272  -328 10226   320    62     3 -9999 -9999
1963 12 24 21  -278  -328 10208   320    72     0 -9999 -9999
1963 12 25 00  -261  -322 10208   290    87     7 -9999 -9999
1963 12 25 21  -250  -278 10200   320    62     8 -9999 -9999
1963 12 26 00  -272  -289 10212   320    62     7 -9999     6
1963 12 26 21  -211  -272 10155   290    87     2 -9999 -9999
1963 12 27 00  -222  -272 10158   290    62     1 -9999 -9999
1963 12 27 06  -150  -222 10135   290    62     6 -9999 -9999
1963 12 27 09  -200  -250 10142   270    62     2 -9999 -9999
1963 12 27 21  -272  -278 10141   320    31     2 -9999 -9999
1963 12 28 00  -278  -300 10147   320    31     8 -9999 -9999
1963 12 28 06  -239  -272 10154   200    10     8 -9999 -9999
1963 12 28 09  -261  -289 10176   200    21     8 -9999 -9999
1963 12 28 21  -278  -300 10180   180    21     8 -9999 -9999
1963 12 29 00  -278  -300 10181   180    21     8 -9999 -9999
1963 12 29 06  -200  -239 10172   180    21     1 -9999     6
1963 12 29 09  -239  -272 10184   320    21     2 -9999 -9999
1963 12 29 21  -311  -328 10196     0     0     1 -9999 -9999
1963 12 30 00  -311  -328 10207   270    31     5 -9999 -9999
1963 12 30 09  -289  -311 10220     0     0     1 -9999 -9999
1963 12 30 21  -339  -361 10231   320    41     2 -9999 -9999
1963 12 31 00  -322  -339 10231   320    41     8 -9999     6
1963 12 31 06  -228  -272 10229   320    10     1 -9999     6
1963 12 31 09  -250  -278 10241   290    31     5 -9999 -9999
1963 12 31 21  -250  -289 10261   290    72     7 -9999 -9999
