1956 08 20 00   228   128 10098   160    51 -9999 -9999 -9999
1956 08 20 06   178   122 10078   180    41     3 -9999 -9999
1956 08 20 12   211   139 10087   240    31     1 -9999 -9999
1956 08 20 18   189   139 10098   180    41     1 -9999 -9999
1956 08 21 00   228   161 10107     0     0     1 -9999 -9999
1956 08 21 06   278   122 10087   140    41     4 -9999 -9999
1956 08 21 12   328   150 10091   160    31     1 -9999 -9999
1956 08 21 18   172   161 10093   110    10     1 -9999 -9999
1956 08 22 06   228   189 10065   290    51     7 -9999    20
1956 08 22 18   189   172 10058   140    21     7 -9999 -9999
1956 08 23 00   222   189 10048   180    21     2 -9999     6
1956 08 23 06   211   189 10030   140    72     8 -9999    10
1956 08 23 12   178   172 10043    90    21     8 -9999   600
1956 08 23 18   172   161 10031    20    21     8 -9999     6
1956 08 24 00   172   172 10034   320    21     8 -9999   180
1956 08 24 06   172   161 10034   290    41     8 -9999   100
1956 08 24 12   161   150 10047   270    31     8 -9999 -9999
1956 08 24 18   150   139 10056   270    31     8 -9999    20
1956 08 25 00   161   128 10065   250    31     7 -9999 -9999
1956 08 25 06   222   122 10053   290    21     7 -9999 -9999
1956 08 25 12   189   150 10070   140    31     7 -9999 -9999
1956 08 26 00   178   139 10105    70    41     2 -9999 -9999
1956 08 26 06   228   139 10101    90    21     2 -9999 -9999
1956 08 26 12   178   139 10118    90    21     0 -9999 -9999
1956 08 26 18   139   128 10128   110    10     0 -9999 -9999
1956 08 27 00   189   150 10137   140    31     0 -9999 -9999
1956 08 27 06   228   139 10115   140    51     1 -9999 -9999
1956 08 27 18   139   128 10119   140    21     5 -9999 -9999
1956 08 28 00   189   172 10131   140    10     8 -9999 -9999
1956 08 28 06   250   161 10119   110    21     7 -9999 -9999
1956 08 28 12   200   161 10123   140    21     3 -9999 -9999
1956 08 28 18   178   161 10120   160    31     0 -9999 -9999
1956 08 29 00   211   172 10120   200    51     1 -9999 -9999
1956 08 29 06   272   189 10117   180    62     1 -9999 -9999
1956 08 29 12   239   200 10116   180    31     1 -9999 -9999
1956 08 29 18   211   178 10107   180    51     1 -9999 -9999
1956 08 30 00   222   178 10101   180    62     1 -9999 -9999
1956 08 30 06   261   200 10082   180    62     2 -9999 -9999
1956 08 30 12   239   189 10073   220    72     8 -9999 -9999
1956 08 30 18   211   172 10050   180    72     8 -9999 -9999
1956 08 31 00   161   139 10082   250    31     8 -9999     5
1956 08 31 06   222   128 10069   220    62     6 -9999    10
1956 08 31 12   178   139 10075   180    51     1 -9999 -9999
1956 08 31 18   172   139 10071   200    51     0 -9999 -9999
1956 09 01 00   200   139 10067   200    72     1 -9999 -9999
1956 09 01 06   250   100 10034   180    82     7 -9999 -9999
1956 09 01 12   178   128 10097   140    62     3 -9999 -9999
1956 09 01 18   172   139  9968   200    72     8 -9999     6
1956 09 02 00   161   128  9986   220    51     7 -9999    50
1956 09 02 06   250    89  9997   250    98     1 -9999 -9999
1956 09 02 12   172   139 10046   300    21     1 -9999 -9999
1956 09 02 18   178   128 10043   140    31     1 -9999 -9999
1956 09 03 00   211   172 10043   200    82     4 -9999 -9999
1956 09 03 06   239   189 10046   180    51     8 -9999    10
1956 09 03 12   222   172 10055   200    31     6 -9999 -9999
1956 09 03 18   161   111 10087   220    51     3 -9999 -9999
1956 09 04 00   189   122 10101   220    31     7 -9999 -9999
1956 09 04 12   172   150 10046    20    31     8 -9999    20
1956 09 05 00   161   139 10035   220    51     7 -9999     5
1956 09 05 06   200   128 10020   210    41     8 -9999 -9999
1956 09 05 12   161   139 10003   180    41     7 -9999 -9999
1956 09 05 18   150   128  9964   180    41     8 -9999 -9999
1956 09 06 00   161   128  9959   200    31     2 -9999     6
1956 09 06 06   222   100  9955   220    72     6 -9999 -9999
1956 09 06 12   172   122  9974   200    62     1 -9999     6
1956 09 06 18   139   122  9989   200    51     0 -9999 -9999
1956 09 07 00   161   122 10013   220    72     1 -9999 -9999
1956 09 07 12   161   111 10033   180    41     1 -9999 -9999
1956 09 07 18   122    89 10042   180    51     0 -9999 -9999
1956 09 08 00   161   128 10042   200    41     4 -9999 -9999
1956 09 08 06   222   172 10038   220    82     4 -9999     6
1956 09 08 12   161    89 10069   200    21     1 -9999 -9999
1956 09 08 18   111    78 10083   200    41     0 -9999 -9999
1956 09 09 00   128   100 10101   220    21     1 -9999 -9999
1956 09 09 06   211    61 10080   250    41     1 -9999 -9999
1956 09 09 12   161    89 10084     0     0     1 -9999 -9999
1956 09 09 18   111    89 10057    70    10     1 -9999 -9999
1956 09 10 00   150   122 10044    20    10     2 -9999 -9999
1956 09 10 06   161   139 10016    40    41     8 -9999   160
1956 09 10 12   150   139  9997   340    51     7 -9999     6
1956 09 10 18   139   128  9970   320    51     8 -9999     3
1956 09 11 00   128   122  9980   320    51     8 -9999 -9999
1956 09 11 06   161   122  9976   270    87     7 -9999     6
1956 09 11 12   139   122  9987   270    21     8 -9999    10
1956 09 12 00   111    89 10021   250    31     8 -9999     3
1956 09 12 06   150   100 10031   220    51     7 -9999    10
1956 09 12 12   128    89 10050     0     0     8 -9999 -9999
1956 09 12 18   111   100 10056     0     0     1 -9999     6
1956 09 13 00   122   111 10074   320    21     7 -9999 -9999
1956 09 13 12   139   111 10117   250    21     4 -9999     6
1956 09 13 18   100   100 10138   270    21     0 -9999 -9999
1956 09 14 00   128   111 10158   250    10     7 -9999 -9999
1956 09 14 06   200   111 10144   250    21     8 -9999     6
1956 09 14 12   150   128 10160   110    10     1 -9999     6
1956 09 14 18   122    89 10171   220    41     0 -9999 -9999
1956 09 15 00   161   111 10177   220    41     1 -9999 -9999
1956 09 15 06   250   100 10150   200    51     1 -9999 -9999
1956 09 15 12   189   122 10151   180    62     1 -9999 -9999
1956 09 15 18   161   100 10140   200    51     0 -9999 -9999
1956 09 16 00   189   139 10127   200    41     2 -9999 -9999
1956 09 16 06   261   150 10096   220    72     2 -9999 -9999
1956 09 16 12   189   161 10106   220    21     1 -9999 -9999
1956 09 16 18   139   128 10112   220    31     1 -9999 -9999
1956 09 17 00   172   150 10126   200    21     6 -9999 -9999
1956 09 17 18   161   139 10090   160    41     7 -9999 -9999
1956 09 18 06   189   100 10079   320    72     8 -9999 -9999
1956 09 18 12   100    28 10137   320    10     1 -9999 -9999
1956 09 18 18    61    11 10175   320    41     1 -9999 -9999
1956 09 19 00    89     0 10193   270    21     3 -9999 -9999
1956 09 19 06   172     0 10171   250    10     1 -9999 -9999
1956 09 19 12   111    28 10171   160    10     3 -9999 -9999
1956 09 19 18    72    11 10160   160    41     2 -9999 -9999
1956 09 20 00   122    22 10154   160    51     1 -9999 -9999
1956 09 20 06   189    22 10118   180    41     7 -9999 -9999
1956 09 20 12   139    78 10124     0     0     7 -9999     6
1956 09 20 18   100    72 10117   140    31     0 -9999 -9999
1956 09 21 00   139    72 10111   220    41     1 -9999 -9999
1956 09 21 06   239    50 10083   220    51     1 -9999 -9999
1956 09 21 12   161   100 10104     0     0     1 -9999 -9999
1956 09 21 18   100    78 10117     0     0     0 -9999 -9999
1956 09 22 00   139    50 10126   110    41     1 -9999 -9999
1956 09 22 06   261   122 10094   220    31     1 -9999 -9999
1956 09 22 12   189   100 10091   160    51     0 -9999 -9999
1956 09 22 18   161   139 10074   160    51     0 -9999 -9999
1956 09 23 06   200    72 10111   360    41     1 -9999 -9999
1956 09 23 18   128   100 10086    70    21     8 -9999 -9999
1956 09 24 00   128   122 10067   320    62     8 -9999   120
1956 09 24 06   139   100 10074   220    51     7 -9999    20
1956 09 24 12   100    22 10083   220    51     0 -9999 -9999
1956 09 24 18    61    22 10048   220    51     0 -9999 -9999
1956 09 25 00    72    11 10024   220    51     7 -9999 -9999
1956 09 25 12    72    50 10079   290    41     8 -9999     5
1956 09 25 18    39     0 10079   270    51     6 -9999     6
1956 09 26 00    72   -11 10098   290    62     2 -9999 -9999
1956 09 26 06   100   -39 10098   290    72     7 -9999 -9999
1956 09 26 12    50     0 10115   320    21     1 -9999 -9999
1956 09 26 18    22   -22 10114   120    10     0 -9999 -9999
1956 09 27 06   139   -39 10062   290    87     1 -9999 -9999
1956 09 27 12    78    11 10114   290    10     1 -9999 -9999
1956 09 27 18    28   -11 10128     0     0     8 -9999 -9999
1956 09 28 00    89    22 10176     0     0     4 -9999 -9999
1956 09 28 06   161   -11 10181    70    31     6 -9999 -9999
1956 09 28 12    78    22 10212   160    10     0 -9999 -9999
1956 09 28 18    39    22 10237   110    10     0 -9999 -9999
1956 09 29 00    89    28 10240     0     0     1 -9999 -9999
1956 09 29 06   189   -22 10219   140   149     5 -9999 -9999
1956 09 29 12   111    39 10202   110    51     4 -9999 -9999
1956 09 29 18   139    72 10147   160    62     8 -9999     6
1956 09 30 00   122   111 10179   290    72     8 -9999     6
1956 09 30 06   189    50 10181   270    21     2 -9999 -9999
1956 09 30 12   128    72 10207   200    21     1 -9999 -9999
1956 09 30 18    78    78 10211   180    51     0 -9999 -9999
1956 10 01 06   178    72 10162   160    62     8 -9999 -9999
1956 10 01 12   161   139 10120   160    72     8 -9999    10
1956 10 01 18    78    72 10096   320    87     8 -9999    60
1956 10 02 00    28    22 10100   120    31     8 -9999    50
1956 10 02 06   128     0 10088   290    87     8 -9999    40
1956 10 02 12    39   -39 10104   220    41     6 -9999     6
1956 10 02 18    11   -39 10107   200    62     0 -9999 -9999
1956 10 03 00    28   -28 10115   220    62     1 -9999 -9999
1956 10 03 06   122   -39 10100   250    98     1 -9999 -9999
1956 10 03 18    28     0 10173   260    31     0 -9999 -9999
1956 10 04 00    72    11 10224   270    31     1 -9999 -9999
1956 10 04 06   172   -39 10215   180    21     1 -9999 -9999
1956 10 04 12   111    22 10231   200    41     0 -9999 -9999
1956 10 04 18    78    22 10237   180    51     0 -9999 -9999
1956 10 05 00    72    39 10250   290    31     1 -9999 -9999
1956 10 05 06   178    11 10233   340    51     1 -9999 -9999
1956 10 05 12   111    39 10237   140    10     6 -9999 -9999
1956 10 05 18    89     0 10216   180    31     1 -9999 -9999
1956 10 06 00   111    28 10189   160    21     7 -9999 -9999
1956 10 06 06   200    61 10137   220    87     8 -9999 -9999
1956 10 06 12   139    89 10131   180    51     1 -9999 -9999
1956 10 07 00   100    72 10144   220    21     1 -9999 -9999
1956 10 07 06   228    78 10127   310    21     1 -9999 -9999
1956 10 07 18   122   100 10111   180    31     3 -9999 -9999
1956 10 08 00   128   111 10097   200    31     8 -9999 -9999
1956 10 08 12   128   100 10069   160    21     5 -9999 -9999
1956 10 09 00   100    78 10073   250    41     7 -9999 -9999
1956 10 09 06   111    22 10087   340    87     7 -9999     6
1956 10 09 12    50    11 10141   260    72     8 -9999     6
1956 10 09 18    11     0 10167   320    21     7 -9999 -9999
1956 10 10 00    22   -22 10186   320    62     1 -9999 -9999
1956 10 10 06    39   -11 10181   340    62     1 -9999 -9999
1956 10 10 18   -28   -89 10180   290    51     1 -9999 -9999
1956 10 11 00   -11   -89 10172   290    31     1 -9999 -9999
1956 10 11 06    39   -22 10128   270    82     1 -9999 -9999
1956 10 11 12    39   -89 10107   200    51     6 -9999 -9999
1956 10 11 18   -22   -50 10137   250    31     0 -9999 -9999
1956 10 12 00    22   -22 10137   180    51     8 -9999 -9999
1956 10 12 06   128   -11 10080   200    62     8 -9999     6
1956 10 12 12    89     0 10109 -9999 -9999     7 -9999     6
1956 10 12 18    72   -11 10141   220    41     2 -9999 -9999
1956 10 13 06    89   -22 10207   290    31     7 -9999     6
1956 10 13 12    22     0 10269   320    31     0 -9999     6
1956 10 13 18   -11   -22 10291   270    10     0 -9999 -9999
1956 10 14 00    22    11 10296   220    41     0 -9999 -9999
1956 10 14 06   128   -72 10252   250    51     1 -9999 -9999
1956 10 14 12    50   -61 10240   180    51     0 -9999 -9999
1956 10 15 00    61   -39 10198   200    72     1 -9999 -9999
1956 10 15 06   161   -28 10149   200    87     1 -9999 -9999
1956 10 15 12   100    22 10142   180    72     0 -9999 -9999
1956 10 15 18    72    39 10122   180    72     0 -9999 -9999
1956 10 16 06   178    50 10086   200    98     1 -9999 -9999
1956 10 16 12   122    78 10102   180    72     3 -9999 -9999
1956 10 16 18    61    39 10144   270    21     1 -9999 -9999
1956 10 17 00    61     0 10163    20    31     1 -9999 -9999
1956 10 17 06   128    39 10149    40    51     6 -9999 -9999
1956 10 17 12    61   -22 10154    20    62     8 -9999 -9999
1956 10 17 18    11   -89 10172    20    87     8 -9999 -9999
1956 10 18 00   -61   -78 10211   360   139     8 -9999     5
1956 10 18 06   -50  -100 10247   340   139     8 -9999    30
1956 10 18 18  -100  -161 10322   340    72     0 -9999 -9999
1956 10 19 00   -89  -161 10336   340    72     0 -9999 -9999
1956 10 19 06   -28  -172 10303   320    82     0 -9999 -9999
1956 10 19 12   -61  -128 10291   120    31     0 -9999 -9999
1956 10 19 18   -72  -122 10250   180    51     0 -9999 -9999
1956 10 20 00   -22   -89 10203   180    62     7 -9999 -9999
1956 10 20 12   -11   -28 10140   140    31     0 -9999 -9999
1956 10 20 18    22    22 10117   160    51     1 -9999 -9999
1956 10 21 00    61    39 10105   180    51     2 -9999 -9999
1956 10 21 06   150    50 10057   200    72     1 -9999 -9999
1956 10 21 12   111    61 10043   180    82     0 -9999 -9999
1956 10 21 18   100    39 10010   180    87     7 -9999 -9999
1956 10 22 00    22    11 10083   290    98     8 -9999 -9999
1956 10 22 06    78   -28 10150   320    62     7 -9999 -9999
1956 10 22 12    11   -22 10202    70    51     8 -9999 -9999
1956 10 22 18   -11   -28 10219   140    21     1 -9999 -9999
1956 10 23 00   -11   -22 10242     0     0     1 -9999 -9999
1956 10 23 06    78   -72 10220   340    41     2 -9999 -9999
1956 10 23 18   -28   -61 10247   270    41     1 -9999 -9999
1956 10 24 00   -22   -72 10253   290    31     1 -9999 -9999
1956 10 24 06    72  -100 10233   290    82     0 -9999 -9999
1956 10 24 12     0   -72 10233   270    31     0 -9999 -9999
1956 10 24 18   -28   -72 10243   250    41     0 -9999 -9999
1956 10 25 00   -11   -72 10255   220    31     1 -9999 -9999
1956 10 25 06   100  -128 10233   250    41     1 -9999 -9999
1956 10 25 12    22   -89 10235   180    51     0 -9999 -9999
1956 10 25 18   -11   -78 10227   200    72     0 -9999 -9999
1956 10 26 00    11   -39 10230   200    62     1 -9999 -9999
1956 10 26 12    28     0 10211   180    72     0 -9999 -9999
1956 10 26 18    11   -11 10199   180    62     1 -9999 -9999
1956 10 27 00    22    22 10199   180    62     9 -9999 -9999
1956 10 27 06   111    39 10177   200    72     1 -9999 -9999
1956 10 27 12    78    28 10175   180    62     1 -9999 -9999
1956 10 28 00    61     0 10234   290    51     8 -9999 -9999
1956 10 28 06   111   -22 10246   320    21     7 -9999 -9999
1956 10 28 12    50     0 10266     0     0     2 -9999 -9999
1956 10 28 18    22     0 10264    90    10     7 -9999 -9999
1956 10 29 00    28     0 10246    40    31     7 -9999 -9999
1956 10 29 06    61    22 10219   340    51     8 -9999    20
1956 10 29 12    39    28 10186    20    31     8 -9999    40
1956 10 29 18    39    39 10107    70    51     8 -9999   110
1956 10 30 00    39    28 10042 -9999 -9999     8 -9999    70
1956 10 30 06    28     0 10054   220   139     7 -9999     6
1956 10 30 12    11   -11 10056   200    82     7 -9999     6
1956 10 30 18   -11   -11 10060   250    82     8 -9999    40
1956 10 31 00     0   -22 10077   270    72     8 -9999     6
1956 10 31 06    22   -39 10054   270    72     8 -9999     6
1956 10 31 12     0   -50 10058   270    72     6 -9999     6
1956 10 31 18   -11   -89 10050   220    72     5 -9999     6
1956 11 01 00 -9999 -9999 10065   270    62     7 -9999 -9999
1956 11 01 03    22   -72 10071   290    82     4 -9999 -9999
1956 11 01 06    28   -89 10088   270    82     1 -9999 -9999
1956 11 01 09    11   -61 10090   320    51     1 -9999 -9999
1956 11 01 12   -11   -50 10105   220    51     0 -9999 -9999
1956 11 01 18   -22   -61 10115   180    51     0 -9999 -9999
1956 11 01 21   -11   -39 10102   180    51     1 -9999 -9999
1956 11 02 00    22   -11 10097   180    51     1 -9999 -9999
1956 11 02 03    72    11 10077   180    82     1 -9999 -9999
1956 11 02 09    78    39 10043   180    51     1 -9999 -9999
1956 11 02 12    78    50 10037   180    62     1 -9999 -9999
1956 11 02 18    89    61  9999 -9999 -9999 -9999 -9999 -9999
1956 11 03 00   -22   -72 10060   250    82     6 -9999 -9999
1956 11 03 03   -22  -122 10075   220    98     2 -9999 -9999
1956 11 03 06   -28  -150 10080   220   139     1 -9999 -9999
1956 11 03 09   -28  -172 10102   220   139     1 -9999 -9999
1956 11 03 12   -50  -161 10101   220    87     0 -9999 -9999
1956 11 03 18   -61  -122 10097   180    62     1 -9999     6
1956 11 03 21   -50  -111 10100   200    62     7 -9999 -9999
1956 11 04 00   -39  -122 10105   200    72     3 -9999     6
1956 11 04 03   -22  -128 10111   220    82     5 -9999 -9999
1956 11 04 06   -28  -139 10127   220    62     7 -9999     6
1956 11 04 09   -39  -128 10196   250    31     1 -9999 -9999
1956 11 04 12   -61  -111 10167   270    31     1 -9999 -9999
1956 11 04 21   -78  -100 10166   180    41     7 -9999 -9999
1956 11 05 00   -78  -100 10172   160    31     7 -9999 -9999
1956 11 05 03   -61   -72 10175   180    41     8 -9999 -9999
1956 11 05 06   -50   -78 10176   200    62     8 -9999     3
1956 11 05 09   -61   -72 10184     0     0     8 -9999 -9999
1956 11 05 12  -100  -111 10195   320    41     3 -9999    20
1956 11 05 18   -78   -89 10197   270    62     8 -9999     3
1956 11 05 21   -89  -100 10199   270    41     8 -9999 -9999
1956 11 06 00  -111  -128 10215   250    51     8 -9999     3
1956 11 06 03   -72  -100 10210   250    51     2 -9999 -9999
1956 11 06 06   -61  -100 10208   220    51     8 -9999     6
1956 11 06 09   -72  -100 10215   220    31     7 -9999 -9999
1956 11 06 12   -78   -89 10220   250    31     7 -9999     6
1956 11 06 18  -139  -150 10229   200    10     1 -9999     6
1956 11 06 21  -150  -161 10217     0     0     0 -9999 -9999
1956 11 07 00  -150  -161 10223    70    10     7 -9999 -9999
1956 11 07 03   -78   -78 10213    90    21     6 -9999 -9999
1956 11 07 06   -50   -61 10202    70    31     7 -9999 -9999
1956 11 07 09   -78   -89 10211    20    31     8 -9999 -9999
1956 11 07 12   -78   -89 10227   360    41     7 -9999    10
1956 11 07 18  -161  -172 10275   290    31     0 -9999     3
1956 11 07 21  -178  -189 10287   290    31     0 -9999 -9999
1956 11 08 00  -172  -178 10306   270    10     7 -9999 -9999
1956 11 08 03  -100  -111 10306   290    31     1 -9999 -9999
1956 11 08 06   -72  -122 10306   290    41     1 -9999 -9999
1956 11 08 09  -111  -139 10315     0     0     1 -9999 -9999
1956 11 08 12  -111  -139 10328   180    21     0 -9999 -9999
1956 11 08 18  -150  -172 10330     0     0     0 -9999 -9999
1956 11 09 00  -150  -161 10335     0     0     5 -9999 -9999
1956 11 09 03  -100  -139 10324   250    21     7 -9999 -9999
1956 11 09 06   -72  -122 10311   290    21     7 -9999 -9999
1956 11 09 09   -89  -128 10314   290    10     7 -9999 -9999
1956 11 09 12  -100  -128 10322   220    21     0 -9999 -9999
1956 11 09 18  -150  -161 10337   220    10     0 -9999 -9999
1956 11 10 00  -161  -172 10350     0     0     0 -9999 -9999
1956 11 10 03   -61  -128 10340     0     0     1 -9999 -9999
1956 11 10 06   -50   -89 10331     0     0     1 -9999 -9999
1956 11 10 09   -78  -122 10335    70    10     1 -9999 -9999
1956 11 10 12  -111  -122 10344    70    31     0 -9999 -9999
1956 11 10 21  -172  -178 10315   320    21     0 -9999 -9999
1956 11 11 00  -172  -178 10306   320    10     4 -9999 -9999
1956 11 11 03   -78   -78 10275   320    21     3 -9999 -9999
1956 11 11 06   -50  -100 10239   320    62     7 -9999     5
1956 11 11 09   -78  -111 10229     0     0     7 -9999 -9999
1956 11 11 12   -78  -100 10221   270    41     8 -9999     6
1956 11 11 18  -100  -111 10185   250    41     8 -9999 -9999
1956 11 11 21  -111  -122 10177   270    31     8 -9999 -9999
1956 11 12 00  -122  -150 10172   250    31     1 -9999 -9999
1956 11 12 03   -72  -150 10154   220    82     1 -9999 -9999
1956 11 12 06   -61  -128 10131   220    62     1 -9999 -9999
1956 11 12 09   -89  -139 10122   220    41     1 -9999 -9999
1956 11 12 18 -9999 -9999 10065   200    72 -9999 -9999 -9999
1956 11 12 21  -111  -139 10043   220    72     2 -9999 -9999
1956 11 13 00   -89  -122 10030   200    51     8 -9999 -9999
1956 11 13 03   -61   -72 10007   200    41     8 -9999 -9999
1956 11 13 09   -39   -89  9998   250    10     7 -9999 -9999
1956 11 13 12   -78   -89 10008   290    21     7 -9999     6
1956 11 13 18  -100  -111 10027   310    98     8 -9999     6
1956 11 13 21  -122  -128 10067   320   118     8 -9999 -9999
1956 11 14 03  -100  -128 10158   290    98     7 -9999 -9999
1956 11 14 06  -100  -161 10179   290    87     7 -9999     6
1956 11 14 09  -128  -178 10212   270    41     1 -9999 -9999
1956 11 14 12  -161  -211 10238   270    51     0 -9999 -9999
1956 11 14 18  -189  -228 10264   270    51     1 -9999 -9999
1956 11 14 21  -200  -228 10280   290    62     0 -9999 -9999
1956 11 15 00  -200  -228 10301   290    51     1 -9999 -9999
1956 11 15 03  -150  -211 10310   290    62     1 -9999 -9999
1956 11 15 06  -128  -200 10301   290    72     1 -9999 -9999
1956 11 15 09  -172  -222 10330   320    51     0 -9999 -9999
1956 11 15 12  -178  -222 -9999   270    41     0 -9999 -9999
1956 11 15 18  -200  -222 10346   270    41     1 -9999 -9999
1956 11 15 21  -200  -239 10344   270    51     1 -9999 -9999
1956 11 16 00  -189  -228 10350   270    51     1 -9999 -9999
1956 11 16 03  -139  -222 10337   320    72     0 -9999 -9999
1956 11 16 06  -122  -222 10327   290    51     0 -9999 -9999
1956 11 16 09  -139  -211 10326   270    31     1 -9999 -9999
1956 11 16 12  -150  -222 10322   270    21     0 -9999 -9999
1956 11 16 18  -189  -239 10332   290    41     0 -9999 -9999
1956 11 17 00  -200  -228 10340   320    31     1 -9999 -9999
1956 11 17 03  -122  -189 10337   290    21     1 -9999 -9999
1956 11 17 06   -78  -172 10318   290    31     1 -9999 -9999
1956 11 17 09  -122  -178 10318     0     0     0 -9999 -9999
1956 11 17 12  -122  -172 10320   160    21     7 -9999 -9999
1956 11 17 18  -150  -178 10319     0     0     8 -9999 -9999
1956 11 17 21  -139  -172 10314     0     0     8 -9999 -9999
1956 11 18 00  -128  -161 10319   160    10     8 -9999 -9999
1956 11 18 03   -89  -139 10315    40    21     8 -9999 -9999
1956 11 18 06   -78  -150 10310    20    31     8 -9999 -9999
1956 11 18 09  -128  -161 10326    20    10     7 -9999 -9999
1956 11 18 12  -150  -178 10344   340    10     8 -9999 -9999
1956 11 18 18  -172  -189 10359   270    10     0 -9999 -9999
1956 11 18 21  -178  -189 10358   220    10     0 -9999 -9999
1956 11 19 00  -150  -172 10359   220    31     0 -9999 -9999
1956 11 19 03   -78  -128 10346   250    51     1 -9999 -9999
1956 11 19 06   -50  -111 10333   250    51     1 -9999 -9999
1956 11 19 09   -78  -139 10337   270    31     1 -9999 -9999
1956 11 19 12  -111  -161 10341   270    31     6 -9999 -9999
1956 11 19 18  -150  -178 10341   220    31     0 -9999 -9999
1956 11 19 21  -178  -200 10339   290    31     1 -9999 -9999
1956 11 20 00  -172  -189 10344   290    31     1 -9999 -9999
1956 11 20 03  -111  -161 10339   320    62     1 -9999 -9999
1956 11 20 09  -139  -178 10353   320    51     1 -9999 -9999
1956 11 20 12  -100  -178 10358   270    31     0 -9999 -9999
1956 11 20 18  -172  -200 10353   220    31     0 -9999 -9999
1956 11 20 21  -178  -200 10346   250    31     0 -9999 -9999
1956 11 21 00  -178  -211 10349   220    31     0 -9999 -9999
1956 11 21 03  -100  -150 10332   250    31     0 -9999 -9999
1956 11 21 06   -78  -150 10317   320    41     1 -9999 -9999
1956 11 21 09  -100  -161 10319   270    31     1 -9999 -9999
1956 11 21 12  -139  -172 10320   270    31     1 -9999 -9999
1956 11 21 18  -178  -189 10319   340    31     7 -9999 -9999
1956 11 21 21  -211  -222 10320   340    21     1 -9999 -9999
1956 11 22 00  -200  -211 10328   340    21     2 -9999 -9999
1956 11 22 03  -111  -150 10318   290    31     1 -9999 -9999
1956 11 22 06  -100  -161 10314   320    41     6 -9999 -9999
1956 11 22 09  -128  -161 10319   270    31     7 -9999 -9999
1956 11 22 12  -161  -178 10328   320    41     0 -9999 -9999
1956 11 22 18  -189  -211 10337   250    31     0 -9999 -9999
1956 11 22 21  -189  -211 10333   250    31     0 -9999 -9999
1956 11 23 00  -172  -200 10343   220    31     0 -9999 -9999
1956 11 23 03  -111  -150 10335   270    31     0 -9999 -9999
1956 11 23 06   -72  -122 10327   290    41     1 -9999 -9999
1956 11 23 09  -100  -150 10339   270    41     1 -9999 -9999
1956 11 23 18  -150  -172 10335   250    31     0 -9999 -9999
1956 11 23 21  -150  -172 10324   220    41     0 -9999 -9999
1956 11 24 00  -139  -172 10311   200    51     0 -9999 -9999
1956 11 24 03   -78  -128 10286   200    72     1 -9999 -9999
1956 11 24 06   -28  -128 10253   220    82     6 -9999 -9999
1956 11 24 09   -61  -128 10244   200    72     7 -9999 -9999
1956 11 24 18  -100  -128 10195   300    87     1 -9999 -9999
1956 11 24 21  -100  -128 10168   200    87     8 -9999 -9999
1956 11 25 00  -100  -128 10164   200    87     8 -9999 -9999
1956 11 25 03   -50  -122 10145   200    82     8 -9999 -9999
1956 11 25 06   -39  -139 10118   220    82     8 -9999 -9999
1956 11 25 09   -39  -122 10123   220    31     8 -9999 -9999
1956 11 25 12   -39  -111 10130   270    41     8 -9999     6
1956 11 25 18  -122  -139 10153   320    72     1 -9999     6
1956 11 25 21  -128  -172 10172   340    72     7 -9999 -9999
1956 11 26 00  -128  -161 10198   270    51     7 -9999 -9999
1956 11 26 03  -128  -200 10206   290    98     7 -9999 -9999
1956 11 26 06  -150  -211 10216   290    98     7 -9999     6
1956 11 26 09  -178  -228 10244   320    41     6 -9999 -9999
1956 11 26 12  -200  -239 10267   270    51     0 -9999 -9999
1956 11 27 00  -200  -239 10307   220    41     0 -9999 -9999
1956 11 27 03  -128  -211 10292   290    41     0 -9999 -9999
1956 11 27 06  -122  -222 10286   320    51     0 -9999 -9999
1956 11 27 09  -150  -200 10283     0     0     2 -9999 -9999
1956 11 27 18  -211  -228 10288   140    10     0 -9999 -9999
1956 11 27 21  -228  -261 10284   320    31     0 -9999 -9999
1956 11 28 00  -222  -250 10287   320    31     0 -9999 -9999
1956 11 28 03  -161  -211 10279   320    41     0 -9999 -9999
1956 11 28 06  -128  -200 10270   320    72     0 -9999 -9999
1956 11 28 09  -150  -211 10275   270    41     0 -9999 -9999
1956 11 28 12  -178  -222 10282   270    31     0 -9999 -9999
1956 11 28 21  -211  -239 10284   290    21     0 -9999 -9999
1956 11 29 00  -200  -228 10288   290    21     0 -9999 -9999
1956 11 29 03  -128  -178 10280   330    51     1 -9999 -9999
1956 11 29 06  -100  -161 10273   320    62     2 -9999 -9999
1956 11 29 09  -150  -178 10293   290    41     1 -9999 -9999
1956 11 29 12  -172  -200 10309   270    51     0 -9999 -9999
1956 11 29 18  -178  -211 10323   270    31     0 -9999 -9999
1956 11 29 21  -189  -211 10328   250    31     0 -9999 -9999
1956 11 30 00  -189  -222 10337   250    31     1 -9999 -9999
1956 11 30 03  -100  -150 10323   220    31     0 -9999 -9999
1956 11 30 06   -72  -161 10309   250    62     1 -9999 -9999
1956 11 30 09  -100  -172 10306   220    10     1 -9999 -9999
1956 11 30 12  -128  -178 10291   180    51     0 -9999 -9999
1956 11 30 18  -139  -161 10251   180    51     0 -9999 -9999
1956 11 30 21  -139  -161 10250   180    21     0 -9999 -9999
1956 12 01 00  -139  -161 10256   160    31     1 -9999 -9999
1956 12 01 03   -78  -128 10248   220    21     0 -9999 -9999
1956 12 01 06   -50  -128 10243   250    41     1 -9999 -9999
1956 12 01 09   -78  -128 10244   220    21 -9999 -9999 -9999
1956 12 01 12  -128  -161 10251   250    41     0 -9999 -9999
1956 12 01 18  -139  -161 10244   200    41     1 -9999 -9999
1956 12 02 00  -178  -189 10260   320    31     2 -9999 -9999
1956 12 02 03  -111  -161 10259   320    51     1 -9999 -9999
1956 12 02 09  -139  -178 10260   320    41     1 -9999 -9999
1956 12 02 12  -139  -172 10256   270    10     0 -9999 -9999
1956 12 02 18  -139  -172 10217   140    31     7 -9999 -9999
1956 12 02 21  -139  -161 10203   140    31     8 -9999 -9999
1956 12 03 00  -122  -128 10187   140    31     8 -9999     6
1956 12 03 03   -78  -100 10172   180    41     8 -9999 -9999
1956 12 03 06   -89  -100 10168   340    31     8 -9999     6
1956 12 03 09  -128  -139 10175    20    51     8 -9999 -9999
1956 12 03 18  -139  -161 10244   200    41     1 -9999 -9999
1956 12 03 21  -222  -239 10184   360    62     2 -9999 -9999
1956 12 04 00  -239  -272 10194   340    51     2 -9999     6
1956 12 04 03  -200  -239 10187   340    62     7 -9999 -9999
1956 12 04 09  -200  -239 10194   320    51     1 -9999 -9999
1956 12 04 18  -261  -289 10233   290    51     0 -9999 -9999
1956 12 04 21  -278  -300 10239   290    31     0 -9999 -9999
1956 12 05 00  -278  -300 10257   290    31     0 -9999 -9999
1956 12 05 03  -211  -250 10261   270    31     0 -9999 -9999
1956 12 05 06  -178  -239 10255   270    41     0 -9999 -9999
1956 12 05 09  -200  -250 10251   290    10     0 -9999 -9999
1956 12 05 12  -228  -261 10269    40    10     0 -9999 -9999
1956 12 05 18  -272  -289 10274   140    10     0 -9999 -9999
1956 12 05 21  -289  -311 10269   140    21     0 -9999 -9999
1956 12 06 00  -272  -289 10270    70    21     1 -9999 -9999
1956 12 06 03  -200  -239 10264    70    21     1 -9999 -9999
1956 12 06 06  -189  -250 10251    40    41     1 -9999 -9999
1956 12 06 09  -228  -261 10252    70    31     7 -9999 -9999
1956 12 06 18  -289  -311 10259   340    31     0 -9999 -9999
1956 12 06 21  -300  -322 10255   320    31     0 -9999 -9999
1956 12 07 00  -300  -322 10261   320    31     1 -9999 -9999
1956 12 07 03  -228  -261 10257   320    31     1 -9999 -9999
1956 12 07 06  -200  -250 10247   290    51     1 -9999 -9999
1956 12 07 09  -228  -272 10251   270    41     1 -9999 -9999
1956 12 07 12  -250  -278 10255   250    41     0 -9999 -9999
1956 12 07 18  -239  -272 10250   250    31     0 -9999 -9999
1956 12 07 21  -261  -289 10247   290    21     0 -9999 -9999
1956 12 08 00  -272  -300 10255   270    21     1 -9999 -9999
1956 12 08 03  -211  -261 10252   290    62     1 -9999 -9999
1956 12 08 06  -200  -272 10255   320    51 -9999 -9999 -9999
1956 12 08 09  -250  -300 10273   320    31     1 -9999 -9999
1956 12 08 12  -278  -311 10277   320    31     0 -9999 -9999
1956 12 08 21  -261  -289 10269   270    51     3 -9999 -9999
1956 12 09 00  -289  -311 10275   270    31     1 -9999     6
1956 12 09 03  -222  -250 10267   270    31     1 -9999 -9999
1956 12 09 06  -211  -261 10259   290    41     2 -9999     6
1956 12 09 09  -222  -250 10269   250    31     0 -9999 -9999
1956 12 09 12  -250  -278 10278   220    31     0 -9999     6
1956 12 09 18  -261  -289 10287   200    51     0 -9999 -9999
1956 12 09 21  -272  -289 10293   200    51     0 -9999 -9999
1956 12 10 00  -278  -300 10309   200    31     0 -9999 -9999
1956 12 10 03  -222  -261 10309   290    31     0 -9999 -9999
1956 12 10 09  -222  -261 10304   290    41     1 -9999 -9999
1956 12 10 12  -250  -289 10299   270    41     0 -9999 -9999
1956 12 10 18  -261  -289 10275   220    41     0 -9999 -9999
1956 12 10 21  -261  -289 10260   220    41     0 -9999 -9999
1956 12 11 00  -250  -278 10248   220    41     0 -9999 -9999
1956 12 11 06  -122  -200 10240   270    41     1 -9999 -9999
1956 12 11 09  -161  -222 10257   270    41     1 -9999 -9999
1956 12 11 12  -178  -228 10273   250    21     0 -9999 -9999
1956 12 11 18  -239  -272 10304    20    41     0 -9999 -9999
1956 12 11 21  -272  -289 10310   360    21     0 -9999 -9999
1956 12 12 03  -200  -250 10317   320    51     1 -9999 -9999
1956 12 12 06  -172  -239 10310   320    72     1 -9999 -9999
1956 12 12 09  -222  -272 10328   320    21     1 -9999 -9999
1956 12 12 12  -222  -261 10328   270    31     1 -9999 -9999
1956 12 12 18  -261  -289 10357   320    10     1 -9999 -9999
1956 12 12 21  -289  -311 10360   320    31     0 -9999 -9999
1956 12 13 00  -289  -311 10383   340    21     1 -9999 -9999
1956 12 13 03  -200  -239 10377   320    41     1 -9999 -9999
1956 12 13 06  -178  -228 10373   320    51     1 -9999 -9999
1956 12 13 09  -211  -239 10380   290    41     4 -9999 -9999
1956 12 13 12  -189  -222 10377   290    31     8 -9999     6
1956 12 13 18  -189  -211 10391   320    51     8 -9999     6
1956 12 14 00  -172  -189 10398   290    31     8 -9999     6
1956 12 14 03  -139  -161 10398   290    21     8 -9999 -9999
1956 12 14 06  -122  -150 10384   290    62     6 -9999     6
1956 12 14 09  -122  -139 10386   270    31     7 -9999 -9999
1956 12 14 12  -139  -150 10377   250    31     1 -9999     6
1956 12 14 18  -189  -200 10359   250    31     1 -9999 -9999
1956 12 14 21  -189  -200 10337   270    41     0 -9999 -9999
1956 12 15 00  -200  -222 10328   250    41     0 -9999 -9999
1956 12 15 03  -139  -172 10303   290    51     0 -9999 -9999
1956 12 15 06  -111  -161 10275   290    51     0 -9999 -9999
1956 12 15 09  -128  -172 10266   250    41     0 -9999 -9999
1956 12 15 18  -172  -189 10233   250    51     2 -9999 -9999
1956 12 15 21  -161  -178 10223   270    31     6 -9999 -9999
1956 12 16 00  -161  -178 10219   270    31     7 -9999 -9999
1956 12 16 03  -100  -128 10208   340    31     8 -9999 -9999
1956 12 16 06   -78  -122 10199   340    41     5 -9999     6
1956 12 16 09  -150  -178 10215   320    51     6 -9999 -9999
1956 12 17 00  -250  -272 10244   290    21     1 -9999 -9999
1956 12 17 03  -161  -189 10239   270    21     0 -9999 -9999
1956 12 17 06  -128  -189 10231   320    31     1 -9999 -9999
1956 12 17 12  -189  -222 10247   340    31     8 -9999 -9999
1956 12 17 18  -222  -239 10257   270    31     8 -9999 -9999
1956 12 17 21  -222  -239 10259   270    21     6 -9999 -9999
1956 12 18 00  -211  -228 10267   250    21     2 -9999 -9999
1956 12 18 03  -161  -200 10270   250    21     1 -9999 -9999
1956 12 18 09  -178  -228 10267   320    31     2 -9999 -9999
1956 12 18 12  -211  -239 10273   320    31     7 -9999 -9999
1956 12 18 18  -211  -239 10271   270    31     8 -9999 -9999
1956 12 19 00  -261  -289 10279   270    31     1 -9999 -9999
1956 12 19 03  -211  -239 10284   270    62     0 -9999 -9999
1956 12 19 06  -178  -228 10282   270    62     1 -9999 -9999
1956 12 19 12  -239  -272 10300   270    31     0 -9999 -9999
1956 12 19 21  -250  -278 10297    20    31     8 -9999 -9999
1956 12 20 00  -239  -272 10296    20    21     7 -9999 -9999
1956 12 20 03  -222  -261 10296   320    31     1 -9999 -9999
1956 12 20 06  -200  -261 10296   320    62     1 -9999 -9999
1956 12 20 09  -239  -278 10318   320    41     0 -9999 -9999
1956 12 20 12  -272  -300 10336   320    41     0 -9999 -9999
1956 12 20 21  -289  -311 10370   250    10     0 -9999 -9999
1956 12 21 00  -278  -300 10380   220    31     0 -9999 -9999
1956 12 21 03  -239  -272 10386   220    31     0 -9999 -9999
1956 12 21 06  -200  -261 10380   320    51     0 -9999 -9999
1956 12 21 09  -239  -289 10395   340    31     0 -9999 -9999
1956 12 21 12  -272  -311 10402   290    41     0 -9999 -9999
1956 12 21 18  -278  -311 10416   270    31     0 -9999 -9999
1956 12 21 21  -289  -311 10411   200    41     0 -9999 -9999
1956 12 22 00  -289  -311 10416   220    21     0 -9999 -9999
1956 12 22 03  -250  -278 10412   290    21     0 -9999 -9999
1956 12 22 06  -189  -250 10397   270    31     0 -9999 -9999
1956 12 22 09  -222  -272 10402   290    21     0 -9999 -9999
1956 12 22 18  -289  -322 10400   270    31     0 -9999 -9999
1956 12 22 21  -289  -311 -9999 -9999 -9999     0 -9999 -9999
1956 12 23 00  -272  -289 10384   200    21     0 -9999 -9999
1956 12 23 03  -200  -250 10366   220    51     0 -9999 -9999
1956 12 23 06  -172  -250 10351   250    31     1 -9999 -9999
1956 12 23 09  -222  -278 10350   290    21     0 -9999 -9999
1956 12 23 12  -239  -278 10344   290    21     0 -9999 -9999
1956 12 23 18  -278  -300 10328   270    10     0 -9999 -9999
1956 12 23 21  -278  -300 10317   220    10     0 -9999 -9999
1956 12 24 00  -289  -311 10319   220    21     2 -9999 -9999
1956 12 24 03  -200  -250 10310   250    41     1 -9999 -9999
1956 12 24 06  -178  -261 10299   250    41     1 -9999 -9999
1956 12 24 09  -200  -261 10307   250    21     1 -9999 -9999
1956 12 24 12  -239  -278 10313   250    31     0 -9999 -9999
1956 12 24 18  -261  -289 10314   200    31     1 -9999 -9999
1956 12 24 21  -272  -289 10310   220    31     1 -9999 -9999
1956 12 25 00  -278  -300 10318   220    31     1 -9999 -9999
1956 12 25 03  -200  -250 10313   250    31     1 -9999 -9999
1956 12 25 06  -161  -228 10301   290    51     1 -9999 -9999
1956 12 25 09  -178  -239 10313   220    31     0 -9999 -9999
1956 12 25 12  -211  -261 10322   200    31     0 -9999 -9999
1956 12 25 18  -239  -272 10330   200    51     0 -9999 -9999
1956 12 25 21  -250  -272 10328   200    41     0 -9999 -9999
1956 12 26 00  -272  -289 10337   220    51     0 -9999 -9999
1956 12 26 03  -189  -228 10340   280    31     0 -9999 -9999
1956 12 26 09  -161  -222 10340   120    21     1 -9999 -9999
1956 12 26 12  -200  -239 10347   200    41     0 -9999 -9999
1956 12 26 18  -211  -239 10321   200    51     0 -9999 -9999
1956 12 26 21  -222  -239 10333   180    51     1 -9999 -9999
1956 12 27 00  -222  -239 10333   200    72     2 -9999 -9999
1956 12 27 03  -178  -211 10336   270    21     0 -9999 -9999
1956 12 27 06  -150  -200 10330   290    21     1 -9999 -9999
1956 12 27 09  -161  -189 10339   290    10     0 -9999 -9999
1956 12 27 18  -211  -239 10345   240    31     0 -9999 -9999
1956 12 28 00  -189  -222 10335   110    31     7 -9999 -9999
1956 12 28 03  -128  -178 10328   160    31     0 -9999 -9999
1956 12 28 06  -100  -172 10314   110    51     0 -9999 -9999
1956 12 28 09  -161  -189 10324    90    31     1 -9999 -9999
1956 12 28 12  -178  -211 10322   110    41     0 -9999 -9999
1956 12 28 18  -172  -189 10296   180    51     0 -9999 -9999
1956 12 28 21  -178  -189 10275   160    31     0 -9999 -9999
1956 12 29 00  -139  -150 10251   200    62     8 -9999     6
1956 12 29 03   -78   -89 10242   220    72     8 -9999 -9999
1956 12 29 06   -72  -111 10227   250    62     6 -9999     6
1956 12 29 12  -189  -211 10284   320    31     0 -9999     6
1956 12 29 18  -200  -222 10318   320    10     0 -9999 -9999
1956 12 29 21  -222  -239 10324   270    21     0 -9999 -9999
1956 12 30 00  -222  -239 10343   250    31     0 -9999 -9999
1956 12 30 03  -150  -178 10341   270    21     1 -9999 -9999
1956 12 30 06  -111  -178 10331   220    31     7 -9999 -9999
1956 12 30 18  -172  -189 10299   110    21     0 -9999 -9999
1956 12 30 21  -161  -178 10290   110    10     0 -9999 -9999
1956 12 31 00  -189  -211 10291    70    31     7 -9999 -9999
1956 12 31 03  -128  -161 10290    20    41     6 -9999 -9999
1956 12 31 06  -100  -161 10282   360    51     6 -9999 -9999
1956 12 31 09  -122  -161 10304   340    31     6 -9999 -9999
1956 12 31 12  -172  -178 10320   360    31     0 -9999 -9999
1956 12 31 18  -228  -239 10340   320    31     0 -9999 -9999
1956 12 31 21  -222  -228 10328     0     0     0 -9999 -9999
