1956 08 20 00   139    50 10114    70    10     2 -9999 -9999
1956 08 20 06   228    50 10083   250    62     1 -9999 -9999
1956 08 20 12   250    22 10060   320    51     1 -9999 -9999
1956 08 20 18   172    39 10105   340    21     0 -9999 -9999
1956 08 21 06   239    50 10095     0     0     5 -9999 -9999
1956 08 21 12   261    39 10072   270    31     1 -9999 -9999
1956 08 21 18   172    11 10115   180    21     0 -9999 -9999
1956 08 22 00   189    11 10121    20    51     1 -9999 -9999
1956 08 22 12   261    72 10075   220    31     1 -9999 -9999
1956 08 22 18   228    22 10094   360    41     2 -9999 -9999
1956 08 23 00   200    22 10106    20    41     6 -9999 -9999
1956 08 23 06   289    39 10066   200    10     6 -9999 -9999
1956 08 23 12   300    39 10051     0     0     6 -9999 -9999
1956 08 23 18   200    50 10078   270    62     7 -9999     6
1956 08 24 00   128   100 10134     0     0     7 -9999     6
1956 08 24 06   211    50 10122   320    82     7 -9999     6
1956 08 24 12   289    78 10128   250    51     7 -9999     6
1956 08 25 00   111    39 10172   340    10     2 -9999 -9999
1956 08 25 06   211    39 10130   250    31     7 -9999 -9999
1956 08 25 12   222    28 10115   320    62     7 -9999     6
1956 08 25 18   172    39 10136    20    41     7 -9999 -9999
1956 08 26 06   200    61 10100   110    21     7 -9999     3
1956 08 26 12   150   111 10095    20    62     7 -9999    30
1956 08 27 00   100    72 10121   340    31     3 -9999     3
1956 08 27 06   178    61 10109   290    51     2 -9999 -9999
1956 08 27 12   172    72 10104   270    41     7 -9999 -9999
1956 08 28 12   172    28 10138    20    51     7 -9999 -9999
1956 08 28 18   111    72 10175   320    41     7 -9999     6
1956 08 29 00   100    72 10190    70    31     2 -9999 -9999
1956 08 29 06   178    78 10171   220    31     2 -9999 -9999
1956 08 29 12   200    39 10161   270    10     2 -9999     6
1956 08 29 18   139    50 10189    90    41     6 -9999 -9999
1956 08 30 00   139    61 10171   360    31     7 -9999     6
1956 08 30 06   161    72 10150    70    51     8 -9999     6
1956 08 30 12   150    89 10142   250    31     6 -9999     5
1956 08 30 18    78    61 10192   140    21     1 -9999    10
1956 08 31 00    72    50 -9999    40    21     1 -9999 -9999
1956 08 31 06   161    50 10168    90    21     4 -9999 -9999
1956 09 01 06   139    61 10128   270   118     7 -9999    10
1956 09 01 18    89    50 10165   270    51     1 -9999     6
1956 09 02 00    61    39 10178   360    41     2 -9999 -9999
1956 09 02 12   150    39 10166   290    87     5 -9999 -9999
1956 09 03 00    72    39 10223    90    41     1 -9999 -9999
1956 09 03 06   150    39 10186 -9999 -9999     3 -9999 -9999
1956 09 03 12   172    28 10153   200    21     1 -9999 -9999
1956 09 03 18   111    50 10182 -9999 -9999     0 -9999 -9999
1956 09 04 00    78    39 10191     0     0     0 -9999 -9999
1956 09 04 06   200    22 10150     0     0     1 -9999 -9999
1956 09 04 12   211    11 10126   270    21     1 -9999 -9999
1956 09 04 18   161    11 10159   360    51     0 -9999 -9999
1956 09 05 00   111    22 10181     0     0     0 -9999 -9999
1956 09 05 06   228     0 10155   250    10     1 -9999 -9999
1956 09 05 12   228    72 10141   270    10     1 -9999 -9999
1956 09 05 18   178     0 10171    20    51     1 -9999 -9999
1956 09 06 00   172     0 10188    20    62     3 -9999 -9999
1956 09 06 06   261     0 10165   200    21     7 -9999 -9999
1956 09 06 12   250    39 10153     0     0     7 -9999 -9999
1956 09 06 18   178    22 10183    20    41     1 -9999 -9999
1956 09 07 00   122    28 10195   290    10 -9999 -9999 -9999
1956 09 07 06   261    50 10135     0     0     1 -9999 -9999
1956 09 07 12   250    72 10103   270    41     1 -9999 -9999
1956 09 08 00   178     0 10113    20    41     1 -9999 -9999
1956 09 08 06 -9999 -9999 -9999 -9999 -9999     7 -9999 -9999
1956 09 08 12   278    22 10048     0     0     2 -9999 -9999
1956 09 08 18   211   -11 10068    20    62     3 -9999 -9999
1956 09 09 00   211    28 10075    20    87     7 -9999     6
1956 09 09 06   228    72 10095   360    82     8 -9999     6
1956 09 09 12   211    72 10104    20    41     8 -9999     6
1956 09 09 18   150    89 10148   140    21     1 -9999     6
1956 09 10 00   139    61 10154    20    41     6 -9999 -9999
1956 09 10 12   222    22 10112   320    62     6 -9999 -9999
1956 09 10 18   172    22 10134    20    62     0 -9999 -9999
1956 09 11 00   150    11 10140    20    21     1 -9999 -9999
1956 09 11 06   239    50 10118   180    21     7 -9999 -9999
1956 09 11 12   211    39 10115   270    41     6 -9999 -9999
1956 09 11 18   150    22 10140   360    31     1 -9999 -9999
1956 09 12 00   111    28 10157   320    21     6 -9999 -9999
1956 09 12 06   228    28 10118   220    31     5 -9999 -9999
1956 09 12 18   172    22 10136    20    62     1 -9999 -9999
1956 09 13 06   211    50 10130   200    21     7 -9999 -9999
1956 09 13 12   211    61 10115   270    31     2 -9999 -9999
1956 09 13 18   161    28 10139     0     0     2 -9999 -9999
1956 09 14 00   161   -50 10139    20    51     7 -9999 -9999
1956 09 14 06   239    22 10115   160    31     7 -9999 -9999
1956 09 14 12   239    50 10100     0     0     7 -9999     6
1956 09 14 18   178    28 10109    40    41     2 -9999     6
1956 09 15 00   172    28 10125    70    31     7 -9999     6
1956 09 15 06   211    61 10129   200    10     7 -9999     6
1956 09 15 12   200    50 10116   270    41     7 -9999 -9999
1956 09 15 18   172    61 10130   290    41     8 -9999 -9999
1956 09 16 00   122   100 10172   180    31     8 -9999    10
1956 09 16 06   178    78 10167   270    72     2 -9999     6
1956 09 16 12   161    72 10179    70    31     2 -9999 -9999
1956 09 17 00    72    39 10212   340    10     1 -9999 -9999
1956 09 17 12   211    50 10138     0     0     1 -9999 -9999
1956 09 17 18   150   -28 10159    20    41     1 -9999 -9999
1956 09 18 12   239    11 10154   320    31     7 -9999 -9999
1956 09 18 18   139    61 10168   250    10     7 -9999 -9999
1956 09 19 00   111    39 10176   340    41     3 -9999 -9999
1956 09 19 06   228   -11 10138   270    41     3 -9999 -9999
1956 09 19 12   189     0 10142   270    21     1 -9999 -9999
1956 09 19 18   139   -39 10172    40    21     0 -9999 -9999
1956 09 20 00   150   -78 10165   140    21     1 -9999 -9999
1956 09 20 06   239   -39 10135   140    31     0 -9999 -9999
1956 09 20 12   228    22 10092   140    21     1 -9999 -9999
1956 09 21 00   189    61 10135   290    82     7 -9999     6
1956 09 21 12   111     0 10205   290    51     4 -9999 -9999
1956 09 21 18    61   -89 10251   320    41     7 -9999 -9999
1956 09 22 00    39   -78 10283   320    41     1 -9999 -9999
1956 09 22 06    89   -89 10291   320   118     1 -9999 -9999
1956 09 22 12   100   -89 10280   290    72     1 -9999 -9999
1956 09 23 00    28  -100 10284   340    10     1 -9999 -9999
1956 09 23 06 -9999 -9999 -9999   110    31     7 -9999 -9999
1956 09 23 12   128  -172 10197    90    41     7 -9999 -9999
1956 09 23 18   128  -139 10201    40    31     7 -9999 -9999
1956 09 24 00   100    22 10228    40    31     8 -9999    10
1956 09 24 06   172     0 10189    20    72     7 -9999    10
1956 09 24 12   172   -22 10162    40    31     7 -9999     6
1956 09 24 18   172    39 10165    20    62     7 -9999     6
1956 09 25 00   161    22 10204   360    62     8 -9999     6
1956 09 25 06   211    50 10176   140    31     2 -9999     6
1956 09 25 18   161    22 10156    20    41     7 -9999 -9999
1956 09 26 00   128    39 10151   340    21     7 -9999 -9999
1956 09 26 06   222    22 10106   160    21     7 -9999 -9999
1956 09 26 12   211   -22 10074     0     0     7 -9999 -9999
1956 09 26 18   172     0 10063    20    21     8 -9999 -9999
1956 09 27 00    28   -28 10261   290   180     8 -9999    10
1956 09 27 06    61   -61 10294   290   139     7 -9999 -9999
1956 09 27 12    50   -61 10319   270    51     3 -9999 -9999
1956 09 27 18   -22   -50 10358    70    10     1 -9999 -9999
1956 09 28 00   -28   -61 10340    20    21     2 -9999 -9999
1956 09 28 06    72   -39 10285   220    21     1 -9999 -9999
1956 09 28 18    11   -72 10259    40    21     1 -9999 -9999
1956 09 29 00    50   -72 10237   340    10     7 -9999 -9999
1956 09 29 06    50    11 10297   270    31     8 -9999    10
1956 09 29 12    50  -111 10315   290    98     7 -9999     6
1956 09 29 18   -22   -61 10389   290    31     1 -9999 -9999
1956 09 30 00   -39   -89 10431     0     0     7 -9999 -9999
1956 09 30 12    28   -89 10410   270    41     2 -9999 -9999
1956 09 30 18   -22   -89 10437    40    31     1 -9999 -9999
1956 10 01 00   -11   -11 10434   320    21     1 -9999 -9999
1956 10 01 06    78   -89 10376    90    21     0 -9999 -9999
1956 10 01 12   100   -61 10307     0     0     1 -9999 -9999
1956 10 01 18    61   -89 10289    40    10     1 -9999 -9999
1956 10 02 00    89  -128 10252    40    41 -9999 -9999 -9999
1956 10 02 06   161  -139 10212   160    41     7 -9999 -9999
1956 10 02 12   139   -39 10200     0     0     2 -9999 -9999
1956 10 02 18    89   -89 10231    20    51     0 -9999 -9999
1956 10 03 00    78   -78 10256     0     0     2 -9999 -9999
1956 10 03 06   150   -72 10233   180    21     3 -9999 -9999
1956 10 03 12   122   -39 10233   250    21     7 -9999 -9999
1956 10 03 18    72   -61 10265    40    21     7 -9999 -9999
1956 10 04 00    39   -61 10284     0     0     2 -9999 -9999
1956 10 04 06   150   -50 10258   200    10     1 -9999 -9999
1956 10 04 12   122   -28 10263   270    31     7 -9999 -9999
1956 10 04 18    78   -28 10293     0     0     7 -9999 -9999
1956 10 05 06   150    22 10268   140    10     7 -9999 -9999
1956 10 05 12   139    28 10233     0     0     7 -9999 -9999
1956 10 05 18    89   -22 10237    20    51     1 -9999 -9999
1956 10 06 00    78   -28 10223    20    51     2 -9999 -9999
1956 10 06 06   172    11 10195   140    31     3 -9999 -9999
1956 10 06 12   150    11 10184     0     0     2 -9999 -9999
1956 10 06 18    61    22 10230     0     0     2 -9999 -9999
1956 10 07 00    22   -11 10259    90    31     7 -9999 -9999
1956 10 07 06   100   -28 10243   270    62     7 -9999 -9999
1956 10 07 12    50   -72 10269   270    98     3 -9999 -9999
1956 10 07 18   -11   -61 10313   340    31     3 -9999 -9999
1956 10 08 00   -39   -89 10333   320    10     1 -9999 -9999
1956 10 08 06    50   -78 10307     0     0     4 -9999 -9999
1956 10 08 12    39   -89 10310   270    51     1 -9999 -9999
1956 10 08 18   -22   -78 10357     0     0     0 -9999 -9999
1956 10 09 00   -28   -78 10378    70    51     7 -9999 -9999
1956 10 09 06    39   -78 10375   110    10     1 -9999 -9999
1956 10 09 12    39   -61 10369   270    21     0 -9999 -9999
1956 10 09 18     0   -78 10405    40    10     1 -9999 -9999
1956 10 10 00   -28   -89 10429     0     0     1 -9999 -9999
1956 10 10 06   100   -89 10379   140    51     0 -9999 -9999
1956 10 10 12    89  -122 10325   110    31     0 -9999 -9999
1956 10 10 18    78  -111 10307    20 -9999     0 -9999 -9999
1956 10 11 00    89  -139 10278    20    62     0 -9999 -9999
1956 10 11 06   161   -72 10253    90    10     0 -9999 -9999
1956 10 11 12   128  -100 10238   320    10     0 -9999 -9999
1956 10 11 18   100  -111 10251    20    62     0 -9999 -9999
1956 10 12 00    78   -72 10258   320    21     0 -9999 -9999
1956 10 12 06   172  -100 10241   180    31     0 -9999 -9999
1956 10 12 12   128  -128 10247   220    10     0 -9999 -9999
1956 10 12 18    61   -89 10280     0     0     0 -9999 -9999
1956 10 13 00    78  -122 10284   320    21     0 -9999 -9999
1956 10 13 06   161   -89 10267   180    10     0 -9999 -9999
1956 10 13 12   128  -128 10269   220    10     1 -9999 -9999
1956 10 13 18    89  -111 10291    20    41     0 -9999 -9999
1956 10 14 00    50  -122 10315   320    31     0 -9999 -9999
1956 10 14 06   172  -122 10275   140    21     6 -9999 -9999
1956 10 14 12   128  -172 10268    40    10     7 -9999 -9999
1956 10 14 18    89  -128 10270    20    62     7 -9999 -9999
1956 10 15 00   100  -139 10251    20    41     7 -9999 -9999
1956 10 15 12   122  -128 10190   110    10     7 -9999 -9999
1956 10 16 00    89   -89 10193   290    10     7 -9999 -9999
1956 10 16 06   189  -100 10171   140    41     1 -9999 -9999
1956 10 16 12   139   -89 10199   270    10     7 -9999 -9999
1956 10 17 00    89   -50 10234     0     0     6 -9999 -9999
1956 10 17 06   189  -111 10211   140    31     1 -9999 -9999
1956 10 17 12   161   -89 10209   140    10     1 -9999 -9999
1956 10 17 18   128   -89 10219    20    51     1 -9999 -9999
1956 10 18 06   222  -128 10184   160    41     3 -9999 -9999
1956 10 18 12   161  -100 10179   110    31     2 -9999 -9999
1956 10 18 18   139   -89 10186    40    51     2 -9999 -9999
1956 10 19 00   139   -89 10187    90    31     7 -9999 -9999
1956 10 19 12   161   -39 10127   270    31     7 -9999 -9999
1956 10 19 18    89     0 10176   270    82     7 -9999     6
1956 10 20 00    50    22 10219   270    98     8 -9999     6
1956 10 20 12    22   -89 10325   320    98     7 -9999     6
1956 10 20 18    11   -89 10352   290    51     7 -9999 -9999
1956 10 21 00     0   -50 10370   250    21     8 -9999 -9999
1956 10 21 06    28   -39 10372     0     0     7 -9999     6
1956 10 21 12    28   -72 10363   270    51     7 -9999     6
1956 10 21 18   -28   -89 10384    40    41     2 -9999 -9999
1956 10 22 00   -50  -122 10388    40    21     5 -9999 -9999
1956 10 22 06    61   -89 10330   160    21     1 -9999 -9999
1956 10 22 12    39  -100 10304   140    10     7 -9999 -9999
1956 10 22 18    28  -122 10305    70    41     8 -9999 -9999
1956 10 23 00    50  -128 10300   140    41     8 -9999 -9999
1956 10 23 06    78  -161 10284   140    62     7 -9999 -9999
1956 10 23 12    78  -128 10238    90    31     7 -9999 -9999
1956 10 23 18    50  -128 10234    70    41     6 -9999 -9999
1956 10 24 00    61  -139 10209    20    51     7 -9999 -9999
1956 10 24 06   111   -89 10201   220    21     7 -9999 -9999
1956 10 24 12    72   -22 10243   290    41     8 -9999     6
1956 10 24 18    61    22 10224    20    41     8 -9999    10
1956 10 25 00    28   -11 10229    90    21     7 -9999     6
1956 10 25 06    89     0 10190    90    82     7 -9999     6
1956 10 25 18    50    28 10318   270    87     8 -9999     3
1956 10 26 00     0   -39 10298   270    41     7 -9999 -9999
1956 10 26 12    11   -50 10361   290    10     8 -9999     6
1956 10 26 18   -22   -39 10390     0     0     8 -9999 -9999
1956 10 27 00   -28   -28 10400    10    10     8 -9999     6
1956 10 27 12   -22   -72 10413   270    41     2 -9999     6
1956 10 27 18   -28  -122 10411    20    41     7 -9999 -9999
1956 10 28 00   -11   -72 10386    40    31     8 -9999     5
1956 10 28 06    28   -78 10370   160    21     7 -9999     6
1956 10 28 12     0   -89 10362    20    10     5 -9999 -9999
1956 10 28 18   -22  -128 10360    20    51     0 -9999 -9999
1956 10 29 00   -28  -111 10352     0     0     1 -9999 -9999
1956 10 29 06    61  -128 10315   160    31     1 -9999 -9999
1956 10 29 18    11  -122 -9999    40    31     1 -9999 -9999
1956 10 30 00    11  -111 10324   330    10     1 -9999 -9999
1956 10 30 06    89   -89 10305   140    21     1 -9999 -9999
1956 10 30 12    50     0 10303     0     0     0 -9999 -9999
1956 10 31 00   -11  -111 10312     0     0     0 -9999 -9999
1956 10 31 06    89   -78 10264     0     0     0 -9999 -9999
1956 10 31 12    28   -89 10273     0     0     1 -9999 -9999
1956 10 31 18     0  -111 10272   360    10     1 -9999 -9999
1956 11 01 00   -22  -111 10266     0     0     5 -9999 -9999
1956 11 01 03    11   -78 10255     0     0     7 -9999 -9999
1956 11 01 06    61   -78 10224   220    10     3 -9999 -9999
1956 11 01 09    72   -72 10212   270    31     1 -9999 -9999
1956 11 01 18   -28 -9999 10271   200    10     0 -9999 -9999
1956 11 01 21   -50   -89 10290     0     0     0 -9999 -9999
1956 11 02 00   -61  -100 10308     0     0     0 -9999 -9999
1956 11 02 03     0   -89 10309     0     0     0 -9999 -9999
1956 11 02 06    61   -78 10288   200    10     0 -9999 -9999
1956 11 02 09    78  -100 10275   270    21     0 -9999 -9999
1956 11 02 12     0  -139 10208   320    21     0 -9999 -9999
1956 11 03 00   -11  -200 10340    20    51     1 -9999 -9999
1956 11 03 03     0  -150 10348   290    10     6 -9999 -9999
1956 11 03 06    78  -150 10317   220    21     6 -9999 -9999
1956 11 03 09    89  -111 10304   250    10     7 -9999 -9999
1956 11 03 12    11  -128 10332   340    31     2 -9999 -9999
1956 11 03 18   -11  -128 10334     0     0     0 -9999 -9999
1956 11 03 21     0  -139 10326     0     0     0 -9999 -9999
1956 11 04 00   -22  -139 10337     0     0     1 -9999 -9999
1956 11 04 03    11  -122 10340     0     0     1 -9999 -9999
1956 11 04 06    72  -100 10314   200    10     1 -9999 -9999
1956 11 04 09    89   -89 10302   200    10     1 -9999 -9999
1956 11 04 12    22  -128 10334   250    10     7 -9999 -9999
1956 11 04 18     0  -100 10344 -9999 -9999 -9999 -9999 -9999
1956 11 04 21    11  -100 10333     0     0     6 -9999 -9999
1956 11 05 00    11  -128 10335    40    21     7 -9999 -9999
1956 11 05 03    50   -78 10329   300    10     8 -9999 -9999
1956 11 05 09   100  -128 10286   140    31     8 -9999 -9999
1956 11 05 12    72  -100 10296    70    21     8 -9999 -9999
1956 11 05 21    72 -9999 10264    70    51     8 -9999 -9999
1956 11 06 00    78   -11 10237    70    51     8 -9999     6
1956 11 06 03    89   -11 10240     0     0     8 -9999 -9999
1956 11 06 06    72    11 10230    70    72     8 -9999     6
1956 11 06 09    72    28 10221    40    41     8 -9999 -9999
1956 11 06 12    50    22 10225   320    31     8 -9999     6
1956 11 06 18   -28   -61 10281   290    98     1 -9999     3
1956 11 06 21   -61   -72 10305   220    10     7 -9999 -9999
1956 11 07 00   -61   -72 10320   110    21     8 -9999 -9999
1956 11 07 03   -61   -72 10340   320    10     8 -9999 -9999
1956 11 07 12   -50   -78 10348   220    21     7 -9999     6
1956 11 07 18   -50  -100 10350     0     0     7 -9999     6
1956 11 07 21   -50   -89 10340   110    10     7 -9999 -9999
1956 11 08 03   -39 -9999 10341     0     0     8 -9999 -9999
1956 11 08 06   -11   -89 10322   250    10     0 -9999 -9999
1956 11 08 09    11   -72 10311   250    10     1 -9999 -9999
1956 11 08 12   -72  -150 10347   320    21     1 -9999 -9999
1956 11 08 18   -61  -172 10361   320    21     0 -9999 -9999
1956 11 08 21   -72  -128 10369   270    10     0 -9999 -9999
1956 11 09 00   -89  -161 10392     0     0     0 -9999 -9999
1956 11 09 03   -39  -128 10382     0     0     0 -9999 -9999
1956 11 09 06    50  -222 10350   140    51     1 -9999 -9999
1956 11 09 09    61  -228 10343   160    31     1 -9999 -9999
1956 11 09 12   -22  -211 10375    40    21     1 -9999 -9999
1956 11 09 18   -22  -211 10381    40    51     1 -9999 -9999
1956 11 09 21   -28  -211 10384    20    62     1 -9999 -9999
1956 11 10 00   -22  -200 10377    20    62     1 -9999 -9999
1956 11 10 03    22  -211 10369    20    41     1 -9999 -9999
1956 11 10 06    61  -189 10354   180    21     1 -9999 -9999
1956 11 10 09    61  -250 10343   140    41     1 -9999 -9999
1956 11 10 12   -11  -228 10372    70    10     0 -9999 -9999
1956 11 10 18   -50  -200 10424    40    41     0 -9999 -9999
1956 11 10 21   -39  -211 10424    20    41     0 -9999 -9999
1956 11 11 00   -50  -211 10425   290    10     0 -9999 -9999
1956 11 11 03   -28  -200 10425   360    21     1 -9999 -9999
1956 11 11 09    50  -111 10362   290    10     1 -9999 -9999
1956 11 11 12   -39  -211 10387    30    41     1 -9999 -9999
1956 11 11 18   -50  -200 10377     0     0     1 -9999 -9999
1956 11 11 21   -39  -189 10367   290    10     1 -9999 -9999
1956 11 12 00   -50  -200 10375     0     0     1 -9999 -9999
1956 11 12 03     0  -261 10367    40    10     2 -9999 -9999
1956 11 12 06    39  -200 10352     0     0     3 -9999 -9999
1956 11 12 09    50 -9999 10336     0     0     6 -9999 -9999
1956 11 12 12 -9999 -9999 10361   320    10     4 -9999 -9999
1956 11 12 18     0  -200 10350    20    21     0 -9999 -9999
1956 11 13 00   -50  -150 10351     0     0     0 -9999 -9999
1956 11 13 03     0  -150 10339   340    10     1 -9999 -9999
1956 11 13 06    72  -128 10308     0     0     1 -9999 -9999
1956 11 13 09    78  -161 10299   250    21     2 -9999 -9999
1956 11 13 12    11  -189 10329   340    21     7 -9999 -9999
1956 11 13 18   -50  -161 10362   360    21     2 -9999 -9999
1956 11 13 21   -72  -122 10375    70    31     2 -9999 -9999
1956 11 14 00   -72  -122 10376    90    41     2 -9999 -9999
1956 11 14 03   -39   -89 10388   110    21     7 -9999 -9999
1956 11 14 06     0   -89 10379   160    21     7 -9999 -9999
1956 11 14 09    11  -100 10368     0     0     7 -9999 -9999
1956 11 14 12   -50   -78 10395   320    21     8 -9999 -9999
1956 11 14 18   -39   -61 10405    90    21     8 -9999     6
1956 11 15 00   -50   -61 10413    90    21     8 -9999    10
1956 11 15 03   -39   -50 10426    90    10     8 -9999 -9999
1956 11 15 06   -39   -50 10420    70    21     8 -9999     5
1956 11 15 09   -22   -39 10410   200    10     8 -9999 -9999
1956 11 15 12   -22   -39 10421     0     0     8 -9999     6
1956 11 15 18   -39   -50 10420   250    21     8 -9999     6
1956 11 15 21   -39   -50 10405   270    10     7 -9999 -9999
1956 11 16 00   -72   -72 10410   270    10     8 -9999 -9999
1956 11 16 03   -72   -72 10416     0     0     9 -9999 -9999
1956 11 16 06   -39   -72 10390   200    10     7 -9999     6
1956 11 16 09   -22   -72 10369   220    21     2 -9999 -9999
1956 11 16 12   -72   -78 10385   220    10     1 -9999     6
1956 11 16 18   -78  -111 10385 -9999 -9999 -9999 -9999 -9999
1956 11 17 00   -61   -78 10364    70    31     8 -9999 -9999
1956 11 17 03   -39   -72 10356    70    31     7 -9999 -9999
1956 11 17 06   -11   -78 10345   110    21     7 -9999 -9999
1956 11 17 09   -11   -72 10333     0     0     7 -9999 -9999
1956 11 17 12   -22   -50 10343     0     0     8 -9999 -9999
1956 11 17 18   -72   -89 10369     0     0     1 -9999 -9999
1956 11 17 21   -78  -100 10373   360    21     2 -9999 -9999
1956 11 18 00   -78  -100 10382   360    21     0 -9999 -9999
1956 11 18 03   -61   -89 10383     0     0     2 -9999 -9999
1956 11 18 06   -22   -89 10369     0     0     2 -9999 -9999
1956 11 18 09    11   -78 10346     0     0     1 -9999 -9999
1956 11 18 12   -61   -78 10381   320    31     1 -9999 -9999
1956 11 18 21   -89  -100 10415   320    10     0 -9999 -9999
1956 11 19 00  -128  -128 10443    90    41     1 -9999 -9999
1956 11 19 03   -78   -78 10439   110    10     9 -9999 -9999
1956 11 19 06   -61   -61 10433   110    21     8 -9999     6
1956 11 19 09   -61   -61 10431     0     0     8 -9999 -9999
1956 11 19 12   -61   -61 10439   320    21     8 -9999     6
1956 11 19 18   -72   -78 10464     0     0     8 -9999     6
1956 11 19 21   -72   -78 10468    90    31     8 -9999 -9999
1956 11 20 00  -100 -9999 10476   360    10     9 -9999     6
1956 11 20 03  -111  -122 10488     0     0     0 -9999 -9999
1956 11 20 06   -39   -89 10459   200    10     1 -9999 -9999
1956 11 20 09   -22   -72 10436     0     0     1 -9999 -9999
1956 11 20 12   -72  -122 10449     0     0     0 -9999 -9999
1956 11 20 21   -78  -228 10432    20    62     0 -9999 -9999
1956 11 21 00   -89  -222 10439    20    21     1 -9999 -9999
1956 11 21 03   -39  -222 10432   320    21     5 -9999 -9999
1956 11 21 09    22  -200 10414     0     0     2 -9999 -9999
1956 11 21 12   -50  -239 10451    20    41     1 -9999 -9999
1956 11 21 18   -78  -272 10482   360    41     0 -9999 -9999
1956 11 21 21   -89  -250 -9999    40    41     0 -9999 -9999
1956 11 22 00   -72  -261 10481    20    62     0 -9999 -9999
1956 11 22 03  -100  -239 -9999     0     0     0 -9999 -9999
1956 11 22 06   -22  -228 10468   320    21     0 -9999 -9999
1956 11 22 09     0  -222 10454   160    10     0 -9999 -9999
1956 11 22 12   -89  -250 10480    40    41     0 -9999 -9999
1956 11 22 21  -150  -272 -9999     0     0     0 -9999 -9999
1956 11 23 00  -139  -278 10499   200    21     0 -9999 -9999
1956 11 23 03  -111  -228 10497   270    10     0 -9999 -9999
1956 11 23 06    11  -222 10454     0     0     0 -9999 -9999
1956 11 23 09    11  -222 10447   160    10     1 -9999 -9999
1956 11 23 12   -72  -289 10475    40    41     1 -9999 -9999
1956 11 23 18   -78  -300 10461    20    41     0 -9999 -9999
1956 11 23 21   -78  -300 10444    10    21     0 -9999 -9999
1956 11 24 00   -78  -300 10424     0     0     0 -9999 -9999
1956 11 24 06    28  -239 10363   320    21     1 -9999 -9999
1956 11 24 09    39  -239 10339   220    21     1 -9999 -9999
1956 11 24 12   -72  -289 10388   340    21     1 -9999 -9999
1956 11 24 21   -89  -250 10412    20    21     6 -9999 -9999
1956 11 25 00  -100  -261 10417   220    10     7 -9999 -9999
1956 11 25 03   -89  -250 10418    40    21     7 -9999 -9999
1956 11 25 12   -50  -228 10375    70    10     7 -9999 -9999
1956 11 25 18  -111  -228 10383    40    21     1 -9999 -9999
1956 11 25 21  -128  -239 10387    40    31     1 -9999 -9999
1956 11 26 00  -139  -228 10389 -9999 -9999 -9999 -9999 -9999
1956 11 26 03   -89  -200 10374   320    10     1 -9999 -9999
1956 11 26 06   -22  -211 10348     0     0     1 -9999 -9999
1956 11 26 09   -11  -172 10339     0     0     6 -9999 -9999
1956 11 26 12   -72  -222 10369    90    10     7 -9999 -9999
1956 11 26 18   -50  -200 10362    70    31     7 -9999 -9999
1956 11 26 21   -72  -200 10364    40    10     5 -9999 -9999
1956 11 27 00   -72  -200 10356    40    51     7 -9999 -9999
1956 11 27 03   -39  -178 10350    40    21     7 -9999 -9999
1956 11 27 06    11  -178 10321    70    10     7 -9999 -9999
1956 11 27 09    22  -178 10300   110    21     7 -9999 -9999
1956 11 27 18   -50   -72 10339     0     0     8 -9999    10
1956 11 27 21   -28   -39 10338     0     0     8 -9999 -9999
1956 11 28 00   -39   -50 10359     0     0     8 -9999    30
1956 11 28 03   -50   -50 10386     0     0     9 -9999 -9999
1956 11 28 06   -39   -39 10387     0     0     8 -9999 -9999
1956 11 28 09   -39   -39 10388     0     0     8 -9999 -9999
1956 11 28 12   -50   -50 10403   140    10     8 -9999     6
1956 11 28 18   -78  -111 10406    20    10     4 -9999     6
1956 11 28 21   -89  -100 10406    90    31     6 -9999 -9999
1956 11 29 00  -100  -100 10398     0     0     6 -9999     6
1956 11 29 03  -128  -128 10412    20    31     9 -9999 -9999
1956 11 29 06   -89  -128 10378   340    31     2 -9999     6
1956 11 29 12  -122  -172 10366   360    31     2 -9999 -9999
1956 11 29 18  -128  -178 10354   270    10     4 -9999 -9999
1956 11 29 21   -78  -128 10330     0     0     8 -9999 -9999
1956 11 30 00   -22  -128 10307    70    31     8 -9999 -9999
1956 11 30 03   -28   -72 10320    90    41     8 -9999 -9999
1956 11 30 06   -22   -78 10320   180    31     8 -9999     6
1956 11 30 09   -28   -50 10320     0     0     8 -9999 -9999
1956 11 30 12   -28   -50 10332    90    21     8 -9999     3
1956 11 30 18   -39   -50 10341    20    10     8 -9999    10
1956 11 30 21   -28   -50 10335    70    10     8 -9999 -9999
1956 12 01 00   -28  -139 10347   360    10     8 -9999     3
1956 12 01 06   -39   -50 10382   220    10     8 -9999    20
1956 12 01 18   -50  -122 10356    70    31     8 -9999 -9999
1956 12 02 00   -89  -100 10468     0     0     8 -9999    10
1956 12 02 03   -61   -72 10445    90    41     8 -9999 -9999
1956 12 02 06   -61   -72 10431   140    72     8 -9999    30
1956 12 02 09   -61   -72 10417   110    31     8 -9999 -9999
1956 12 02 12   -61   -72 10427    90    10     7 -9999    30
1956 12 02 18  -122  -178 10445    20    41     2 -9999     6
1956 12 02 21  -122  -172 10447     0     0     1 -9999 -9999
1956 12 03 00  -150  -178 10446   270    10     0 -9999 -9999
1956 12 03 03  -139  -172 10453   110    21 -9999 -9999 -9999
1956 12 03 06   -78  -150 10412    40    51     7 -9999 -9999
1956 12 03 09  -100  -150 10407   340    41     7 -9999 -9999
1956 12 03 12   -61   -72 10427   320    21     3 -9999    10
1956 12 03 18   -89  -100 10475   140    31     8 -9999     6
1956 12 03 21   -72  -122 10338    20    21     7 -9999 -9999
1956 12 04 00   -39  -111 10318   200    10     8 -9999 -9999
1956 12 04 03   -39   -89 10319   140    21     8 -9999 -9999
1956 12 04 09   -39   -50 10318     0     0     8 -9999 -9999
1956 12 04 12   -61   -61 10339     0     0     8 -9999    30
1956 12 04 21  -150  -161 10393    70    31     1 -9999 -9999
1956 12 05 00  -111  -122 10386    90    31     9 -9999     6
1956 12 05 03  -111  -122 10392    70    31     7 -9999 -9999
1956 12 05 06  -100  -111 10387    70    10     7 -9999     6
1956 12 05 09   -89  -100 10374    90    10     8 -9999 -9999
1956 12 05 12  -122  -128 10380    90    10     7 -9999     6
1956 12 05 18  -139  -150 10376   290    10     0 -9999     6
1956 12 05 21 -9999 -9999 -9999     0     0     0 -9999 -9999
1956 12 06 00  -178  -200 10386     0     0     2 -9999     6
1956 12 06 03  -139  -161 10379     0     0     2 -9999 -9999
1956 12 06 09  -122  -161 10365   290    10     1 -9999 -9999
1956 12 06 12  -172  -200 10388   340    21     1 -9999 -9999
1956 12 06 18  -150  -178 10381   320    21     1 -9999 -9999
1956 12 06 21  -150  -189 10384    40    41     0 -9999 -9999
1956 12 07 00  -122  -172 10381    20    51     1 -9999 -9999
1956 12 07 03  -111  -172 10377    40    41     1 -9999 -9999
1956 12 07 06  -111  -172 10376   140    21     1 -9999 -9999
1956 12 07 09  -111  -161 10382    20    10     1 -9999 -9999
1956 12 07 12  -128  -200 10399    20    21     0 -9999 -9999
1956 12 07 21  -161  -200 10420     0     0     1 -9999 -9999
1956 12 08 00  -161  -189 10414    90    10     1 -9999 -9999
1956 12 08 03  -150  -189 10410     0     0     6 -9999 -9999
1956 12 08 06  -122  -161 -9999     0     0     7 -9999 -9999
1956 12 08 12  -139  -200 10362    40    21     1 -9999 -9999
1956 12 08 21  -161  -178 10348     0     0     0 -9999 -9999
1956 12 09 00  -178  -189 10352    40    10     0 -9999 -9999
1956 12 09 06  -161  -178 10349     0     0     1 -9999 -9999
1956 12 09 09  -150  -178 10339   320    31     1 -9999 -9999
1956 12 09 12  -161  -189 10349   340    21     1 -9999 -9999
1956 12 09 18  -211  -222 10373     0     0     1 -9999 -9999
1956 12 09 21  -200  -211 10368   320    10     1 -9999 -9999
1956 12 10 00  -211  -222 10373   360    21     0 -9999 -9999
1956 12 10 03  -200  -211 10388     0     0     1 -9999 -9999
1956 12 10 06  -178  -189 10383   360    21     1 -9999 -9999
1956 12 10 12  -178  -200 10404   360    21     0 -9999 -9999
1956 12 10 18 -9999 -9999 -9999   360    10     0 -9999 -9999
1956 12 10 21  -178  -200 10433   360    10     0 -9999 -9999
1956 12 11 03  -200  -228 10451   360    21     0 -9999 -9999
1956 12 11 06  -139  -200 10427     0     0     0 -9999 -9999
1956 12 11 09  -161  -200 10429   270    10     0 -9999 -9999
1956 12 11 12  -161  -211 10431   270    21     0 -9999 -9999
1956 12 11 18  -161  -189 10434   290    10     0 -9999 -9999
1956 12 11 21  -178  -222 10439   350    31     0 -9999 -9999
1956 12 12 09  -128  -189 10411     0     0     0 -9999 -9999
1956 12 12 12  -139  -200 10450   270    10     0 -9999 -9999
1956 12 12 18  -139  -211 10435    20    21     0 -9999 -9999
1956 12 12 21  -150  -211 10434   270    21     0 -9999 -9999
1956 12 13 00  -139  -222 10427    40    21     0 -9999 -9999
1956 12 13 03  -139  -211 10424     0     0     0 -9999 -9999
1956 12 13 06  -122  -200 10401     0     0     1 -9999 -9999
1956 12 13 12  -172  -228 10406     0     0     1 -9999 -9999
1956 12 13 18  -128  -189 10388     0     0     7 -9999 -9999
1956 12 13 21  -122  -189 10392    40    21     7 -9999 -9999
1956 12 14 03  -122  -172 10425   320    41     8 -9999 -9999
1956 12 14 06   -78  -128 10417   340    21     8 -9999     6
1956 12 14 09  -100  -122 10431     0     0     8 -9999 -9999
1956 12 14 12  -122  -139 10450   360    31     7 -9999     6
1956 12 14 18  -128  -139 10473   340    31     8 -9999     6
1956 12 15 00  -161  -189 10494     0     0     6 -9999     6
1956 12 15 03  -139  -189 10499   340    51     7 -9999 -9999
1956 12 15 06 -9999 -9999 -9999   340    41     7 -9999     6
1956 12 15 09  -161  -200 -9999    40    10     5 -9999 -9999
1956 12 15 18  -200  -228 -9999     0     0     1 -9999 -9999
1956 12 15 21  -178  -239 -9999    20    62     1 -9999 -9999
1956 12 16 00  -189  -250 -9999   290    10     1 -9999 -9999
1956 12 16 03  -228  -278 -9999   160    31     7 -9999 -9999
1956 12 16 06  -150 -9999 -9999    70    51     4 -9999 -9999
1956 12 16 09  -161  -222 -9999   340    21     7 -9999 -9999
1956 12 16 12  -200  -278 -9999    40    10     6 -9999 -9999
1956 12 16 21  -189  -250 -9999    40    41     7 -9999 -9999
1956 12 17 00  -178  -250 -9999    40    21     7 -9999 -9999
1956 12 17 03  -178  -250 -9999     0     0     7 -9999 -9999
1956 12 17 06  -172  -239 -9999     0     0     7 -9999 -9999
1956 12 17 09  -161  -239 10488   320    31     7 -9999 -9999
1956 12 17 12  -172  -239 10491    90    10     7 -9999 -9999
1956 12 17 18  -172  -250 10482     0     0     5 -9999   260
1956 12 18 03  -189  -261 -9999     0     0     5 -9999 -9999
1956 12 18 06  -189  -261 -9999   340    21     2 -9999 -9999
1956 12 18 09  -178  -250 10492     0     0     2 -9999 -9999
1956 12 18 12  -189  -261 10499   340    21     1 -9999 -9999
1956 12 18 18  -189  -250 10487   360    10     7 -9999 -9999
1956 12 18 21  -222  -272 10485    20    21     7 -9999 -9999
1956 12 19 00  -189  -250 10465     0     0     7 -9999 -9999
1956 12 19 03  -222  -272 10478     0     0     5 -9999 -9999
1956 12 19 09  -161  -228 10441     0     0     2 -9999 -9999
1956 12 19 18  -211  -261 -9999   290    21     6 -9999 -9999
1956 12 19 21  -222  -261 -9999     0     0     8 -9999 -9999
1956 12 20 00  -228  -261 -9999     0     0     7 -9999 -9999
1956 12 20 03  -250  -278 -9999     0     0     6 -9999 -9999
1956 12 20 06  -189  -239 -9999     0     0     2 -9999 -9999
1956 12 20 09  -222  -261 -9999     0     0     1 -9999 -9999
1956 12 20 12  -250  -289 -9999   340    31     1 -9999 -9999
1956 12 20 18  -222  -261 -9999   360    10     5 -9999 -9999
1956 12 20 21  -200  -250 -9999    40    21     4 -9999 -9999
1956 12 21 00  -228  -272 -9999    20    10     3 -9999 -9999
1956 12 21 03  -228  -272 -9999    90    10     3 -9999 -9999
1956 12 21 06  -211  -261 -9999   320    21     2 -9999 -9999
1956 12 21 09  -200  -239 -9999   320    41     7 -9999 -9999
1956 12 21 18  -200  -250 -9999     0     0     6 -9999 -9999
1956 12 21 21  -211  -272 -9999   340    21     7 -9999 -9999
1956 12 22 00  -228  -278 -9999   340    10 -9999 -9999 -9999
1956 12 22 03  -178  -239 -9999   340    21     7 -9999 -9999
1956 12 22 06  -178  -239 -9999     0     0     7 -9999 -9999
1956 12 22 09  -150  -222 10481    40    21     7 -9999 -9999
1956 12 22 12  -150  -239 10474    40    31     6 -9999 -9999
1956 12 22 18  -172  -239 10451    40    10     5 -9999 -9999
1956 12 23 00  -150  -228 10499     0     0     1 -9999 -9999
1956 12 23 03  -172  -239 10432   360    10     2 -9999 -9999
1956 12 23 06  -122  -200 10401   360    10     3 -9999 -9999
1956 12 23 09  -122  -189 10378   270    10     2 -9999 -9999
1956 12 23 12  -161  -228 10375    40    10     6 -9999 -9999
1956 12 23 18  -178  -239 10355   220    31     6 -9999 -9999
1956 12 24 00  -122  -189 10339    70    10     8 -9999 -9999
1956 12 24 03  -122  -189 10368     0     0     8 -9999 -9999
1956 12 24 09  -100  -150 10379   250    21     8 -9999 -9999
1956 12 24 12  -122  -161 10393     0     0     8 -9999     6
1956 12 24 18  -150  -172 10431     0     0     7 -9999     5
1956 12 24 21  -150  -161 10430     0     0     8 -9999 -9999
1956 12 25 00  -139  -150 10426   180    21     8 -9999     6
1956 12 25 03  -139  -150 10438     0     0     8 -9999 -9999
1956 12 25 06  -128  -150 10429   340    31     8 -9999     6
1956 12 25 09  -128  -161 10417     0     0     8 -9999 -9999
1956 12 25 12  -200  -222 10440    20    31     8 -9999     6
1956 12 25 18  -200  -211 10430    70    21     1 -9999 -9999
1956 12 25 21  -172  -178 10400    40    21     6 -9999 -9999
1956 12 26 00  -178  -211 10396    70    10     6 -9999 -9999
1956 12 26 06   -89  -161 10351    20    31     7 -9999 -9999
1956 12 26 09   -89  -150 10331    40    51     7 -9999 -9999
1956 12 26 12   -78  -139 10311    40    31     8 -9999 -9999
1956 12 26 18   -50  -139 10256    40    72     8 -9999 -9999
1956 12 26 21  -100  -139 10266   220    31     8 -9999 -9999
1956 12 27 00  -111 -9999 10265    40    51     8 -9999 -9999
1956 12 27 03   -78  -150 10273   340    41     8 -9999 -9999
1956 12 27 06   -89  -128 10293    20    41     8 -9999 -9999
1956 12 27 09  -100  -139 10317   250    41     8 -9999 -9999
1956 12 27 12  -100  -111 10337    40    21     8 -9999    10
1956 12 27 18  -128  -139 10370     0     0     8 -9999    10
1956 12 27 21  -150  -161 10375   360    21     7 -9999 -9999
1956 12 28 00  -139  -150 10362   360    10     8 -9999     3
1956 12 28 06  -128  -150 10369    20    21     7 -9999     3
1956 12 28 09  -128  -150 10355   340    31     8 -9999 -9999
1956 12 28 12  -150  -161 10362   140    21     7 -9999     6
1956 12 28 18   -89  -100 10327    40    41     8 -9999     3
1956 12 28 21  -100  -111 10328     0     0     8 -9999 -9999
1956 12 29 09  -100  -111 10299    70    21     8 -9999 -9999
1956 12 29 12  -111  -122 10306     0     0     8 -9999    10
1956 12 30 00  -128  -139 10343     0     0     8 -9999     3
1956 12 30 03  -122 -9999 10347     0     0     8 -9999 -9999
1956 12 30 06  -122  -128 10353    40    21     8 -9999    40
1956 12 30 09  -150  -161 10360   340    31     7 -9999 -9999
1956 12 30 12  -139  -161 10368     0     0     8 -9999     5
1956 12 30 18  -172  -178 10376     0     0     3 -9999     3
1956 12 30 21  -189  -200 10378    90    21     7 -9999 -9999
1956 12 31 03  -239  -261 10417     0     0     2 -9999 -9999
1956 12 31 06  -200  -211 10415     0     0     8 -9999     3
1956 12 31 09  -239  -261 10433   340    10     3 -9999 -9999
1956 12 31 12  -250  -261 10463     0     0     7 -9999     6
1956 12 31 18  -300  -311 10493   360    10     2 -9999     6
1956 12 31 21  -272  -289 10478    90    10     0 -9999 -9999
