1957 07 01 00   122    39 -9999   220    41     0 -9999 -9999
1957 07 01 03   172    39 -9999   220    41     1 -9999 -9999
1957 07 01 06   228     0 -9999    90    10     1 -9999 -9999
1957 07 01 09   272    28 -9999   320    10 -9999 -9999 -9999
1957 07 01 12   228    22 -9999    90    31     7 -9999 -9999
1957 07 02 00   128    11 -9999   220    51     1 -9999 -9999
1957 07 02 03   189    22 -9999   220    41     1 -9999 -9999
1957 07 02 06   239    11 -9999     0     0     2 -9999 -9999
1957 07 02 09   272    22 -9999     0     0     7 -9999 -9999
1957 07 02 12   222    72 -9999    90    31     7 -9999     6
1957 07 03 00   122    39 -9999   220    21     7 -9999 -9999
1957 07 03 03   178    61 -9999   250    31     7 -9999 -9999
1957 07 03 06   250    22 -9999   270    10     7 -9999 -9999
1957 07 04 03   172    78 -9999   220    82     8 -9999 -9999
1957 07 04 09   189    72 -9999   250    62     7 -9999 -9999
1957 07 04 12   178   100 -9999    70    51     7 -9999     3
1957 07 05 00   150    28 -9999   250    31     1 -9999 -9999
1957 07 05 03   189    11 -9999   220    41     1 -9999 -9999
1957 07 05 09   278 -9999 -9999     0     0     1 -9999 -9999
1957 07 05 12   250    22 -9999    70    41     5 -9999 -9999
1957 07 06 06   239    39 -9999     0     0     7 -9999 -9999
1957 07 06 09   228    61 -9999   220    98     7 -9999 -9999
1957 07 06 12   200    78 -9999   220    82     7 -9999 -9999
1957 07 07 00    89    72 -9999   220    72     8 -9999    80
1957 07 07 03    78    72 -9999   220    82     8 -9999 -9999
1957 07 07 06   111    72 -9999   220    62     7 -9999 -9999
1957 07 07 09   178    78 -9999   220    51     1 -9999 -9999
1957 07 07 12   211    72 -9999   250    31     1 -9999     6
1957 07 08 00   100    28 -9999   220    51     1 -9999 -9999
1957 07 08 06   211    22 -9999   250    82     1 -9999 -9999
1957 07 08 09   239     0 -9999   250    31     1 -9999 -9999
1957 07 08 12   250    11 -9999   270    10     1 -9999 -9999
1957 07 09 00    89    39 -9999   220    21     2 -9999 -9999
1957 07 09 03   172    22 -9999   220    51     1 -9999 -9999
1957 07 09 06   222     0 -9999   270    31     1 -9999 -9999
1957 07 09 09   250    11 -9999   220    41     6 -9999 -9999
1957 07 10 00   122    50 -9999   220    10     2 -9999 -9999
1957 07 10 03   189    39 -9999   250    21     1 -9999 -9999
1957 07 10 06   228    22 -9999    40    21     2 -9999 -9999
1957 07 10 09   250    39 -9999     0     0     7 -9999 -9999
1957 07 10 12   222     0 -9999   340    82     7 -9999     6
1957 07 11 00   100   100 -9999   220    41     8 -9999    50
1957 07 11 03   122   100 -9999   220    41     8 -9999 -9999
1957 07 11 06   111    89 -9999   250    31     8 -9999    90
1957 07 11 09   161    89 -9999    90    21     1 -9999 -9999
1957 07 11 12   178   100 -9999    70    31     7 -9999     6
1957 07 12 00   139    89 -9999   220    31     2 -9999 -9999
1957 07 12 03   178   100 -9999   250    21     1 -9999 -9999
1957 07 12 09   189    89 -9999   110    41     8 -9999 -9999
1957 07 12 12   189    78 -9999   220    31     8 -9999    20
1957 07 13 00   161    50 -9999   220    82     1 -9999 -9999
1957 07 13 06   228    89 -9999   200    41     2 -9999 -9999
1957 07 13 09   239   111 -9999   220    21     8 -9999 -9999
1957 07 13 12   311    89 -9999   270    41     7 -9999    40
1957 07 14 00   139    61 -9999   250    62     8 -9999 -9999
1957 07 14 03   189    72 -9999   220    41     6 -9999 -9999
1957 07 14 06   239   100 -9999   220    31     7 -9999 -9999
1957 07 14 09   228    39 -9999   290    62     7 -9999 -9999
1957 07 14 12   228    89 -9999   220    41     1 -9999     6
1957 07 15 00   128    61 -9999   220    51     1 -9999 -9999
1957 07 15 03   189    61 -9999   250    51     1 -9999 -9999
1957 07 15 06   228    61 -9999   250    21     1 -9999 -9999
1957 07 15 09   272    50 -9999   220    21     2 -9999 -9999
1957 07 15 12   278    72 -9999   250    21     2 -9999 -9999
1957 07 16 00   122    72 -9999   250    41     7 -9999 -9999
1957 07 16 03   189    39 -9999   220    31     1 -9999 -9999
1957 07 16 06   239    28 -9999   220    21     2 -9999 -9999
1957 07 16 09   239    39 -9999   250    82     7 -9999 -9999
1957 07 16 12   239    72 -9999   200    21     1 -9999 -9999
1957 07 17 00   111    89 -9999     0     0 -9999 -9999 -9999
1957 07 17 03   172    78 -9999   220    41     2 -9999 -9999
1957 07 17 09   222   100 -9999    70    31     7 -9999 -9999
1957 07 17 12   222    89 -9999   360    21     7 -9999     6
1957 07 18 00   128   111 -9999     0     0     7 -9999 -9999
1957 07 18 03   211    78 -9999   120    31     6 -9999 -9999
1957 07 18 06   228    72 -9999     0     0     7 -9999 -9999
1957 07 18 09   228   100 -9999    70    41 -9999 -9999 -9999
1957 07 18 12   222    72 -9999   270    62     7 -9999     6
1957 07 19 00   139    50 -9999   250    31     7 -9999 -9999
1957 07 19 03   189    89 -9999    70    21     7 -9999 -9999
1957 07 19 06   228    50 -9999    70    10     7 -9999 -9999
1957 07 19 09   211   100 -9999    90    82     7 -9999 -9999
1957 07 19 12   211   111 -9999    70    31     7 -9999     6
1957 07 20 00   122    22 -9999   250    51     6 -9999 -9999
1957 07 20 03   178    22 -9999   220    41 -9999 -9999 -9999
1957 07 20 09   222    50 -9999   360    21 -9999 -9999 -9999
1957 07 21 00   100    78 -9999   220    51     1 -9999 -9999
1957 07 21 03   172    22 -9999   220    72     3 -9999 -9999
1957 07 21 06   222   -11 -9999   180    31     1 -9999 -9999
1957 07 21 09   211    22 -9999   200    31     7 -9999 -9999
1957 07 22 00   139    28 -9999    50    31     7 -9999     6
1957 07 22 03   172    39 -9999    20    10     1 -9999 -9999
1957 07 22 12   172    78 -9999    70    51     7 -9999     6
1957 07 23 00   128    28 -9999   220    51     4 -9999 -9999
1957 07 23 03   161    39 -9999   220    41     7 -9999 -9999
1957 07 23 06   211    11 -9999     0     0     2 -9999 -9999
1957 07 23 09   228   -22 -9999    70    10     3 -9999 -9999
1957 07 23 12   189     0 -9999   320    98     7 -9999     6
1957 07 24 00   111    78 -9999   250    51     0 -9999 -9999
1957 07 24 03   161    78 -9999   220    51     0 -9999 -9999
1957 07 24 06   222     0 -9999    90    10     1 -9999 -9999
1957 07 24 09   222    28 -9999    70    62     4 -9999 -9999
1957 07 24 12   161    78 -9999   160    62     7 -9999    30
1957 07 25 00   128    89 -9999   210    21     7 -9999    20
1957 07 25 06   128   100 -9999   250    51     8 -9999     3
1957 07 25 12   150   111 -9999   250    41     8 -9999     6
1957 07 26 00   128 -9999 -9999   230    41     7 -9999 -9999
1957 07 26 03   128   111 -9999   250    62     8 -9999 -9999
1957 07 26 06   161   100 -9999   220    41     7 -9999    20
1957 07 26 09   211   111 -9999   220    41     6 -9999 -9999
1957 07 26 12   211   100 -9999   200    10     7 -9999 -9999
1957 07 27 00   100    61 -9999   250    72     1 -9999 -9999
1957 07 27 03   161    28 -9999   220    62     1 -9999 -9999
1957 07 27 06   222    22 -9999   220    31     1 -9999 -9999
1957 07 27 09   261     0 -9999   270    21     2 -9999 -9999
1957 07 27 12   261    22 -9999   220    10     4 -9999 -9999
1957 07 28 00   111    39 -9999   250    41     2 -9999 -9999
1957 07 28 03   178    22 -9999   250    41     1 -9999 -9999
1957 07 28 06   228     0 -9999   220    10     2 -9999 -9999
1957 07 28 09   261    11 -9999   250    10     2 -9999 -9999
1957 07 28 12   272   -28 -9999   270    31     6 -9999 -9999
1957 07 29 00   139    72 -9999     0     0     7 -9999 -9999
1957 07 29 03   189    72 -9999   220    31     7 -9999 -9999
1957 07 29 06   222    39 -9999   250    51     7 -9999 -9999
1957 07 29 09   239    50 -9999   250    21     7 -9999 -9999
1957 07 29 12   189    39 -9999   160    21     7 -9999     6
1957 07 30 00   122    39 -9999   220    62     1 -9999 -9999
1957 07 30 03   172    28 -9999   220    31     1 -9999 -9999
1957 07 30 06   228    11 -9999   220    10     2 -9999 -9999
1957 07 30 09   222    39 -9999   220    31     7 -9999 -9999
1957 07 30 12   200    50 -9999     0     0     7 -9999     6
1957 07 31 00   100    22 -9999   220    31     7 -9999 -9999
1957 07 31 03   161    28 -9999   220    62     6 -9999 -9999
1957 07 31 06   211     0 -9999     0     0     5 -9999 -9999
1957 07 31 09   172    61 -9999   270    98     7 -9999 -9999
1957 07 31 12   172    50 -9999    70    41     7 -9999     6
1957 08 01 00   100   -11 -9999   220    51     2 -9999 -9999
1957 08 01 03   139     0 -9999   220    41     6 -9999 -9999
1957 08 01 06   189   -11 -9999   220    21     1 -9999 -9999
1957 08 01 09   222   -50 -9999   140    21     2 -9999 -9999
1957 08 01 12   211     0 -9999    90    62     4 -9999 -9999
1957 08 02 00   111    39 -9999   220    41     2 -9999 -9999
1957 08 02 03   161    39 -9999   220    31     1 -9999 -9999
1957 08 02 06   222     0 -9999    70    21     1 -9999 -9999
1957 08 02 09 -9999 -9999 -9999    90    31     1 -9999 -9999
1957 08 02 12   222    61 -9999    70    62     1 -9999 -9999
1957 08 03 06   239    28 -9999   220    31     1 -9999 -9999
1957 08 03 09   272    28 -9999    90    10     1 -9999 -9999
1957 08 03 12   239    39 -9999    70    62     1 -9999 -9999
1957 08 04 00   150    22 -9999   220    62     7 -9999 -9999
1957 08 04 03   178    61 -9999   250    51     1 -9999 -9999
1957 08 04 06   250    28 -9999    90    21     1 -9999 -9999
1957 08 04 09   278    22 -9999   360    21     2 -9999 -9999
1957 08 04 12   261    39 -9999   170    31     3 -9999 -9999
1957 08 05 00   150    39 -9999   250    51     7 -9999 -9999
1957 08 05 03   178    50 -9999   220    31     6 -9999 -9999
1957 08 05 06   250   -11 -9999   160    10     7 -9999 -9999
1957 08 05 09   239    11 -9999   220    21     6 -9999 -9999
1957 08 05 12   228   -11 -9999    20    51     7 -9999 -9999
1957 08 06 00   100    11 -9999   220    31     7 -9999 -9999
1957 08 06 09   239 -9999 -9999    20    51     7 -9999 -9999
1957 08 06 12   222     0 -9999   220    21     7 -9999     6
1957 08 07 00   100    11 -9999   270    41     1 -9999 -9999
1957 08 07 03   172    11 -9999   220    31     1 -9999 -9999
1957 08 07 06   222   -39 -9999   250    21     1 -9999 -9999
1957 08 07 09   250   -22 -9999   250    41     1 -9999 -9999
1957 08 08 00   111     0 -9999   250    41     1 -9999 -9999
1957 08 08 03   178   -22 -9999   250    41     1 -9999 -9999
1957 08 08 06   239     0 -9999    40    31     1 -9999 -9999
1957 08 08 09   261    72 -9999    80    31     1 -9999 -9999
1957 08 08 12   239    50 -9999    40    51     0 -9999 -9999
1957 08 09 00   128    22 -9999   220    51     1 -9999 -9999
1957 08 09 06   272 -9999 -9999    90    10     0 -9999 -9999
1957 08 09 09   300    11 -9999   360    21     0 -9999 -9999
1957 08 09 12   289     0 -9999   250    41     1 -9999 -9999
1957 08 10 00   150   -11 -9999   220    62     5 -9999 -9999
1957 08 10 03   211    11 -9999   220    51     7 -9999 -9999
1957 08 10 06   278    11 -9999   250    31     2 -9999 -9999
1957 08 10 09   311    39 -9999   340    51     7 -9999 -9999
1957 08 10 12   272    78 -9999    90    10     2 -9999     6
1957 08 11 03   211    28 -9999 -9999 -9999 -9999 -9999 -9999
1957 08 11 09   278     0 -9999   360    10     7 -9999 -9999
1957 08 11 12   272   -39 -9999   340    62     6 -9999 -9999
1957 08 12 00   128    11 -9999   220    51     2 -9999 -9999
1957 08 12 03   189    28 -9999   220    41     5 -9999 -9999
1957 08 12 06   261    22 -9999     0     0     2 -9999 -9999
1957 08 12 12   250    61 -9999     0     0     7 -9999     6
1957 08 13 00   128    50 -9999   220    31     7 -9999 -9999
1957 08 13 03   211    28 -9999   270    10     7 -9999 -9999
1957 08 13 06   228    39 -9999    40    10     7 -9999 -9999
1957 08 13 09   239    39 -9999     0     0     7 -9999 -9999
1957 08 13 12   228    61 -9999   240    41     7 -9999 -9999
1957 08 14 00   139   100 -9999   220    41     8 -9999     6
1957 08 14 03   161   100 -9999     0     0     7 -9999 -9999
1957 08 14 06   200    72 -9999   360    31     7 -9999     6
1957 08 14 09   239    72 -9999    40    41     4 -9999 -9999
1957 08 14 12   200    89 -9999    90    41     7 -9999     6
1957 08 15 00   139    72 -9999   220    62     1 -9999 -9999
1957 08 15 03   178    72 -9999   220    62     0 -9999 -9999
1957 08 15 06   250    78 -9999   220    51     1 -9999 -9999
1957 08 15 12   328   100 -9999    70    41     6 -9999 -9999
1957 08 16 00   128    78 -9999   270    31     1 -9999 -9999
1957 08 16 03   189    78 -9999   220    41     0 -9999 -9999
1957 08 16 06   272    89 -9999     0     0     3 -9999 -9999
1957 08 16 09   272    72 -9999    70    31     7 -9999 -9999
1957 08 16 12   239    89 -9999    70    51     6 -9999     6
1957 08 17 00   150   100 -9999   250    21     7 -9999 -9999
1957 08 17 03   211   100 -9999   220    31     7 -9999 -9999
1957 08 17 06   250    78 -9999    70    31     7 -9999     6
1957 08 17 09   222   122 -9999   110    21     7 -9999 -9999
1957 08 17 12   178   100 -9999     0     0     7 -9999    10
1957 08 18 00   122    28 -9999   220    41     3 -9999 -9999
1957 08 18 06   239     0 -9999   220    51     1 -9999 -9999
1957 08 18 09   278    22 -9999   200    21     2 -9999 -9999
1957 08 18 12   272    22 -9999    40    41     5 -9999 -9999
1957 08 19 03   178    61 -9999   220    31     7 -9999 -9999
1957 08 19 06   211    72 -9999    40    31     7 -9999     6
1957 08 19 09   161   122 -9999   220    21     8 -9999 -9999
1957 08 19 12   172   111 -9999   250    31     8 -9999     5
1957 08 20 00   139    50 -9999   190    31     8 -9999    20
1957 08 20 03   139    78 -9999   220    51     8 -9999 -9999
1957 08 20 06   189    61 -9999   200    41     7 -9999     6
1957 08 20 12   178    89 -9999    70    51     5 -9999 -9999
1957 08 21 00   111    78 -9999   220    41     7 -9999 -9999
1957 08 21 03   150    61 -9999   220    51     7 -9999 -9999
1957 08 21 06   111   -22 -9999   100    31     1 -9999 -9999
1957 08 21 09   228   -28 -9999    70    41     2 -9999 -9999
1957 08 21 12   200    72 -9999    70    51     3 -9999 -9999
1957 08 22 00   100    89 -9999   250    51     3 -9999 -9999
1957 08 22 03   150    89 -9999   220    62     8 -9999 -9999
1957 08 22 06   139    78 -9999   220    82     8 -9999     6
1957 08 22 09   150    78 -9999   220    62     8 -9999 -9999
1957 08 22 12   139    78 -9999   220    31     7 -9999    10
1957 08 23 03   161 -9999 -9999   250    31     7 -9999 -9999
1957 08 23 06   189    61 -9999    70    21     7 -9999 -9999
1957 08 23 09   172    89 -9999    70    72     6 -9999 -9999
1957 08 23 12   161    78 -9999    70    41     7 -9999 -9999
1957 08 24 00   111    78 -9999   220    31     7 -9999 -9999
1957 08 24 03   150    89 -9999   220    62     6 -9999 -9999
1957 08 24 06   211    39 -9999    40    31     4 -9999 -9999
1957 08 24 09   228    50 -9999    90    51     2 -9999 -9999
1957 08 24 12   211    72 -9999    70    51     6 -9999 -9999
1957 08 25 00   122   100 -9999   220    41     7 -9999 -9999
1957 08 25 03   172   100 -9999   220    41     1 -9999 -9999
1957 08 25 09   250    61 -9999    40    31     6 -9999 -9999
1957 08 25 12   211    78 -9999    40    31     7 -9999     6
1957 08 26 00   111   100 -9999     0     0     3 -9999 -9999
1957 08 26 09   211    61 -9999   220    41     6 -9999 -9999
1957 08 26 12   211    61 -9999    70    31     1 -9999 -9999
1957 08 27 00   111    28 -9999   220    62     8 -9999 -9999
1957 08 27 03   161    22 -9999   220    41     2 -9999 -9999
1957 08 27 06   211     0 -9999   250    21     1 -9999 -9999
1957 08 27 09   239   -22 -9999   200    21     5 -9999 -9999
1957 08 27 12   222    22 -9999   160    10     7 -9999 -9999
1957 08 28 00   100    11 -9999   250    41     7 -9999 -9999
1957 08 28 03   150    11 -9999   250    31     7 -9999 -9999
1957 08 28 06   178 -9999 -9999   220    21     8 -9999     6
1957 08 28 09   178    22 -9999   250    31     8 -9999 -9999
1957 08 28 12   139    61 -9999   220    51     8 -9999     6
1957 08 29 00   100    61 -9999   220    62     7 -9999     5
1957 08 29 06   172    28 -9999    90    31     7 -9999 -9999
1957 08 29 09   150   100 -9999    70    72     7 -9999 -9999
1957 08 29 12   100    89 -9999    90    51     8 -9999     6
1957 08 30 03   122    50 -9999   220    41     1 -9999 -9999
1957 08 30 06   178    22 -9999   200    10     1 -9999 -9999
1957 08 30 09   178    28 -9999    70    51     2 -9999 -9999
1957 08 30 12   161    78 -9999    70    51     7 -9999 -9999
1957 08 31 00    89    78 -9999     0     0     8 -9999 -9999
1957 08 31 03   128    72 -9999   200    21     2 -9999 -9999
1957 08 31 06   178    39 -9999     0     0     2 -9999 -9999
1957 08 31 09   200    22 -9999    90    21     3 -9999 -9999
1957 08 31 12   161    72 -9999    70    51     7 -9999     6
1957 09 01 00    89    72 -9999   250    41     7 -9999 -9999
1957 09 01 03   128    78 -9999   270    21     7 -9999 -9999
1957 09 01 06   172    61 -9999    10    41     3 -9999 -9999
1957 09 01 09   189    72 -9999    90    41     6 -9999 -9999
1957 09 01 12   172    78 -9999    90    62     4 -9999 -9999
1957 09 02 00    78    11 -9999   220    41     1 -9999 -9999
1957 09 02 03   128    11 -9999   220    41     1 -9999 -9999
1957 09 02 06   178   -61 -9999   250    10     1 -9999 -9999
1957 09 02 09   189   -61 -9999    70    62     1 -9999 -9999
1957 09 02 12   172   -22 -9999    70    51     1 -9999 -9999
1957 09 03 00    72    22 -9999   220    21     1 -9999 -9999
1957 09 03 03   128    11 -9999   220    41     1 -9999 -9999
1957 09 03 06   172     0 -9999    70    31     2 -9999 -9999
1957 09 03 09   200     0 -9999   360    21     7 -9999 -9999
1957 09 03 12   172    28 -9999    70    41     7 -9999 -9999
1957 09 04 03   122    22 -9999   250    31     8 -9999 -9999
1957 09 04 06   150     0 -9999   270    31     8 -9999 -9999
1957 09 04 12   150    22 -9999   250    31     7 -9999     6
1957 09 05 00   111 -9999 -9999   220    51     1 -9999 -9999
1957 09 05 03   139     0 -9999   220    51     1 -9999 -9999
1957 09 05 06   189     0 -9999   220    31     1 -9999 -9999
1957 09 05 09   222     0 -9999    70    31     6 -9999 -9999
1957 09 05 12   189    28 -9999   140    21     7 -9999     6
1957 09 06 00   100    22 -9999   120    51     1 -9999 -9999
1957 09 06 03   139    22 -9999   250    41     1 -9999 -9999
1957 09 06 06   200    22 -9999   180    10     2 -9999 -9999
1957 09 06 09   222     0 -9999   270    21     7 -9999 -9999
1957 09 06 12   189 -9999 -9999    70    72     8 -9999 -9999
1957 09 07 00   111    50 -9999   250    31     8 -9999     6
1957 09 07 03   139    50 -9999   220    41     8 -9999 -9999
1957 09 07 06   161    50 -9999   180    31     8 -9999     6
1957 09 07 09   161    50 -9999   180    10     7 -9999 -9999
1957 09 07 12   139    78 -9999     0     0     7 -9999    20
1957 09 08 00   100    50 -9999   250    31     7 -9999 -9999
1957 09 08 03   139    50 -9999   220    31     8 -9999 -9999
1957 09 08 06   189    11 -9999     0     0     8 -9999 -9999
1957 09 08 09   178   -11 -9999   250    51     8 -9999 -9999
1957 09 08 12   172    11 -9999   250    51     8 -9999 -9999
1957 09 09 00   128     0 -9999   220    51     8 -9999 -9999
1957 09 09 03   139 -9999 -9999   220    31     8 -9999 -9999
1957 09 09 06   139    39 -9999   220    41     8 -9999     6
1957 09 09 09   161 -9999 -9999     0     0     8 -9999 -9999
1957 09 09 12   150    39 -9999    70    21     2 -9999     6
1957 09 10 00   111    28 -9999   220    51     8 -9999     6
1957 09 10 03    78    61 -9999   220    41     8 -9999 -9999
1957 09 10 06    78    50 -9999   200    10     8 -9999    80
1957 09 10 12   128    72 -9999    70    21     1 -9999     3
1957 09 11 03   111   -22 -9999   220    62     1 -9999 -9999
1957 09 11 06   172   -39 -9999   220    51     1 -9999 -9999
1957 09 11 09   200   -72 -9999   180    31     3 -9999 -9999
1957 09 11 12   189   -22 -9999   220    31     1 -9999 -9999
1957 09 12 03   128   -50 -9999   200    72     0 -9999 -9999
1957 09 12 06   200   -78 -9999   220    31     1 -9999 -9999
1957 09 12 09   228   -39 -9999     0     0     1 -9999 -9999
1957 09 12 12   200   -39 -9999    40    72     1 -9999 -9999
1957 09 13 00   100    39 -9999   220    82     8 -9999     6
1957 09 13 03   100    61 -9999   220    51     8 -9999 -9999
1957 09 13 06   139    61 -9999   270    31     8 -9999     5
1957 09 13 09   172    50 -9999     0     0     7 -9999 -9999
1957 09 13 12   150 -9999 -9999    90    10     7 -9999 -9999
1957 09 14 03    72    39 -9999   230    82     8 -9999 -9999
1957 09 14 12   111 -9999 -9999   360    51     7 -9999 -9999
1957 09 15 00    78   -11 -9999   220    41     6 -9999 -9999
1957 09 15 06   139   -50 -9999   220    41     1 -9999 -9999
1957 09 15 09   172   -50 -9999   200    21     1 -9999 -9999
1957 09 15 12   172 -9999 -9999   250    31     1 -9999 -9999
1957 09 16 00    61   -22 -9999   220    41     1 -9999 -9999
1957 09 16 03   100   -28 -9999   220    31     7 -9999 -9999
1957 09 16 06   161   -61 -9999   250    31     5 -9999 -9999
1957 09 16 09   178   -50 -9999   220    31     7 -9999 -9999
1957 09 16 12   178     0 -9999     0     0     7 -9999 -9999
1957 09 17 00    72     0 -9999   220    51     1 -9999 -9999
1957 09 17 03   111 -9999 -9999   250    31 -9999 -9999 -9999
1957 09 17 06   178    22 -9999   200    10     3 -9999 -9999
1957 09 17 09   161     0 -9999   140    21     6 -9999 -9999
1957 09 17 12   150     0 -9999    40    21     5 -9999 -9999
1957 09 18 03   111    22 -9999   220    31     1 -9999 -9999
1957 09 18 09   222   -28 -9999   270    31     2 -9999 -9999
1957 09 18 12   200    11 -9999   270    21     1 -9999 -9999
1957 09 19 00    72    22 -9999   240    31     1 -9999 -9999
1957 09 19 03   122    11 -9999   220    41     1 -9999 -9999
1957 09 19 06   178     0 -9999   220    21     2 -9999 -9999
1957 09 19 09 -9999 -9999 -9999   180    10     2 -9999 -9999
1957 09 19 12   178    22 -9999    70    51     6 -9999 -9999
1957 09 20 00    78    22 -9999   220    21     0 -9999 -9999
1957 09 20 06   200   -11 -9999   220    51     1 -9999 -9999
1957 09 20 09   222   -22 -9999   220    21     1 -9999 -9999
1957 09 20 12   178    22 -9999    70    51     1 -9999 -9999
1957 09 21 00   100     0 -9999   220    31     1 -9999 -9999
1957 09 21 06   189   -28 -9999   180    31     7 -9999 -9999
1957 09 21 09   222   -11 -9999     0     0     7 -9999 -9999
1957 09 21 12   211    22 -9999     0     0     3 -9999 -9999
1957 09 22 00   100    11 -9999   220    41     5 -9999 -9999
1957 09 22 03   139     0 -9999   220    62     5 -9999 -9999
1957 09 22 06   200 -9999 -9999     0     0     3 -9999 -9999
1957 09 22 09   189   -28 -9999   160    62     7 -9999 -9999
1957 09 22 12   189   -22 -9999    20    10     2 -9999 -9999
1957 09 23 00   100    28 -9999   220    72     8 -9999     6
1957 09 23 03   111    28 -9999   220    51     7 -9999 -9999
1957 09 23 06   150    28 -9999   220    51     8 -9999     6
1957 09 23 12   139    22 -9999   250    62 -9999 -9999     5
1957 09 24 00    89    61 -9999   220    10     7 -9999 -9999
1957 09 24 03   111    50 -9999   250    31     7 -9999 -9999
1957 09 24 06   150    28 -9999   250    21     8 -9999     6
1957 09 24 09   128    11 -9999   180    31     8 -9999 -9999
1957 09 24 12   139    28 -9999    70    21     5 -9999     6
1957 09 25 00    50    22 -9999   290    10     0 -9999 -9999
1957 09 25 03   111     0 -9999   220    31     0 -9999 -9999
1957 09 25 06   172   -28 -9999   180    21     1 -9999 -9999
1957 09 25 09   200   -39 -9999   220    21     6 -9999 -9999
1957 09 25 12   161     0 -9999    30    51     7 -9999 -9999
1957 09 26 00    78   -28 -9999   220    51     0 -9999 -9999
1957 09 26 03   100   -39 -9999   220    51     0 -9999 -9999
1957 09 26 06   178   -28 -9999   220    41     1 -9999 -9999
1957 09 26 09   200   -72 -9999   270    31     2 -9999 -9999
1957 09 26 12   161   -22 -9999    70    41     3 -9999 -9999
1957 09 27 00    78   -11 -9999   220    41     0 -9999 -9999
1957 09 27 03   111   -22 -9999   220    72     1 -9999 -9999
1957 09 27 06   178   -22 -9999   220    41     4 -9999 -9999
1957 09 27 09   172 -9999 -9999   270    31     8 -9999 -9999
1957 09 27 12   128     0 -9999    40    31     7 -9999     6
1957 09 28 00    72     0 -9999   220    62     1 -9999 -9999
1957 09 28 06   161   -39 -9999   200    21     2 -9999 -9999
1957 09 28 09   178   -50 -9999   250    31     3 -9999 -9999
1957 09 29 00    89    28 -9999   250    31     7 -9999     6
1957 09 29 03   111    22 -9999   220    10     7 -9999 -9999
1957 09 29 06   139   -22 -9999   200    51     8 -9999     6
1957 09 29 09   161   -11 -9999     0     0     8 -9999 -9999
1957 09 29 12   128    11 -9999    70    31     7 -9999     6
1957 09 30 00    39    22 -9999     0     0     2 -9999    50
1957 09 30 03    89    11 -9999   220    21     1 -9999 -9999
1957 09 30 09   172   -39 -9999    40    31     3 -9999 -9999
1957 10 01 00    78   -11 -9999   220    62     1 -9999 -9999
1957 10 01 06   178   -22 -9999   180    31     1 -9999 -9999
1957 10 01 09   211     0 -9999   220    21     5 -9999 -9999
1957 10 01 12   161   -22 -9999    70    41     2 -9999 -9999
1957 10 02 00    78   -39 -9999   220    72     1 -9999 -9999
1957 10 02 03   111   -50 -9999   220    72     1 -9999 -9999
1957 10 02 06   178   -72 -9999   220    31     1 -9999 -9999
1957 10 02 09   211   -72 -9999   270    21     1 -9999 -9999
1957 10 02 12   161   -50 -9999    90    82     1 -9999 -9999
1957 10 03 00    89   -50 -9999   220    62     1 -9999 -9999
1957 10 03 03   111   -50 -9999   250    72     0 -9999 -9999
1957 10 03 06   178   -39 -9999   220    31     1 -9999 -9999
1957 10 03 09   200   -50 -9999    70    31     1 -9999 -9999
1957 10 03 12   161   -22 -9999    70    41     1 -9999 -9999
1957 10 04 00    61   -50 -9999   250    51     1 -9999 -9999
1957 10 04 03   100   -72 -9999   220    62     0 -9999 -9999
1957 10 04 06   178   -50 -9999   200    10     1 -9999 -9999
1957 10 04 09   200   -78 -9999   110    31     1 -9999 -9999
1957 10 04 12   161   -39 -9999    70    51     1 -9999 -9999
1957 10 05 00    72   -72 -9999   220    72     0 -9999 -9999
1957 10 05 03    89   -61 -9999   250    62     7 -9999 -9999
1957 10 05 06   172   -50 -9999   250    10     8 -9999 -9999
1957 10 05 09   178   -89 -9999   270    51 -9999 -9999 -9999
1957 10 06 00    78   -89 -9999   220    62     0 -9999 -9999
1957 10 06 03   100   -78 -9999   220    72     0 -9999 -9999
1957 10 06 06   172   -78 -9999   220    31     1 -9999 -9999
1957 10 06 12   261 -9999 -9999    70    41     2 -9999 -9999
1957 10 07 00    72   -61 -9999   250    31     6 -9999 -9999
1957 10 07 03   100   -61 -9999   220    51     7 -9999 -9999
1957 10 07 09   200   -11 -9999   270    21     7 -9999 -9999
1957 10 07 12   150   -50 -9999    70    41     7 -9999 -9999
1957 10 08 00    72   -22 -9999   220    62     0 -9999 -9999
1957 10 08 03   100 -9999 -9999   220    72     0 -9999 -9999
1957 10 08 06   172   -61 -9999   270    41     1 -9999 -9999
1957 10 08 09   200   -39 -9999     0     0     2 -9999 -9999
1957 10 08 12   161   -39 -9999    70    51     6 -9999 -9999
1957 10 09 03   111   -72 -9999   220    72     1 -9999 -9999
1957 10 09 06   178   -72 -9999   220    31     1 -9999 -9999
1957 10 09 12   150   -39 -9999    70    41     2 -9999 -9999
1957 10 10 00    61   -61 -9999   220    41     0 -9999 -9999
1957 10 10 06   178 -9999 -9999   220    41     0 -9999 -9999
1957 10 10 09   200   -78 -9999    40    31     1 -9999 -9999
1957 10 10 12   161   -61 -9999    70    51     0 -9999 -9999
1957 10 11 00    72 -9999 -9999   220    72     3 -9999 -9999
1957 10 11 03    89   -78 -9999   220    62     2 -9999 -9999
1957 10 11 06   172   -89 -9999   250    41     1 -9999 -9999
1957 10 11 09   200   -72 -9999    40    21     1 -9999 -9999
1957 10 11 12   172   -61 -9999    90    51     0 -9999 -9999
1957 10 12 00    61   -78 -9999   250    51     1 -9999 -9999
1957 10 12 03   100   -89 -9999   250    51     1 -9999 -9999
1957 10 12 06   178   -72 -9999   220    31     5 -9999 -9999
1957 10 12 09   200  -111 -9999   110    41     2 -9999 -9999
1957 10 12 12   161   -61 -9999    70    41     6 -9999 -9999
1957 10 13 00    78   -78 -9999   250    62     7 -9999 -9999
1957 10 13 03   122   -22 -9999   250    31     7 -9999 -9999
1957 10 13 06   161   -78 -9999   250    51     7 -9999 -9999
1957 10 13 09   178   -89 -9999   250    41     2 -9999 -9999
1957 10 14 00    72     0 -9999   220    62     8 -9999     6
1957 10 14 03    72    11 -9999   220    41     8 -9999 -9999
1957 10 14 06    50    22 -9999    40    21     8 -9999    20
1957 10 14 09    61    11 -9999   270    21     8 -9999 -9999
1957 10 14 12    72   -11 -9999     0     0     7 -9999     5
1957 10 15 00    11    11 -9999     0     0     8 -9999    70
1957 10 15 03    11     0 -9999    70    21     8 -9999 -9999
1957 10 15 06    22    22 -9999    90    41     8 -9999    50
1957 10 15 09    22    22 -9999    70    41     8 -9999 -9999
1957 10 15 12    22    11 -9999    70    31     8 -9999    10
1957 10 16 03    22     0 -9999    70    31     8 -9999 -9999
1957 10 16 06    39     0 -9999    70    21     7 -9999     6
1957 10 16 09    61   -11 -9999    70    21     7 -9999 -9999
1957 10 16 12    50     0 -9999     0     0     7 -9999 -9999
1957 10 17 00    11     0 -9999    40    10     5 -9999     6
1957 10 17 03    28     0 -9999   220    31     1 -9999 -9999
1957 10 17 06    72   -28 -9999   180    31     1 -9999 -9999
1957 10 17 09    11   -39 -9999   220    10     1 -9999 -9999
1957 10 17 12    72   -11 -9999    70    51     3 -9999 -9999
1957 10 18 00    28   -39 -9999   220    41     2 -9999 -9999
1957 10 18 03    28   -22 -9999   250    31     4 -9999 -9999
1957 10 18 06    78   -50 -9999   180    10     7 -9999 -9999
1957 10 18 09   100   -50 -9999    40    41     7 -9999 -9999
1957 10 18 12    72   -22 -9999    90    21     7 -9999 -9999
1957 10 19 00   -11   -22 -9999   240    21     7 -9999 -9999
1957 10 19 09    61   -28 -9999   270    21     8 -9999 -9999
1957 10 19 12    50   -11 -9999   220    62     8 -9999 -9999
1957 10 20 00   -22 -9999 -9999   220    31     1 -9999 -9999
1957 10 20 03     0  -172 -9999   250    51     0 -9999 -9999
1957 10 20 06    50  -172 -9999   220    62     0 -9999 -9999
1957 10 20 09    78  -178 -9999   250    62     0 -9999 -9999
1957 10 20 12    39   -89 -9999    70    51     0 -9999 -9999
1957 10 21 00   -11   -72 -9999   220    41     2 -9999 -9999
1957 10 21 03     0   -78 -9999   270    21     7 -9999 -9999
1957 10 21 06    28   -72 -9999   180    21     8 -9999 -9999
1957 10 21 12    39   -50 -9999    90    21     8 -9999 -9999
1957 10 22 00   -22   -28 -9999   180    10     7 -9999 -9999
1957 10 22 03    11   -22 -9999   270    10     7 -9999 -9999
1957 10 22 09    72   -50 -9999   110    31     8 -9999 -9999
1957 10 22 12    39   -28 -9999    70    41     8 -9999 -9999
1957 10 23 00   -11   -28 -9999     0     0     2 -9999 -9999
1957 10 23 03    11   -22 -9999     0     0     8 -9999 -9999
1957 10 23 06 -9999 -9999 -9999   250    10     7 -9999 -9999
1957 10 23 09    78   -61 -9999    90    10     7 -9999 -9999
1957 10 23 12    50 -9999 -9999    40    41     7 -9999 -9999
1957 10 24 00   -11   -39 -9999   250    62     0 -9999 -9999
1957 10 24 03    22   -39 -9999   250    41     1 -9999 -9999
1957 10 24 06   111   -89 -9999   220    51     7 -9999 -9999
1957 10 24 09   122   -78 -9999    70    62     7 -9999 -9999
1957 10 24 12    61   -28 -9999    90    31     7 -9999 -9999
1957 10 25 03    78  -239 -9999   360    62     1 -9999 -9999
1957 10 25 06   111  -278 -9999   180    31     0 -9999 -9999
1957 10 25 09   111  -222 -9999    40    41     0 -9999 -9999
1957 10 25 12    61  -250 -9999    70    41     1 -9999 -9999
1957 10 26 00   -11   -22 -9999   250    21     7 -9999 -9999
1957 10 26 03    22   -72 -9999   220    41     1 -9999 -9999
1957 10 26 06    72  -100 -9999   220    10     1 -9999 -9999
1957 10 26 09    78   -89 -9999    90    41     1 -9999 -9999
1957 10 26 12    28   -72 -9999    90    41     8 -9999 -9999
1957 10 27 00 -9999 -9999 -9999     0     0     2 -9999 -9999
1957 10 27 06    39   -89 -9999    70    21     6 -9999 -9999
1957 10 27 09    61   -89 -9999    90    31     7 -9999 -9999
1957 10 27 12    28   -61 -9999    70    31     6 -9999 -9999
1957 10 28 00   -28   -50 -9999   290    10     7 -9999 -9999
1957 10 28 03   -11   -61 -9999     0     0     2 -9999 -9999
1957 10 28 06    61   -72 -9999    90    21     1 -9999 -9999
1957 10 28 09    72   -61 -9999    70    31     1 -9999 -9999
1957 10 28 12    39   -50 -9999    70    41     3 -9999 -9999
1957 10 29 00   -22   -50 -9999   220    10     1 -9999 -9999
1957 10 29 03    28   -72 -9999   250    31     7 -9999 -9999
1957 10 29 06   111   -89 -9999   220    41     7 -9999 -9999
1957 10 29 09    78   -72 -9999    40    51     7 -9999 -9999
1957 10 29 12    39   -50 -9999    70    31     7 -9999 -9999
1957 10 30 00   -11   -61 -9999   180    21     2 -9999 -9999
1957 10 30 03     0   -39 -9999   320    10     7 -9999 -9999
1957 10 30 06    61   -50 -9999    70    31     4 -9999 -9999
1957 10 30 09    78   -50 -9999    70    51     7 -9999 -9999
1957 10 30 12    39   -50 -9999    40    10     6 -9999 -9999
1957 10 31 00    22   -78 -9999   220    31     7 -9999 -9999
1957 10 31 06 -9999 -9999 -9999   220    31     7 -9999 -9999
1957 10 31 09    78   -78 -9999    90    72     7 -9999 -9999
1957 11 01 00   -28 -9999 -9999   220    41     0 -9999 -9999
1957 11 01 03     0   -89 -9999   220    51     0 -9999 -9999
1957 11 01 06    61  -100 -9999   180    10     1 -9999 -9999
1957 11 01 09    72  -111 -9999    70    41     1 -9999 -9999
1957 11 01 12    22   -78 -9999    70    31     1 -9999 -9999
1957 11 02 00   -39   -89 -9999   270    51     5 -9999 -9999
1957 11 02 03   -22   -89 -9999   250    31     5 -9999 -9999
1957 11 02 06    61  -122 -9999   220    10     6 -9999 -9999
1957 11 02 09    72  -128 -9999    90    41     5 -9999 -9999
1957 11 02 12    11   -78 -9999    70    41     3 -9999 -9999
1957 11 03 00   -28   -78 -9999   220    41     0 -9999 -9999
1957 11 03 03   -11   -72 -9999   270    21     1 -9999 -9999
1957 11 03 06    61  -100 -9999   180    21     1 -9999 -9999
1957 11 03 09    72  -100 -9999    70    41     1 -9999 -9999
1957 11 03 12    22   -72 -9999    70    31     1 -9999 -9999
1957 11 04 00   -28   -72 -9999   220    72     0 -9999 -9999
1957 11 04 06    72  -128 -9999   220    31     0 -9999 -9999
1957 11 04 09    78  -122 -9999    70    21     0 -9999 -9999
1957 11 04 12    28  -111 -9999    70    31     0 -9999 -9999
1957 11 05 00   -28  -139 -9999   220    72     0 -9999 -9999
1957 11 05 06    61  -139 -9999   220    10     0 -9999 -9999
1957 11 05 09    72  -161 -9999    90    41     0 -9999 -9999
1957 11 05 12    28  -122 -9999    90    31     0 -9999 -9999
1957 11 06 00   -50  -128 -9999   270    31     1 -9999 -9999
1957 11 06 03   -22  -122 -9999   270    31     7 -9999 -9999
1957 11 06 06    61  -122 -9999    90    10     2 -9999 -9999
1957 11 06 09    72  -161 -9999    90    41     7 -9999 -9999
1957 11 06 12    28   -89 -9999    70    21     7 -9999 -9999
1957 11 07 00    11  -128 -9999   220    41     7 -9999 -9999
1957 11 07 03    28  -122 -9999   270    41     7 -9999 -9999
1957 11 07 09    78  -161 -9999   220    31     6 -9999 -9999
1957 11 07 12    50  -139 -9999   220    41     7 -9999 -9999
1957 11 08 03    11 -9999 -9999   220    41     7 -9999 -9999
1957 11 08 06    61  -139 -9999   200    31     6 -9999 -9999
1957 11 08 09    78  -139 -9999   220    51     2 -9999 -9999
1957 11 08 12    50  -139 -9999   270    62     2 -9999 -9999
1957 11 09 00   -28  -172 -9999   220    72     6 -9999 -9999
1957 11 09 03     0  -189 -9999   220    72     1 -9999 -9999
1957 11 09 06    22  -178 -9999   200    51     1 -9999 -9999
1957 11 09 09    89  -189 -9999   220    41     1 -9999 -9999
1957 11 09 12    50  -161 -9999   220    10     1 -9999 -9999
1957 11 10 00   -50  -161 -9999   250    41     0 -9999 -9999
1957 11 10 06    50  -161 -9999   200    21     1 -9999 -9999
1957 11 10 09    61  -161 -9999    70    41     1 -9999 -9999
1957 11 10 12    22  -122 -9999     0     0     0 -9999 -9999
1957 11 11 03   -11  -111 -9999   290    10     1 -9999 -9999
1957 11 11 06    28  -139 -9999    20    10     1 -9999 -9999
1957 11 11 09    50  -161 -9999    40    41     1 -9999 -9999
1957 11 11 12    11  -100 -9999    90    31     6 -9999 -9999
1957 11 12 00   -50 -9999 -9999   220    10     7 -9999 -9999
1957 11 12 03   -28  -128 -9999   220    10     6 -9999 -9999
1957 11 12 06    39   -72 -9999    90    10     5 -9999 -9999
1957 11 12 09    50  -100 -9999    70    41     7 -9999 -9999
1957 11 12 12     0  -100 -9999    40    21     7 -9999 -9999
1957 11 13 00   -50   -72 -9999   220    10     3 -9999 -9999
1957 11 13 03   -22  -100 -9999   250    21     5 -9999 -9999
1957 11 13 09    22   -89 -9999     0     0     8 -9999 -9999
1957 11 14 00   -11  -122 -9999   250    72     6 -9999 -9999
1957 11 14 03     0  -122 -9999   250    62     7 -9999 -9999
1957 11 14 06    72  -150 -9999   200    41     7 -9999 -9999
1957 11 14 09    61  -128 -9999    40    41     7 -9999 -9999
1957 11 14 12    11  -111 -9999    70    41     7 -9999 -9999
1957 11 15 00   -22  -111 -9999   250    41     2 -9999 -9999
1957 11 15 03    11  -100 -9999   250    72     1 -9999 -9999
1957 11 15 06   111  -128 -9999   220    72     3 -9999 -9999
1957 11 15 09    72  -111 -9999    40    62     3 -9999 -9999
1957 11 15 12    11   -89 -9999    40    41     2 -9999 -9999
1957 11 16 00   -28   -89 -9999   220    41     2 -9999 -9999
1957 11 16 03   -22  -100 -9999   270    41     5 -9999 -9999
1957 11 16 06    78  -100 -9999     0     0     6 -9999 -9999
1957 11 16 09    78  -122 -9999    90    31     7 -9999 -9999
1957 11 16 12    28   -89 -9999    40    10     2 -9999 -9999
1957 11 17 00   -11   -89 -9999   270    41     1 -9999 -9999
1957 11 17 03    28  -122 -9999   220    41     1 -9999 -9999
1957 11 17 06   111  -122 -9999   200    21     0 -9999 -9999
1957 11 17 12    61  -128 -9999   220    21     2 -9999 -9999
1957 11 18 00   -28   -89 -9999   270    31     0 -9999 -9999
1957 11 18 03   -28   -89 -9999   220    21     7 -9999 -9999
1957 11 18 09    39   -89 -9999    70    51     6 -9999 -9999
1957 11 18 12     0   -78 -9999    70    31     5 -9999 -9999
1957 11 19 00   -61   -72 -9999   270    51     1 -9999 -9999
1957 11 19 03   -50   -89 -9999   250    51     2 -9999 -9999
1957 11 19 09    50   -89 -9999    70    31     7 -9999 -9999
1957 11 19 12    22   -72 -9999    70    10     7 -9999 -9999
1957 11 20 00   -39   -72 -9999   220    21     3 -9999 -9999
1957 11 20 03   -22   -44 -9999   220    41     8 -9999 -9999
1957 11 20 06    39  -111 -9999   220    41     8 -9999 -9999
1957 11 20 09    61   -89 -9999   140    10     8 -9999 -9999
1957 11 21 00   -22   -61 -9999   220    41     7 -9999 -9999
1957 11 21 03   -22   -89 -9999   250    21     7 -9999 -9999
1957 11 21 06    50  -111 -9999    70    31     1 -9999 -9999
1957 11 21 09    39   -89 -9999    70    62     1 -9999 -9999
1957 11 21 12   -11   -78 -9999    70    41     3 -9999 -9999
1957 11 22 00   -61   -72 -9999   220    31     0 -9999 -9999
1957 11 22 03   -39  -100 -9999   250    51     6 -9999 -9999
1957 11 22 09    11   -89 -9999    70    31     7 -9999 -9999
1957 11 22 12   -11   -89 -9999    70    21     8 -9999 -9999
1957 11 23 00   -28   -72 -9999   270    31     8 -9999 -9999
1957 11 23 03   -28   -72 -9999   250    21     8 -9999 -9999
1957 11 23 06     0   -89 -9999   250    21     8 -9999 -9999
1957 11 23 09   -11   -22 -9999     0     0     8 -9999 -9999
1957 11 23 12   -22   -39 -9999   250    21     7 -9999     6
1957 11 24 00   -50   -72 -9999   220    51     2 -9999 -9999
1957 11 24 03   -28   -78 -9999   150    51     8 -9999 -9999
1957 11 24 06    11   -61 -9999   250    51     7 -9999     6
1957 11 24 09    22   -61 -9999   200    10     8 -9999 -9999
1957 11 24 12    11   -61 -9999   220    21     7 -9999 -9999
1957 11 25 00   -28   -61 -9999   270    21     8 -9999 -9999
1957 11 25 03   -28   -72 -9999   140    21     8 -9999 -9999
1957 11 25 06   -11   -50 -9999    70    51     8 -9999 -9999
1957 11 25 09     0   -89 -9999    90    31     6 -9999 -9999
1957 11 25 12   -22   -78 -9999    70    21     7 -9999     6
1957 11 26 00 -9999 -9999 -9999    40    21 -9999 -9999 -9999
1957 11 26 06   -22   -89 -9999    90    31     2 -9999 -9999
1957 11 26 09     0  -100 -9999    70    41     3 -9999 -9999
1957 11 27 00   -78   -89 -9999   220    21     1 -9999 -9999
1957 11 27 03   -78   -89 -9999   220    41     5 -9999 -9999
1957 11 27 06   -22  -111 -9999     0     0     1 -9999 -9999
1957 11 27 12   -39  -111 -9999    70    31     0 -9999 -9999
1957 11 28 00  -100  -111 -9999   220    21     2 -9999 -9999
1957 11 28 03  -100  -111 -9999   250    10     2 -9999 -9999
1957 11 28 06   -28  -111 -9999   250    21     7 -9999 -9999
1957 11 28 09     0  -128 -9999   270    10     1 -9999 -9999
1957 11 28 12   -39  -122 -9999     0     0     1 -9999 -9999
1957 11 29 00  -111  -139 -9999   270    21     1 -9999 -9999
1957 11 29 06   -22  -150 -9999   200    10     7 -9999 -9999
1957 11 29 09     0  -150 -9999    70    21     1 -9999 -9999
1957 11 29 12   -61  -139 -9999    70    21     0 -9999 -9999
1957 11 30 00   -89  -150 -9999   250    51     1 -9999 -9999
1957 11 30 03   -89  -128 -9999   270    41     3 -9999 -9999
1957 11 30 06   -28  -161 -9999    70    21     7 -9999 -9999
1957 11 30 09   -11  -172 -9999    70    41     7 -9999 -9999
1957 11 30 12   -50  -161 -9999    70    21     7 -9999 -9999
1957 12 01 00  -100  -139 -9999   250    51     1 -9999 -9999
1957 12 01 03   -89  -128 -9999   220    21     7 -9999 -9999
1957 12 01 06    11  -139 -9999     0     0     2 -9999 -9999
1957 12 01 09    22  -161 -9999    90    31     1 -9999 -9999
1957 12 01 12   -39  -139 -9999    40    31     1 -9999 -9999
1957 12 02 00   -78  -139 -9999   270    41     0 -9999 -9999
1957 12 02 03   -89  -139 -9999   270    10     1 -9999 -9999
1957 12 02 06    11  -122 -9999   180    31     1 -9999 -9999
1957 12 02 09     0  -128 -9999    70    51     4 -9999 -9999
1957 12 02 12   -50  -122 -9999    70    31     7 -9999 -9999
1957 12 03 00   -78  -139 -9999   250    51     2 -9999 -9999
1957 12 03 03   -78  -128 -9999   270    31     8 -9999 -9999
1957 12 03 09     0  -139 -9999    70    31     8 -9999 -9999
1957 12 03 12   -39  -139 -9999    70    21     7 -9999 -9999
1957 12 04 00   -72  -139 -9999   250    51     7 -9999 -9999
1957 12 04 03   -61  -128 -9999   250    41     7 -9999 -9999
1957 12 04 06   -11  -122 -9999   360    21     7 -9999 -9999
1957 12 04 09     0  -128 -9999    90    21     7 -9999 -9999
1957 12 04 12   -50  -128 -9999    40    31     6 -9999 -9999
1957 12 05 03   -50  -128 -9999   250    72     1 -9999 -9999
1957 12 05 06    28  -139 -9999   220    62     1 -9999 -9999
1957 12 05 09    22  -122 -9999    40    41     0 -9999 -9999
1957 12 05 12   -50  -111 -9999    70    31     0 -9999 -9999
1957 12 06 00   -78 -9999 -9999   220    62     0 -9999 -9999
1957 12 06 03   -61  -200 -9999   220    72     0 -9999 -9999
1957 12 06 06    11  -222 -9999   220    62     0 -9999 -9999
1957 12 06 09    50  -172 -9999     0     0     0 -9999 -9999
1957 12 06 12   -50  -128 -9999    40    31     0 -9999 -9999
1957 12 07 00   -78  -200 -9999   220    51     1 -9999 -9999
1957 12 07 03   -89  -200 -9999   250    41     6 -9999 -9999
1957 12 07 06   -11  -222 -9999   220    41     4 -9999 -9999
1957 12 07 12   -39  -172 -9999    70    10     8 -9999 -9999
1957 12 08 03   -89  -161 -9999   250    41     7 -9999 -9999
1957 12 08 06     0  -139 -9999   220    21     7 -9999 -9999
1957 12 08 09    22  -150 -9999    90    51     7 -9999 -9999
1957 12 08 12   -39  -139 -9999    70    10     7 -9999 -9999
1957 12 09 00   -39  -178 -9999   220    72     6 -9999 -9999
1957 12 09 06    22  -172 -9999   220    41     7 -9999 -9999
1957 12 09 09    28  -161 -9999    70    31     7 -9999 -9999
1957 12 09 12   -22  -139 -9999    70    31     7 -9999 -9999
1957 12 10 00   -61  -222 -9999   220    51     1 -9999 -9999
1957 12 10 03   -39  -239 -9999   220    72     1 -9999 -9999
1957 12 10 06    22  -272 -9999   220    41     1 -9999 -9999
1957 12 10 09     0  -150 -9999    70    51     1 -9999 -9999
1957 12 10 12   -50  -128 -9999    40    41     7 -9999 -9999
1957 12 11 03   -72  -178 -9999   200    10     7 -9999 -9999
1957 12 11 06   -11  -189 -9999   250    31     7 -9999 -9999
1957 12 11 09    11  -178 -9999   180    10     8 -9999 -9999
1957 12 11 12   -39  -161 -9999    40    31     7 -9999 -9999
1957 12 12 00   -50  -161 -9999     0     0     8 -9999 -9999
1957 12 12 03   -22   -72 -9999   340 -9999 -9999 -9999 -9999
1957 12 12 06   -11   -61 -9999   220    62     7 -9999     6
1957 12 12 09   -11  -111 -9999    40    62     6 -9999 -9999
1957 12 12 12   -50  -139 -9999    70    31     6 -9999 -9999
1957 12 13 12   -39  -200 -9999    40    31     1 -9999 -9999
1957 12 14 00  -100  -189 -9999   250    51     0 -9999 -9999
1957 12 14 03  -111  -161 -9999   250    41     1 -9999 -9999
1957 12 14 06   -11  -139 -9999     0     0     1 -9999 -9999
1957 12 14 09    22  -161 -9999    70    10     2 -9999 -9999
1957 12 14 12   -28  -211 -9999    70    41     6 -9999 -9999
1957 12 15 00   -61  -228 -9999   250    72     7 -9999 -9999
1957 12 15 03   -72  -211 -9999   220    62     7 -9999 -9999
1957 12 15 06    11  -211 -9999   250    41     7 -9999 -9999
1957 12 15 09    61  -211 -9999   220    21     7 -9999 -9999
1957 12 15 12   -61  -239 -9999    40    31     7 -9999 -9999
1957 12 16 00   -89  -222 -9999   220    72     1 -9999 -9999
1957 12 16 06   -11  -211 -9999   250    51     5 -9999 -9999
1957 12 16 09    28  -200 -9999   200    10     3 -9999 -9999
1957 12 16 12   -39  -178 -9999    40    21     7 -9999 -9999
1957 12 17 03   -89  -211 -9999   250    41     1 -9999 -9999
1957 12 17 06    11  -211 -9999   220    21     1 -9999 -9999
1957 12 17 09    22  -228 -9999    90    41     1 -9999 -9999
1957 12 17 12   -39  -200 -9999    40    31     7 -9999 -9999
1957 12 18 03   -72  -200 -9999   270    41     7 -9999 -9999
1957 12 18 06     0  -150 -9999   320    10     2 -9999 -9999
1957 12 18 12    22  -222 -9999   230    41     6 -9999 -9999
1957 12 19 03   -39  -239 -9999   220    41     7 -9999 -9999
1957 12 19 06   -22  -222 -9999    70    31     6 -9999 -9999
1957 12 19 09     0  -211 -9999    70    51     1 -9999 -9999
1957 12 20 00  -100  -222 -9999   220    82     0 -9999 -9999
1957 12 20 03   -72  -250 -9999   250    51     0 -9999 -9999
1957 12 20 06   -22  -228 -9999    70    41     1 -9999 -9999
1957 12 20 09   -11  -222 -9999    70    31     2 -9999 -9999
1957 12 20 12   -61  -189 -9999    40    31     6 -9999 -9999
1957 12 21 00  -122  -178 -9999   220    51     2 -9999 -9999
1957 12 21 03  -100  -200 -9999   220    51     7 -9999 -9999
1957 12 21 06    11  -228 -9999   150    31     7 -9999 -9999
1957 12 21 09    22  -222 -9999    70    21     3 -9999 -9999
1957 12 21 12   -50  -211 -9999   360    21     7 -9999 -9999
1957 12 22 00   -28  -211 -9999   200    10     8 -9999 -9999
1957 12 22 03   -50  -150 -9999     0     0     7 -9999 -9999
1957 12 22 06   -22  -189 -9999   250    21     7 -9999 -9999
1957 12 22 09     0  -172 -9999   250    10     7 -9999 -9999
1957 12 22 12   -28  -161 -9999   270    21     7 -9999 -9999
1957 12 23 00   -28  -222 -9999   220    62     2 -9999 -9999
1957 12 23 03   -61  -211 -9999   250    31     1 -9999 -9999
1957 12 23 09   -39 -9999 -9999    70    41     1 -9999 -9999
1957 12 24 00   -89  -228 -9999   220    41     0 -9999 -9999
1957 12 24 03  -100  -178 -9999   250    72     0 -9999 -9999
1957 12 24 06   -28  -200 -9999    70    62     0 -9999 -9999
1957 12 24 09   -28  -178 -9999    70    62     1 -9999 -9999
1957 12 24 12   -78 -9999 -9999    40    41     0 -9999 -9999
1957 12 25 00  -100  -222 -9999   220    82     2 -9999 -9999
1957 12 25 03  -111  -189 -9999   250    72     1 -9999 -9999
1957 12 25 06     0  -150 -9999   220    72     0 -9999 -9999
1957 12 25 09    28  -200 -9999   200    31     0 -9999 -9999
1957 12 25 12   -78  -161 -9999    70    21     0 -9999 -9999
1957 12 26 00   -78  -250 -9999   220    82     0 -9999 -9999
1957 12 26 09   -11  -272 -9999    70    51     1 -9999 -9999
1957 12 26 12   -78  -228 -9999    90    21     1 -9999 -9999
1957 12 27 00  -122  -200 -9999   220    82     0 -9999 -9999
1957 12 27 03  -100  -228 -9999   220   180     1 -9999 -9999
1957 12 27 06   -72  -239 -9999    70    21     1 -9999 -9999
1957 12 27 09   -50  -250 -9999    70    31     1 -9999 -9999
1957 12 27 12  -100  -261 -9999    70    41     7 -9999 -9999
1957 12 28 00  -139  -211 -9999   270    51     1 -9999 -9999
1957 12 28 03  -139  -222 -9999     0     0     1 -9999 -9999
1957 12 28 09   -39  -272 -9999    90    31     2 -9999 -9999
1957 12 28 12   -78  -222 -9999    40    31     7 -9999 -9999
1957 12 29 09   -22  -250 -9999    70    21     7 -9999 -9999
1957 12 30 00   -72  -272 -9999   220    72     7 -9999 -9999
1957 12 30 03   -39 -9999 -9999   220    51     7 -9999 -9999
1957 12 30 06     0  -200 -9999   250    62     7 -9999 -9999
1957 12 30 09    22  -222 -9999   220    31     7 -9999 -9999
1957 12 30 12   -11  -200 -9999   220    21     7 -9999 -9999
1957 12 31 00  -100  -128 -9999    70    21     8 -9999 -9999
1957 12 31 03   -89  -128 -9999    70    21     8 -9999 -9999
1957 12 31 09   -39 -9999 -9999    90    21     8 -9999 -9999
1957 12 31 12   -72  -128 -9999    70    41     6 -9999     6
