1961 01 01 12  -111  -222 -9999    90    41     0 -9999 -9999
1961 01 02 12  -111  -211 -9999    90    41     1 -9999 -9999
1961 01 03 12 -9999 -9999 -9999    90    10     2 -9999 -9999
1961 01 04 12  -128  -200 -9999 -9999    41     0 -9999 -9999
1961 01 07 12  -100  -250 -9999    90    10     7 -9999 -9999
1961 01 08 12   -22  -272 -9999   360    62     1 -9999 -9999
1961 01 09 12 -9999 -9999 -9999    90    41     0 -9999 -9999
1961 01 12 00  -161  -200 10481     0     0     0 -9999 -9999
1961 01 12 12  -122 -9999 -9999    90    41     1 -9999 -9999
1961 01 14 12   -39  -289 -9999    90    10     0 -9999 -9999
1961 01 15 12  -111  -228 -9999    90    31     6 -9999 -9999
1961 01 16 12  -178  -239 -9999    90    82     1 -9999 -9999
1961 01 17 12   -78  -228 -9999   250    21     7 -9999 -9999
1961 01 18 12   -72  -200 -9999    90    31     3 -9999 -9999
1961 01 19 03  -100  -172 10363   220    21     7 -9999 -9999
1961 01 20 12    28 -9999 -9999    40    62     2 -9999 -9999
1961 01 21 03  -100  -150 10350     0     0     0 -9999 -9999
1961 01 21 12    22  -250 -9999   250    10     1 -9999 -9999
1961 01 22 12 -9999 -9999 -9999    90    21     7 -9999 -9999
1961 01 23 12   -50  -211 -9999     0     0     7 -9999 -9999
1961 01 24 12   -39  -172 -9999    90    21     7 -9999 -9999
1961 01 25 12   -22  -189 -9999    70    51     8 -9999 -9999
1961 01 27 12   -89   -89 -9999    90    21     8 -9999     3
1961 01 29 12   -78  -128 -9999    90    10     7 -9999 -9999
1961 01 30 12   -89  -122 -9999    40    31 -9999 -9999     6
1961 01 31 12  -111  -161 -9999    90    31     8 -9999     6
1961 02 01 12 -9999 -9999 -9999    90    41     2 -9999 -9999
1961 02 02 12  -111  -172 -9999     0     0     8 -9999 -9999
1961 02 03 12   -78  -128 -9999   250    21     7 -9999 -9999
1961 02 04 12  -111  -161 -9999    70    41     6 -9999 -9999
1961 02 06 12   -89  -128 -9999   270    21     7 -9999     6
1961 02 07 12   -89 -9999 -9999     0     0     8 -9999     6
1961 02 08 12   -89  -128 -9999    90    21     7 -9999 -9999
1961 02 11 12  -100 -9999 -9999    90    31     0 -9999 -9999
1961 02 12 12 -9999 -9999 -9999    90    41     0 -9999 -9999
1961 02 13 12   -89  -139 -9999    90    10     1 -9999 -9999
1961 02 14 12   -78  -139 -9999    90    31     0 -9999 -9999
1961 02 16 12   -78  -139 -9999 -9999 -9999     1 -9999 -9999
1961 02 17 12   -50  -122 -9999    40    41     7 -9999 -9999
1961 02 18 12   -50  -122 -9999    90    41     7 -9999 -9999
1961 02 20 12   -22   -89 -9999    90    41     7 -9999 -9999
1961 02 21 12  -122 -9999 -9999    40    10     7 -9999 -9999
1961 02 24 12     0  -111 -9999    90    41 -9999 -9999 -9999
1961 02 25 12     0  -100 -9999    90    62     7 -9999 -9999
1961 02 26 12    39  -111 -9999    90    62     5 -9999 -9999
1961 02 27 12    50 -9999 -9999   270    62     7 -9999 -9999
1961 02 28 12    28  -200 -9999   320    82     7 -9999 -9999
1961 03 01 12    11  -150 -9999    90    72 -9999 -9999 -9999
1961 03 02 12   -22  -161 -9999    60    62     0 -9999 -9999
1961 03 03 12   -50  -161 -9999    90    62     0 -9999 -9999
1961 03 04 12     0 -9999 -9999    90    82     2 -9999 -9999
1961 03 05 12   -11  -128 -9999    90    10     0 -9999 -9999
1961 03 06 12   -50  -111 -9999    90    10     6 -9999     6
1961 03 07 12     0  -111 -9999     0     0     8 -9999 -9999
1961 03 09 12    11 -9999 -9999 -9999 -9999 -9999 -9999 -9999
1961 03 10 12    22 -9999 -9999 -9999    51 -9999 -9999 -9999
1961 03 11 12    78  -172 -9999   220    10     8 -9999 -9999
1961 03 12 12 -9999 -9999 -9999   150 -9999     7 -9999 -9999
1961 03 13 12    78  -122 -9999     0     0     6 -9999 -9999
1961 03 14 12    78   -72 -9999    90    21     7 -9999 -9999
1961 03 15 12    89   -72 -9999    90    21     7 -9999 -9999
1961 03 16 12    89  -100 -9999    90    41     8 -9999 -9999
1961 03 17 12   111  -161 -9999     0     0     6 -9999 -9999
1961 03 18 12    89   -61 -9999    90    62     1 -9999 -9999
1961 03 19 12    11 -9999 -9999   220    51     8 -9999     6
1961 03 20 12    50  -122 -9999   360    72     6 -9999 -9999
1961 03 22 12    50  -128 -9999   140    10     2 -9999 -9999
1961 03 23 12    61  -172 -9999    90    41     0 -9999 -9999
1961 03 24 03     0  -200 -9999   220    72     1 -9999 -9999
1961 03 24 12   100  -200 -9999    70    62     3 -9999 -9999
1961 03 25 12    61  -161 -9999    90    51     1 -9999 -9999
1961 03 27 12   100   -89 -9999    90    62     1 -9999 -9999
1961 03 29 12   122  -122 -9999    70    72     2 -9999 -9999
1961 03 30 12   122   -61 -9999    90    82     0 -9999 -9999
1961 03 31 12   128   -89 -9999    90    51     2 -9999 -9999
1961 04 01 12   150  -122 -9999    90    62     7 -9999 -9999
1961 04 03 12   100  -139 -9999    90    51     8 -9999 -9999
1961 04 05 12   122  -161 -9999    90    41     8 -9999 -9999
1961 04 06 12   128  -128 -9999    70    72     7 -9999 -9999
1961 04 07 12   122  -100 -9999    90    72     7 -9999 -9999
1961 04 08 12   128 -9999 -9999    90    41     6 -9999 -9999
1961 04 09 12   139   -78 -9999    70    62     7 -9999 -9999
1961 04 12 12   150   -61 -9999   220    10     7 -9999 -9999
1961 04 13 12   161   -50 -9999    90    51     7 -9999 -9999
1961 04 14 12   178   -61 -9999 -9999 -9999     7 -9999 -9999
1961 04 15 12   178   -22 -9999    90    41     6 -9999 -9999
1961 04 16 12   189   -78 -9999    70    72     7 -9999 -9999
1961 04 17 12   189   -72 -9999    40 -9999 -9999 -9999 -9999
1961 04 18 12   178   -89 -9999    90    72     8 -9999 -9999
1961 04 19 12   128   -50 -9999    90    10     7 -9999 -9999
1961 04 20 12   150   -89 -9999    90    82     7 -9999 -9999
1961 04 21 06   139    39 10137    90    21     8 -9999     6
1961 04 21 12   100   -11 -9999    90    62     7 -9999 -9999
1961 04 22 21    72    61 10201   320   201 -9999 -9999 -9999
1961 04 23 12   122   -50 -9999    20    62 -9999 -9999     6
1961 04 23 18    78    61 10237    90    21     3 -9999 -9999
1961 04 26 12   189     0 -9999    90    51     7 -9999 -9999
1961 04 27 06   161 -9999 10211   320    82     7 -9999 -9999
1961 04 27 12   172   -61 -9999   360    82     7 -9999 -9999
1961 04 28 12   128 -9999 -9999    90    82 -9999 -9999 -9999
1961 04 28 18   161 -9999 10226    90    82 -9999 -9999 -9999
1961 04 29 03   122 -9999 10297   320    51 -9999 -9999 -9999
1961 05 01 12   189   -50 -9999    70    72     2 -9999 -9999
1961 05 02 12   211 -9999 -9999    90    62     1 -9999 -9999
1961 05 03 12   222    39 -9999    90    51     3 -9999 -9999
1961 05 04 12   228   -39 -9999    90    82     7 -9999 -9999
1961 05 05 12   261 -9999 -9999    40    41     7 -9999 -9999
1961 05 06 06   189   -78 -9999 -9999    41 -9999 -9999 -9999
1961 05 06 12   172   -22 -9999    90    41     9 -9999 -9999
1961 05 08 12   239   -11 -9999    70    72 -9999 -9999 -9999
1961 05 09 12   178   -28 -9999    70    82     7 -9999 -9999
1961 05 10 12   111     0 -9999    90    41     9 -9999 -9999
1961 05 11 12   161   -11 -9999    90    72     9 -9999 -9999
1961 05 12 12   189     0 -9999     0     0     8 -9999 -9999
1961 05 13 12   200   -89 -9999    90    41     7 -9999 -9999
1961 05 14 12   139   -61 -9999   270    41     7 -9999 -9999
1961 05 15 12   161  -128 -9999    90    41     5 -9999 -9999
1961 05 16 12   178     0 -9999    90    82     1 -9999 -9999
1961 05 19 12   239    28 -9999    70    98     7 -9999 -9999
1961 05 20 12 -9999 -9999 -9999    90    62     0 -9999 -9999
1961 05 21 12   178   -39 -9999    90    51     0 -9999 -9999
1961 05 22 12 -9999 -9999 -9999   270    41     8 -9999 -9999
1961 05 25 12   189    11 -9999    90    51 -9999 -9999 -9999
1961 05 26 12   211    22 -9999    80    62     8 -9999 -9999
1961 05 27 12 -9999 -9999 -9999    90    41 -9999 -9999 -9999
1961 05 29 06   228   -72 -9999     0     0     7 -9999 -9999
1961 05 29 12   239   -61 -9999    70    21     4 -9999 -9999
1961 05 30 12   239   -11 -9999    90    41     7 -9999 -9999
1961 08 01 12   261    78 -9999    90    62     2 -9999 -9999
1961 08 03 12   250 -9999 -9999   320    21 -9999 -9999 -9999
1961 08 06 12   178    61 -9999    40    41     7 -9999     6
1961 08 07 12   178   100 -9999   180    62     7 -9999 -9999
1961 08 13 12   222    22 -9999   220    10     1 -9999     6
1961 08 15 03   172    61 -9999     0     0     0 -9999 -9999
1961 08 16 09   278    61 -9999    90    10     7 -9999 -9999
1961 08 17 12   161   111 -9999     0     0     7 -9999    10
1961 08 18 12   289   -11 -9999   250    31 -9999 -9999 -9999
1961 08 19 12   178    72 -9999   250    82     3 -9999    20
1961 08 21 12   200    50 -9999    90    51     0 -9999 -9999
1961 08 22 12   211 -9999 -9999    90    62     1 -9999 -9999
1961 08 23 12   222    61 -9999    90    41     1 -9999 -9999
1961 08 24 12   228    50 -9999    90    62     3 -9999 -9999
1961 08 25 12   228    72 -9999    90    21     2 -9999 -9999
1961 08 26 12   250    22 -9999     0     0     6 -9999     6
1961 08 27 12   222    28 -9999   110    51     7 -9999 -9999
1961 08 28 12   222    39 -9999    90    41     6 -9999 -9999
1961 08 29 12   239    50 -9999    90    62     7 -9999 -9999
1961 08 30 12   261     0 -9999   160    10     4 -9999 -9999
1961 08 31 12   239    39 -9999    90    62     7 -9999 -9999
1961 09 02 12   250    72 -9999    90    72     0 -9999 -9999
1961 09 03 12   250    39 -9999    90    51     6 -9999 -9999
1961 09 04 12   250   -22 -9999   270    62     2 -9999 -9999
1961 09 05 12   200    39 -9999    90    51     6 -9999 -9999
1961 09 06 12   172    61 -9999    90    31     8 -9999 -9999
1961 09 07 12   189    61 -9999    90    41     0 -9999 -9999
1961 09 08 12   211    50 -9999    90    41     7 -9999     6
1961 09 09 12   178    89 -9999     0     0     7 -9999     6
1961 09 10 12   150    61 -9999   270    31     7 -9999     5
1961 09 11 12 -9999 -9999 -9999   250    72 -9999 -9999    20
1961 09 12 12   211    78 -9999   270    21     3 -9999 -9999
1961 09 14 12   139    78 -9999   320    51     7 -9999    20
1961 09 15 12   189    72 -9999   110    41     2 -9999 -9999
1961 09 16 12   178    61 -9999    90    62     7 -9999     6
1961 09 17 12   139    89 -9999    90    10     7 -9999     6
1961 09 18 03   128    28 -9999   220    41     1 -9999 -9999
1961 09 18 12   178   -22 -9999   270    41     2 -9999 -9999
1961 09 19 03   100   -11 -9999   250    51     0 -9999 -9999
1961 09 19 12   172    28 -9999    90    51     1 -9999 -9999
1961 09 20 03   122    28 -9999   250    21     0 -9999 -9999
1961 09 20 12   172    61 -9999    70    41     1 -9999 -9999
1961 09 21 12   172    72 -9999    70    41     2 -9999 -9999
1961 09 22 03   128    50 -9999   250    41     1 -9999 -9999
1961 09 22 12   178    50 -9999    90    62     2 -9999 -9999
1961 09 23 03   150    28 -9999   250    62     0 -9999 -9999
1961 09 23 12   200    72 -9999    90    51     2 -9999 -9999
1961 09 24 03   178    50 -9999   270    21     6 -9999 -9999
1961 09 24 12   228   -50 -9999   340    41     1 -9999 -9999
1961 09 25 12   200   -72 -9999   270    41     2 -9999 -9999
1961 09 26 03   100  -161 -9999   320    82     7 -9999 -9999
1961 09 26 12    89   -39 -9999    70    41     7 -9999 -9999
1961 09 27 03    50   -22 -9999   270    31     1 -9999 -9999
1961 09 27 12   100   -11 -9999    90    41     7 -9999 -9999
1961 09 28 12    89    11 -9999    70    51     7 -9999 -9999
1961 09 29 03    72    50 -9999     0     0     3 -9999 -9999
1961 09 29 12   100    22 -9999   270    21     6 -9999     6
1961 09 30 03    50    11 -9999   270    21     7 -9999 -9999
1961 09 30 12   111   -22 -9999   290    62     2 -9999     6
1961 10 01 12   100   -11 -9999    90    41     3 -9999 -9999
1961 10 02 12   150  -100 -9999    90    51     3 -9999 -9999
1961 10 03 03    78   -89 -9999   250    51     1 -9999 -9999
1961 10 03 12   122     0 -9999    70    31     7 -9999 -9999
1961 10 04 03    78    28 -9999    90    10     3 -9999 -9999
1961 10 04 12   122    22 -9999    90    51     2 -9999 -9999
1961 10 05 03    78    22 -9999   250    10     1 -9999 -9999
1961 10 05 12   128     0 -9999    90    51     1 -9999 -9999
1961 10 07 03    89   -61 -9999   220    51     5 -9999 -9999
1961 10 07 12   128   -28 -9999    90    31     7 -9999 -9999
1961 10 08 03   100  -161 -9999   220    21     7 -9999 -9999
1961 10 08 12   122  -250 -9999   290    98     6 -9999 -9999
1961 10 09 03    50  -211 -9999   220    31     0 -9999 -9999
1961 10 09 12   111  -161 -9999   270    10     0 -9999 -9999
1961 10 10 03    22   -39 -9999     0     0     0 -9999 -9999
1961 10 10 12    39   -50 -9999    90    51     0 -9999 -9999
1961 10 11 03    22   -61 -9999     0     0     6 -9999 -9999
1961 10 12 03    28   -39 -9999     0     0     8 -9999 -9999
1961 10 12 12    61   -61 -9999    90    31     0 -9999 -9999
1961 10 13 03    22   -22 -9999   250    72     6 -9999 -9999
1961 10 13 12    61   -39 -9999    90    41     0 -9999 -9999
1961 10 14 03     0   -89 -9999   250    62     3 -9999 -9999
1961 10 14 12    72   -78 -9999    90    41     2 -9999 -9999
1961 10 15 03    28  -100 -9999   250    62     0 -9999 -9999
1961 10 16 03    39   -89 -9999   220    72     0 -9999 -9999
1961 10 17 03    28 -9999 -9999   270    41     1 -9999 -9999
1961 10 17 12    78   -72 -9999    90    21     2 -9999 -9999
1961 10 18 12    78   -72 -9999    90    31     3 -9999 -9999
1961 10 19 03    72  -111 -9999   220    41     3 -9999 -9999
1961 10 19 12   139  -172 -9999   140    41     1 -9999 -9999
1961 10 20 03    72  -128 -9999   250    51     5 -9999 -9999
1961 10 20 12    89   -78 -9999    90    31     2 -9999 -9999
1961 10 21 12    78   -78 -9999    90    41     6 -9999 -9999
1961 10 22 03    50   -89 -9999   270    41     2 -9999 -9999
1961 10 22 12    78   -72 -9999    70    41     2 -9999 -9999
1961 10 23 03    22   -61 -9999   250    21     1 -9999 -9999
1961 10 23 12    89   -61 -9999    90    10     2 -9999 -9999
1961 10 24 12    72   -50 -9999    90    41     2 -9999 -9999
1961 10 25 12   111  -139 -9999   290    31     6 -9999 -9999
1961 10 26 03    39  -228 -9999   250    21     7 -9999 -9999
1961 10 26 12    50  -161 -9999    90    31     7 -9999 -9999
1961 10 27 12    28   -72 -9999    90    41     5 -9999 -9999
1961 10 28 12    22   -89 -9999    90    41     5 -9999 -9999
1961 10 30 03   -22   -72 -9999   220    62     1 -9999 -9999
1961 10 30 12    28  -122 -9999    90    41     3 -9999 -9999
1961 10 31 12    11  -111 -9999    90    31     1 -9999 -9999
1961 11 01 03   -22  -189 -9999   250    62     2 -9999 -9999
1961 11 01 12    22  -128 -9999    90    41     7 -9999 -9999
1961 11 02 03   -39  -161 -9999   250    62     0 -9999 -9999
1961 11 03 03   -28  -128 -9999   250    62     1 -9999 -9999
1961 11 03 12    22  -122 -9999    90    41     0 -9999 -9999
1961 11 04 12    28  -122 -9999    90    51     1 -9999 -9999
1961 11 05 03    11  -172 -9999   250    51     7 -9999 -9999
1961 11 05 12    22  -100 -9999    70    41     1 -9999 -9999
1961 11 06 03   -22  -178 -9999   250    62     2 -9999 -9999
1961 11 06 12    50  -161 -9999    90    41     6 -9999 -9999
1961 11 07 03    11  -111 -9999   270    72     6 -9999 -9999
1961 11 08 12    22  -128 -9999    90    21     1 -9999 -9999
1961 11 09 03   -22  -128 -9999   270    72     1 -9999 -9999
1961 11 09 12 -9999 -9999 -9999    70    41     7 -9999 -9999
1961 11 10 03     0  -111 -9999   250    82 -9999 -9999 -9999
1961 11 10 12    22  -111 -9999    90    31     5 -9999 -9999
1961 11 11 12    28  -128 -9999    90    41     6 -9999 -9999
1961 11 12 03   -39  -139 -9999   250    21     1 -9999 -9999
1961 11 12 12    22  -128 -9999    90    41     6 -9999 -9999
1961 11 13 03   -28  -128 -9999   270    62     7 -9999 -9999
1961 11 13 12    11  -111 -9999    90    41     7 -9999 -9999
1961 11 14 03     0   -89 -9999    40    21     7 -9999 -9999
1961 11 14 12    28  -111 -9999    90    31     7 -9999 -9999
1961 11 15 03     0   -89 -9999   250    21     7 -9999 -9999
1961 11 15 12    11   -89 -9999    90    21     7 -9999 -9999
1961 11 16 12    22  -178 -9999   250    51     7 -9999 -9999
1961 11 17 03   -72  -172 -9999   250    62     1 -9999 -9999
1961 11 17 12   -39  -139 -9999    90    41     1 -9999 -9999
1961 11 18 00   -61   -89 10329   320    10     1 -9999 -9999
1961 11 18 12   -39  -100 -9999    90    31     2 -9999 -9999
1961 11 19 12   -28   -89 -9999    70    51     2 -9999 -9999
1961 11 20 12 -9999 -9999 -9999    90    41     1 -9999 -9999
1961 11 21 12   -39  -111 -9999    90    41     0 -9999 -9999
1961 11 22 12   -39  -111 -9999    90    41     0 -9999 -9999
1961 11 23 03   -61  -100 -9999     0     0     7 -9999 -9999
1961 11 23 12   -50  -122 -9999     0     0     0 -9999 -9999
1961 11 24 03  -111  -150 -9999   250    31     0 -9999 -9999
1961 11 25 12   -61  -111 -9999    90    41     7 -9999 -9999
1961 11 26 03   -78  -100 -9999    70    10     8 -9999 -9999
1961 11 28 03  -111  -161 -9999   250    41     6 -9999 -9999
1961 11 28 12   -61  -150 -9999    90    21     1 -9999 -9999
1961 11 29 12   -39  -139 -9999     0     0     7 -9999 -9999
1961 11 30 12   -39  -200 -9999    70    31     1 -9999 -9999
1961 12 01 12   -39  -189 -9999 -9999 -9999     7 -9999 -9999
1961 12 02 12   -39  -172 -9999    60    31     7 -9999 -9999
1961 12 03 03     0  -200 -9999   270    62 -9999 -9999 -9999
1961 12 03 12   -61  -139 -9999    90    31     1 -9999 -9999
1961 12 04 12   -50  -178 -9999    90    31     0 -9999 -9999
1961 12 05 03   -89  -278 -9999   250    51     1 -9999 -9999
1961 12 05 12   -28  -239 -9999    90    31     0 -9999 -9999
1961 12 06 12   -61  -250 -9999    90    41     0 -9999 -9999
1961 12 07 03  -128 -9999 -9999   250    62     1 -9999 -9999
1961 12 07 12  -161  -250 -9999    70    21     1 -9999 -9999
1961 12 08 12   -39  -228 -9999    70    21     7 -9999 -9999
1961 12 09 12   -50  -222 -9999    90    31     0 -9999 -9999
1961 12 10 12   -39  -250 -9999    70    41     0 -9999 -9999
1961 12 11 12   -61 -9999 -9999    90    21     0 -9999 -9999
1961 12 12 12   -61  -250 -9999    70    31     0 -9999 -9999
1961 12 13 12   -72  -250 -9999    70    21     2 -9999 -9999
1961 12 14 12   -78  -222 -9999    90    31     1 -9999 -9999
1961 12 15 12   -61  -239 -9999    90    21     8 -9999 -9999
1961 12 16 12   -61  -222 -9999    70    41     7 -9999 -9999
1961 12 17 12   -61  -200 -9999    70    21     7 -9999 -9999
1961 12 18 12   -78  -189 -9999    90    41     2 -9999 -9999
1961 12 19 12   -89  -172 -9999    90    41     1 -9999 -9999
1961 12 20 12  -100  -161 -9999    70    21     8 -9999 -9999
1961 12 21 12 -9999 -9999 -9999    90    21     3 -9999 -9999
1961 12 23 12   -78  -211 -9999    90    31     2 -9999 -9999
1961 12 24 12   -72  -178 -9999    70    21     1 -9999 -9999
1961 12 25 12   -72  -178 -9999    90    41     2 -9999 -9999
1961 12 27 12   -72  -178 -9999    70    31     1 -9999 -9999
1961 12 28 12   -78  -189 -9999    90    21     0 -9999 -9999
1961 12 30 12  -122  -161 -9999    70    41     7 -9999     6
1961 12 31 12  -111  -172 -9999    90    31     7 -9999 -9999
