1960 01 02 12   -50  -250 -9999    90    10     3 -9999 -9999
1960 01 03 00   -39  -272 -9999   250    62     2 -9999 -9999
1960 01 05 12   -72  -211 -9999    90    41     7 -9999 -9999
1960 01 08 12   -72  -222 -9999    90    41     1 -9999 -9999
1960 01 09 12   -61  -228 -9999    70    31     7 -9999 -9999
1960 01 11 12   -22  -211 -9999    90    41     2 -9999 -9999
1960 01 13 12   -28  -300 -9999   270    41     1 -9999 -9999
1960 01 14 12   -78  -161 -9999    90    41     0 -9999 -9999
1960 01 15 12   -89  -172 -9999    70    41     1 -9999 -9999
1960 01 16 12   -78  -211 -9999    70    31     7 -9999 -9999
1960 01 17 12   -11  -211 -9999   250    31     1 -9999 -9999
1960 01 19 12   -61  -161 -9999    70    21     6 -9999 -9999
1960 01 20 12   -89  -139 -9999    70    41     7 -9999 -9999
1960 01 22 12  -128  -178 -9999    90    41     5 -9999     6
1960 01 23 12  -161  -200 -9999    90    31     1 -9999 -9999
1960 01 24 12  -139  -172 -9999    90    41     1 -9999 -9999
1960 01 25 12  -100  -161 -9999     0     0     7 -9999 -9999
1960 01 26 12   -61  -161 -9999    70    51     7 -9999 -9999
1960 01 27 12   -39  -161 -9999    90    21     8 -9999 -9999
1960 01 28 12   -61  -172 -9999    70    41     8 -9999 -9999
1960 01 29 12   -39 -9999 -9999    90    41     7 -9999 -9999
1960 01 30 12   -72  -178 -9999    90    41     1 -9999 -9999
1960 01 31 12   -61  -178 -9999    70    31 -9999 -9999 -9999
1960 03 01 12    39  -139 -9999    70    51     1 -9999 -9999
1960 03 02 18    39  -128 -9999    70    21     7 -9999 -9999
1960 03 06 12    61  -178 -9999    90    72     7 -9999 -9999
1960 03 07 12    50  -128 -9999    90    31     8 -9999 -9999
1960 03 08 12    89 -9999 -9999   250    98     7 -9999 -9999
1960 03 09 12    72  -161 -9999    70    51     7 -9999 -9999
1960 03 10 12    78  -139 -9999    70    82     7 -9999 -9999
1960 03 11 12    78   -89 -9999    40    31     3 -9999     6
1960 03 12 12    50  -128 -9999    90    41     8 -9999 -9999
1960 03 15 12    61  -139 -9999    70    41     8 -9999 -9999
1960 03 16 12    50   -61 -9999   220    41 -9999 -9999 -9999
1960 03 17 12    72  -228 -9999   360    51     6 -9999 -9999
1960 03 18 12    39  -128 -9999    90    62     8 -9999 -9999
1960 03 19 12    28   -72 -9999    80    51     8 -9999 -9999
1960 03 20 12    39   -78 -9999   280    31     8 -9999     6
1960 03 21 12    28   -72 -9999    70    10     7 -9999 -9999
1960 03 22 12   -22   -39 -9999   200    82     8 -9999     6
1960 03 24 12    22  -161 -9999    70    62     0 -9999 -9999
1960 03 27 12    39   -50 -9999   270    31     8 -9999     6
1960 03 30 12    28   -39 -9999    90    21     8 -9999     6
1960 04 02 12    50   -11 -9999    70    51     7 -9999     6
1960 04 04 12   111   -78 -9999    70    51     8 -9999 -9999
1960 04 05 12   111   -61 -9999   360    51     7 -9999 -9999
1960 04 06 12   150  -122 -9999   270    62     2 -9999 -9999
1960 04 08 12     0   -39 -9999   270    31     7 -9999     5
1960 04 09 12    39  -300 -9999   270    82     7 -9999 -9999
1960 04 11 12    39  -272 -9999    90    62     2 -9999 -9999
1960 04 12 12    39  -111 -9999    70    51     6 -9999 -9999
1960 04 15 12    78   -72 -9999    90    62     8 -9999 -9999
1960 04 16 12   128   -89 -9999    90    62     1 -9999 -9999
1960 04 17 12   150   -72 -9999    90    62     7 -9999 -9999
1960 04 18 12   111 -9999 -9999    70    82     8 -9999 -9999
1960 04 19 12   100  -122 -9999    90    62     8 -9999 -9999
1960 04 20 12   139  -111 -9999    70    51     8 -9999 -9999
1960 04 22 12   161   -50 -9999    20    51     7 -9999 -9999
1960 04 23 12   150   -22 -9999   270    51     8 -9999 -9999
1960 04 24 12   122     0 -9999    20    10     7 -9999     6
1960 04 25 12    61    22 -9999    40    41     7 -9999     6
1960 04 27 12   161   -22 -9999   270    21     6 -9999 -9999
1960 04 29 12   222  -100 -9999    90    51 -9999 -9999 -9999
1960 04 30 12   222   -39 -9999    90    72     2 -9999 -9999
1960 05 01 12   239    11 -9999   270    62     7 -9999 -9999
1960 05 02 12   222   -11 -9999   270    41     8 -9999 -9999
1960 05 03 12    78    61 -9999    70    41     8 -9999    10
1960 05 05 12    61    28 -9999   360    41     8 -9999 -9999
1960 05 06 12    72     0 -9999    70    31     8 -9999     3
1960 05 07 00    11     0 -9999     0     0     8 -9999    30
1960 05 08 12   128    61 -9999    90    62     6 -9999 -9999
1960 05 10 12   178    89 -9999   250    21     7 -9999 -9999
1960 05 11 12   128    28 -9999    90    62     4 -9999 -9999
1960 05 12 03   178   100 10029     0     0     1 -9999 -9999
1960 05 13 12   178    22 -9999    70    41     4 -9999 -9999
1960 05 14 12   222    28 -9999    70    31     1 -9999 -9999
1960 05 15 12   189     0 -9999   160    72     7 -9999     6
1960 05 18 06   211   111 10117     0     0     8 -9999 -9999
1960 05 18 12   122    78 -9999   270    72     8 -9999     6
1960 05 20 12   122    39 -9999   350    41     2 -9999    40
1960 05 21 12   189   -22 -9999     0     0     7 -9999 -9999
1960 05 21 18   139     0 -9999   180    21     8 -9999 -9999
1960 05 22 12    89    28 -9999   150    31     8 -9999 -9999
1960 05 23 12   150    22 -9999   270    41     1 -9999 -9999
1960 05 25 12   189    22 -9999    70    51     7 -9999 -9999
1960 05 26 12   200   -39 -9999    40    41     7 -9999 -9999
1960 05 27 12   172    22 -9999     0     0     7 -9999     6
1960 05 28 12   111    28 -9999   250    62     7 -9999    10
1960 05 29 12   189  -128 -9999   290    72     1 -9999 -9999
1960 05 30 12   211   -61 -9999   270    98     1 -9999 -9999
1960 05 31 12   222   -28 -9999 -9999    51     6 -9999 -9999
1960 06 01 12   250 -9999 -9999   270    62     6 -9999 -9999
1960 06 02 12   250    22 -9999   220    21     7 -9999 -9999
1960 06 03 12   211    28 -9999   290    87     7 -9999 -9999
1960 06 05 12   228   -11 -9999    80    72     7 -9999 -9999
1960 06 06 12   211    50 -9999   250    41     8 -9999     5
1960 06 07 12   200   -39 -9999   250    82     7 -9999 -9999
1960 06 08 12 -9999 -9999 -9999   290   108 -9999 -9999 -9999
1960 06 09 12   172    28 -9999    90    31     7 -9999     6
1960 06 10 12   139    61 -9999    40    21     2 -9999 -9999
1960 06 11 12   200     0 -9999   360    98     5 -9999     6
1960 06 12 12   161    22 -9999   160    31     7 -9999 -9999
1960 06 13 12   150    28 -9999    90    51     7 -9999     6
1960 06 14 12   150    11 -9999    70    31     2 -9999     6
1960 06 15 12   211   -78 -9999    70    62     1 -9999 -9999
1960 06 18 12   250   -89 -9999   270    31     7 -9999 -9999
1960 06 19 12   228   -61 -9999    20    21     7 -9999     6
1960 06 22 12   172     0 -9999   250    10     7 -9999 -9999
1960 06 23 12   278    22 -9999   340    31     8 -9999 -9999
1960 06 24 12   261    11 -9999   320    51     7 -9999     6
1960 06 25 12   189    61 -9999    40    21     7 -9999 -9999
1960 06 26 12   211    78 -9999   250    21     7 -9999     6
1960 06 27 12   222    61 -9999    70    41     7 -9999 -9999
1960 06 29 12   211    78 -9999    40    31 -9999 -9999     6
1960 06 30 12   139   128 -9999   270    41     8 -9999    30
1960 07 01 12   211   128 -9999    70    10     6 -9999     6
1960 07 02 09   328   150 -9999   110    21     7 -9999 -9999
1960 07 02 12   272    72 -9999    90    31     3 -9999 -9999
1960 07 05 12   250   100 -9999    90    31     7 -9999 -9999
1960 07 06 12   211   128 -9999    40    41     7 -9999    50
1960 07 07 12   289 -9999 -9999 -9999 -9999     5 -9999 -9999
1960 07 08 12   300    89 -9999   250    10     2 -9999 -9999
1960 07 09 12   272    78 -9999    90    31     1 -9999 -9999
1960 07 12 12   250    28 -9999   290    31     7 -9999     6
1960 07 13 12   239    78 -9999    90    62     4 -9999 -9999
1960 07 14 12   161    50 -9999   220   159     7 -9999    20
1960 07 16 09   178   122 -9999    40    62     1 -9999 -9999
1960 07 18 12   189    61 -9999    90    51     1 -9999 -9999
1960 07 19 12   150    61 -9999    30    31     7 -9999     6
1960 07 20 12   172 -9999 -9999   180    41 -9999 -9999     5
1960 07 20 15   150   100 -9999   360    10     7 -9999 -9999
1960 07 21 12   378   100 10040    40    21     5 -9999 -9999
1960 07 23 12   250 -9999 -9999    70    21     1 -9999 -9999
1960 07 24 12   239    78 -9999     0     0     7 -9999     6
1960 07 26 12   239    78 -9999   250    62     2 -9999 -9999
1960 07 27 12   272    61 -9999     0     0     1 -9999 -9999
1960 07 29 00   211   128 10015   360    21     4 -9999     6
1960 07 30 12 -9999 -9999 -9999    90    41     5 -9999 -9999
1960 07 31 12   250    28 -9999    90    41     4 -9999 -9999
1960 08 02 12   211    39 -9999     0     0     7 -9999     6
1960 08 03 12   189    89 -9999   270    72     7 -9999     6
1960 08 04 12   250    78 -9999   270    21     1 -9999 -9999
1960 08 05 12   178   111 -9999    70    72     4 -9999 -9999
1960 08 07 00   111   100 -9999   270    21     7 -9999 -9999
1960 08 07 12   178    78 -9999   220    41     7 -9999     6
1960 08 09 12   222 -9999 -9999   180    10     6 -9999 -9999
1960 08 11 12   222    89 -9999    90    51     6 -9999 -9999
1960 08 13 12   239   139 -9999   110    21     6 -9999     6
1960 08 14 12   250   111 -9999    90    41     3 -9999 -9999
1960 08 15 12 -9999 -9999 -9999   270    72     3 -9999 -9999
1960 08 17 12   239    61 -9999    90    51     1 -9999 -9999
1960 08 19 12   222   128 -9999    90    41     0 -9999 -9999
1960 08 21 12   178   100 -9999   320    21     8 -9999     5
1960 08 22 12   222    89 -9999   220    21     5 -9999     6
1960 08 23 12   222    72 -9999    70    62 -9999 -9999     6
1960 08 24 12   278    50 -9999     0     0     1 -9999 -9999
1960 08 25 12   239    50 -9999    90    51     1 -9999 -9999
1960 08 26 12   272    11 -9999   250    21     1 -9999 -9999
1960 08 27 12   239    39 -9999    70    72     1 -9999 -9999
1960 10 01 12   161   -22 -9999    90    41     6 -9999 -9999
1960 10 02 12   128   100 -9999    70    21     2 -9999 -9999
1960 10 03 12 -9999 -9999 -9999    90    41     1 -9999 -9999
1960 10 04 12   128    22 -9999   110    21     5 -9999     6
1960 10 08 12   128   -39 -9999    90    31 -9999 -9999 -9999
1960 10 09 12   128   -28 -9999    90    41     4 -9999 -9999
1960 10 10 12   161  -100 -9999   360    72     7 -9999 -9999
1960 10 11 12   139  -100 -9999    90    62     1 -9999 -9999
1960 10 12 12   122   -39 -9999    90    31     7 -9999 -9999
1960 10 17 12   100   -78 -9999    90    62     3 -9999 -9999
1960 10 18 12   100   -72 -9999    70    41     7 -9999 -9999
1960 10 20 12   100   -72 -9999 -9999    31     0 -9999 -9999
1960 10 22 12   111  -128 -9999   290    41     1 -9999 -9999
1960 10 24 12    22   -78 -9999    90    41 -9999 -9999 -9999
1960 10 25 12 -9999 -9999 -9999 -9999    41 -9999 -9999 -9999
1960 10 26 12    22   -89 -9999    70    31     7 -9999 -9999
1960 11 02 00   -22   -61 10367   320    21     0 -9999 -9999
1960 11 06 12    28  -161 -9999 -9999    41     6 -9999 -9999
1960 11 07 12    11  -122 -9999    90    41     5 -9999 -9999
1960 11 09 12   -22  -100 -9999    90    41     1 -9999 -9999
1960 11 09 18   -39   -89 -9999     0     0     3 -9999 -9999
1960 11 10 12   -22  -100 -9999    90    31     2 -9999 -9999
1960 11 11 12   -11   -89 -9999    70    21     7 -9999 -9999
1960 11 12 12   -11   -89 -9999    90    21     7 -9999 -9999
1960 11 13 12   -11   -39 -9999    90    21     7 -9999     6
1960 11 14 12     0   -28 -9999    90    21     4 -9999 -9999
1960 11 15 12   -11 -9999 -9999    90    31 -9999 -9999 -9999
1960 11 16 12   -11   -72 -9999    70    21     5 -9999 -9999
1960 11 18 12    28  -128 -9999    70    21     3 -9999 -9999
1960 11 20 12   -39  -100 -9999    90    41     2 -9999 -9999
1960 11 21 12   -61  -150 -9999    70    41     7 -9999 -9999
1960 11 23 12   -89  -161 -9999    90    31     0 -9999 -9999
1960 11 24 12   -89  -161 -9999    90    21 -9999 -9999 -9999
1960 11 25 12   -89  -189 -9999    90    31     2 -9999 -9999
1960 11 26 12   -78  -189 -9999    90    41     8 -9999 -9999
1960 11 27 12   -72  -150 -9999    90    51     7 -9999 -9999
1960 11 28 12   -72  -161 -9999    90    41     1 -9999 -9999
1960 11 29 12   -61  -161 -9999    90    21     0 -9999 -9999
1960 12 01 12   -39  -161 -9999   320    10     8 -9999 -9999
1960 12 03 12   -39  -139 -9999    90    21 -9999 -9999 -9999
1960 12 04 12   -28  -178 -9999    90    21     1 -9999 -9999
1960 12 05 12   -50  -161 -9999    90    21     1 -9999 -9999
1960 12 05 18   -50   -72 10323     0     0     1 -9999 -9999
1960 12 07 12   -50  -222 -9999     0     0     1 -9999 -9999
1960 12 08 12   -39 -9999 -9999    70 -9999     0 -9999 -9999
1960 12 12 12 -9999 -9999 -9999    90    10     7 -9999 -9999
1960 12 13 12   -11  -172 -9999     0     0     7 -9999 -9999
1960 12 14 00   -28   -61 10268     0     0     7 -9999 -9999
1960 12 14 12 -9999 -9999 -9999   270    21     3 -9999 -9999
1960 12 15 12   -28  -161 -9999    70    21     7 -9999 -9999
1960 12 16 12   -50  -150 -9999    90    41     1 -9999 -9999
1960 12 17 00   -72  -122 10353   270    10     7 -9999 -9999
1960 12 17 12   -61 -9999 -9999    70    41     1 -9999 -9999
1960 12 18 12 -9999 -9999 -9999 -9999 -9999     7 -9999 -9999
1960 12 20 12   -72  -189 -9999    90    41     1 -9999 -9999
1960 12 21 12    11  -139 -9999   250    82     7 -9999 -9999
1960 12 22 12   -50  -178 -9999    70    41     1 -9999 -9999
1960 12 24 12   -61  -189 -9999    90    10 -9999 -9999 -9999
1960 12 25 12   -61  -172 -9999    70    41     2 -9999 -9999
1960 12 27 12   -89  -278 -9999    70    21     7 -9999 -9999
