1962 01 02 03  -139  -172 -9999   270    41     3 -9999 -9999
1962 01 03 12   -61  -178 -9999    90    41     7 -9999 -9999
1962 01 04 12   -78  -189 -9999    90    41     2 -9999 -9999
1962 01 05 12   -89  -178 -9999    90    31     6 -9999 -9999
1962 01 07 12   -39  -189 -9999     0     0     7 -9999 -9999
1962 01 08 12   -61  -172 -9999    90    62     1 -9999 -9999
1962 01 09 12     0  -211 -9999    90    21     7 -9999 -9999
1962 01 10 12   -39  -178 -9999    90    21     7 -9999 -9999
1962 01 11 00   -89  -122 10015   200    21     7 -9999 -9999
1962 01 11 12   -50  -228 -9999    70    21     7 -9999 -9999
1962 01 12 06     0  -122 10242     0     0     4 -9999 -9999
1962 01 12 12   -39  -122 -9999    70    41     6 -9999 -9999
1962 01 13 12   -78  -161 -9999    90    41     5 -9999 -9999
1962 01 14 12   -89  -189 -9999    90    41     2 -9999 -9999
1962 01 15 12  -111  -178 -9999 -9999 -9999     1 -9999 -9999
1962 01 16 12  -128  -161 -9999    70    31     8 -9999     6
1962 01 17 03  -200  -239 -9999   270    51     0 -9999 -9999
1962 01 17 12  -139  -222 -9999    90    21     1 -9999 -9999
1962 01 18 12  -139  -211 -9999    90    41     1 -9999 -9999
1962 01 19 12  -122  -228 -9999     0     0     1 -9999     6
1962 01 21 03  -172  -239 -9999   270    41     1 -9999 -9999
1962 01 21 12  -139  -189 -9999    90    41     1 -9999 -9999
1962 01 22 03  -189  -250 -9999   250    72     1 -9999 -9999
1962 01 22 12  -122  -228 -9999    90    41     0 -9999 -9999
1962 01 23 03  -189  -250 -9999   250    10     0 -9999 -9999
1962 01 23 12  -128  -200 -9999    90    31     1 -9999 -9999
1962 01 24 03  -100  -261 -9999   250    62     7 -9999 -9999
1962 01 24 12  -111  -189 -9999    90    41     7 -9999 -9999
1962 01 25 03  -178  -211 -9999     0     0     7 -9999 -9999
1962 01 25 12  -100  -200 -9999    90    41     1 -9999 -9999
1962 01 26 03  -150  -222 -9999   250    51     1 -9999 -9999
1962 01 26 12  -100  -189 -9999    90    51     8 -9999 -9999
1962 01 27 03  -161  -189 -9999    20    21     7 -9999 -9999
1962 01 27 12   -89  -200 -9999    90    31     1 -9999 -9999
1962 01 28 03  -172  -228 -9999   250    10     1 -9999 -9999
1962 01 28 12  -100  -178 -9999    90    41     7 -9999 -9999
1962 01 29 03  -139  -189 -9999   270    51     7 -9999 -9999
1962 01 29 12   -89  -161 -9999    90    21     7 -9999 -9999
1962 01 29 15   -39  -139 10337     0     0     2 -9999 -9999
1962 01 30 03  -161  -189 -9999     0     0     2 -9999 -9999
1962 01 30 12   -78  -161 -9999    90    62     2 -9999 -9999
1962 01 31 03  -122  -200 -9999   270    82     0 -9999 -9999
1962 01 31 12   -72  -150 -9999    70    51     7 -9999 -9999
1962 02 01 03  -100  -178 -9999   270    41     7 -9999 -9999
1962 02 02 03   -78  -211 -9999   250    82     3 -9999 -9999
1962 02 02 12   -50  -161 -9999    90    51     2 -9999 -9999
1962 02 03 03   -72  -222 -9999   250    62     1 -9999 -9999
1962 02 03 12   -50  -161 -9999    90    41     3 -9999 -9999
1962 02 04 03   -78  -189 -9999   250    62     0 -9999 -9999
1962 02 04 12   -39  -122 -9999    70    51     2 -9999 -9999
1962 02 05 03  -122  -161 -9999   270    21     6 -9999 -9999
1962 02 06 00   -50  -178 -9999     0     0     3 -9999 -9999
1962 02 06 03  -139  -172 -9999     0     0     7 -9999 -9999
1962 02 06 12   -39  -172 -9999    90    31     7 -9999 -9999
1962 02 07 00   -72  -161 -9999   270    41     6 -9999 -9999
1962 02 07 03   -78  -161 -9999   250    62     6 -9999 -9999
1962 02 07 12   -22  -161 -9999    40    51     2 -9999 -9999
1962 02 08 03  -122  -228 -9999   250    51     1 -9999 -9999
1962 02 08 12   -39  -178 -9999    90    31     7 -9999 -9999
1962 02 09 03  -122  -161 -9999   270    21     6 -9999 -9999
1962 02 09 12   -50  -161 -9999    90    21     3 -9999 -9999
1962 02 10 03   -89  -211 -9999   270    51     7 -9999 -9999
1962 02 10 12   -39  -178 -9999    90    41     7 -9999 -9999
1962 02 11 03   -61  -161 -9999   270    62     7 -9999 -9999
1962 02 11 12   -28  -161 -9999    70    51     7 -9999 -9999
1962 02 12 03   -78  -128 -9999   270    10     7 -9999 -9999
1962 02 12 12   -50  -161 -9999    90    41     7 -9999 -9999
1962 02 13 03  -150  -178 -9999   270    31     2 -9999 -9999
1962 02 13 12   -72  -111 -9999    90    41     1 -9999 -9999
1962 02 14 03  -139  -172 -9999   250    10     2 -9999 -9999
1962 02 14 12   -39  -128 -9999    90    41     1 -9999 -9999
1962 02 15 03   -78  -178 -9999   250    51     2 -9999 -9999
1962 02 16 03   -72  -172 -9999   250    62     6 -9999 -9999
1962 02 16 12   -11  -161 -9999    90    41     2 -9999 -9999
1962 02 17 03   -78  -178 -9999   250    62     7 -9999 -9999
1962 02 17 12     0  -161 -9999    90    51     7 -9999 -9999
1962 02 18 03  -100  -178 -9999   270    62     0 -9999 -9999
1962 02 18 12   -11  -139 -9999    90    41     1 -9999 -9999
1962 02 19 00   -50   -72 10301     0     0     7 -9999 -9999
1962 02 19 03   -78  -172 -9999   250    62     0 -9999 -9999
1962 02 19 12   -11  -161 -9999    70    51     6 -9999 -9999
1962 02 20 03   -50  -150 -9999   250    82     1 -9999 -9999
1962 02 20 12    39  -122 -9999    70    41     1 -9999 -9999
1962 02 21 03   -28  -139 -9999   270    72     0 -9999 -9999
1962 02 21 12    61  -161 -9999    90    41     2 -9999 -9999
1962 02 22 03   -22  -178 -9999   250    82     2 -9999 -9999
1962 02 22 12    61  -128 -9999    90    10     6 -9999 -9999
1962 02 23 03    11  -139 -9999   250    72     3 -9999 -9999
1962 02 23 12    39  -128 -9999    90    51     7 -9999 -9999
1962 02 24 00    22   -61 10147   340    21     8 -9999 -9999
1962 02 24 03   -22  -100 -9999     0     0     8 -9999 -9999
1962 02 24 12    22  -161 -9999    70    51     7 -9999     6
1962 02 25 03   -72  -161 -9999   220    10     7 -9999 -9999
1962 02 26 03   -78  -161 -9999   270    10     0 -9999 -9999
1962 02 26 12   -22  -189 -9999    90    41     0 -9999 -9999
1962 02 27 03   -89  -189 -9999   250    41     1 -9999 -9999
1962 02 27 12     0  -211 -9999    90    51     0 -9999 -9999
1962 02 28 03   -72  -200 -9999   270    51     6 -9999 -9999
1962 02 28 12    11  -200 -9999    90    51     0 -9999 -9999
1962 03 01 03   -72  -172 -9999   290    51     3 -9999 -9999
1962 03 01 12    22  -200 -9999    90    41     2 -9999 -9999
1962 03 02 03   -50  -200 -9999   250    31     1 -9999 -9999
1962 03 02 06    28  -172 -9999    90    31     7 -9999 -9999
1962 03 03 03   -22  -150 -9999   250    72     8 -9999 -9999
1962 03 03 12    28  -161 -9999    70    31     8 -9999 -9999
1962 03 04 03   -28  -161 -9999   270    62     6 -9999 -9999
1962 03 04 12    50  -189 -9999    90    41     7 -9999 -9999
1962 03 05 03   -11  -161 -9999   250    41     8 -9999 -9999
1962 03 05 12    39  -178 -9999    70    41     7 -9999 -9999
1962 03 06 03   -22  -178 -9999   250    82     1 -9999 -9999
1962 03 06 06    61  -139 -9999   220    10     1 -9999 -9999
1962 03 06 12    39  -200 -9999    90    41     5 -9999 -9999
1962 03 07 03   -28  -122 -9999   250    62     0 -9999 -9999
1962 03 07 06    61  -128 -9999   250    21     1 -9999 -9999
1962 03 07 12    72  -161 -9999    90    31     7 -9999 -9999
1962 03 07 18   -22  -128 -9999   270    41     1 -9999 -9999
1962 03 08 00   -11  -111 -9999   270    31     1 -9999 -9999
1962 03 08 03    22  -139 -9999   220    41     1 -9999 -9999
1962 03 08 06    89 -9999 -9999   220    41     3 -9999 -9999
1962 03 08 12   100  -222 -9999   340    51     2 -9999 -9999
1962 03 08 18    22  -161 -9999   270    51     0 -9999 -9999
1962 03 09 00    11   -89 -9999   270    72     1 -9999 -9999
1962 03 09 03    28  -150 -9999   250    51     1 -9999 -9999
1962 03 09 06    78  -161 -9999    90    82     1 -9999 -9999
1962 03 09 12    61  -172 -9999    90    41     1 -9999 -9999
1962 03 10 00   -50  -139 -9999   270    21     0 -9999 -9999
1962 03 10 03   -28  -128 -9999   270    31     0 -9999 -9999
1962 03 10 06    22  -139 -9999    90    41     0 -9999 -9999
1962 03 10 12    22  -139 -9999    90    51     0 -9999 -9999
1962 03 10 18   -39  -122 -9999     0     0     0 -9999 -9999
1962 03 11 03   -28  -122 -9999     0     0     0 -9999 -9999
1962 03 11 06    72   -89 -9999   220    41     0 -9999 -9999
1962 03 11 12    39  -150 -9999    90    62     5 -9999 -9999
1962 03 11 18   -22   -89 -9999   270    62     0 -9999 -9999
1962 03 12 03     0  -161 -9999   270    62     1 -9999 -9999
1962 03 12 06   111  -161 -9999   250    31     1 -9999 -9999
1962 03 12 12    72  -139 -9999    90    41     1 -9999 -9999
1962 03 12 18   -11  -128 -9999   270    41     0 -9999 -9999
1962 03 13 00   -39  -139 -9999   270    62     0 -9999 -9999
1962 03 13 03    22  -150 -9999   250    51     7 -9999 -9999
1962 03 13 06   100  -122 -9999     0     0     8 -9999 -9999
1962 03 13 12    78  -111 -9999    90    51     7 -9999 -9999
1962 03 13 18     0  -128 -9999   270    62     0 -9999 -9999
1962 03 14 00   -11  -111 -9999   220    41     7 -9999 -9999
1962 03 14 03    28  -139 -9999   290    31     7 -9999 -9999
1962 03 14 06    89  -128 -9999    70    31     5 -9999 -9999
1962 03 14 12   100  -128 -9999    10    51     7 -9999 -9999
1962 03 14 18   -11  -139 -9999   270    51     0 -9999 -9999
1962 03 15 00   -22  -139 -9999   270    62     1 -9999 -9999
1962 03 15 03    22  -139 -9999   270    72     6 -9999 -9999
1962 03 15 06   122  -161 -9999   250    31     7 -9999 -9999
1962 03 15 12   122  -200 -9999   110    62     7 -9999 -9999
1962 03 15 18    11  -139 -9999   270    31     7 -9999 -9999
1962 03 16 00     0  -178 -9999   270    62     4 -9999 -9999
1962 03 16 03    22  -178 -9999   270    41     7 -9999 -9999
1962 03 16 06   100  -200 -9999   250    10     7 -9999 -9999
1962 03 16 12   100  -161 -9999   270    51     7 -9999 -9999
1962 03 17 06    89  -128 -9999 -9999 -9999     8 -9999 -9999
1962 03 17 12    89  -139 -9999    90    51     7 -9999 -9999
1962 03 17 18    28  -150 -9999   270    41     6 -9999 -9999
1962 03 18 00    39  -239 -9999   220    82     7 -9999 -9999
1962 03 18 03    50  -222 -9999   270    72     7 -9999 -9999
1962 03 18 06   122  -239 -9999   250    41     7 -9999 -9999
1962 03 18 12   139  -161 -9999   110    51     8 -9999 -9999
1962 03 18 18    61  -161 -9999   270    62     8 -9999 -9999
1962 03 19 00    11  -128 -9999   270    41     7 -9999 -9999
1962 03 19 03    39  -100 -9999   250    31     7 -9999 -9999
1962 03 19 06   128  -172 -9999    90    31     7 -9999 -9999
1962 03 19 12    61  -111 -9999    90    62     9 -9999 -9999
1962 03 19 18     0   -72 -9999    90    21     9 -9999 -9999
1962 03 20 00   -22  -139 -9999    70    31     9 -9999 -9999
1962 03 20 03   -22  -139 -9999    90    31     9 -9999 -9999
1962 03 20 06     0  -172 -9999    90    41     9 -9999 -9999
1962 03 20 12     0  -172 -9999    70    62 -9999 -9999 -9999
1962 03 20 18   -28  -139 -9999    90    21     0 -9999 -9999
1962 03 21 00   -39  -150 -9999     0     0     0 -9999 -9999
1962 03 21 03   -28  -122 -9999     0     0     0 -9999 -9999
1962 03 21 06   -11  -139 -9999    90    41     0 -9999 -9999
1962 03 21 12    11  -111 -9999    70    62     0 -9999 -9999
1962 03 21 18   -39  -139 -9999     0     0     8 -9999 -9999
1962 03 22 03   -39  -178 -9999    70    51     7 -9999 -9999
1962 03 22 06   -11  -189 -9999    90    51     7 -9999 -9999
1962 03 22 12     0  -100 -9999    70    62     0 -9999 -9999
1962 03 22 18   -50  -128 -9999     0     0     0 -9999 -9999
1962 03 23 00   -78  -161 -9999   270    21     5 -9999 -9999
1962 03 23 06     0  -150 -9999   140    10     0 -9999 -9999
1962 03 23 12    11  -200 -9999    90    62     0 -9999 -9999
1962 03 23 18   -50  -122 -9999     0     0     0 -9999 -9999
1962 03 24 00   -78  -161 -9999     0     0     0 -9999 -9999
1962 03 24 03   -39  -189 -9999   270    31     0 -9999 -9999
1962 03 24 12    22  -161 -9999    90    62     7 -9999 -9999
1962 03 24 18   -39  -139 -9999    70    10     6 -9999 -9999
1962 03 25 00   -50  -161 -9999   270    31     2 -9999 -9999
1962 03 25 03   -22  -161 -9999   270    31     0 -9999 -9999
1962 03 25 06    28  -161 -9999    40    31     8 -9999 -9999
1962 03 25 12    50  -139 -9999    70    41     7 -9999 -9999
1962 03 25 18   -11  -100 -9999     0     0     2 -9999 -9999
1962 03 26 00   -28  -128 -9999   270    51     1 -9999 -9999
1962 03 26 06    72  -139 -9999   110    41     6 -9999 -9999
1962 03 26 12    78  -139 -9999    70    62     6 -9999 -9999
1962 03 26 18    11  -128 -9999   270    62     2 -9999 -9999
1962 03 27 03    72  -122 -9999   250    51     0 -9999 -9999
1962 03 27 06   122  -139 -9999    90    51     1 -9999 -9999
1962 03 27 18    22  -100 -9999   270    41     0 -9999 -9999
1962 03 28 00     0  -128 -9999   250    51     0 -9999 -9999
1962 03 28 03    61  -128 -9999   290    41     1 -9999 -9999
1962 03 28 06   128  -139 -9999    90    51     7 -9999 -9999
1962 03 28 09   150  -178 -9999    90    62     0 -9999 -9999
1962 03 28 12   128  -150 -9999    90    51     0 -9999 -9999
1962 03 28 18    22   -89 -9999   270    41     0 -9999 -9999
1962 03 28 21    28  -128 -9999   270    62     0 -9999 -9999
1962 03 29 00    28  -122 -9999   270    62     0 -9999 -9999
1962 03 29 03    61  -139 -9999   290    31     0 -9999 -9999
1962 03 29 06   150  -139 -9999    40    31     0 -9999 -9999
1962 03 29 09   172  -139 -9999    90    51     0 -9999 -9999
1962 03 29 12   150  -128 -9999    90    51     0 -9999 -9999
1962 03 29 18    61  -111 -9999   250    62     0 -9999 -9999
1962 03 29 21    50  -139 -9999   250    82     0 -9999 -9999
1962 03 30 00    61  -189 -9999   250    82     1 -9999 -9999
1962 03 30 06   178  -211 -9999   270    31     1 -9999 -9999
1962 03 30 09   189  -222 -9999    90    62     2 -9999 -9999
1962 03 30 12   172  -222 -9999    90    62     5 -9999 -9999
1962 03 30 21    61  -128 -9999   270    62     1 -9999 -9999
1962 03 31 03    72  -150 -9999   270    51     7 -9999 -9999
1962 03 31 06   150  -161 -9999    90    51     8 -9999 -9999
1962 03 31 09   172  -222 -9999    70    82     7 -9999 -9999
1962 03 31 12   150  -250 -9999    70    72     7 -9999 -9999
1962 03 31 18    39   -89 -9999   270    21     2 -9999 -9999
1962 03 31 21    28  -100 -9999   270    21     2 -9999 -9999
1962 04 01 00    22  -128 -9999   270    21     2 -9999 -9999
1962 04 01 03    61  -211 -9999   270    51     0 -9999 -9999
1962 04 01 06   128  -211 -9999    90    31     0 -9999 -9999
1962 04 01 09   128  -228 -9999    90    72     0 -9999 -9999
1962 04 01 12   111  -200 -9999   110    62     8 -9999 -9999
1962 04 01 18    50  -100 -9999     0     0     0 -9999 -9999
1962 04 01 21    28  -100 -9999     0     0     7 -9999 -9999
1962 04 02 00    11  -111 -9999   270    31     7 -9999 -9999
1962 04 02 03    50  -161 -9999   250    31     8 -9999 -9999
1962 04 02 06    89  -161 -9999    70    21     8 -9999 -9999
1962 04 02 09   100  -139 -9999    40    21     8 -9999 -9999
1962 04 02 12   100  -139 -9999    90    31     8 -9999 -9999
1962 04 02 18    50  -122 -9999    90    21     8 -9999 -9999
1962 04 02 21    11  -111 -9999   270    10     5 -9999 -9999
1962 04 03 00    22  -172 -9999   250    51     2 -9999 -9999
1962 04 03 03    50  -200 -9999   250    51     0 -9999 -9999
1962 04 03 06   122  -150 -9999   250    21     2 -9999 -9999
1962 04 03 09   111  -189 -9999    90    82     7 -9999 -9999
1962 04 03 12    89  -172 -9999    90    51     8 -9999 -9999
1962 04 03 18    61   -89 -9999   270    21     7 -9999 -9999
1962 04 03 21    50   -50 -9999   250    41     3 -9999 -9999
1962 04 04 03    61   -72 -9999   250    21     7 -9999 -9999
1962 04 04 09   122  -250 -9999   360    98     7 -9999 -9999
1962 04 04 12   111  -278 -9999   360    51     5 -9999 -9999
1962 04 04 18    50  -222 -9999   270    41     2 -9999 -9999
1962 04 05 00   -22  -200 -9999   250    62     3 -9999 -9999
1962 04 05 03    39  -272 -9999   250    62     6 -9999 -9999
1962 04 05 06   111 -9999 -9999   270    41     3 -9999 -9999
1962 04 05 09   128 -9999 -9999   180    31     1 -9999 -9999
1962 04 05 12   122 -9999 -9999   340    98     1 -9999 -9999
1962 04 06 00   -50 -9999 -9999   270    21     1 -9999 -9999
1962 04 06 03    11  -178 -9999    40    21     7 -9999 -9999
1962 04 06 06    50  -139 -9999    90    21     7 -9999 -9999
1962 04 06 09    78  -200 -9999    90    72     8 -9999 -9999
1962 04 06 12    50  -139 -9999    80    72     9 -9999 -9999
1962 04 06 18    22  -111 -9999     0     0     9 -9999 -9999
1962 04 06 21    11  -128 -9999     0     0     9 -9999 -9999
1962 04 07 00     0  -100 -9999     0     0     9 -9999 -9999
1962 04 07 03    11   -78 -9999    70    21 -9999 -9999 -9999
1962 04 07 06    39  -122 -9999    90    21 -9999 -9999 -9999
1962 04 07 12    50  -128 -9999    70    62 -9999 -9999 -9999
1962 04 07 21   -11  -100 -9999    70    21     3 -9999 -9999
1962 04 08 00   -28  -100 -9999    70    10     0 -9999 -9999
1962 04 08 03     0   -89 -9999    70    10     0 -9999 -9999
1962 04 08 06    39  -122 -9999    70    41     8 -9999 -9999
1962 04 08 09    61  -128 -9999    90    31     0 -9999 -9999
1962 04 08 12    61  -128 -9999    70    51     8 -9999 -9999
1962 04 08 18     0  -111 -9999     0     0     0 -9999 -9999
1962 04 08 21   -11   -89 -9999     0     0     6 -9999 -9999
1962 04 09 00   -22   -89 -9999     0     0     7 -9999 -9999
1962 04 09 03    28  -128 -9999     0     0     7 -9999 -9999
1962 04 09 06    61  -111 -9999    70    21     8 -9999 -9999
1962 04 09 09    78  -128 -9999    70    51     8 -9999 -9999
1962 04 09 12    72  -139 -9999    70    72     7 -9999 -9999
1962 04 09 18    22   -89 -9999     0     0     0 -9999 -9999
1962 04 09 21     0   -89 -9999   270    21     0 -9999 -9999
1962 04 10 00     0  -100 -9999   270    41     7 -9999 -9999
1962 04 10 03    28  -111 -9999   270    21     7 -9999 -9999
1962 04 10 06    72  -122 -9999    70    31     7 -9999 -9999
1962 04 10 09    89   -72 -9999    90    41     7 -9999 -9999
1962 04 10 12    78  -111 -9999    90    31     8 -9999 -9999
1962 04 10 21    11   -22 -9999   270    21     6 -9999 -9999
1962 04 11 06    61   -72 -9999   120    41     7 -9999 -9999
1962 04 11 12    72   -50 -9999   110    62     7 -9999 -9999
1962 04 11 18    28   -39 -9999     0     0     7 -9999     6
1962 04 12 00    28   -28 -9999   250    21     8 -9999     6
1962 04 12 18    28   -39 -9999     0     0     8 -9999 -9999
1962 04 13 06   150  -111 -9999   250    51     7 -9999 -9999
1962 04 14 21    61   -50 -9999   250    51     3 -9999 -9999
1962 04 15 09   189   -89 -9999    40    41     7 -9999 -9999
1962 04 15 12   161   -89 -9999   120    72 -9999 -9999 -9999
1962 04 15 18    89   -22 -9999     0     0 -9999 -9999 -9999
1962 04 15 21   111   -28 -9999   140    10     8 -9999 -9999
1962 04 16 03   122   -11 -9999   270    72     7 -9999 -9999
1962 04 16 09   122   -72 -9999    70    21     7 -9999 -9999
1962 04 16 12   122   -72 -9999    70    21     0 -9999 -9999
1962 04 17 03    78  -100 -9999   270    21     7 -9999 -9999
1962 04 18 00 -9999 -9999 -9999   270    41     0 -9999 -9999
1962 04 18 03    72  -100 -9999   270    51     1 -9999 -9999
1962 04 18 21    11   -61 -9999   250    21     6 -9999 -9999
1962 04 19 03   100  -111 -9999   210    21     7 -9999 -9999
1962 04 19 09   161  -111 -9999   190    62     7 -9999 -9999
1962 04 19 12   150   -72 -9999    90    21     8 -9999 -9999
1962 04 19 21    72   -78 -9999   250    41     5 -9999 -9999
1962 04 20 03   100  -122 -9999   220    31 -9999 -9999 -9999
1962 04 20 06   172  -111 -9999   220    41     6 -9999 -9999
1962 04 20 09   172  -128 -9999   270    41 -9999 -9999 -9999
1962 04 20 18    28  -100 -9999   200 -9999     1 -9999 -9999
1962 04 21 00   -22  -189 -9999   270    41     1 -9999 -9999
1962 04 21 03    61  -211 -9999   250    31     1 -9999 -9999
1962 04 21 06   111  -222 -9999    90    41     1 -9999 -9999
1962 04 21 09   122  -172 -9999    40    41     8 -9999 -9999
1962 04 21 12    89   -72 -9999    90    51     8 -9999 -9999
1962 04 21 21    50   -28 -9999    90    31     8 -9999 -9999
1962 04 22 00    28   -28 -9999    90    10     8 -9999 -9999
1962 04 22 03    61   -22 -9999    70    21     0 -9999 -9999
1962 04 22 06   100   -28 -9999    40    51     0 -9999 -9999
1962 04 22 09   111   -39 -9999    70    72     0 -9999 -9999
1962 04 22 12   100   -50 -9999    90    62     0 -9999 -9999
1962 04 22 18    61   -22 -9999     0     0     6 -9999 -9999
1962 04 22 21    39   -22 -9999     0     0     0 -9999 -9999
1962 04 23 00    39     0 -9999     0     0     0 -9999 -9999
1962 04 23 09   128   -78 -9999    70    41     0 -9999 -9999
1962 04 23 12   128   -72 -9999    70 -9999     0 -9999 -9999
1962 04 23 18    78   -72 -9999     0     0     0 -9999 -9999
1962 04 24 00   100   -61 -9999   210    51     8 -9999 -9999
1962 04 24 06   200   -61 -9999   270    31     2 -9999 -9999
1962 04 24 09   228   -89 -9999   230    62     2 -9999 -9999
1962 04 24 18   128   -22 -9999     0     0     8 -9999 -9999
1962 04 24 21   139   -22 -9999   250    41     8 -9999 -9999
1962 04 25 00   111   -28 -9999   220    31     8 -9999 -9999
1962 04 25 03   128   -11 -9999    20    72     1 -9999 -9999
1962 04 25 06   161   -28 -9999     0     0     7 -9999 -9999
1962 04 25 09 -9999 -9999 -9999    90    51     8 -9999 -9999
1962 04 25 12   161   -39 -9999    90    72     8 -9999 -9999
1962 04 25 18   122    11 -9999     0     0     7 -9999     6
1962 04 26 00   100 -9999 -9999   220    31     8 -9999     6
1962 04 26 09   122    39 -9999   270    62     7 -9999 -9999
1962 04 26 12   150    11 -9999   210    51     5 -9999 -9999
1962 04 26 18    89    28 -9999   190    41     2 -9999    10
1962 04 27 00   128    22 -9999   360    31     0 -9999 -9999
1962 04 27 12   211   -39 -9999   270    72     1 -9999 -9999
1962 04 27 18    89    11 -9999     0     0     0 -9999 -9999
1962 04 27 21    89   -28 -9999   270    72     0 -9999 -9999
1962 04 28 00    72   -28 -9999   250    51     2 -9999 -9999
1962 04 28 09   211     0 -9999    70    82     5 -9999 -9999
1962 04 28 18   111     0 -9999   170    10     0 -9999 -9999
1962 04 28 21   100    11 -9999 -9999    41     6 -9999 -9999
1962 04 29 06   200   -11 -9999    40    10     7 -9999 -9999
1962 04 29 09   211   -22 -9999    90    41     8 -9999 -9999
1962 04 29 12   200   -39 -9999    70    62     7 -9999 -9999
1962 04 29 18   128   -22 -9999     0     0     0 -9999 -9999
1962 04 30 00   111     0 -9999   270    51 -9999 -9999 -9999
1962 04 30 03   161     0 -9999   220    41     7 -9999 -9999
1962 04 30 18   128    11 -9999     0     0     1 -9999 -9999
1962 04 30 21   111     0 -9999   160    10     1 -9999 -9999
1962 05 01 06   200   -39 -9999   140    21     7 -9999 -9999
1962 05 01 18   111     0 -9999   270    10     0 -9999 -9999
1962 05 01 21   100 -9999 -9999   270   118     7 -9999 -9999
1962 05 02 00   111   -39 -9999     0     0     8 -9999 -9999
1962 05 02 03   161   -39 -9999   250    41     7 -9999 -9999
1962 05 02 18   172    11 -9999     0     0     8 -9999 -9999
1962 05 03 00   111     0 -9999   220    21     0 -9999 -9999
1962 05 03 12   200   -11 -9999    20    72     1 -9999 -9999
1962 05 03 18   150   -22 -9999     0     0     1 -9999 -9999
1962 05 04 06   178     0 -9999     0     0     1 -9999 -9999
1962 05 04 09   189    11 -9999   110    10     7 -9999 -9999
1962 05 04 18   139    28 -9999     0     0     8 -9999 -9999
1962 05 05 12   122    11 -9999    70    41     7 -9999     5
1962 05 05 18    89     0 -9999    20    62     7 -9999     6
1962 05 05 21   -28   -39 -9999     0     0     0 -9999 -9999
1962 05 06 18    72     0 -9999   270    41     0 -9999 -9999
1962 05 08 09   100     0 -9999   250    31     8 -9999 -9999
1962 05 08 18    78    39 -9999     0     0     6 -9999 -9999
1962 05 08 21    72    39 -9999   270    41     0 -9999 -9999
1962 05 09 00    50    22 -9999     0     0     1 -9999 -9999
1962 05 09 03    89   -22 -9999     0     0     0 -9999 -9999
1962 05 09 09   150   -11 -9999     0     0     6 -9999 -9999
1962 05 09 12   150   -22 -9999   250    10     1 -9999 -9999
1962 05 09 18   100   -50 -9999    10    10     1 -9999 -9999
1962 05 10 12   150     0 -9999   250    98     2 -9999 -9999
1962 05 11 00    61    22 -9999   270    51     2 -9999 -9999
1962 05 11 03 -9999 -9999 -9999   250    41 -9999 -9999 -9999
1962 05 11 06   172   -39 -9999   220    41     1 -9999 -9999
1962 05 11 12   200   -39 -9999   290    82     7 -9999 -9999
1962 05 11 18   122    22 -9999   220    41     1 -9999 -9999
1962 05 12 03   128    11 -9999   270    31     3 -9999 -9999
1962 05 12 06   200 -9999 -9999     0     0 -9999 -9999 -9999
1962 05 12 09   222   -22 -9999    90    62     3 -9999 -9999
1962 05 12 12   200     0 -9999    70    62     7 -9999 -9999
1962 05 13 00   122    28 -9999   210    31     7 -9999 -9999
1962 05 13 06   189    39 -9999    20    41     7 -9999     6
1962 05 13 09   139    28 -9999   360    51     7 -9999 -9999
1962 05 13 18   111   100 -9999   210    10     5 -9999 -9999
1962 05 14 06   239    39 -9999   270    31     7 -9999 -9999
1962 05 14 12   172    22 -9999   200    98     1 -9999     6
1962 05 14 21   122    11 -9999   270    41     8 -9999 -9999
1962 05 15 06   150     0 -9999   200    41     8 -9999     6
1962 05 15 12   178   -11 -9999     0     0     1 -9999 -9999
1962 05 16 06   172 -9999 -9999   150    31     8 -9999 -9999
1962 05 16 18   150     0 -9999   250    72     8 -9999 -9999
1962 05 17 00   100    28 -9999   270    51     7 -9999 -9999
1962 05 17 03   161   -11 -9999    70    31     7 -9999 -9999
1962 05 17 18   139    28 -9999     0     0     8 -9999 -9999
1962 05 18 00   122    11 -9999   250    51     7 -9999 -9999
1962 05 18 09   122 -9999 -9999   170    62     7 -9999 -9999
1962 05 18 18   122    11 -9999   250    21     6 -9999 -9999
1962 05 18 21   100 -9999 -9999   150    62 -9999 -9999 -9999
1962 05 19 06 -9999 -9999 -9999     0     0 -9999 -9999 -9999
1962 05 19 12   239    22 -9999   220    10     3 -9999 -9999
1962 05 19 18   150   -28 -9999     0     0     6 -9999 -9999
1962 05 19 21 -9999 -9999 -9999    40    21     2 -9999 -9999
1962 05 20 03   172   -39 -9999   250    51     1 -9999 -9999
1962 05 20 09   250   -11 -9999   220    62     1 -9999 -9999
1962 05 20 21   128     0 -9999   270    21     0 -9999 -9999
1962 05 21 06   228     0 -9999   220    10     1 -9999 -9999
1962 05 21 12   211    22 -9999   270    62     7 -9999 -9999
1962 05 21 21   122   -39 -9999     0     0     1 -9999 -9999
1962 05 22 03   111    39 -9999   250    31     0 -9999 -9999
1962 05 22 12   239    28 -9999    40    21     7 -9999 -9999
1962 05 22 21   161    61 -9999     0     0     1 -9999 -9999
1962 05 23 00   122    28 -9999   250    31     7 -9999 -9999
1962 05 23 18   172    72 -9999   210    21     8 -9999 -9999
1962 05 24 00   139    61 -9999   250    41     7 -9999 -9999
1962 05 24 06   189    78 -9999   250    51     8 -9999     6
1962 05 24 09 -9999 -9999 -9999   340    21     8 -9999 -9999
1962 05 24 18   128    50 -9999   250    51     8 -9999     6
1962 05 25 00   100    28 -9999   250    41     2 -9999 -9999
1962 05 25 21 -9999 -9999 -9999     0     0     6 -9999 -9999
1962 05 26 00   111    61 -9999   270    21     1 -9999 -9999
1962 05 26 18   161    39 -9999   310    98     1 -9999 -9999
1962 05 26 21   100     0 -9999   360    41     2 -9999 -9999
1962 05 27 09   172    50 -9999   270    82     7 -9999 -9999
1962 05 27 18   139    28 -9999   270    41     6 -9999 -9999
1962 05 27 21   122    11 -9999   220    98     1 -9999 -9999
1962 05 28 00    89   -11 -9999   220    41     6 -9999 -9999
1962 05 28 12   211   -22 -9999   210    98     7 -9999     6
1962 05 28 18   150    22 -9999   270    41     7 -9999 -9999
1962 05 29 09   200     0 -9999   340    98     7 -9999 -9999
1962 05 29 12   200   -72 -9999   130    62     1 -9999     3
1962 05 29 21   111     0 -9999   320    41     2 -9999 -9999
1962 05 30 00    89     0 -9999     0     0 -9999 -9999     6
1962 05 30 03   161   -39 -9999   250    21     1 -9999 -9999
1962 05 30 09   189   -39 -9999   270   149     7 -9999 -9999
1962 05 30 12   172   -39 -9999   340    51 -9999 -9999 -9999
1962 05 30 21   100    28 -9999     0     0     2 -9999 -9999
1962 05 31 00   111   -61 -9999    20    31     8 -9999 -9999
1962 05 31 03   150 -9999 -9999   120    51     1 -9999 -9999
1962 05 31 21   100    39 -9999   210    51     7 -9999 -9999
1962 06 01 12   200    11 -9999   120    31     7 -9999 -9999
1962 06 01 18   111    39 -9999   120    51     1 -9999 -9999
1962 06 02 00   111    61 10122     0     0     7 -9999 -9999
1962 06 02 03   150    39 -9999   150    51     1 -9999 -9999
1962 06 02 09   200     0 -9999   230    62 -9999 -9999 -9999
1962 06 02 12   178    28 -9999    90    31 -9999 -9999     6
1962 06 03 03   161     0 -9999   260    10     1 -9999 -9999
1962 06 04 06    28     0 -9999   220    62     7 -9999    10
1962 06 04 12   222   -22 -9999    10    21     7 -9999     6
1962 06 04 18   128    11 -9999   270    10     1 -9999 -9999
1962 06 05 03   178    11 -9999   220    51     1 -9999 -9999
1962 06 06 03   172    39 -9999   150    41     7 -9999 -9999
1962 06 06 18   150    39 -9999   270    21     1 -9999     6
1962 06 08 12   222    72 -9999    90    82     7 -9999 -9999
1962 06 09 03   189    72 -9999   250    41 -9999 -9999 -9999
1962 06 09 06   250    50 -9999   100    87     6 -9999 -9999
1962 06 09 12   278    78 -9999    70    21     7 -9999 -9999
1962 06 10 00   200     0 -9999     0     0     6 -9999     5
1962 06 10 18   189    61 -9999    70    10     7 -9999 -9999
1962 06 11 12   278    72 -9999    70    41     7 -9999 -9999
1962 06 12 03   222    72 -9999    10    51     8 -9999 -9999
1962 06 12 12   222    89 -9999   320    51 -9999 -9999     6
1962 06 12 18   128   100 -9999   250    21     8 -9999     3
1962 06 12 21 -9999 -9999 -9999   250    62     8 -9999 -9999
1962 06 13 00    89    72 -9999   250    62     8 -9999    10
1962 06 13 12    78    72 -9999   220    82     8 -9999    30
1962 06 13 18    89    72 -9999     0     0     8 -9999    20
1962 06 14 09    89    78 -9999   250    62     8 -9999 -9999
1962 06 15 09   189    39 -9999   290    51     3 -9999 -9999
1962 06 15 12   172    11 -9999   360    51     7 -9999 -9999
1962 06 15 18   111    22 -9999   270    72     7 -9999 -9999
1962 06 16 03   128    28 -9999   220    41     1 -9999 -9999
1962 06 17 12   239   -11 -9999    90    41     1 -9999 -9999
1962 06 17 18   122    50 -9999     0     0     0 -9999 -9999
1962 06 18 12   228    39 -9999    70    62     1 -9999 -9999
1962 06 18 18   128    61 -9999    90    10     0 -9999 -9999
1962 06 20 06   222    11 -9999   250    41     1 -9999 -9999
1962 06 20 09   272     0 -9999    70    10     1 -9999 -9999
1962 06 20 12   272    11 -9999    70    21     1 -9999 -9999
1962 06 20 18   178     0 -9999    90    10     1 -9999 -9999
1962 06 21 00   122    72 -9999     0     0     3 -9999 -9999
1962 06 21 18   172    61 -9999    90    31     3 -9999 -9999
1962 06 21 21   150    61 -9999   270    31     6 -9999 -9999
1962 06 22 03   200    72 -9999   250    41     7 -9999 -9999
1962 06 22 12   211    11 -9999   250   139     8 -9999     6
1962 06 22 18   161    28 -9999   250    41     7 -9999 -9999
1962 06 23 12   250   -78 -9999   320    51     2 -9999 -9999
1962 06 23 18   150   -11 -9999     0     0     1 -9999 -9999
1962 06 24 18   172    28 -9999     0     0     7 -9999 -9999
1962 06 25 06   211    61 -9999     0     0     7 -9999 -9999
1962 06 25 12   172    39 -9999   270    98     7 -9999     6
1962 06 25 18   122    72 -9999   270    51     8 -9999    10
1962 06 26 03   150    61 -9999   250    41     5 -9999 -9999
1962 06 26 09   222     0 -9999    20    21     6 -9999 -9999
1962 06 26 12   189    39 -9999    70    72     7 -9999 -9999
1962 06 26 18   122    72 -9999     0     0     1 -9999 -9999
1962 06 26 21   111    72 -9999   270    21     0 -9999 -9999
1962 06 27 03   172    72 -9999   270    21     1 -9999 -9999
1962 06 27 12   200    22 -9999   270    41     7 -9999     6
1962 06 27 18   139    50 -9999   250    41     1 -9999     6
1962 06 28 03   172    39 -9999   250    31     7 -9999 -9999
1962 06 28 12   222    28 -9999   110    21     6 -9999     6
1962 06 28 18   150    11 -9999   270    41     1 -9999 -9999
1962 06 29 00   161    72 -9999   290    41     1 -9999 -9999
1962 06 29 03   161    22 -9999   220    41     0 -9999 -9999
1962 06 30 06   139    50 -9999   250    51     5 -9999 -9999
1962 06 30 18   172    50 -9999   250    31     1 -9999 -9999
1962 07 01 03   189    39 -9999   250    51     7 -9999 -9999
1962 07 01 18   172    50 -9999   250    51     0 -9999 -9999
1962 07 02 03   189    50 -9999   250    51     7 -9999 -9999
1962 07 03 00   161    50 -9999   350    41     7 -9999 -9999
1962 07 03 03   189    72 -9999   220    41     7 -9999 -9999
1962 07 03 06   228    72 -9999    70    31     7 -9999 -9999
1962 07 03 09   189    72 -9999   110    31     7 -9999 -9999
1962 07 03 18   150    39 -9999     0     0     1 -9999     6
1962 07 03 21   139    22 -9999   250    21     0 -9999 -9999
1962 07 04 12   261   -11 -9999    20    31     7 -9999 -9999
1962 07 04 21   122    50 -9999   270    31     1 -9999 -9999
1962 07 05 00   122    28 -9999   270    31     2 -9999 -9999
1962 07 05 06   261     0 -9999   270    21     6 -9999 -9999
1962 07 05 12   200    39 -9999    90    72     7 -9999     6
1962 07 05 18   139    50 -9999   110    41     3 -9999     5
1962 07 06 00   122    50 -9999   270    41     3 -9999 -9999
1962 07 06 03   189    50 -9999   220    31     2 -9999 -9999
1962 07 06 06   239    11 -9999   270    21     2 -9999 -9999
1962 07 06 12   239     0 -9999   320    51     7 -9999 -9999
1962 07 07 03   178    72 -9999    70    21     2 -9999 -9999
1962 07 07 06   228    61 -9999   250    10     7 -9999     6
1962 07 07 12   178    78 -9999   360    82     7 -9999    10
1962 07 07 18   161    72 -9999   220    41     2 -9999     6
1962 07 08 06   228    50 -9999     0     0     2 -9999 -9999
1962 07 08 09   172    89 -9999   220    31     7 -9999 -9999
1962 07 08 12   211    72 -9999 -9999    41     8 -9999    20
1962 07 08 18   139   100 -9999     0     0     4 -9999     6
1962 07 09 06   239    39 -9999     0     0 -9999 -9999 -9999
1962 07 09 12   211    72 -9999    90   159     7 -9999     6
1962 07 09 18   161    72 -9999     0     0     4 -9999     6
1962 07 09 21   150    78 -9999   270    51 -9999 -9999 -9999
1962 07 10 03   189    39 -9999   250    62 -9999 -9999 -9999
1962 07 10 06   250    39 -9999   250    10     5 -9999 -9999
1962 07 10 09   250    11 -9999   360    31     6 -9999 -9999
1962 07 10 12   261    22 -9999     0     0     3 -9999 -9999
1962 07 10 18   172    39 -9999     0     0     1 -9999 -9999
1962 07 11 03   189    39 -9999   220    41     7 -9999 -9999
1962 07 11 09   250    72 -9999    70    51     6 -9999 -9999
1962 07 11 12   189    61 -9999    90    62     7 -9999     6
1962 07 11 18   139    72 -9999     0     0     2 -9999     6
1962 07 12 00   139    50 -9999   270    31 -9999 -9999 -9999
1962 07 12 06   139    89 -9999     0     0     8 -9999    20
1962 07 12 21   100    89 -9999   270    41     5 -9999 -9999
1962 07 13 00   111    78 -9999     0     0     7 -9999 -9999
1962 07 13 06   178    89 -9999    70    31     6 -9999 -9999
1962 07 13 12   178    72 -9999   140    21 -9999 -9999     3
1962 07 13 18   139   100 -9999     0     0     7 -9999 -9999
1962 07 13 21   122 -9999 -9999   250    41     1 -9999 -9999
1962 07 14 00   111    61 -9999   250    41     3 -9999 -9999
1962 07 14 06   222    22 -9999    70    21     1 -9999 -9999
1962 07 14 09   239    50 -9999    90    21     1 -9999 -9999
1962 07 14 18   150   100 -9999     0     0     0 -9999 -9999
1962 07 14 21   150    89 -9999 -9999 -9999     0 -9999 -9999
1962 07 15 06   239    78 -9999 -9999    41     1 -9999    10
1962 07 15 09   261   111 -9999    90    51     1 -9999 -9999
1962 07 15 12   239   111 -9999    90    41     2 -9999 -9999
1962 07 15 18   178    89 -9999     0     0     1 -9999 -9999
1962 07 15 21   150    89 -9999   270    10     3 -9999 -9999
1962 07 16 00   161    72 -9999   270    41     7 -9999 -9999
1962 07 16 03   211    89 -9999   240    21     6 -9999 -9999
1962 07 16 18   172    72 -9999   250    21     3 -9999     6
1962 07 16 21   172    39 -9999   250    41     7 -9999 -9999
1962 07 17 00   161    39 -9999   220    41     7 -9999     6
1962 07 17 09   228   100 -9999     0     0     6 -9999 -9999
1962 07 17 12   211    22 -9999    90    98     6 -9999     5
1962 07 17 18   161    72 -9999   250    41     2 -9999     6
1962 07 18 00   128    50 -9999   250    51     1 -9999 -9999
1962 07 18 06   239    28 -9999   250    31     3 -9999 -9999
1962 07 18 18   150    61 -9999     0     0     1 -9999 -9999
1962 07 18 21   150    50 -9999   250 -9999     1 -9999 -9999
1962 07 19 03   189    39 -9999   270    41     7 -9999 -9999
1962 07 19 09   222    72 -9999   220    41     7 -9999 -9999
1962 07 19 12   228 -9999 -9999    90    41     7 -9999 -9999
1962 07 19 18   172    89 -9999   220    41     7 -9999 -9999
1962 07 20 03   128    61 -9999   250    31     8 -9999 -9999
1962 07 20 06   161   111 -9999   220    41     7 -9999    40
1962 07 20 21   161   100 -9999   220    31     7 -9999 -9999
1962 07 21 00   150    89 -9999   220    41     7 -9999 -9999
1962 07 21 03   172    89 -9999   250    41     7 -9999 -9999
1962 07 21 06   200    89 -9999   270    62     7 -9999     6
1962 07 21 09   211    89 -9999   270    41     7 -9999 -9999
1962 07 21 18   189    78 -9999   220    41     8 -9999     6
1962 07 21 21   178    78 -9999   250    31     8 -9999 -9999
1962 07 22 09   228   100 -9999     0     0     8 -9999 -9999
1962 07 22 12   228   122 -9999     0     0     7 -9999     6
1962 07 22 21   150   139 -9999     0     0     8 -9999 -9999
1962 07 23 03   161   128 -9999   220    31     8 -9999 -9999
1962 07 23 06   178   128 -9999   250    31     8 -9999    10
1962 07 23 09   189   128 -9999   220    41     7 -9999 -9999
1962 07 23 12   228   122 -9999     0     0     6 -9999     5
1962 07 24 00   150   100 -9999   220    41     7 -9999     6
1962 07 24 06 -9999 -9999 -9999   270    10     3 -9999 -9999
1962 07 24 12   239    72 -9999    90    41     2 -9999 -9999
1962 07 24 18   178   111 -9999    90    31     2 -9999 -9999
1962 07 25 03   178   100 -9999    90    21     2 -9999 -9999
1962 07 25 06   222   111 -9999    20    21     5 -9999    10
1962 07 25 12   189    89 -9999     0     0     6 -9999     6
1962 07 25 18   128   111 -9999     0     0     1 -9999 -9999
1962 07 26 18   122   100 -9999     0     0     0 -9999    10
1962 07 27 06   122    78 -9999    90    41     2 -9999    80
1962 07 27 09   228   100 -9999    90    41     2 -9999 -9999
1962 07 27 12   222   100 -9999    90    31     3 -9999 -9999
1962 07 27 21   128   100 -9999     0     0     2 -9999 -9999
1962 07 28 18   150   100 -9999   250    31     2 -9999 -9999
1962 07 28 21   150    89 -9999   270    41     2 -9999 -9999
1962 07 29 12   150    89 -9999   220    41     7 -9999    40
1962 07 30 03   111   100 -9999   220    41     8 -9999 -9999
1962 07 30 06   139   111 -9999    40    31     7 -9999     5
1962 07 30 12   200   111 -9999   250    21     7 -9999     3
1962 07 30 18   150   100 -9999   270    41     1 -9999 -9999
1962 07 30 21   128    78 -9999   250    51     0 -9999 -9999
1962 07 31 00   111 -9999 -9999   250    51 -9999 -9999 -9999
1962 07 31 03   172    72 -9999   250    51     0 -9999 -9999
1962 07 31 06   222    72 -9999   250    21     1 -9999 -9999
1962 07 31 12   250    89 -9999    70    21     1 -9999 -9999
1962 07 31 18   178    72 -9999   250    51     3 -9999 -9999
1962 08 01 00   128    78 -9999   250    41     3 -9999 -9999
1962 08 01 03   178    78 -9999   250    51     4 -9999 -9999
1962 08 01 12   228   122 -9999   290    10     7 -9999     6
1962 08 01 18   178    72 -9999   250    31     2 -9999     6
1962 08 01 21   161    89 -9999   270    31     1 -9999 -9999
1962 08 02 00   128   100 -9999   290    21     7 -9999 -9999
1962 08 02 03   178   111 -9999   270    21     7 -9999 -9999
1962 08 02 12   161   111 -9999   250    41     8 -9999     6
1962 08 02 18   150   100 -9999   250    31     8 -9999     3
1962 08 02 21   150   111 -9999     0     0     8 -9999 -9999
1962 08 03 03   172   100 -9999    20    10     7 -9999 -9999
1962 08 03 09   228   100 -9999    90    31     6 -9999 -9999
1962 08 03 12   200   100 -9999    90    51     2 -9999 -9999
1962 08 03 21   128    89 -9999   270    62     0 -9999 -9999
1962 08 04 06   239    61 -9999    70    10     1 -9999 -9999
1962 08 04 12   250   100 -9999    90    41     1 -9999 -9999
1962 08 04 18   178   128 -9999    90    41     0 -9999 -9999
1962 08 04 21   161   128 -9999     0     0     2 -9999 -9999
1962 08 05 12   250   122 -9999    90    51     6 -9999 -9999
1962 08 05 21   150 -9999 -9999     0     0     1 -9999 -9999
1962 08 06 06   250    72 -9999   360    10     5 -9999 -9999
1962 08 06 12   250    72 -9999    70    62     7 -9999 -9999
1962 08 07 03   200    89 -9999   250    21     7 -9999 -9999
1962 08 07 06   222   100 -9999   270    21     8 -9999 -9999
1962 08 07 09   261    72 -9999    70    10     7 -9999 -9999
1962 08 07 18   200    78 -9999   250    21     8 -9999 -9999
1962 08 08 00 -9999 -9999 -9999   250    21 -9999 -9999 -9999
1962 08 08 18 -9999 -9999 -9999   250    31     3 -9999 -9999
1962 08 09 00 -9999 -9999 -9999   250    41     3 -9999 -9999
1962 08 09 03   189    72 -9999   250    31     2 -9999 -9999
1962 08 09 06   250    28 -9999   250    31     2 -9999 -9999
1962 08 09 09   278    39 -9999     0     0     7 -9999 -9999
1962 08 10 12   200    78 -9999    90    72     7 -9999     6
1962 08 10 18   150   111 -9999     0     0     7 -9999    40
1962 08 11 12   200    50 -9999    90    41     7 -9999 -9999
1962 08 11 21   122    78 -9999     0     0     2 -9999 -9999
1962 08 12 00   111    78 -9999   250    41     1 -9999 -9999
1962 08 12 03   150    78 -9999   220    31 -9999 -9999 -9999
1962 08 12 06   211    61 -9999     0     0     1 -9999 -9999
1962 08 12 12   222    61 -9999    90    51     2 -9999 -9999
1962 08 13 03   178    72 -9999   250    31     5 -9999 -9999
1962 08 13 06   200    89 -9999   270    41     7 -9999     6
1962 08 13 09   222 -9999 -9999   270    41     7 -9999 -9999
1962 08 13 12   239    78 -9999   270    41     4 -9999 -9999
1962 08 13 18   172   100 -9999     0     0     7 -9999 -9999
1962 08 13 21   178    89 -9999     0     0     8 -9999 -9999
1962 08 14 03   178   128 -9999     0     0     8 -9999 -9999
1962 08 14 06   211    89 -9999   250    31     7 -9999     6
1962 08 14 12   189    89 -9999   250    62     7 -9999     6
1962 08 15 12   222    89 -9999   270    41     7 -9999     6
1962 08 15 21   139    89 -9999   270    41     0 -9999 -9999
1962 08 16 03   178    72 -9999   250    51     0 -9999 -9999
1962 08 16 21   150    11 -9999   270    41     0 -9999 -9999
1962 08 17 00   150     0 -9999   250    62     1 -9999 -9999
1962 08 17 03   189    22 -9999   250    41     0 -9999 -9999
1962 08 17 09   289    28 -9999    90    21     1 -9999 -9999
1962 08 17 18   178    28 -9999     0     0     1 -9999     6
1962 08 18 00   139    39 -9999   220    10     7 -9999 -9999
1962 08 18 03   189    78 -9999   250    21     7 -9999 -9999
1962 08 18 06   261     0 -9999   270    31     5 -9999 -9999
1962 08 18 18   228    50 -9999    70    31     6 -9999 -9999
1962 08 18 21   139   111 -9999   270    31     6 -9999 -9999
1962 08 19 00   150    89 -9999   200    72     7 -9999     6
1962 08 19 03   161    78 -9999   220    41     7 -9999 -9999
1962 08 19 06   150    78 -9999   140    51     8 -9999 -9999
1962 08 19 09   128   100 -9999     0     0     8 -9999 -9999
1962 08 19 12   139   100 -9999   250    21     2 -9999    50
1962 08 19 18   122    89 -9999   250    31     7 -9999 -9999
1962 08 19 21   122    89 -9999   270    41     7 -9999 -9999
1962 08 20 03   150    89 -9999   220    41     1 -9999 -9999
1962 08 20 06   211    78 -9999   250    10     2 -9999 -9999
1962 08 20 09   250    72 -9999     0     0     5 -9999 -9999
1962 08 20 12   228    61 -9999   250    31     2 -9999 -9999
1962 08 20 21   122   100 -9999     0     0     7 -9999 -9999
1962 08 21 09   161    89 -9999   250    62     8 -9999 -9999
1962 08 21 12   128   111 -9999   250    10     8 -9999    20
1962 08 21 18   122    89 -9999   250    41     1 -9999    10
1962 08 22 03   150    72 -9999   220    51     1 -9999 -9999
1962 08 22 06   211    89 -9999   220    21     2 -9999 -9999
1962 08 22 09   228    78 -9999    40    51     2 -9999 -9999
1962 08 22 18   128 -9999 -9999   270    41     2 -9999     3
1962 08 23 00   111    72 -9999   250    51     1 -9999    10
1962 08 23 12   228    39 -9999    90    21     1 -9999 -9999
1962 08 23 18   128    89 -9999     0     0     1 -9999 -9999
1962 08 24 03   172    78 -9999   250    41     7 -9999 -9999
1962 08 24 09   228    50 -9999   220    98     7 -9999 -9999
1962 08 24 18   161    72 -9999   220    62     2 -9999 -9999
1962 08 25 12   250    50 -9999     0     0     7 -9999    20
1962 08 25 18   150    89 -9999     0     0     0 -9999     6
1962 08 26 03   172    61 -9999   250    51     1 -9999 -9999
1962 08 26 06   228    22 -9999   250    31     2 -9999 -9999
1962 08 26 09   261    28 -9999   270    21     2 -9999 -9999
1962 08 26 12   211    39 -9999   360    21     7 -9999     3
1962 08 26 21   161    28 -9999   250    41     7 -9999 -9999
1962 08 27 00   128    22 -9999   250    31     7 -9999 -9999
1962 08 27 06   211    11 -9999   360    72     5 -9999 -9999
1962 08 27 09   222   -50 -9999   360    82     1 -9999 -9999
1962 08 27 12   222   -50 -9999   360    62     1 -9999 -9999
1962 08 27 18   111     0 -9999    70    21     0 -9999 -9999
1962 08 28 03   139    39 -9999   250    21     0 -9999 -9999
1962 08 28 06   189    28 -9999    90    21     2 -9999 -9999
1962 08 28 18   128    78 -9999     0     0     5 -9999 -9999
1962 08 29 00   111    78 -9999     0     0     7 -9999 -9999
1962 08 29 03   161    72 -9999   270    31     7 -9999 -9999
1962 08 29 06   200    78 -9999    90    21     6 -9999 -9999
1962 08 29 09   228 -9999 -9999   250    62     3 -9999 -9999
1962 08 29 12   211    61 -9999    70    72     6 -9999 -9999
1962 08 29 18   128    72 -9999     0     0     2 -9999 -9999
1962 08 29 21   122    72 -9999     0     0     2 -9999 -9999
1962 08 30 00   122    50 -9999   250    51     0 -9999 -9999
1962 08 30 03   161    61 -9999   250    62     1 -9999 -9999
1962 08 30 06   122    50 -9999   250    51     0 -9999 -9999
1962 08 30 09   211    50 -9999   290    10     7 -9999 -9999
1962 08 30 12   189    78 -9999    90    41     2 -9999     5
1962 08 30 21   111    78 -9999   250    10     2 -9999 -9999
1962 08 31 03   178    72 -9999   250    31     7 -9999 -9999
1962 08 31 12   222    78 -9999     0     0     7 -9999 -9999
1962 08 31 21   150    61 -9999   250    21     5 -9999 -9999
1962 09 01 00   150    50 -9999   270    31     7 -9999 -9999
1962 09 01 06   200    72 -9999     0     0     7 -9999     6
1962 09 01 18   172    78 -9999   270    21     7 -9999 -9999
1962 09 01 21   139    72 -9999   220    31     2 -9999 -9999
1962 09 02 00   150    72 -9999   250    31     7 -9999 -9999
1962 09 02 03   172    50 -9999   250    41     1 -9999 -9999
1962 09 02 09   250    22 -9999   250    10     3 -9999 -9999
1962 09 02 12   228    39 -9999     0     0     7 -9999 -9999
1962 09 02 21   111    39 -9999   220    41     0 -9999 -9999
1962 09 03 03   172    28 -9999   250    41     2 -9999 -9999
1962 09 03 06   222    39 -9999   250    10     7 -9999 -9999
1962 09 03 12   239    39 -9999     0     0     6 -9999 -9999
1962 09 04 00   128 -9999 -9999   270    41     1 -9999 -9999
1962 09 04 09   239    22 -9999    20    72     7 -9999 -9999
1962 09 04 12   239    61 -9999    70    31     6 -9999 -9999
1962 09 04 18   189    28 -9999     0     0     2 -9999 -9999
1962 09 05 03   178    39 -9999   220    31     2 -9999 -9999
1962 09 05 06 -9999 -9999 -9999     0     0 -9999 -9999 -9999
1962 09 05 12   222    50 -9999    90    41     7 -9999     6
1962 09 05 21   139    39 -9999   270    41     3 -9999 -9999
1962 09 06 03   161    39 -9999   270    41     7 -9999 -9999
1962 09 06 12   228    22 -9999   220    41     7 -9999 -9999
1962 09 07 06   200    61 -9999   280    62     8 -9999     6
1962 09 07 09   189    50 -9999    70    41     7 -9999 -9999
1962 09 07 12   178    72 -9999   220    98     7 -9999     6
1962 09 07 21   128    39 -9999   270    21     7 -9999 -9999
1962 09 08 00   128    39 -9999   220    21     7 -9999 -9999
1962 09 08 09   178    39 -9999   250    51     7 -9999 -9999
1962 09 08 18   139    39 -9999   270    41     2 -9999     6
1962 09 09 00   122    50 -9999   250    51     7 -9999     6
1962 09 09 06   211    50 -9999     0     0     2 -9999     6
1962 09 09 18   139    28 -9999   250    51     1 -9999 -9999
1962 09 09 21   128     0 -9999   250    62     0 -9999 -9999
1962 09 10 18   150    72 -9999   250    21     7 -9999     6
1962 09 10 21   150    61 -9999   270    21     7 -9999 -9999
1962 09 11 03   172    72 -9999   250    31     7 -9999 -9999
1962 09 11 06   200    61 -9999    90    10     7 -9999     6
1962 09 11 09   211    50 -9999   290    21     7 -9999 -9999
1962 09 11 18   172    39 -9999   250    21     8 -9999     6
1962 09 12 00   128    72 -9999   270    31     8 -9999     6
1962 09 13 06   189     0 -9999   270    31     2 -9999 -9999
1962 09 13 09   228    11 -9999   200    31     6 -9999 -9999
1962 09 13 18   111    39 -9999   270    21     2 -9999 -9999
1962 09 14 00   100    11 -9999   170    41     1 -9999 -9999
1962 09 14 06   211    28 -9999     0     0     1 -9999 -9999
1962 09 14 09   239     0 -9999     0     0     2 -9999 -9999
1962 09 14 12   211    11 -9999    90    51     7 -9999 -9999
1962 09 14 21   139     0 -9999   220    21     1 -9999 -9999
1962 09 15 00   100   -11 -9999   220    51     1 -9999 -9999
1962 09 15 12   189    50 -9999    90    51     2 -9999 -9999
1962 09 16 09   228    78 -9999     0     0     7 -9999 -9999
1962 09 16 12   189    39 -9999    70    21     2 -9999     6
1962 09 16 18   100    39 -9999     0     0     1 -9999 -9999
1962 09 17 00    89    11 -9999   250    51     0 -9999 -9999
1962 09 17 03   139    22 -9999   220    62     0 -9999 -9999
1962 09 17 06   211    11 -9999   220    41     0 -9999 -9999
1962 09 18 00   100    28 -9999   250    41     7 -9999 -9999
1962 09 18 03   139    28 -9999   250    51     7 -9999 -9999
1962 09 18 06   189    28 -9999    90    21     7 -9999 -9999
1962 09 18 12   189    50 -9999   270    51     6 -9999 -9999
1962 09 18 21   139    39 -9999   270    82     7 -9999 -9999
1962 09 19 00   250    39 -9999   270    72     7 -9999 -9999
1962 09 19 03   150    50 -9999   250    62     7 -9999 -9999
1962 09 19 06   161    50 -9999   270    82     7 -9999     6
1962 09 19 12   128 -9999 -9999   250    31     7 -9999 -9999
1962 09 20 00   122    22 -9999   250    51     7 -9999 -9999
1962 09 20 03   128    28 -9999   250    41 -9999 -9999 -9999
1962 09 20 09   211    28 -9999   270    82     2 -9999 -9999
1962 09 20 12   200    22 -9999   270    62     2 -9999 -9999
1962 09 20 21   111   -28 -9999   250    21     5 -9999 -9999
1962 09 21 03   111   -50 -9999   220    41     0 -9999 -9999
1962 09 21 09   200     0 -9999   270    31     1 -9999 -9999
1962 09 21 12   172   -11 -9999    70    72 -9999 -9999 -9999
1962 09 21 18    78    28 -9999     0     0     0 -9999 -9999
1962 09 22 00    50    39 -9999     0     0     2 -9999 -9999
1962 09 22 03   111    61 -9999     0     0     7 -9999 -9999
1962 09 22 06   150    50 -9999    10    31     2 -9999 -9999
1962 09 22 09   161    50 -9999   270    21     2 -9999 -9999
1962 09 22 18    78    50 -9999     0     0     0 -9999 -9999
1962 09 22 21    72    50 -9999     0     0     5 -9999 -9999
1962 09 23 03   111    61 -9999   200    21     7 -9999 -9999
1962 09 23 06   100    61 -9999     0     0     7 -9999    10
1962 09 23 09   111    61 -9999    70    51     6 -9999 -9999
1962 09 23 12   111    50 -9999    90    41     6 -9999     3
1962 09 23 18    78    61 -9999 -9999 -9999     7 -9999 -9999
1962 09 24 06   150    50 -9999   180    10     7 -9999 -9999
1962 09 24 21    72    39 -9999     0     0     8 -9999 -9999
1962 09 25 09   139   -50 -9999   200    10     7 -9999 -9999
1962 09 25 21    22    11 -9999   270    21     0 -9999 -9999
1962 09 26 00    22    22 -9999    70    10     7 -9999 -9999
1962 09 26 03    50     0 -9999     0     0     2 -9999 -9999
1962 09 26 06    89   -22 -9999    90    41 -9999 -9999 -9999
1962 09 26 12    89   -50 -9999    70    51 -9999 -9999 -9999
1962 09 27 18    39    22 -9999    90    31     8 -9999 -9999
1962 09 28 00    28    22 -9999     0     0     7 -9999     6
1962 09 28 18    78    11 -9999    90    21     8 -9999 -9999
1962 09 28 21    61    11 -9999     0     0     2 -9999 -9999
1962 09 29 03    78    11 -9999   270    21     2 -9999 -9999
1962 09 29 06   122    11 -9999    90    31     2 -9999 -9999
1962 09 29 09   139    22 -9999    90    41 -9999 -9999 -9999
1962 09 29 18    72    50 -9999     0     0     7 -9999    20
1962 09 29 21    61    28 -9999   250    31     0 -9999 -9999
1962 09 30 00    50     0 -9999   250    62     2 -9999 -9999
1962 09 30 03    78   -11 -9999   220    41     2 -9999 -9999
1962 09 30 06   128   -22 -9999 -9999 -9999     1 -9999 -9999
1962 09 30 12   139   -89 -9999   270    21     7 -9999 -9999
1962 09 30 21    50   -28 -9999   250    31     1 -9999 -9999
1962 10 01 00    50  -100 -9999   220 -9999     2 -9999 -9999
1962 10 02 09   139   -78 -9999    90    41     1 -9999 -9999
1962 10 03 09   128   -28 -9999    70    21     7 -9999 -9999
1962 10 03 12   128   -22 -9999    70    41     6 -9999 -9999
1962 10 03 18    72    22 -9999     0     0     5 -9999 -9999
1962 10 03 21    61     0 -9999   120    31     7 -9999 -9999
1962 10 04 12   100     0 -9999   270    41     7 -9999     6
1962 10 04 18    89   -11 -9999   220    51     7 -9999 -9999
1962 10 04 21    78   -11 -9999   250    31     4 -9999 -9999
1962 10 05 03    89   -22 -9999   220    51     6 -9999 -9999
1962 10 05 06   139   -28 -9999   250    41     7 -9999 -9999
1962 10 05 12   122   -22 -9999   250    51     7 -9999 -9999
1962 10 05 18    72    22 -9999     0     0     3 -9999     6
1962 10 06 03    78   -22 -9999   220    51     7 -9999 -9999
1962 10 06 12   100   -11 -9999    70    41     2 -9999     6
1962 10 06 21    50   -39 -9999   250    31     4 -9999 -9999
1962 10 07 00    39   -50 -9999   250    41     5 -9999 -9999
1962 10 07 03    78 -9999 -9999   270    41     2 -9999 -9999
1962 10 07 09   161  -139 -9999   270    51     6 -9999 -9999
1962 10 07 12   111 -9999 -9999    90    31     1 -9999 -9999
1962 10 08 03    78   -72 -9999   220    21     7 -9999 -9999
1962 10 08 09   128   -39 -9999    70    72     7 -9999 -9999
1962 10 08 12   100   -11 -9999    90    21     2 -9999 -9999
1962 10 08 21    22   -89 -9999   250    21     0 -9999 -9999
1962 10 09 06   139  -122 -9999   200    31     1 -9999 -9999
1962 10 09 18    39   -72 -9999   220    41     0 -9999 -9999
1962 10 09 21    28   -72 -9999   250    51     0 -9999 -9999
1962 10 10 00    50   -78 -9999   250    98     0 -9999 -9999
1962 10 10 03    89   -50 -9999   250    21     0 -9999 -9999
1962 10 10 09   150   -39 -9999    90    62     1 -9999 -9999
1962 10 10 12   111   -22 -9999    70    41     1 -9999 -9999
1962 10 10 18    50   -28 -9999   270    41     0 -9999 -9999
1962 10 12 09   178 -9999 -9999    90    41     3 -9999 -9999
1962 10 12 18    72   -11 -9999   270    31     1 -9999 -9999
1962 10 12 21    50 -9999 -9999   270    41     5 -9999 -9999
1962 10 13 09   139   -28 -9999    90    41     7 -9999 -9999
1962 10 13 12   111   -39 -9999    90    41     7 -9999 -9999
1962 10 13 21    61   -50 -9999   250    41     6 -9999 -9999
1962 10 14 00    50   -61 -9999   250    41     5 -9999 -9999
1962 10 14 06   128   -61 -9999   250    31     7 -9999 -9999
1962 10 14 09   161   -61 -9999   250    21     7 -9999 -9999
1962 10 14 21    50   -22 -9999     0     0     8 -9999 -9999
1962 10 15 00    50   -39 -9999   270    41     7 -9999 -9999
1962 10 15 03    89   -61 -9999   220    41     7 -9999 -9999
1962 10 15 06   139   -50 -9999   270    41     7 -9999 -9999
1962 10 15 18    61   -11 -9999     0     0     7 -9999 -9999
1962 10 16 21    39   -50 -9999   270    21     1 -9999 -9999
1962 10 17 00    28   -50 -9999   250    41     5 -9999 -9999
1962 10 17 03    72   -61 -9999   250    31     7 -9999 -9999
1962 10 17 06   139   -50 -9999   200    21     7 -9999 -9999
1962 10 17 12   111   -11 -9999   180    41     7 -9999     6
1962 10 17 18    61   -22 -9999   200    31     1 -9999     6
1962 10 17 21    50   -39 -9999   250    41     0 -9999 -9999
1962 10 18 00    39   -39 -9999   220    51     1 -9999 -9999
1962 10 18 03    72   -39 -9999   220    41     5 -9999 -9999
1962 10 18 06   139   -50 -9999   220    21     6 -9999 -9999
1962 10 18 12   122   -22 -9999    90    51     6 -9999 -9999
1962 10 18 18    39   -39 -9999   250    10     6 -9999 -9999
1962 10 18 21    50   -50 -9999   250    51     0 -9999 -9999
1962 10 19 00    28   -61 -9999   250    41     1 -9999 -9999
1962 10 19 06   139   -61 -9999   180    31     7 -9999 -9999
1962 10 19 21    50   -50 -9999   270    51     2 -9999 -9999
1962 10 20 00    50   -61 -9999   220    72     1 -9999 -9999
1962 10 20 06   139   -11 -9999     0     0     1 -9999 -9999
1962 10 20 09   150   -22 -9999    90    51     6 -9999 -9999
1962 10 20 12   122   -11 -9999    90    41     7 -9999 -9999
1962 10 21 00    39   -11 -9999   250    51     0 -9999 -9999
1962 10 21 03    72     0 -9999   220    72     0 -9999 -9999
1962 10 21 06   139   -72 -9999   220    21     1 -9999 -9999
1962 10 21 12   111   -22 -9999    90    41     1 -9999 -9999
1962 10 21 18    50   -28 -9999   250    41     0 -9999 -9999
1962 10 21 21    50   -39 -9999   220    51     0 -9999 -9999
1962 10 22 00    39   -50 -9999   250    41     0 -9999 -9999
1962 10 22 06   139   -28 -9999   200    31     3 -9999 -9999
1962 10 22 09   161     0 -9999    90    41     2 -9999 -9999
1962 10 22 12   122   -11 -9999    90    31     2 -9999 -9999
1962 10 22 18    39   -39 -9999   250    31     2 -9999 -9999
1962 10 23 03    72   -61 -9999   230    51     2 -9999 -9999
1962 10 23 06   139   -39 -9999   230    31     1 -9999 -9999
1962 10 23 09   161   -11 -9999    70    21     1 -9999 -9999
1962 10 23 21    50   -39 -9999   250    51     1 -9999 -9999
1962 10 24 00    22   -39 -9999   250    62     0 -9999 -9999
1962 10 24 03    50   -39 -9999   250    62     2 -9999 -9999
1962 10 24 06   111   -22 -9999     0     0     7 -9999 -9999
1962 10 24 21    22   -61 -9999     0     0     0 -9999 -9999
1962 10 25 03    50   -72 -9999   220    51     7 -9999 -9999
1962 10 25 09   139   -11 -9999    90    31     6 -9999 -9999
1962 10 25 12   100   -11 -9999    70    41     7 -9999 -9999
1962 10 25 18    61   -28 -9999   220    31     6 -9999 -9999
1962 10 25 21    50   -28 -9999   250    41     6 -9999 -9999
1962 10 26 06   128     0 -9999   200    21     1 -9999 -9999
1962 10 26 12   100     0 -9999    90    41     6 -9999 -9999
1962 10 27 00    28   -28 -9999   220    51     1 -9999 -9999
1962 10 27 03    28   -39 -9999   250    41     0 -9999 -9999
1962 10 27 06   111   -78 -9999     0     0     1 -9999 -9999
1962 10 27 21    28   -72 -9999   270    31     6 -9999 -9999
1962 10 28 09    89   -78 -9999   360    82     1 -9999 -9999
1962 10 28 12    72   -72 -9999   360    72     1 -9999 -9999
1962 10 28 18   -11  -128 -9999   250    21     0 -9999 -9999
1962 10 28 21     0  -100 -9999   250    31     1 -9999 -9999
1962 10 29 06    78  -128 -9999   250    31     0 -9999 -9999
1962 10 29 12    39  -128 -9999    70    41     1 -9999 -9999
1962 10 29 18   -11  -122 -9999   250    51     0 -9999 -9999
1962 10 30 00   -28  -161 -9999   250    72     0 -9999 -9999
1962 10 30 03    22  -172 -9999   220    62     0 -9999 -9999
1962 10 30 18     0   -78 -9999    90    31     0 -9999 -9999
1962 10 31 00   -50  -100 -9999   250    10     0 -9999 -9999
1962 10 31 03   -28  -111 -9999   220    82     0 -9999 -9999
1962 10 31 09    50  -111 -9999    40    51     0 -9999 -9999
1962 10 31 12     0   -89 -9999    90    41     1 -9999 -9999
1962 10 31 18   -50  -100 -9999     0     0     0 -9999 -9999
1962 11 01 03   -50   -72 -9999     0     0     7 -9999 -9999
1962 11 01 06   -11  -100 -9999    90    21     7 -9999 -9999
1962 11 01 09    11  -122 -9999    50    41     0 -9999 -9999
1962 11 01 12     0  -111 -9999    70    41     0 -9999 -9999
1962 11 02 06   -22  -100 -9999    70    31     7 -9999     6
1962 11 02 09     0  -111 -9999    90    41     7 -9999 -9999
1962 11 02 12   -22  -122 -9999    70    41     7 -9999 -9999
1962 11 02 18   -72  -111 -9999    90    21     8 -9999 -9999
1962 11 03 03   -61  -100 -9999     0     0     0 -9999 -9999
1962 11 03 06     0  -128 -9999    40 -9999     0 -9999 -9999
1962 11 03 12   -22  -122 -9999    70    41     1 -9999 -9999
1962 11 03 18   -61  -111 -9999   250    41     0 -9999 -9999
1962 11 04 00   -78  -128 -9999   250    41     0 -9999 -9999
1962 11 04 06    11  -128 -9999    70 -9999     1 -9999 -9999
1962 11 04 12     0  -122 -9999    70    41     1 -9999 -9999
1962 11 04 18   -39  -122 -9999   250    41     1 -9999 -9999
1962 11 05 00   -39  -128 -9999   260    62     3 -9999 -9999
1962 11 05 03   -11  -128 -9999   270    51     7 -9999 -9999
1962 11 05 06    50  -111 -9999     0     0     7 -9999 -9999
1962 11 05 12    11  -100 -9999    70    21 -9999 -9999 -9999
1962 11 05 18   -22  -111 -9999   270    62     5 -9999 -9999
1962 11 05 21   -28 -9999 -9999   250    51     2 -9999 -9999
1962 11 06 03    28  -139 -9999   270    41     7 -9999 -9999
1962 11 06 06    78  -111 -9999   220    41     6 -9999 -9999
1962 11 06 09    61  -111 -9999    90    51     7 -9999 -9999
1962 11 06 12    11  -100 -9999    70    41     7 -9999 -9999
1962 11 06 18     0  -128 -9999   270    41     1 -9999 -9999
1962 11 06 21   -39  -139 -9999   220    31     1 -9999 -9999
1962 11 07 00   -28  -139 -9999   250    51     0 -9999 -9999
1962 11 07 06    61  -128 -9999   220    31     1 -9999 -9999
1962 11 07 12    28  -139 -9999    90    62     0 -9999 -9999
1962 11 07 21   -61  -111 -9999   250    31     0 -9999 -9999
1962 11 08 03   -39  -150 -9999   250    21     1 -9999 -9999
1962 11 08 06    50  -128 -9999    90    41     1 -9999 -9999
1962 11 08 12     0  -100 -9999    70    41     6 -9999 -9999
1962 11 08 18   -39  -122 -9999   250    41     2 -9999 -9999
1962 11 09 06    39  -100 -9999    90 -9999     6 -9999 -9999
1962 11 09 09    50  -100 -9999    90    62     3 -9999 -9999
1962 11 09 12    11   -89 -9999     0     0     2 -9999 -9999
1962 11 09 21   -39   -89 -9999   250    21     2 -9999 -9999
1962 11 10 06    39   -61 -9999   200    21     7 -9999 -9999
1962 11 10 12    39   -78 -9999    90    21     7 -9999 -9999
1962 11 10 18   -22   -72 -9999   250    21 -9999 -9999 -9999
1962 11 10 21   -22   -89 -9999   250    21     2 -9999 -9999
1962 11 11 00   -22   -89 -9999   250    31     2 -9999 -9999
1962 11 11 06    39   -89 -9999   200    21     2 -9999 -9999
1962 11 11 12    28   -72 -9999    90    10     7 -9999 -9999
1962 11 11 18    11   -72 -9999     0     0     6 -9999 -9999
1962 11 12 03     0   -78 -9999     0     0     8 -9999 -9999
1962 11 12 06    22   -89 -9999     0     0     8 -9999     6
1962 11 12 09    39   -28 -9999   270    51     2 -9999 -9999
1962 11 12 12    39   -28 -9999   250    21     2 -9999     6
1962 11 13 18   -39   -89 -9999     0     0     7 -9999 -9999
1962 11 14 00   -39  -100 -9999   270    10     7 -9999 -9999
1962 11 14 03   -22  -111 -9999    70    21     5 -9999 -9999
1962 11 14 09    28  -122 -9999    90    51     6 -9999 -9999
1962 11 14 12     0  -111 -9999    90    51     6 -9999 -9999
1962 11 15 03   -28   -50 -9999   250    21     7 -9999 -9999
1962 11 16 06    22   -50 -9999   180    10     7 -9999 -9999
1962 11 16 12    22   -61 -9999    70    31     7 -9999 -9999
1962 11 16 18   -11   -61 -9999     0     0     8 -9999 -9999
1962 11 17 21   -78  -139 -9999   220    21     0 -9999 -9999
1962 11 18 00   -78  -172 -9999   250    51     0 -9999 -9999
1962 11 18 12   -28   -89 -9999    90    51     1 -9999 -9999
1962 11 18 18   -28   -61 -9999     0     0     7 -9999 -9999
1962 11 19 09   -11  -122 -9999    40    31     7 -9999 -9999
1962 11 19 12   -39   -78 -9999    70    41     2 -9999 -9999
1962 11 19 18   -50   -72 -9999     0     0     7 -9999 -9999
1962 11 20 00   -50  -111 -9999     0     0     7 -9999 -9999
1962 11 20 03   -50  -111 -9999   250    21     7 -9999 -9999
1962 11 20 06   -22  -111 -9999   250    10     7 -9999 -9999
1962 11 20 12   -39   -89 -9999    70    41     6 -9999 -9999
1962 11 20 21   -61   -72 -9999     0     0     7 -9999 -9999
1962 11 21 06   -22  -122 -9999   110    21     7 -9999 -9999
1962 11 21 09   -28  -100 -9999     0     0     4 -9999 -9999
1962 11 21 12   -50   -89 -9999    70    51     7 -9999     6
1962 11 22 06   -39  -122 -9999     0     0     7 -9999     6
1962 11 22 09   -50  -100 -9999    90    41     7 -9999 -9999
1962 11 22 12   -50  -100 -9999    90    41     8 -9999 -9999
1962 11 22 18   -50   -78 -9999    90    10     8 -9999 -9999
1962 11 23 03   -72   -89 -9999    40    21     7 -9999 -9999
1962 11 23 06   -39   -61 -9999    90    21     7 -9999     6
1962 11 23 18   -72   -89 -9999    70    21     7 -9999     6
1962 11 24 00   -78  -100 -9999     0     0     8 -9999     6
1962 11 24 06   -61  -111 -9999     0     0     7 -9999     6
1962 11 24 12   -72  -100 -9999    40    41     8 -9999     6
1962 11 24 18   -78  -111 -9999    90    41     8 -9999    30
1962 11 25 00   -89  -111 -9999    90    21     8 -9999    30
1962 11 25 03   -89  -111 -9999    90    31     8 -9999 -9999
1962 11 25 12  -111  -122 -9999    70    10     8 -9999 -9999
1962 11 25 18  -111  -139 -9999     0     0     8 -9999     6
1962 11 25 21  -111  -139 -9999     0     0     8 -9999 -9999
1962 11 26 06   -89  -128 -9999     0     0     7 -9999     5
1962 11 26 09   -89  -111 -9999    70    21     8 -9999 -9999
1962 11 26 12  -100  -122 -9999     0     0     8 -9999     6
1962 11 26 18  -111  -139 -9999     0     0     8 -9999     6
1962 11 27 06  -100  -161 -9999   250    41     7 -9999     6
1962 11 27 21  -172  -211 -9999   250    41     0 -9999 -9999
1962 11 28 03  -172  -239 -9999   220    62     1 -9999 -9999
1962 11 28 12  -111  -250 -9999   250    21     0 -9999 -9999
1962 11 28 18  -222  -261 -9999   270    31     0 -9999 -9999
1962 11 29 12  -189  -239 -9999   250    31     0 -9999 -9999
1962 11 29 18  -150  -228 -9999   320    82     0 -9999 -9999
1962 11 29 21  -139  -228 -9999   250    82     0 -9999 -9999
1962 11 30 09   -61  -200 -9999   250    31     1 -9999 -9999
1962 11 30 21  -128  -222 -9999   220    82     1 -9999 -9999
1962 12 01 03  -128  -222 -9999   250    72     7 -9999 -9999
1962 12 01 06   -78  -211 -9999   250    82     2 -9999 -9999
1962 12 01 09   -39  -189 -9999   200 -9999     3 -9999 -9999
1962 12 01 18  -122  -189 -9999   220    41     1 -9999 -9999
1962 12 02 00   -72  -211 -9999   220    72     1 -9999 -9999
1962 12 02 03   -89  -222 -9999   220    82     2 -9999 -9999
1962 12 02 09   -11  -150 -9999    20    10     0 -9999 -9999
1962 12 02 12   -89  -178 -9999   250    51     0 -9999 -9999
1962 12 02 18  -100  -211 -9999   320    72     0 -9999 -9999
1962 12 03 00  -122  -200 -9999   220    72     0 -9999 -9999
1962 12 03 09   -39  -189 -9999   250    31     0 -9999 -9999
1962 12 03 12  -139  -211 -9999   220    21     1 -9999 -9999
1962 12 03 18  -139  -200 -9999   250    72     0 -9999 -9999
1962 12 04 03 -9999 -9999 -9999   250    82     1 -9999 -9999
1962 12 04 12  -100  -161 -9999    40    10     7 -9999 -9999
1962 12 05 06   -89  -178 -9999    90    21     7 -9999 -9999
1962 12 05 09   -28  -161 -9999   250    31     7 -9999 -9999
1962 12 05 18  -150  -200 -9999   210    72     0 -9999 -9999
1962 12 06 03  -172 -9999 -9999   220    72 -9999 -9999 -9999
1962 12 06 06 -9999 -9999 -9999    40   201     1 -9999 -9999
1962 12 06 09   -50 -9999 -9999     0     0     5 -9999 -9999
1962 12 07 06   -39  -100 -9999     0     0     7 -9999 -9999
1962 12 07 18   -78  -161 -9999   250    82     2 -9999 -9999
1962 12 08 12   -72  -100 -9999     0     0     7 -9999 -9999
1962 12 08 18   -89  -139 -9999   220    10     2 -9999 -9999
1962 12 09 00   -61  -139 -9999   270    62     1 -9999 -9999
1962 12 09 06   -39  -122 -9999   250    21     7 -9999 -9999
1962 12 09 12   -78  -122 -9999     0     0     7 -9999 -9999
1962 12 09 18   -78  -161 -9999   220    72 -9999 -9999 -9999
1962 12 09 21   -78  -161 -9999   250    72     2 -9999 -9999
1962 12 10 00   -72  -150 -9999   220    72     7 -9999 -9999
1962 12 10 03  -100  -172 -9999   250    51     7 -9999 -9999
1962 12 10 06   -39  -128 -9999   250    41     2 -9999 -9999
1962 12 10 09     0  -111 -9999     0     0     5 -9999 -9999
1962 12 11 18   -78  -122 -9999   250    31     7 -9999 -9999
1962 12 12 03  -122  -161 -9999   250    82     2 -9999 -9999
1962 12 12 06   -61  -139 -9999   250    21     6 -9999 -9999
1962 12 12 09   -72  -111 -9999    90    31     7 -9999 -9999
1962 12 12 12  -111  -128 -9999    40    31     7 -9999 -9999
1962 12 12 18  -111  -150 -9999   250    41     7 -9999 -9999
1962 12 13 00  -122  -161 -9999   270    21     7 -9999 -9999
1962 12 13 18  -139  -172 -9999   270    21     1 -9999 -9999
1962 12 13 21  -128  -172 -9999   250    31     7 -9999 -9999
1962 12 14 03  -111  -161 -9999   250    41     7 -9999 -9999
1962 12 14 06   -72  -128 -9999   250    21     7 -9999 -9999
1962 12 14 12  -122  -150 -9999    90    31     1 -9999 -9999
1962 12 14 18  -150  -189 -9999   250    51     1 -9999 -9999
1962 12 15 00  -139  -211 -9999     0     0     1 -9999 -9999
1962 12 15 09   -61  -161 -9999    90    31     2 -9999 -9999
1962 12 15 12  -128  -189 -9999     0     0     7 -9999 -9999
1962 12 15 18  -150  -189 -9999   270    31     7 -9999 -9999
1962 12 16 00  -150  -200 -9999   250    62     7 -9999 -9999
1962 12 16 03  -139  -200 -9999   250    51     7 -9999 -9999
1962 12 16 09   -50  -128 -9999     0     0     7 -9999 -9999
1962 12 16 18  -100  -172 -9999   220    51     6 -9999 -9999
1962 12 16 21  -100  -200 -9999   250    62     1 -9999 -9999
1962 12 17 00  -100  -200 -9999   250    62     7 -9999 -9999
1962 12 17 09   -39  -122 -9999    90    41     7 -9999 -9999
1962 12 17 12   -89  -128 -9999     0     0     7 -9999 -9999
1962 12 18 03  -128  -172 -9999   270    31     3 -9999 -9999
1962 12 18 09   -61  -128 -9999    90    41     7 -9999 -9999
1962 12 18 12  -111  -150 -9999     0     0     1 -9999 -9999
1962 12 18 21  -139  -172 -9999   250    41     2 -9999 -9999
1962 12 19 03  -122  -178 -9999   200    21     7 -9999 -9999
1962 12 19 12  -111  -150 -9999     0     0     6 -9999 -9999
1962 12 19 18  -100  -139 -9999     0     0     2 -9999 -9999
1962 12 20 03  -100  -161 -9999   320    72     0 -9999 -9999
1962 12 20 06   -22  -111 -9999   250    51     0 -9999 -9999
1962 12 20 09    39  -100 -9999   220    21     0 -9999 -9999
1962 12 20 18   -78  -139 -9999   250    72     0 -9999 -9999
1962 12 21 03   -61  -172 -9999   250    72     0 -9999 -9999
1962 12 21 06   -11  -161 -9999   320    51     1 -9999 -9999
1962 12 21 12   -78  -128 -9999   220    21     2 -9999 -9999
1962 12 22 09   -11  -100 -9999    70    31     7 -9999 -9999
1962 12 23 00   -78  -128 -9999   250    62     1 -9999 -9999
1962 12 23 09    39  -122 -9999   220    31     1 -9999 -9999
1962 12 23 12   -28   -89 -9999     0     0     7 -9999 -9999
1962 12 24 00  -100  -139 -9999   250    51     2 -9999 -9999
1962 12 25 03   -50  -150 -9999   320    62     6 -9999 -9999
1962 12 26 00   -61  -128 -9999   220    51     8 -9999 -9999
1962 12 26 12   -11  -161 -9999   320    62     7 -9999 -9999
1962 12 26 18   -50  -211 -9999   320    21     2 -9999 -9999
1962 12 27 12   -78  -172 -9999   250    10     6 -9999 -9999
1962 12 27 18  -139  -200 -9999   250    41     0 -9999 -9999
1962 12 27 21  -128  -211 -9999   220    62     0 -9999 -9999
1962 12 28 03  -128  -239 -9999   220    72     0 -9999 -9999
1962 12 28 06   -78  -228 -9999     0     0     0 -9999 -9999
1962 12 28 09   -89  -139 -9999    90    62     1 -9999 -9999
1962 12 28 18  -178  -211 -9999   250    21     0 -9999     6
1962 12 29 00  -189  -222 -9999   220    21     0 -9999 -9999
1962 12 29 03  -178  -211 -9999   220    31     0 -9999 -9999
1962 12 29 09   -89  -189 -9999    90    41     0 -9999 -9999
1962 12 29 12  -139  -172 -9999    90    21     0 -9999 -9999
1962 12 30 00  -161  -228 -9999   220    10     0 -9999 -9999
1962 12 30 06  -122  -178 -9999    70    51     0 -9999 -9999
1962 12 30 09  -111  -161 -9999    90    62     2 -9999 -9999
1962 12 30 21  -172  -211 -9999 -9999    82     0 -9999 -9999
1962 12 31 06  -128  -189 -9999     0     0     7 -9999 -9999
1962 12 31 09  -100  -178 -9999    90    31     4 -9999 -9999
1962 12 31 18  -161  -189 -9999   270    41     7 -9999     6
