1958 01 01 00   -89  -100 -9999     0     0     8 -9999     3
1958 01 01 03  -122  -139 -9999   250    31     7 -9999 -9999
1958 01 01 06   -72  -122 -9999     0     0     7 -9999     6
1958 01 01 09   -61  -100 -9999     0     0     7 -9999 -9999
1958 01 01 12   -72  -128 -9999    70    41     7 -9999     6
1958 01 02 00   -89  -122 -9999   250    21     7 -9999     6
1958 01 02 03   -89  -122 -9999     0     0     8 -9999 -9999
1958 01 02 06   -50  -150 -9999    40    21     7 -9999     6
1958 01 02 09   -39  -161 -9999    90    31     3 -9999 -9999
1958 01 02 12   -78  -161 -9999    70    31     3 -9999 -9999
1958 01 03 00  -100  -139 -9999   220    62     1 -9999 -9999
1958 01 03 03  -128  -161 -9999   270    51     1 -9999 -9999
1958 01 03 06   -50  -172 -9999   220    10     2 -9999 -9999
1958 01 03 09   -39  -150 -9999    90    41     1 -9999 -9999
1958 01 03 12   -89  -161 -9999    70    41     0 -9999 -9999
1958 01 04 00  -172  -200 -9999   220    21     1 -9999 -9999
1958 01 04 03  -178  -211 -9999   250    21     5 -9999 -9999
1958 01 04 06   -61  -211 -9999   150    31     2 -9999 -9999
1958 01 04 09   -11  -272 -9999   180    10     1 -9999 -9999
1958 01 04 12   -78  -200 -9999    70    21     1 -9999 -9999
1958 01 05 00  -122  -200 -9999   250    62     1 -9999 -9999
1958 01 05 03   -89  -272 -9999   250    72     5 -9999 -9999
1958 01 05 06   -11  -300 -9999   220    31     7 -9999 -9999
1958 01 05 09    11  -250 -9999    70    51     7 -9999 -9999
1958 01 05 12   -50  -222 -9999    90    21     7 -9999 -9999
1958 01 06 00  -111  -189 -9999   220    10     7 -9999 -9999
1958 01 06 03  -128  -200 -9999    20    10 -9999 -9999 -9999
1958 01 06 06   -39  -228 -9999   250    31     7 -9999 -9999
1958 01 06 09     0  -250 -9999    70    51     7 -9999 -9999
1958 01 06 12   -50  -222 -9999    70    21     7 -9999 -9999
1958 01 07 00   -78  -172 -9999   220    21     8 -9999 -9999
1958 01 07 03  -111  -172 -9999   270    10     7 -9999 -9999
1958 01 07 06     0  -172 -9999   220    10     7 -9999 -9999
1958 01 07 09    22  -172 -9999    90    21     7 -9999 -9999
1958 01 07 12   -22  -189 -9999     0     0     8 -9999 -9999
1958 01 08 03   -72  -139 -9999     0     0     7 -9999 -9999
1958 01 08 06   -28  -161 -9999    70    41     7 -9999 -9999
1958 01 08 09     0  -161 -9999    40    21     7 -9999 -9999
1958 01 08 12   -28  -139 -9999   250    21     2 -9999 -9999
1958 01 09 00  -100  -200 -9999   270    51     7 -9999 -9999
1958 01 09 03   -89  -211 -9999   250    51     6 -9999 -9999
1958 01 09 06   -22  -222 -9999   250    21     7 -9999 -9999
1958 01 09 09     0  -178 -9999    90    31     7 -9999 -9999
1958 01 09 12   -50  -150 -9999    70    31     5 -9999 -9999
1958 01 10 00   -89  -178 -9999   250    51     1 -9999 -9999
1958 01 10 03   -72  -189 -9999   220    82     1 -9999 -9999
1958 01 10 06    39  -178 -9999   220    62     0 -9999 -9999
1958 01 10 12   -39  -128 -9999    70    31     1 -9999 -9999
1958 01 11 00   -28  -211 -9999   220    31     1 -9999 -9999
1958 01 11 03   -22  -272 -9999   220    51     1 -9999 -9999
1958 01 11 06    61  -272 -9999   220    41     2 -9999 -9999
1958 01 11 12    22  -250 -9999   220    62     2 -9999 -9999
1958 01 12 00   -61  -278 -9999   250    41     2 -9999 -9999
1958 01 12 03   -39  -322 -9999   250    72     1 -9999 -9999
1958 01 12 06    11  -200 -9999    40    21     1 -9999 -9999
1958 01 12 09   -11  -211 -9999    70    62     1 -9999 -9999
1958 01 12 12   -61  -172 -9999    70    31     1 -9999 -9999
1958 01 13 00  -139  -172 -9999    40    31     8 -9999     6
1958 01 13 03  -150  -178 -9999    70    31     8 -9999 -9999
1958 01 13 06  -128  -172 -9999    70    21     8 -9999     6
1958 01 13 12  -128  -200 -9999    70    41     8 -9999 -9999
1958 01 14 00  -172  -239 -9999     0     0     1 -9999     6
1958 01 14 03  -172  -222 -9999     0     0     7 -9999 -9999
1958 01 14 06  -122  -200 -9999   200    10     0 -9999 -9999
1958 01 14 09  -100  -250 -9999    90    31     7 -9999 -9999
1958 01 14 12  -128  -239 -9999    70    41     7 -9999 -9999
1958 01 15 00  -172  -250 -9999    70    10     7 -9999     6
1958 01 15 06  -128  -239 -9999    60    31     2 -9999 -9999
1958 01 15 09  -111  -250 -9999    70    41     1 -9999 -9999
1958 01 15 12  -139  -261 -9999    70    21     1 -9999 -9999
1958 01 16 00  -178  -239 -9999     0     0     1 -9999 -9999
1958 01 16 03  -200  -261 -9999     0     0     6 -9999 -9999
1958 01 16 06   -78  -228 -9999     0     0     7 -9999 -9999
1958 01 16 09  -100  -272 -9999    70    62     7 -9999 -9999
1958 01 16 12  -122  -278 -9999    70    21     7 -9999 -9999
1958 01 17 00  -161  -250 -9999   250    41     0 -9999 -9999
1958 01 17 03  -128  -250 -9999   250    82     1 -9999 -9999
1958 01 17 06  -122  -239 -9999    40    31     7 -9999 -9999
1958 01 17 09   -78  -300 -9999    70    41     3 -9999 -9999
1958 01 17 12  -111  -272 -9999    70    21     7 -9999 -9999
1958 01 18 00  -111  -211 -9999   250    31     2 -9999 -9999
1958 01 18 03   -72  -161 -9999   250    72     3 -9999 -9999
1958 01 18 06   -50  -272 -9999    40    41     7 -9999 -9999
1958 01 18 09   -50  -278 -9999    90    41     8 -9999 -9999
1958 01 18 12   -78  -278 -9999    70    21     7 -9999 -9999
1958 01 19 00   -89  -172 -9999   250    41     2 -9999 -9999
1958 01 19 03 -9999 -9999 -9999     0     0     7 -9999 -9999
1958 01 19 06   -50  -272 -9999    70    41     7 -9999 -9999
1958 01 19 09   -22  -222 -9999    20    31     8 -9999 -9999
1958 01 19 12   -39  -172 -9999     0     0     7 -9999 -9999
1958 01 20 00  -122  -172 -9999     0     0     1 -9999 -9999
1958 01 20 03   -72  -128 -9999   250    21     7 -9999 -9999
1958 01 20 06   -22 -9999 -9999    40    41     7 -9999 -9999
1958 01 20 09   -22  -222 -9999    70    72     7 -9999 -9999
1958 01 20 12   -61  -211 -9999    40    41     3 -9999 -9999
1958 01 21 00  -122  -172 -9999   250    31     1 -9999 -9999
1958 01 21 06   -39  -200 -9999    70    21     2 -9999 -9999
1958 01 21 09   -28  -222 -9999    70    51     2 -9999 -9999
1958 01 21 12   -78  -222 -9999    40    31     2 -9999 -9999
1958 01 22 00  -150  -200 -9999   270    21     1 -9999 -9999
1958 01 22 03  -122  -178 -9999   250    41     7 -9999 -9999
1958 01 22 06   -72  -161 -9999   220    31     6 -9999 -9999
1958 01 22 09   -50  -161 -9999    90    51     2 -9999 -9999
1958 01 23 00  -139  -150 -9999   250    21     0 -9999    10
1958 01 23 03  -128  -161 -9999   220    62     7 -9999 -9999
1958 01 23 06   -89  -161 -9999   220    51 -9999 -9999 -9999
1958 01 23 09   -89  -128 -9999    90    31     7 -9999 -9999
1958 01 23 12  -122  -139 -9999     0     0     1 -9999 -9999
1958 01 24 00  -150  -211 -9999   220    82     0 -9999 -9999
1958 01 24 03  -161  -222 -9999   220    82     0 -9999 -9999
1958 01 24 12  -111  -139 -9999    70    31     0 -9999 -9999
1958 01 25 00  -189  -228 -9999     0     0     0 -9999 -9999
1958 01 25 06  -139  -150 -9999     0     0     8 -9999     6
1958 01 25 09  -111  -161 -9999    90    51     1 -9999 -9999
1958 01 25 12  -128  -161 -9999    70    31     2 -9999     6
1958 01 26 06   -78  -172 -9999    40    21     7 -9999     6
1958 01 26 12   -89  -139 -9999    70    31     6 -9999 -9999
1958 01 27 00  -111  -222 -9999   250    21     6 -9999 -9999
1958 01 27 03  -100  -239 -9999   250    72     7 -9999 -9999
1958 01 27 06   -50  -289 -9999   270    41     7 -9999 -9999
1958 01 27 09  -100  -128 -9999    70    10     7 -9999 -9999
1958 01 27 12  -128  -150 -9999    70    31     2 -9999     6
1958 01 28 00  -150  -178 -9999   220    10     8 -9999     6
1958 01 28 03  -150  -189 -9999   250    21     7 -9999 -9999
1958 01 28 06  -128  -200 -9999   250    31     2 -9999     6
1958 01 28 09  -100  -178 -9999    90    41     1 -9999 -9999
1958 01 28 12  -128  -172 -9999    70    31     3 -9999 -9999
1958 01 29 00  -200  -228 -9999   250    21     2 -9999     5
1958 01 29 03  -211  -239 -9999   250    21     7 -9999 -9999
1958 01 29 06  -150  -189 -9999    70    21     8 -9999     3
1958 01 29 09  -139  -178 -9999    70    41     8 -9999 -9999
1958 01 29 12  -161  -178 -9999    70    31     8 -9999     6
1958 01 30 00  -211  -239 -9999   220    21     8 -9999     6
1958 01 30 03  -200  -228 -9999   250    31     8 -9999 -9999
1958 01 30 06  -150  -211 -9999   110    10     8 -9999     6
1958 01 30 09  -150  -211 -9999    90    31     2 -9999 -9999
1958 01 30 12  -172  -211 -9999    70    31     7 -9999 -9999
1958 01 31 00  -211  -239 -9999   250    10     2 -9999 -9999
1958 01 31 06  -128  -200 -9999     0     0     8 -9999 -9999
1958 01 31 09  -100  -161 -9999     0     0     7 -9999 -9999
1958 01 31 12  -150  -189 -9999    70    31     7 -9999 -9999
1958 02 01 00  -139  -172 -9999   250    51     1 -9999 -9999
1958 02 01 03  -100  -150 -9999   270    41     8 -9999 -9999
1958 02 01 06  -111  -150 -9999    70    21     8 -9999 -9999
1958 02 01 09     0  -139 -9999   220    41     7 -9999 -9999
1958 02 02 03   -50   -89 -9999   220    72     7 -9999 -9999
1958 02 02 06   -61  -111 -9999   220    21     7 -9999 -9999
1958 02 02 09   -89  -139 -9999    90    41     7 -9999 -9999
1958 02 02 12   -89  -128 -9999    40    21     7 -9999 -9999
1958 02 03 00   -89  -128 -9999   220    72     8 -9999 -9999
1958 02 03 03   -78  -122 -9999   270    41     7 -9999 -9999
1958 02 03 06   -78  -122 -9999    90    41     7 -9999     6
1958 02 03 12   -78  -100 -9999    70    21     8 -9999     6
1958 02 04 00   -89  -111 -9999   220    41     8 -9999     6
1958 02 04 03   -78  -100 -9999   270    41     8 -9999 -9999
1958 02 04 06   -61  -100 -9999   220    41     7 -9999     6
1958 02 04 09   -39  -111 -9999    70    31     8 -9999 -9999
1958 02 04 12   -50   -89 -9999    90    31     7 -9999 -9999
1958 02 05 00   -61   -89 -9999   250    41     8 -9999     6
1958 02 05 03   -72   -89 -9999   220    21     8 -9999 -9999
1958 02 05 06   -50   -72 -9999    40    21     7 -9999     6
1958 02 05 09   -22   -50 -9999    40    21     5 -9999 -9999
1958 02 05 12   -50   -61 -9999    70    31     7 -9999     6
1958 02 06 03  -100  -178 -9999   220    51     1 -9999 -9999
1958 02 06 06   -89  -100 -9999    70    41     1 -9999 -9999
1958 02 06 09   -39   -89 -9999    90    51     1 -9999 -9999
1958 02 06 12   -50   -89 -9999    70    41     1 -9999 -9999
1958 02 07 00  -111  -150 -9999   220    72     0 -9999     6
1958 02 07 03  -122  -161 -9999   250    72     2 -9999 -9999
1958 02 07 06   -39  -172 -9999   250    31     7 -9999 -9999
1958 02 07 09   -22  -128 -9999    90    41     1 -9999 -9999
1958 02 07 12   -39  -122 -9999    70    31     2 -9999 -9999
1958 02 08 06   -28  -111 -9999    70    10     7 -9999 -9999
1958 02 08 09     0  -111 -9999    70    41     6 -9999 -9999
1958 02 08 12   -22  -111 -9999    90    41     1 -9999 -9999
1958 02 09 00  -122  -161 -9999   250    41     0 -9999 -9999
1958 02 09 03  -122  -161 -9999   220    21     0 -9999 -9999
1958 02 09 06   -50  -122 -9999    70    41     1 -9999 -9999
1958 02 09 09 -9999 -9999 -9999    70    41 -9999 -9999 -9999
1958 02 09 12   -50  -122 -9999    90    51     5 -9999 -9999
1958 02 10 00  -111  -128 -9999   250    21     7 -9999     6
1958 02 10 03  -139  -172 -9999   270    51     7 -9999 -9999
1958 02 10 06   -78  -139 -9999   250    31     3 -9999     6
1958 02 10 12   -50  -161 -9999    90    51     7 -9999 -9999
1958 02 11 00  -111  -150 -9999   220    51     0 -9999     6
1958 02 11 03  -111  -172 -9999   250    62     0 -9999 -9999
1958 02 11 06   -39 -9999 -9999   220    51     0 -9999 -9999
1958 02 11 09   -11  -150 -9999    70    51     1 -9999 -9999
1958 02 11 12   -28  -200 -9999    70    41     1 -9999 -9999
1958 02 12 00  -139  -178 -9999   270    51     0 -9999 -9999
1958 02 12 03  -139  -178 -9999   270    31     0 -9999 -9999
1958 02 12 06   -28  -239 -9999   220    10     0 -9999 -9999
1958 02 12 09   -22  -222 -9999    40    51     1 -9999 -9999
1958 02 13 00  -128  -161 -9999   270    51     0 -9999 -9999
1958 02 13 03  -111  -172 -9999   250    41     7 -9999 -9999
1958 02 13 06   -22  -222 -9999    70    21     7 -9999 -9999
1958 02 13 09     0  -200 -9999    70    51     1 -9999 -9999
1958 02 13 12   -28  -172 -9999    40    31     1 -9999 -9999
1958 02 14 03   -72  -211 -9999   250    51     6 -9999 -9999
1958 02 14 06    22  -228 -9999   200    31     3 -9999 -9999
1958 02 14 12     0  -139 -9999    70    62     6 -9999 -9999
1958 02 15 00  -111  -150 -9999   250    31     1 -9999 -9999
1958 02 15 03   -72  -200 -9999   220    41     1 -9999 -9999
1958 02 15 09    22  -189 -9999    70    62     1 -9999 -9999
1958 02 15 12   -11  -150 -9999    70    41     0 -9999 -9999
1958 02 16 00  -122  -161 -9999   220    41     0 -9999 -9999
1958 02 16 09    22  -189 -9999    70    41     1 -9999 -9999
1958 02 16 12   -11  -172 -9999    70    31     1 -9999 -9999
1958 02 17 00   -89  -189 -9999   220    41     2 -9999 -9999
1958 02 17 03   -39  -228 -9999   220    62     7 -9999 -9999
1958 02 17 09 -9999 -9999 -9999 -9999 -9999     1 -9999 -9999
1958 02 17 12    11  -200 -9999    70    41     1 -9999 -9999
1958 02 18 00   -78  -222 -9999   250    72     1 -9999 -9999
1958 02 18 03   -50  -239 -9999   220    72     8 -9999 -9999
1958 02 18 06    28  -278 -9999   220    21     3 -9999 -9999
1958 02 18 09    50  -300 -9999    40    21     4 -9999 -9999
1958 02 18 12    11  -222 -9999    90    41     6 -9999 -9999
1958 02 19 03   -39  -200 -9999   250    82     7 -9999 -9999
1958 02 19 06    28  -200 -9999   200    41     7 -9999 -9999
1958 02 19 09    61  -222 -9999   320    31     7 -9999 -9999
1958 02 19 12    50  -200 -9999   220    31     6 -9999 -9999
1958 02 20 00   -50  -222 -9999   220    41     1 -9999 -9999
1958 02 20 06    39  -239 -9999   220    51     6 -9999 -9999
1958 02 20 09    72  -239 -9999    70    41     3 -9999 -9999
1958 02 20 12    39  -222 -9999    90    41     1 -9999 -9999
1958 02 21 00   -28  -250 -9999   220    72     2 -9999 -9999
1958 02 21 03   -28  -239 -9999   250    51     3 -9999 -9999
1958 02 21 06    61  -222 -9999   220    41     1 -9999 -9999
1958 02 21 09   100 -9999 -9999    90    51     1 -9999 -9999
1958 02 21 12    72  -222 -9999    70    51     1 -9999 -9999
1958 02 22 00   -39  -222 -9999   220    62     0 -9999 -9999
1958 02 22 03   -28  -250 -9999   250    82     1 -9999 -9999
1958 02 22 06    61  -278 -9999   250    62     0 -9999 -9999
1958 02 22 09   122  -222 -9999   180    10     0 -9999 -9999
1958 02 22 12    89 -9999 -9999    90    41     0 -9999 -9999
1958 02 23 00   -50  -239 -9999   220    72     0 -9999 -9999
1958 02 23 03   -28  -239 -9999   220    72     0 -9999 -9999
1958 02 23 06    50  -278 -9999   220    62     0 -9999 -9999
1958 02 23 09   100  -272 -9999   160    21     0 -9999 -9999
1958 02 23 12    50  -250 -9999    70    41     1 -9999 -9999
1958 02 24 00   -39  -239 -9999   220    62     1 -9999 -9999
1958 02 24 03   -28  -278 -9999   260    62     6 -9999 -9999
1958 02 24 06    61  -322 -9999   220    51     7 -9999 -9999
1958 02 24 09   100  -322 -9999    70    21     2 -9999 -9999
1958 02 24 12    72  -278 -9999    70    51     2 -9999 -9999
1958 02 25 00   -50  -250 -9999   220    72     1 -9999 -9999
1958 02 25 03   -22  -222 -9999   250    51     2 -9999 -9999
1958 02 25 06    72  -239 -9999   220    31     2 -9999 -9999
1958 02 25 09   122  -250 -9999   180    21     7 -9999 -9999
1958 02 25 12    72  -211 -9999    90    31     5 -9999 -9999
1958 02 26 00   -28  -211 -9999   220    51     1 -9999 -9999
1958 02 26 03   -11  -200 -9999   250    72     5 -9999 -9999
1958 02 26 09   111  -228 -9999   180    21     2 -9999 -9999
1958 02 26 12    72  -228 -9999    90    51     7 -9999 -9999
1958 02 27 00   -28  -200 -9999   250    51     7 -9999 -9999
1958 02 27 03     0  -189 -9999   220    72     7 -9999 -9999
1958 02 27 09    72  -200 -9999    70    51     7 -9999 -9999
1958 02 27 12    50  -200 -9999    70    41     7 -9999 -9999
1958 02 28 00   -72  -150 -9999   250    31     7 -9999 -9999
1958 02 28 03   -28  -128 -9999   220    10     8 -9999 -9999
1958 02 28 06    39  -139 -9999   220    51     6 -9999 -9999
1958 02 28 09    72  -178 -9999   250    41     8 -9999 -9999
1958 02 28 12    61  -128 -9999   250    31     7 -9999 -9999
1958 03 01 00   -72  -172 -9999   350    21     2 -9999 -9999
1958 03 01 03   -39  -128 -9999   250    31     7 -9999 -9999
1958 03 01 06    28  -172 -9999    40    21     8 -9999 -9999
1958 03 01 09    39  -228 -9999    70    41     8 -9999 -9999
1958 03 01 12    22  -172 -9999    70    21     8 -9999 -9999
1958 03 02 00   -28   -39 -9999   250    10     8 -9999     6
1958 03 02 03   -28   -39 -9999     0     0     8 -9999 -9999
1958 03 02 06   -11   -39 -9999     0     0     8 -9999    10
1958 03 02 09    11   -39 -9999    60    31     8 -9999 -9999
1958 03 02 12    11   -61 -9999   220    10     8 -9999     6
1958 03 03 00   -50  -150 -9999   250    62     5 -9999 -9999
1958 03 03 03   -39  -161 -9999   220    51     8 -9999 -9999
1958 03 03 06    11  -189 -9999   250    72     7 -9999 -9999
1958 03 03 09    28  -222 -9999   250    51     8 -9999 -9999
1958 03 03 12    22  -161 -9999   250    21     7 -9999 -9999
1958 03 04 00  -100  -211 -9999   250    41     1 -9999 -9999
1958 03 04 03   -61  -278 -9999   220    62     1 -9999 -9999
1958 03 04 06    22  -250 -9999   180    51     1 -9999 -9999
1958 03 04 09    50  -250 -9999   250    41     2 -9999 -9999
1958 03 04 12    61  -222 -9999   250    21     1 -9999 -9999
1958 03 05 00   -61  -228 -9999   220    72     1 -9999 -9999
1958 03 05 03   -39  -250 -9999   220    82     1 -9999 -9999
1958 03 05 06    50  -278 -9999   200    62     1 -9999 -9999
1958 03 05 09    89  -272 -9999   220    10     1 -9999 -9999
1958 03 05 12    61  -250 -9999    70    62     4 -9999 -9999
1958 03 06 00   -39  -222 -9999   220    62     1 -9999 -9999
1958 03 06 03   -28  -222 -9999   250    72     3 -9999 -9999
1958 03 06 06    50  -239 -9999   250    31     7 -9999 -9999
1958 03 06 09    61  -278 -9999    70    51 -9999 -9999 -9999
1958 03 06 12    28  -239 -9999    70    41     7 -9999 -9999
1958 03 07 03     0  -239 -9999   220    72     4 -9999 -9999
1958 03 07 06    61  -228 -9999    40    41     7 -9999 -9999
1958 03 07 12    50  -211 -9999    70    51     4 -9999 -9999
1958 03 08 00   -39  -161 -9999   220    21     7 -9999 -9999
1958 03 08 03   -22  -128 -9999     0     0     7 -9999 -9999
1958 03 08 06    61  -161 -9999    40    21     3 -9999 -9999
1958 03 08 09    78  -211 -9999    70    62     7 -9999 -9999
1958 03 08 12    61  -161 -9999    40    41     7 -9999 -9999
1958 03 09 00   -39  -128 -9999   250    41     7 -9999 -9999
1958 03 09 03   -11  -139 -9999   250    51     8 -9999 -9999
1958 03 09 06    61  -122 -9999   220    10     8 -9999 -9999
1958 03 09 09    78  -161 -9999    90    41     7 -9999 -9999
1958 03 09 12    72  -172 -9999    40    31     7 -9999 -9999
1958 03 10 00     0   -50 -9999   220    41     6 -9999     6
1958 03 10 03    11   -61 -9999   220    62     2 -9999 -9999
1958 03 10 06    89  -161 -9999   200    21     1 -9999 -9999
1958 03 10 12   111 -9999 -9999   250    62     1 -9999 -9999
1958 03 11 00   -61  -250 -9999   220    31     1 -9999 -9999
1958 03 11 03   -22  -250 -9999   250    31     7 -9999 -9999
1958 03 11 09    78  -278 -9999    70    31     7 -9999 -9999
1958 03 11 12    72  -172 -9999    70    31     6 -9999 -9999
1958 03 12 00   -28  -111 -9999   220    10     8 -9999 -9999
1958 03 12 03     0  -122 -9999   270    41     8 -9999 -9999
1958 03 12 06    61  -128 -9999   220    21     8 -9999 -9999
1958 03 12 09   100  -178 -9999   180 -9999     7 -9999 -9999
1958 03 12 12    78  -161 -9999    70    41     7 -9999 -9999
1958 03 13 00   -11  -161 -9999   200    21     5 -9999 -9999
1958 03 13 03    22  -139 -9999   150    51     5 -9999 -9999
1958 03 13 06   100  -189 -9999   250    21     7 -9999 -9999
1958 03 13 09   122  -200 -9999   290    31     7 -9999 -9999
1958 03 13 12    89  -211 -9999    70    51     7 -9999 -9999
1958 03 14 00   -28  -111 -9999   250    21     8 -9999 -9999
1958 03 14 03    28  -161 -9999   220    51     8 -9999 -9999
1958 03 14 06    39   -28 -9999   220    31     7 -9999 -9999
1958 03 14 09    89  -100 -9999   250    51     7 -9999 -9999
1958 03 14 12    72  -172 -9999   270    82     6 -9999     6
1958 03 15 00   -50  -200 -9999   270    41     2 -9999 -9999
1958 03 15 03    11  -228 -9999   220    21     2 -9999 -9999
1958 03 15 06    78  -211 -9999   340    10     1 -9999 -9999
1958 03 16 00   -22  -139 -9999   250    41     1 -9999 -9999
1958 03 16 06   139  -139 -9999   200    41     4 -9999 -9999
1958 03 16 09   161  -139 -9999   250    31     8 -9999 -9999
1958 03 16 12    89  -128 -9999    90    51     8 -9999 -9999
1958 03 17 00    22  -100 -9999     0     0     8 -9999 -9999
1958 03 17 03    72   -78 -9999   220    72     7 -9999 -9999
1958 03 17 09   122 -9999 -9999   270   159     1 -9999 -9999
1958 03 17 12    89 -9999 -9999   270    82     2 -9999 -9999
1958 03 18 00   -39  -211 -9999   290    21     1 -9999 -9999
1958 03 18 03    22  -239 -9999   250    62     1 -9999 -9999
1958 03 18 06    89  -272 -9999   220    31     1 -9999 -9999
1958 03 18 09   122  -211 -9999   270    10     1 -9999 -9999
1958 03 19 00   -11  -211 -9999   220    62     2 -9999 -9999
1958 03 19 03     0  -189 -9999   290    41     2 -9999 -9999
1958 03 19 06    78  -178 -9999    40    21     0 -9999 -9999
1958 03 19 12    72  -200 -9999    70    51     7 -9999 -9999
1958 03 20 00   -11  -178 -9999   250    72     1 -9999 -9999
1958 03 20 03    50  -189 -9999   120    62     8 -9999 -9999
1958 03 20 06   122  -161 -9999   220    31     2 -9999 -9999
1958 03 20 09   100  -161 -9999    70    72     7 -9999 -9999
1958 03 20 12   100  -139 -9999   360    21     4 -9999 -9999
1958 03 21 00    11  -139 -9999   250    41     2 -9999 -9999
1958 03 21 03    72  -150 -9999   220    51     6 -9999 -9999
1958 03 21 06   150 -9999 -9999   250   118     7 -9999 -9999
1958 03 21 09   161  -172 -9999   250    41     7 -9999 -9999
1958 03 21 12   128  -172 -9999    70    72     7 -9999 -9999
1958 03 22 00    61  -111 -9999   250    41     7 -9999 -9999
1958 03 22 06   100 -9999 -9999   250   118     1 -9999 -9999
1958 03 22 12    72 -9999 -9999   250    82     3 -9999 -9999
1958 03 23 00   -28  -161 -9999   270    31     5 -9999 -9999
1958 03 23 03    39  -161 -9999   220    10     1 -9999 -9999
1958 03 23 06   122  -200 -9999    70    41     7 -9999 -9999
1958 03 23 09   161  -189 -9999   220    62     6 -9999 -9999
1958 03 23 12   150  -178 -9999 -9999 -9999     5 -9999 -9999
1958 03 24 00    11  -128 -9999   270    51     1 -9999 -9999
1958 03 24 03    72  -161 -9999   250    62     6 -9999 -9999
1958 03 24 06   111  -128 -9999    40    98     8 -9999 -9999
1958 03 24 09   111  -139 -9999    70    72     8 -9999 -9999
1958 03 24 12   122  -122 -9999    40    51     8 -9999 -9999
1958 03 25 00    39   -78 -9999   220    31     7 -9999 -9999
1958 03 25 03    89   -78 -9999   250    41     7 -9999 -9999
1958 03 25 09   128  -122 -9999    40    98     7 -9999 -9999
1958 03 25 12    89   -89 -9999    70    62     7 -9999 -9999
1958 03 26 00   -28   -89 -9999   270    10     1 -9999 -9999
1958 03 26 03    72  -150 -9999   220    62     2 -9999 -9999
1958 03 26 06   150  -139 -9999    90    41     4 -9999 -9999
1958 03 26 09   139  -111 -9999    40    82     7 -9999 -9999
1958 03 26 12   111   -72 -9999    70    62     7 -9999 -9999
1958 03 27 00    39   -61 -9999   250    72     7 -9999 -9999
1958 03 27 03    50   -50 -9999     0     0     8 -9999 -9999
1958 03 27 06   100   -61 -9999    70    41     8 -9999 -9999
1958 03 27 09   122   -50 -9999    90    51     8 -9999 -9999
1958 03 27 12   100   -61 -9999    70    51     8 -9999 -9999
1958 03 28 00     0   -78 -9999   270    31     7 -9999 -9999
1958 03 28 03    39   -61 -9999   270    31     8 -9999 -9999
1958 03 28 06   100   -89 -9999    40    10     8 -9999 -9999
1958 03 28 09   122  -111 -9999    70    51     8 -9999 -9999
1958 03 29 00 -9999 -9999 -9999   250    31     8 -9999 -9999
1958 03 29 03 -9999 -9999 -9999   250    31 -9999 -9999 -9999
1958 03 29 06   122  -128 -9999   220    31     7 -9999 -9999
1958 03 29 09   139  -122 -9999   110    10     7 -9999 -9999
1958 03 29 12   122  -100 -9999    70    82     7 -9999 -9999
1958 03 30 00    22  -139 -9999   220    41     3 -9999 -9999
1958 03 30 06   111  -111 -9999   160    21     7 -9999 -9999
1958 03 30 09   139  -111 -9999    20    21     7 -9999 -9999
1958 03 31 00    11   -89 -9999   220    41     3 -9999 -9999
1958 03 31 03    61  -122 -9999   220    41     0 -9999 -9999
1958 03 31 06   128  -111 -9999   110    21     0 -9999 -9999
1958 03 31 09   139  -122 -9999    70    62     0 -9999 -9999
1958 03 31 12   128   -78 -9999    70    51     7 -9999 -9999
1958 04 01 00    11   -89 -9999   270    41     7 -9999 -9999
1958 04 01 03    61  -122 -9999   220    31     2 -9999 -9999
1958 04 01 06   139   -89 -9999    40    21     4 -9999 -9999
1958 04 01 09   161  -122 -9999    70    62     8 -9999 -9999
1958 04 01 12   139  -111 -9999    70    62     8 -9999 -9999
1958 04 02 00    72   -89 -9999   220    51     7 -9999 -9999
1958 04 02 03   100   -50 -9999   220    51     8 -9999 -9999
1958 04 02 06   150 -9999 -9999   250   139     8 -9999 -9999
1958 04 02 09   161  -250 -9999   270   159     7 -9999 -9999
1958 04 02 12   128  -222 -9999   320    72     1 -9999 -9999
1958 04 03 00    22  -200 -9999   250    62     4 -9999 -9999
1958 04 03 03    78  -211 -9999   250    51     7 -9999 -9999
1958 04 03 09   128  -161 -9999    40    31     8 -9999 -9999
1958 04 03 12   139  -100 -9999   270   118     7 -9999 -9999
1958 04 04 00    39   -61 -9999   360    10     7 -9999 -9999
1958 04 04 03    78   -50 -9999   250    10     7 -9999 -9999
1958 04 04 06   122   -89 -9999    40    31     7 -9999 -9999
1958 04 04 09   161   -22 -9999   110    10     6 -9999 -9999
1958 04 04 12   139   -72 -9999   250    31     1 -9999 -9999
1958 04 05 00    28  -139 -9999    70    21     0 -9999 -9999
1958 04 05 03    39  -161 -9999    70    31 -9999 -9999 -9999
1958 04 05 06    72  -172 -9999    70    31 -9999 -9999 -9999
1958 04 05 12    39  -172 -9999    70    51 -9999 -9999 -9999
1958 04 06 03    28  -161 -9999    70    21 -9999 -9999 -9999
1958 04 06 06    78  -122 -9999    70    41 -9999 -9999 -9999
1958 04 06 09   100  -128 -9999    70    62 -9999 -9999 -9999
1958 04 06 12    89  -122 -9999    70    51 -9999 -9999 -9999
1958 04 07 00    11  -111 -9999    70    21     8 -9999 -9999
1958 04 07 03    28  -100 -9999    70    21     8 -9999 -9999
1958 04 07 06    61  -161 -9999    70    31     8 -9999 -9999
1958 04 07 09 -9999 -9999 -9999    90    51 -9999 -9999 -9999
1958 04 07 12    72 -9999 -9999    70    51     7 -9999 -9999
1958 04 08 00    11   -72 -9999   250    21     8 -9999     6
1958 04 08 03    39   -22 -9999   320    21     8 -9999 -9999
1958 04 08 06    22   -28 -9999    70    41     8 -9999     6
1958 04 08 09    50   -50 -9999    90    41     8 -9999 -9999
1958 04 08 12    50   -61 -9999    70    31     8 -9999     6
1958 04 09 00     0   -50 -9999   220    41     7 -9999 -9999
1958 04 09 03    28   -50 -9999   250    21     8 -9999 -9999
1958 04 09 06    72   -39 -9999    90    31     8 -9999 -9999
1958 04 09 09   100   -50 -9999    40    51     8 -9999 -9999
1958 04 09 12    89   -39 -9999    70    51     8 -9999 -9999
1958 04 10 00    28   -61 -9999   220    41     8 -9999 -9999
1958 04 10 03    78   -78 -9999   220    21     7 -9999 -9999
1958 04 10 06   122   -78 -9999    40    51     8 -9999 -9999
1958 04 10 09   139   -72 -9999    70    72     8 -9999 -9999
1958 04 10 12   128 -9999 -9999    70    41     8 -9999 -9999
1958 04 11 03    78   -89 -9999   220    51     7 -9999 -9999
1958 04 11 06   139  -111 -9999    70    51     8 -9999 -9999
1958 04 11 12   128  -100 -9999    90    41     8 -9999 -9999
1958 04 12 00    28   -72 -9999   220    31     7 -9999 -9999
1958 04 12 03   100   -72 -9999   250    62     7 -9999 -9999
1958 04 12 09   161   -89 -9999    60    72     8 -9999 -9999
1958 04 12 12   150   -72 -9999    70    51     8 -9999 -9999
1958 04 13 00    28   -39 -9999   270    10     5 -9999 -9999
1958 04 13 03   139   -72 -9999   250    51     6 -9999 -9999
1958 04 13 06   189   -72 -9999    70    82     7 -9999 -9999
1958 04 13 09   189   -89 -9999    70    72     7 -9999 -9999
1958 04 13 12   172   -72 -9999    90    51     8 -9999 -9999
1958 04 14 00    50   -72 -9999   220    31     7 -9999 -9999
1958 04 14 03   122  -111 -9999   220    51     7 -9999 -9999
1958 04 14 06   200  -122 -9999    70    51     7 -9999 -9999
1958 04 14 09   211   -78 -9999    90    62     7 -9999 -9999
1958 04 14 12   189   -61 -9999    70    72     7 -9999 -9999
1958 04 15 00    78   -22 -9999   250    62     5 -9999 -9999
1958 04 15 03   150   -22 -9999   250    41     7 -9999 -9999
1958 04 15 06   200   -61 -9999    70    21     7 -9999 -9999
1958 04 15 09   222   -72 -9999    70    62     8 -9999 -9999
1958 04 15 12   200  -100 -9999    70    72     7 -9999 -9999
1958 04 16 00   100   -11 -9999   220    51     7 -9999 -9999
1958 04 16 03   139   -11 -9999   220    51     7 -9999 -9999
1958 04 16 06   200   -78 -9999    70    51     7 -9999 -9999
1958 04 16 09   200   -72 -9999    40    62     8 -9999 -9999
1958 04 17 00   128   -28 -9999   220    41     8 -9999 -9999
1958 04 17 06   178   -11 -9999   110    41     7 -9999     6
1958 04 17 12   189   -78 -9999   110    21     7 -9999 -9999
1958 04 18 00    89   -22 -9999   250    41     8 -9999 -9999
1958 04 18 06   189   -72 -9999   220    31     5 -9999 -9999
1958 04 18 09   228   -61 -9999   270    21     6 -9999 -9999
1958 04 18 12   222   -39 -9999    40    51     7 -9999 -9999
1958 04 19 00    89   -72 -9999   250    51     7 -9999 -9999
1958 04 19 03   128   -72 -9999   120    51     7 -9999 -9999
1958 04 19 06   200   -61 -9999   250    10     8 -9999 -9999
1958 04 19 09   211  -100 -9999    90    51     8 -9999 -9999
1958 04 19 12   189   -61 -9999    90    41     8 -9999 -9999
1958 04 20 00    72   -39 -9999   250    41     8 -9999 -9999
1958 04 20 03   128   -61 -9999   220    31     8 -9999 -9999
1958 04 20 06   189   -39 -9999   270    21     8 -9999 -9999
1958 04 20 09   222   -78 -9999   220    10     7 -9999 -9999
1958 04 20 12   211   -39 -9999     0     0     8 -9999 -9999
1958 04 21 00   100  -122 -9999   250    62     5 -9999 -9999
1958 04 21 06   189   -89 -9999   250    10     7 -9999 -9999
1958 04 21 09   211   -78 -9999   290    98     7 -9999 -9999
1958 04 21 12   178   -89 -9999   270    41     7 -9999 -9999
1958 04 22 00    72   -50 -9999   140    31     7 -9999 -9999
1958 04 22 03   111  -100 -9999   250    72     7 -9999 -9999
1958 04 22 09   150  -172 -9999   250    72     7 -9999 -9999
1958 04 22 12   139  -139 -9999   270    51     6 -9999 -9999
1958 04 23 03   100   -61 -9999   220    51     8 -9999 -9999
1958 04 23 06   128   -72 -9999    40    62     8 -9999 -9999
1958 04 23 09   139   -72 -9999    70    51     8 -9999 -9999
1958 04 23 12   139   -39 -9999    70    31     7 -9999     6
1958 04 24 00    72   -28 -9999    70    31     8 -9999 -9999
1958 04 24 06   161   -28 -9999    90    41     7 -9999 -9999
1958 04 24 12   178   -89 -9999   110    41     7 -9999     6
1958 04 25 00    72  -111 -9999   220    41     6 -9999 -9999
1958 04 25 03   111  -122 -9999   250    51     5 -9999 -9999
1958 04 25 06   161  -100 -9999    70    41     3 -9999 -9999
1958 04 25 09   161  -128 -9999    70    51     7 -9999 -9999
1958 04 25 12   150  -122 -9999    70    72     7 -9999 -9999
1958 04 26 00    50   -50 -9999   250    10     8 -9999 -9999
1958 04 26 09   150   -72 -9999   320    72     8 -9999 -9999
1958 04 27 03   128   -72 -9999   220    41 -9999 -9999 -9999
1958 04 27 06 -9999 -9999 -9999   250    82     7 -9999 -9999
1958 04 27 09   172  -100 -9999   220    62     7 -9999 -9999
1958 04 27 12   139   -61 -9999   340    98     5 -9999     6
1958 04 28 00    11   -61 -9999   250    10     1 -9999 -9999
1958 04 28 03   100   -78 -9999   270    21     1 -9999 -9999
1958 04 28 06   150  -128 -9999    40    41     2 -9999 -9999
1958 04 28 09   161  -128 -9999    90    31     7 -9999 -9999
1958 04 28 12   172  -139 -9999   160    41     7 -9999 -9999
1958 04 29 00    39   -39 -9999     0     0     8 -9999 -9999
1958 04 29 03   100  -100 -9999     0     0     7 -9999 -9999
1958 04 29 06   150   -89 -9999    70    10     6 -9999 -9999
1958 04 29 09   178  -128 -9999    70    41     7 -9999 -9999
1958 04 29 12   150  -128 -9999    70    51     7 -9999 -9999
1958 04 30 00    39   -72 -9999   270    31     0 -9999 -9999
1958 04 30 03   111   -61 -9999   250    10     0 -9999 -9999
1958 04 30 06   161   -72 -9999    70    41     7 -9999 -9999
1958 04 30 09   189   -89 -9999    70    31     0 -9999 -9999
1958 04 30 12   172   -78 -9999    70    51     6 -9999 -9999
1958 05 01 00    50   -50 -9999   270    41     6 -9999 -9999
1958 05 01 03   150   -89 -9999   250    41     7 -9999 -9999
1958 05 01 06   222   -50 -9999     0     0     7 -9999 -9999
1958 05 01 09   228   -28 -9999   110    51     7 -9999 -9999
1958 05 01 12   211   -72 -9999    90    51     7 -9999 -9999
1958 05 02 00    61   -39 -9999   250    41     1 -9999 -9999
1958 05 02 03   150   -28 -9999     0     0     0 -9999 -9999
1958 05 02 06   178   -89 -9999    90    31     1 -9999 -9999
1958 05 02 09   200   -72 -9999    20    51     2 -9999 -9999
1958 05 03 00    89   -39 -9999   250    41     8 -9999 -9999
1958 05 03 03   139   -78 -9999   220    41     8 -9999 -9999
1958 05 03 09   211   -72 -9999    40    82     8 -9999 -9999
1958 05 03 12   200   -61 -9999    90    31     8 -9999 -9999
1958 05 04 00   100   -39 -9999   220    51     4 -9999 -9999
1958 05 04 03   150   -61 -9999   220    41     3 -9999 -9999
1958 05 04 06   200   -78 -9999   250    31     5 -9999 -9999
1958 05 04 09   222  -100 -9999    20    51     7 -9999 -9999
1958 05 04 12   211  -122 -9999   320    72     7 -9999 -9999
1958 05 05 00   100 -9999 -9999   250    51     7 -9999 -9999
1958 05 05 03   139     0 -9999   250    51     8 -9999 -9999
1958 05 05 06   139    28 -9999   270    31     7 -9999     5
1958 05 05 09   128    28 -9999   110    31     7 -9999 -9999
1958 05 05 12   161     0 -9999    40    31     6 -9999 -9999
