1964 01 02 03  -128  -200 -9999   220    21     7 -9999 -9999
1964 01 03 00  -111  -178 -9999     0     0     7 -9999 -9999
1964 01 03 03  -111  -178 -9999     0     0     7 -9999 -9999
1964 01 03 12   -72  -139 -9999     0     0     7 -9999 -9999
1964 01 04 03   -78  -200 -9999   220    72     7 -9999 -9999
1964 01 05 03  -122  -200 -9999   220    41     3 -9999 -9999
1964 01 06 03   -78  -172 -9999     0     0     8 -9999 -9999
1964 01 06 18   -61  -161 -9999   220    41     8 -9999 -9999
1964 01 09 03  -122  -161 -9999   250    21     2 -9999 -9999
1964 01 09 18   -89  -200 -9999   220    51     0 -9999     6
1964 01 11 12  -100  -161 -9999    70    41     1 -9999 -9999
1964 01 12 12  -100  -161 -9999    90    31     1 -9999 -9999
1964 01 14 03  -139  -200 -9999     0     0     8 -9999 -9999
1964 01 16 12  -100  -200 -9999    90    31     3 -9999 -9999
1964 01 18 03  -178  -222 -9999   220    10     2 -9999 -9999
1964 01 18 12  -100  -178 -9999    90    41     1 -9999 -9999
1964 01 19 03  -178  -222 -9999   220    21     2 -9999 -9999
1964 01 20 03  -128  -178 -9999   220    21 -9999 -9999 -9999
1964 01 20 12  -111  -211 -9999    90    82     7 -9999 -9999
1964 01 27 03  -161  -250 -9999   250    62     1 -9999 -9999
1964 01 27 12  -128  -200 -9999     0     0     0 -9999 -9999
1964 01 29 03  -139  -250 -9999   220    62     0 -9999 -9999
1964 01 29 21  -178  -250 -9999   250    72     0 -9999 -9999
1964 02 01 12  -128  -189 -9999    90    21     3 -9999 -9999
1964 02 06 18  -122  -161 -9999   220    31     3 -9999 -9999
1964 02 06 21  -139  -172 -9999     0     0     2 -9999 -9999
1964 02 09 12  -128  -172 -9999    70    41     1 -9999     6
1964 02 11 09   -72  -161 -9999    90    62     1 -9999 -9999
1964 02 11 12   -89  -172 -9999    90    21     2 -9999 -9999
1964 02 11 21   -78  -200 -9999   250    72     1 -9999 -9999
1964 02 12 03  -128  -161 -9999     0     0     2 -9999 -9999
1964 02 12 12   -72  -139 -9999    70    31     2 -9999 -9999
1964 02 13 12   -61  -161 -9999    70    51     2 -9999 -9999
1964 02 14 03  -139  -172 -9999     0     0     0 -9999 -9999
1964 02 14 18  -111  -161 -9999     0     0     0 -9999 -9999
1964 02 16 03  -161  -189 -9999   220    21     0 -9999 -9999
1964 02 24 12   -22  -161 -9999    90    41     0 -9999 -9999
1964 02 27 21   -89  -139 -9999   220    21     7 -9999 -9999
1964 02 29 18   -39   -61 -9999     0     0     8 -9999 -9999
1964 03 02 03   -61  -100 -9999   220    41     3 -9999 -9999
1964 03 02 18   -50   -89 -9999     0     0     6 -9999 -9999
1964 03 03 00    22  -122 -9999   250    21     5 -9999 -9999
1964 03 03 03   -61  -100 -9999   250    31     7 -9999 -9999
1964 03 03 12    28  -139 -9999    90    31     7 -9999 -9999
1964 03 03 18   -11   -89 -9999     0     0     3 -9999 -9999
1964 03 04 03   -22   -89 -9999   220    51     7 -9999 -9999
1964 03 05 03   -39   -72 -9999   250    10     2 -9999 -9999
1964 03 05 06    39   -72 -9999    70    41     6 -9999 -9999
1964 03 06 06    39   -78 -9999   270    82     7 -9999 -9999
1964 03 09 12    39   -89 -9999    90    21     7 -9999 -9999
1964 03 10 12    39  -100 -9999    70    31     7 -9999 -9999
1964 03 11 03   -22  -172 -9999   220    51     1 -9999 -9999
1964 03 12 12    78  -128 -9999    70    31     3 -9999 -9999
1964 03 16 03    78   -78 -9999   250    41     7 -9999 -9999
1964 03 17 03    39  -139 -9999   220    41     1 -9999 -9999
1964 03 17 12   111  -100 -9999    70    72     7 -9999 -9999
1964 03 18 03    28   -61 -9999   220    31     0 -9999 -9999
1964 03 20 06    28  -100 -9999    70    72     6 -9999 -9999
1964 03 22 12    11   -61 -9999    70    72     7 -9999 -9999
1964 03 24 00    50   -78 -9999    70    31     7 -9999 -9999
1964 03 24 12    50   -78 -9999    70    31     7 -9999 -9999
1964 03 26 21     0   -89 -9999   220    41     6 -9999 -9999
1964 03 27 03    39  -150 -9999   220    51     3 -9999 -9999
1964 03 30 12   172  -122 -9999    70    72     7 -9999 -9999
1964 03 31 03   111   -72 -9999   220    21     7 -9999 -9999
1964 04 02 03    50   -50 -9999     0     0     6 -9999 -9999
1964 04 02 12   111   -72 -9999    70    51     7 -9999 -9999
1964 04 03 18    72  -111 -9999   220    21     8 -9999 -9999
1964 04 04 03    61  -139 -9999   220    62     7 -9999 -9999
1964 04 05 12   100   -28 -9999    70    51     7 -9999 -9999
1964 04 06 18    61     0 -9999     0     0     0 -9999 -9999
1964 04 07 03    89   -11 -9999     0     0     3 -9999 -9999
1964 04 09 03    89   -39 -9999   250    31     8 -9999 -9999
1964 04 09 12   172   -28 -9999    90    51     7 -9999 -9999
1964 04 11 03   128    11 -9999   220    41     7 -9999 -9999
1964 04 12 12   178    72 -9999     0     0     7 -9999 -9999
1964 04 15 18    78    39 -9999   220    21     7 -9999     6
1964 04 19 12   122   -28 -9999    70    31     7 -9999 -9999
1964 04 20 03    72   -11 -9999     0     0     2 -9999 -9999
1964 04 21 03    89   -39 -9999   220    62     0 -9999 -9999
1964 04 22 03    89   -50 -9999   220    31     2 -9999 -9999
1964 04 22 12   139    50 -9999    70    82     7 -9999 -9999
1964 04 25 03   100   -22 -9999     0     0     8 -9999 -9999
1964 04 27 18    72    39 -9999     0     0     7 -9999 -9999
1964 04 28 21    72    28 -9999   110    21 -9999 -9999 -9999
1964 04 30 03    78    50 -9999   250    10     7 -9999 -9999
1964 05 01 03    78     0 -9999   220    41     1 -9999 -9999
1964 05 02 18    89    61 -9999   220    21     0 -9999 -9999
1964 05 03 12   111    28 -9999   220    72     8 -9999     6
1964 05 07 03   122   -28 -9999   220    31     2 -9999 -9999
1964 05 07 18    78    22 -9999     0     0     1 -9999 -9999
1964 05 08 21    78    39 -9999   220    31     8 -9999 -9999
1964 05 09 03   111    39 -9999   220    31     7 -9999 -9999
1964 05 09 18   111    28 -9999   220    41     2 -9999 -9999
1964 05 10 12   189   -11 -9999   220    10     2 -9999     6
1964 05 11 03   139    11 -9999   220    41     7 -9999 -9999
1964 05 11 12   178   -50 -9999   250    62     7 -9999 -9999
1964 05 14 18   111   -50 -9999   220    31     0 -9999 -9999
1964 05 15 03   139   -39 -9999   220    41     1 -9999 -9999
1964 05 16 03   111   -50 -9999   200    31     6 -9999 -9999
1964 05 16 21    61    28 -9999   220    41     1 -9999 -9999
1964 05 19 03    72    22 -9999    70    41     7 -9999 -9999
1964 05 20 03   111     0 -9999    90    31     7 -9999 -9999
1964 05 23 18    61    28 -9999   220    31     8 -9999 -9999
1964 05 29 03   161    39 -9999   220    51     1 -9999 -9999
1964 06 02 03   122    72 -9999   250    41     8 -9999 -9999
1964 06 02 12   111    78 -9999   220    51     8 -9999    10
1964 06 02 18    89    50 -9999   220    41     8 -9999     3
1964 06 03 03    78    61 -9999   220    82     8 -9999 -9999
1964 06 05 03   122    28 -9999   220    31     7 -9999 -9999
1964 06 07 03   139    11 -9999   220    41     0 -9999 -9999
1964 06 07 12   200    22 -9999    70    21     6 -9999 -9999
1964 06 08 03   100    72 -9999   220    62     7 -9999 -9999
1964 06 09 12   178    61 -9999   200    21     6 -9999     6
1964 06 11 12   189   -11 -9999   320   159     7 -9999 -9999
1964 06 12 03   161   -50 -9999   220    51     0 -9999 -9999
1964 06 13 12   250   -50 -9999   220    21     2 -9999 -9999
1964 06 14 03   172    28 -9999   250    21     7 -9999 -9999
1964 06 14 18   172    39 -9999     0     0     5 -9999 -9999
1964 06 15 12   200    22 -9999   220    41     7 -9999     6
1964 06 16 03   150    39 -9999   220    41     7 -9999 -9999
1964 06 20 03   172    28 -9999   250    31     2 -9999 -9999
1964 06 21 09   250   -28 -9999     0     0     2 -9999 -9999
1964 06 23 12   189    61 -9999   220    31     6 -9999     6
1964 06 26 03   178     0 -9999   220    51     2 -9999 -9999
1964 06 26 12   222    28 -9999    70    51     7 -9999 -9999
1964 06 28 12   178    50 -9999   250    41     8 -9999     6
1964 06 30 09   261    22 -9999     0     0     6 -9999 -9999
1964 07 06 21   100    72 -9999     0     0     1 -9999 -9999
1964 07 07 12   222    39 -9999     0     0     7 -9999 -9999
1964 07 08 12   222    89 -9999    70    62     3 -9999 -9999
1964 07 09 12   178    89 -9999    20    31     7 -9999    40
1964 07 10 03   178    22 -9999   250    51     1 -9999 -9999
1964 07 10 09   178    22 -9999   200    21     1 -9999 -9999
1964 07 11 12   211    78 -9999    90    31     6 -9999    10
1964 07 13 06   250    50 -9999     0     0     2 -9999 -9999
1964 07 15 18   139    72 -9999    10    62     2 -9999     6
1964 07 16 12   239    89 -9999   250    87     8 -9999    20
1964 07 17 12   222    72 -9999     0     0     8 -9999 -9999
1964 07 19 12   200    78 -9999     0     0     8 -9999 -9999
1964 07 20 09   172   100 -9999    40    10     7 -9999 -9999
1964 07 22 06   300   139 10089   140    21     1 -9999 -9999
1964 07 24 12   239   139 -9999   360    21     1 -9999 -9999
1964 07 25 09   261    28 -9999    20    87 -9999 -9999 -9999
1964 07 26 18   200    39 -9999    30    10     7 -9999 -9999
1964 07 27 18   272    89 -9999     0     0     7 -9999 -9999
1964 07 30 06   300    28  9950   320    41     0 -9999 -9999
1964 08 06 06   239    39 -9999   220    21     2 -9999     6
1964 08 07 03   178    50 -9999   220    31     0 -9999 -9999
1964 08 08 12   228    89 -9999    90    82     6 -9999 -9999
1964 08 08 18   172   111 -9999     0     0     7 -9999     6
1964 08 08 21   161   111 -9999     0     0     2 -9999 -9999
1964 08 09 18   161   100 -9999   220    31     8 -9999    30
1964 08 13 12   250    50 -9999 -9999 -9999     6 -9999 -9999
1964 08 15 03   211    72 -9999   220    41     0 -9999 -9999
1964 08 15 12   300    39 -9999   250    31     1 -9999 -9999
1964 08 16 12   272    61 -9999   220    21     3 -9999 -9999
1964 08 17 03   200    72 -9999   220    10     5 -9999 -9999
1964 08 18 03   172    39 -9999   250    10     1 -9999 -9999
1964 08 18 12   228    50 -9999    90    41     3 -9999 -9999
1964 08 19 12   311    78 10019   360    21     0 -9999 -9999
1964 08 19 18   161    72 -9999     0     0     0 -9999 -9999
1964 08 20 12   228    28 -9999    90    31     5 -9999 -9999
1964 08 29 18   139    61 -9999     0     0     0 -9999 -9999
1964 08 30 03   150    39 -9999   320    41     1 -9999 -9999
1964 08 31 12   172    11 -9999   270    41     8 -9999     6
1964 09 03 18   111    61 -9999     0     0     0 -9999 -9999
1964 09 04 03   150    22 -9999   220    41     1 -9999 -9999
1964 09 06 03   122    50 -9999   250    72     7 -9999 -9999
1964 09 06 18   139    39 -9999   220    51     1 -9999     6
1964 09 08 12   189    78 -9999    90    31     6 -9999     6
1964 09 09 03   150    28 -9999   320    21     6 -9999 -9999
1964 09 10 03   150    50 -9999     0     0     7 -9999 -9999
1964 09 10 12   211   -28 -9999   340    82     3 -9999 -9999
1964 09 10 21   128    28 -9999     0     0     7 -9999 -9999
1964 09 12 12   172    50 -9999    70    51     3 -9999 -9999
1964 09 12 18   128    72 -9999     0     0     5 -9999 -9999
1964 09 13 03   139    39 -9999   220    51     0 -9999 -9999
1964 09 19 03   122     0 -9999   220    41     0 -9999 -9999
1964 09 20 18    89    28 -9999     0     0 -9999 -9999 -9999
1964 09 20 21   100    22 -9999   220    41     0 -9999 -9999
1964 09 23 03    78    22 -9999   200    51     8 -9999 -9999
1964 09 24 12   161    22 -9999   220    41     7 -9999     6
1964 09 25 18    89    39 -9999   220    31     2 -9999     6
1964 09 27 03   111    39 -9999   220    10     8 -9999 -9999
1964 09 27 18   100    22 -9999     0     0     3 -9999 -9999
1964 09 29 03   122   -11 -9999   220    41     2 -9999 -9999
1964 10 02 03    61   -39 -9999   220    21     5 -9999 -9999
1964 10 03 03    72   -28 -9999   220    31     1 -9999 -9999
1964 10 04 12   128   -22 -9999    70    41     1 -9999 -9999
1964 10 06 03   100   -39 -9999   220    31     0 -9999 -9999
1964 10 10 12   122   -61 -9999    90    31 -9999 -9999 -9999
1964 10 12 03    89  -161 -9999   250    31     7 -9999 -9999
1964 10 12 09   161  -139 -9999    90    51     6 -9999 -9999
1964 10 12 12   128   -61 -9999    90    31     7 -9999 -9999
1964 10 13 09   150   -89 -9999   270    21     6 -9999 -9999
1964 10 14 00   128  -172 -9999   290    62     1 -9999 -9999
1964 10 14 03    61  -122 -9999   220    51     3 -9999 -9999
1964 10 14 21    28   -72 -9999   220    41     0 -9999 -9999
1964 10 15 03    39   -72 -9999   250    10     7 -9999 -9999
1964 10 15 18    50   -22 -9999     0     0     7 -9999 -9999
1964 10 16 12    78   -39 -9999    90    31     7 -9999 -9999
1964 10 17 12    72   -28 -9999    80    51     1 -9999 -9999
1964 10 19 03    61  -128 -9999   220    62     0 -9999 -9999
1964 10 19 12   111  -100 -9999    90    41     1 -9999 -9999
1964 10 21 00    22  -128 -9999   220    51     1 -9999 -9999
1964 10 21 03    50  -150 -9999   220    41     7 -9999 -9999
1964 10 21 06   122  -161 -9999   250    31     7 -9999 -9999
1964 10 21 09   139  -139 -9999   220    10     6 -9999 -9999
1964 10 21 12    89  -122 -9999    90    51     6 -9999 -9999
1964 10 21 18    11   -72 -9999   250    21     7 -9999 -9999
1964 10 21 21    28  -122 -9999   220    51     7 -9999 -9999
1964 10 22 00   -11   -89 -9999     0     0     7 -9999 -9999
1964 10 22 03    28  -122 -9999   250    21     7 -9999 -9999
1964 10 22 06    89   -72 -9999     0     0     7 -9999 -9999
1964 10 22 09   100   -61 -9999   220    31     5 -9999 -9999
1964 10 22 12    72   -50 -9999     0     0     6 -9999 -9999
1964 10 22 21   -11   -72 -9999   250    31     6 -9999 -9999
1964 10 23 00    11   -89 -9999   220    72     7 -9999 -9999
1964 10 23 03    28   -78 -9999   250    41     7 -9999 -9999
1964 10 23 06    89  -100 -9999   200    31     7 -9999 -9999
1964 10 23 09   100  -100 -9999    40    82     7 -9999 -9999
1964 10 23 12    72   -78 -9999    90    31     5 -9999 -9999
1964 10 23 18     0   -78 -9999   250    41     1 -9999 -9999
1964 10 23 21   -11  -100 -9999   220    62     0 -9999 -9999
1964 10 24 00   -11  -128 -9999    50    51     0 -9999 -9999
1964 10 24 03    22  -139 -9999   220    41     0 -9999 -9999
1964 10 24 06    89  -178 -9999   220    41     0 -9999 -9999
1964 10 24 09   122  -161 -9999    90    31     1 -9999 -9999
1964 10 24 12    72   -89 -9999    90    31     1 -9999 -9999
1964 10 25 00   -22   -89 -9999   220    31     0 -9999 -9999
1964 10 25 03    22  -100 -9999   250    41     1 -9999 -9999
1964 10 25 06    78   -89 -9999   250    10     7 -9999 -9999
1964 10 25 09   111  -100 -9999    70    51     5 -9999 -9999
1964 10 25 12    61   -78 -9999    90    31     1 -9999 -9999
1964 10 25 18    22   -72 -9999   220    41     7 -9999 -9999
1964 10 25 21    11   -89 -9999   220    51     7 -9999 -9999
1964 10 26 00     0   -89 -9999   250    51     7 -9999 -9999
1964 10 26 03    11  -100 -9999   220    62     1 -9999 -9999
1964 10 26 06    89  -172 -9999   220    31     1 -9999 -9999
1964 10 26 09   122  -189 -9999    90    41     1 -9999 -9999
1964 10 26 12    72   -89 -9999    90    31     1 -9999 -9999
1964 10 26 18    22  -122 -9999   220    21     7 -9999 -9999
1964 10 27 03    28  -189 -9999   220    31     1 -9999 -9999
1964 10 27 09   122  -161 -9999     0     0     0 -9999 -9999
1964 10 27 12    61  -172 -9999     0     0     0 -9999 -9999
1964 10 28 00   -22  -122 -9999   220    31     3 -9999 -9999
1964 10 28 03   -11  -122 -9999   250    31     7 -9999 -9999
1964 10 28 06    39   -89 -9999    40    21     7 -9999 -9999
1964 10 28 09    50  -100 -9999    90    21     2 -9999 -9999
1964 10 28 12    22   -78 -9999    90    21     5 -9999 -9999
1964 10 28 18   -39   -72 -9999   250    31     0 -9999 -9999
1964 10 28 21   -50   -89 -9999   250    31     0 -9999 -9999
1964 10 29 00   -61  -111 -9999     0     0     0 -9999 -9999
1964 10 29 03   -28  -111 -9999   220    10     0 -9999 -9999
1964 10 29 06    39   -89 -9999    90    31     0 -9999 -9999
1964 10 29 09    50  -111 -9999    90    51     0 -9999 -9999
1964 10 29 12    11   -89 -9999    90    21     0 -9999 -9999
1964 10 29 18   -28   -78 -9999     0     0     7 -9999 -9999
1964 10 29 21   -50   -72 -9999   250    10     1 -9999 -9999
1964 10 30 00   -61  -100 -9999   250    21     3 -9999 -9999
1964 10 30 03   -39   -61 -9999   250    31     6 -9999 -9999
1964 10 30 06    61   -89 -9999     0     0     6 -9999 -9999
1964 10 30 09    72  -128 -9999    90    31     2 -9999 -9999
1964 10 30 12    28  -100 -9999    90    41     1 -9999 -9999
1964 10 30 18   -22   -89 -9999   250    10     1 -9999 -9999
1964 10 30 21   -39  -111 -9999   250    41     0 -9999 -9999
1964 10 31 00   -39  -122 -9999   250    41     0 -9999 -9999
1964 10 31 09    50  -111 -9999    90    41     1 -9999 -9999
1964 10 31 12    11   -72 -9999    90    41     0 -9999 -9999
1964 10 31 18   -22   -61 -9999     0     0     7 -9999 -9999
1964 10 31 21     0   -89 -9999   220    41     3 -9999 -9999
1964 11 01 00   -39   -78 -9999   270    21     0 -9999 -9999
1964 11 01 03   -22   -72 -9999   220    10     0 -9999 -9999
1964 11 01 21   -72   -72 -9999   250    51     5 -9999 -9999
1964 11 02 03    22   -89 -9999    90    10     8 -9999 -9999
1964 11 02 09    72  -128 -9999   250    31     7 -9999 -9999
1964 11 02 12    22   -78 -9999    70    41     5 -9999 -9999
1964 11 02 18   -39   -89 -9999   350    31     0 -9999 -9999
1964 11 02 21   -61  -111 -9999   220    21     0 -9999 -9999
1964 11 03 00   -72  -139 -9999   220    31     0 -9999 -9999
1964 11 03 03   -50  -150 -9999   220    41     1 -9999 -9999
1964 11 03 06    22  -139 -9999     0     0     1 -9999 -9999
1964 11 03 09    39  -139 -9999    90    41     1 -9999 -9999
1964 11 03 21   -50  -122 -9999   250    10     0 -9999 -9999
1964 11 04 00   -50  -122 -9999   250    51     0 -9999 -9999
1964 11 04 03   -28  -128 -9999   220    51     1 -9999 -9999
1964 11 04 12    11  -111 -9999    70    31     6 -9999 -9999
1964 11 04 21   -39   -89 -9999   250    31     1 -9999 -9999
1964 11 05 00   -61  -111 -9999   270    21     1 -9999 -9999
1964 11 05 03   -28  -122 -9999   220    31     1 -9999 -9999
1964 11 05 06    22  -100 -9999     0     0     1 -9999 -9999
1964 11 05 09    39  -100 -9999    90    41     1 -9999 -9999
1964 11 05 12     0  -122 -9999    90    21     8 -9999 -9999
1964 11 05 18   -39  -111 -9999   220    41     0 -9999 -9999
1964 11 05 21   -50  -122 -9999   250    41     1 -9999 -9999
1964 11 06 00   -61  -128 -9999   250    41     0 -9999 -9999
1964 11 06 03   -39  -122 -9999   250    31     6 -9999 -9999
1964 11 06 06    28  -100 -9999     0     0     7 -9999 -9999
1964 11 06 09    28  -128 -9999    90    51     6 -9999 -9999
1964 11 06 12     0  -100 -9999    90    31     7 -9999 -9999
1964 11 06 18   -50  -122 -9999   220    21     4 -9999 -9999
1964 11 06 21   -72  -122 -9999   220    21     0 -9999 -9999
1964 11 07 00   -39  -150 -9999   220    82     1 -9999 -9999
1964 11 07 03   -39  -128 -9999   250    31     5 -9999 -9999
1964 11 07 06    28  -139 -9999     0     0     2 -9999 -9999
1964 11 07 09    39  -139 -9999    70    51     1 -9999 -9999
1964 11 07 12     0  -122 -9999    90    31     1 -9999 -9999
1964 11 07 18   -50  -122 -9999   270    41     0 -9999 -9999
1964 11 07 21   -61  -122 -9999   220    41     0 -9999 -9999
1964 11 08 00   -39  -139 -9999   220    51     0 -9999 -9999
1964 11 08 03   -28  -139 -9999   220    21     3 -9999 -9999
1964 11 08 06    39  -128 -9999    90    31     1 -9999 -9999
1964 11 08 09    50  -128 -9999    90    62     2 -9999 -9999
1964 11 08 12     0  -100 -9999    90    10     1 -9999 -9999
1964 11 08 18   -39  -122 -9999   250    41     0 -9999 -9999
1964 11 08 21   -50  -128 -9999   250    51     0 -9999 -9999
1964 11 09 00   -50  -139 -9999   250    51     0 -9999 -9999
1964 11 09 06    39  -100 -9999   250    31     6 -9999 -9999
1964 11 09 12    11  -111 -9999    90    41     6 -9999 -9999
1964 11 09 21   -22  -128 -9999   220    62     1 -9999 -9999
1964 11 10 00   -28  -139 -9999     0     0     2 -9999 -9999
1964 11 10 03   -22  -122 -9999   220    62     1 -9999 -9999
1964 11 10 06    50  -161 -9999    90    41     1 -9999 -9999
1964 11 10 09    61  -161 -9999    90    41     1 -9999 -9999
1964 11 10 12    22  -122 -9999    90    41     1 -9999 -9999
1964 11 10 21   -50  -128 -9999   250    51     0 -9999 -9999
1964 11 11 03   -39  -122 -9999   250    41     7 -9999 -9999
1964 11 11 09    39  -122 -9999     0     0     6 -9999 -9999
1964 11 11 12     0  -111 -9999    90    21     7 -9999 -9999
1964 11 11 18   -28  -111 -9999   250    51     2 -9999 -9999
1964 11 11 21   -39  -122 -9999   220    41     0 -9999 -9999
1964 11 12 00   -50  -139 -9999   250    41     1 -9999 -9999
1964 11 12 03   -28  -189 -9999   220    51     6 -9999 -9999
1964 11 12 06    39  -228 -9999   220    31     7 -9999 -9999
1964 11 12 09    72  -228 -9999     0     0     7 -9999 -9999
1964 11 12 12    11  -122 -9999    90    31     7 -9999 -9999
1964 11 12 21   -50  -128 -9999   240    51     0 -9999 -9999
1964 11 13 00   -61  -139 -9999   240    51     0 -9999 -9999
1964 11 13 03   -50  -172 -9999   220    31     0 -9999 -9999
1964 11 13 09    28  -150 -9999    90    31     0 -9999 -9999
1964 11 13 12   -22  -122 -9999    90    31     0 -9999 -9999
1964 11 14 00   -89  -139 -9999   220    21     0 -9999 -9999
1964 11 14 03   -78  -139 -9999   250    31     0 -9999 -9999
1964 11 14 06    11  -139 -9999     0     0     1 -9999 -9999
1964 11 14 09    28  -139 -9999    90    41     1 -9999 -9999
1964 11 14 12   -11  -139 -9999    90    31     7 -9999 -9999
1964 11 14 21   -72  -128 -9999   270    62     1 -9999 -9999
1964 11 15 03   -28  -139 -9999     0     0     4 -9999 -9999
1964 11 15 06    39  -139 -9999    90    10     2 -9999 -9999
1964 11 15 09    28  -139 -9999    90    31     3 -9999 -9999
1964 11 15 12   -22  -122 -9999    90    41     7 -9999 -9999
1964 11 15 18   -50  -122 -9999   250    31     7 -9999 -9999
1964 11 15 21   -61  -111 -9999   270    10     7 -9999 -9999
1964 11 16 00   -61  -111 -9999     0     0     7 -9999 -9999
1964 11 16 03   -39  -122 -9999   250    31     6 -9999 -9999
1964 11 16 09    28  -128 -9999    90    41     7 -9999 -9999
1964 11 16 12   -11  -122 -9999    70    31     1 -9999 -9999
1964 11 16 21   -72  -139 -9999   250    62     1 -9999 -9999
1964 11 17 00   -89  -161 -9999   220    31     0 -9999 -9999
1964 11 17 03   -72  -161 -9999   270    41     7 -9999 -9999
1964 11 17 09    50  -189 -9999    90    41     7 -9999 -9999
1964 11 17 12   -22  -122 -9999    90    21     7 -9999 -9999
1964 11 17 18   -72  -139 -9999   250    21     1 -9999 -9999
1964 11 18 00   -72  -161 -9999   250    51     0 -9999 -9999
1964 11 18 03   -72  -161 -9999   250    21     0 -9999 -9999
1964 11 18 06    28  -178 -9999     0     0     0 -9999 -9999
1964 11 18 09    50  -150 -9999    90    41     1 -9999 -9999
1964 11 18 12   -22  -122 -9999    90    31     0 -9999 -9999
1964 11 18 18   -61  -139 -9999   250    31     0 -9999 -9999
1964 11 18 21   -72  -139 -9999   250    31     0 -9999 -9999
1964 11 19 00   -72  -139 -9999   250    21     0 -9999 -9999
1964 11 19 09    50  -172 -9999    90    21     2 -9999 -9999
1964 11 19 12   -22  -122 -9999    90    21     1 -9999 -9999
1964 11 19 18   -50  -161 -9999   220    62     0 -9999 -9999
1964 11 19 21   -61  -161 -9999   250    62     0 -9999 -9999
1964 11 20 00   -78  -161 -9999    50    62     0 -9999 -9999
1964 11 20 03   -50  -200 -9999   250    51     1 -9999 -9999
1964 11 20 09    72  -228 -9999    90    31     0 -9999 -9999
1964 11 20 12   -22  -128 -9999    90    21     3 -9999 -9999
1964 11 20 18   -50  -161 -9999   250    51     0 -9999 -9999
1964 11 20 21   -72  -178 -9999   250    41     0 -9999 -9999
1964 11 21 03   -50  -200 -9999   220    41     1 -9999 -9999
1964 11 21 09    61  -200 -9999    90    41     0 -9999 -9999
1964 11 21 12   -22  -128 -9999    80    31     6 -9999 -9999
1964 11 21 18   -72  -172 -9999   250    41     0 -9999 -9999
1964 11 21 21   -78  -172 -9999   250    41     0 -9999 -9999
1964 11 22 00   -89  -178 -9999   250    51     0 -9999 -9999
1964 11 22 03   -72  -222 -9999   250    51     1 -9999 -9999
1964 11 22 09    61  -211 -9999    90    41     0 -9999 -9999
1964 11 22 18   -50  -189 -9999   250    72     0 -9999 -9999
1964 11 23 00   -39  -200 -9999   250    72     2 -9999 -9999
1964 11 23 06    61  -172 -9999   220    21     1 -9999 -9999
1964 11 23 09    72  -178 -9999    90    41     1 -9999 -9999
1964 11 23 12   -11  -161 -9999    90    21     2 -9999 -9999
1964 11 23 18   -61  -172 -9999   220    21     2 -9999 -9999
1964 11 23 21   -61  -172 -9999   250    41     3 -9999 -9999
1964 11 24 00   -72  -178 -9999   250    51     1 -9999 -9999
1964 11 24 03   -50  -189 -9999   250    62     6 -9999 -9999
1964 11 24 12   -22  -161 -9999    90    21     7 -9999 -9999
1964 11 24 18   -22  -172 -9999   250    62     3 -9999 -9999
1964 11 24 21   -11  -122 -9999   270    72     7 -9999 -9999
1964 11 25 00   -22  -161 -9999   270    21     1 -9999 -9999
1964 11 25 03     0  -150 -9999   250    51     1 -9999 -9999
1964 11 25 21   -61  -222 -9999   220    31     2 -9999 -9999
1964 11 26 00   -28  -239 -9999   250    72     1 -9999 -9999
1964 11 26 03   -39  -250 -9999   220    82     6 -9999 -9999
1964 11 26 09   -28  -189 -9999     0     0     7 -9999 -9999
1964 11 26 12   -11  -172 -9999    90    31     7 -9999 -9999
1964 11 26 18   -50  -211 -9999   220    41     1 -9999 -9999
1964 11 27 03   -50  -239 -9999   220    72     6 -9999 -9999
1964 11 27 12   -22  -161 -9999    90    31     6 -9999 -9999
1964 11 27 18   -61  -200 -9999   220    31     0 -9999 -9999
1964 11 27 21   -72  -189 -9999   250    31     0 -9999 -9999
1964 11 28 00   -28  -228 -9999   220    62     3 -9999 -9999
1964 11 28 03   -50  -228 -9999   250    62     2 -9999 -9999
1964 11 28 09   -89  -178 -9999     0     0     1 -9999 -9999
1964 11 28 12    11  -189 -9999    90    21     1 -9999 -9999
1964 11 28 18   -61  -161 -9999   270    41     3 -9999 -9999
1964 11 28 21   -72  -222 -9999   250    72     1 -9999 -9999
1964 11 29 00   -50  -222 -9999   220    72     0 -9999 -9999
1964 11 29 09     0  -228 -9999    90    31     7 -9999 -9999
1964 11 29 12   -11  -128 -9999    70    21     3 -9999 -9999
1964 11 29 21   -50  -161 -9999     0     0     7 -9999 -9999
1964 11 30 00   -50  -172 -9999     0     0     7 -9999 -9999
1964 11 30 03   -50  -150 -9999   250    21     7 -9999 -9999
1964 11 30 06    28  -178 -9999     0     0     7 -9999 -9999
1964 11 30 09    28  -161 -9999    90    41     7 -9999 -9999
1964 11 30 12   -11  -150 -9999    90    41     8 -9999 -9999
1964 11 30 18   -39  -122 -9999    50    31 -9999 -9999 -9999
1964 11 30 21   -89  -139 -9999    20    10 -9999 -9999 -9999
1964 12 01 00  -100  -150 -9999   250    21     1 -9999 -9999
1964 12 01 12   -28  -161 -9999     0     0     7 -9999 -9999
1964 12 01 18   -89  -161 -9999     0     0     2 -9999 -9999
1964 12 01 21   -72  -150 -9999   220    41     7 -9999 -9999
1964 12 02 03   -50  -161 -9999   220    41     7 -9999 -9999
1964 12 02 09     0  -122 -9999     0     0     7 -9999 -9999
1964 12 02 12   -39  -139 -9999    90    31     7 -9999 -9999
1964 12 02 18   -78  -128 -9999   230    21     2 -9999 -9999
1964 12 02 21   -89  -150 -9999   250    41     2 -9999 -9999
1964 12 03 00   -72  -161 -9999   220    41     2 -9999 -9999
1964 12 03 03   -89  -161 -9999   250    31     1 -9999 -9999
1964 12 03 12   -61  -161 -9999    70    31     6 -9999 -9999
1964 12 03 18   -78  -150 -9999   250    51     3 -9999 -9999
1964 12 03 21   -78  -161 -9999   250    51     2 -9999 -9999
1964 12 04 00   -72  -172 -9999   250    51     2 -9999 -9999
1964 12 04 03   -50  -172 -9999   220    62     7 -9999 -9999
1964 12 04 09    22  -172 -9999    90    41     6 -9999 -9999
1964 12 04 12   -50  -150 -9999    90    41     3 -9999 -9999
1964 12 04 21   -89  -161 -9999   260    51     1 -9999 -9999
1964 12 05 03   -89  -128 -9999     0     0     7 -9999 -9999
1964 12 05 12   -61  -139 -9999    90    21     7 -9999 -9999
1964 12 05 21  -100  -128 -9999     0     0     1 -9999 -9999
1964 12 06 00  -100  -172 10111   250    51     7 -9999 -9999
1964 12 06 03  -100  -139 -9999   270    41     2 -9999 -9999
1964 12 06 09   -28  -111 -9999    90    31     1 -9999 -9999
1964 12 06 12   -72  -139 -9999    90    21     7 -9999 -9999
1964 12 07 00  -100  -150 -9999   220    62     0 -9999 -9999
1964 12 07 03   -89  -211 -9999   250    62     1 -9999 -9999
1964 12 07 09    28  -250 -9999   200    31     1 -9999 -9999
1964 12 07 12   -78  -139 -9999    70    41     1 -9999 -9999
1964 12 07 18  -122  -150 -9999   250    21     1 -9999 -9999
1964 12 07 21  -139  -161 -9999   250    31     0 -9999 -9999
1964 12 08 00  -122  -178 -9999   250    31     1 -9999 -9999
1964 12 08 03  -128  -178 10111     0     0     3 -9999 -9999
1964 12 08 06   -78  -139 -9999    90    41     6 -9999 -9999
1964 12 08 09   -72  -161 -9999    70    51     6 -9999 -9999
1964 12 08 18  -111  -128 -9999     0     0     4 -9999 -9999
1964 12 08 21  -122  -139 -9999   220    21     2 -9999 -9999
1964 12 09 00  -139  -150 -9999     0     0     2 -9999 -9999
1964 12 09 03  -139  -150 -9999   250    21     7 -9999 -9999
1964 12 09 09   -78  -150 -9999    90    62     5 -9999 -9999
1964 12 09 12  -100  -161 -9999    90    21     7 -9999 -9999
1964 12 09 18  -111  -122 -9999     0     0     7 -9999     6
1964 12 10 00  -139  -161 -9999   200    21     7 -9999     6
1964 12 10 03  -150  -178 -9999   250    51     5 -9999 -9999
1964 12 10 12  -122  -178 -9999     0     0     1 -9999 -9999
1964 12 10 18  -150  -178 -9999   220    21     0 -9999 -9999
1964 12 10 21  -150  -178 -9999   250    31     0 -9999 -9999
1964 12 11 00  -172  -200 -9999     0     0     1 -9999 -9999
1964 12 11 03  -178  -211 -9999   250    21     2 -9999 -9999
1964 12 11 09   -89  -150 -9999    90    31     1 -9999 -9999
1964 12 11 12  -122  -161 -9999    90    21     6 -9999 -9999
1964 12 11 21  -150  -178 -9999   250    62     0 -9999 -9999
1964 12 12 00  -172  -200 -9999   270    21     0 -9999 -9999
1964 12 12 03  -178  -211 -9999   250    21     0 -9999 -9999
1964 12 12 18  -172  -189 -9999   220    21     0 -9999 -9999
1964 12 12 21  -161  -189 -9999   270    31     0 -9999 -9999
1964 12 13 00  -161  -222 -9999     0     0     1 -9999 -9999
1964 12 13 03  -128  -211 -9999   250    21     7 -9999 -9999
1964 12 13 09   -39  -178 -9999    70    31     7 -9999 -9999
1964 12 13 18  -150  -222 -9999     0     0     0 -9999 -9999
1964 12 13 21  -111  -222 -9999   220    62     0 -9999 -9999
1964 12 14 00  -100  -239 -9999   250    82     0 -9999 -9999
1964 12 14 03  -100  -228 -9999   250    51     0 -9999 -9999
1964 12 14 12   -89  -178 -9999    90    21     0 -9999 -9999
1964 12 14 21   -89  -222 -9999   250    62     1 -9999 -9999
1964 12 15 03   -78  -250 -9999   220    82     6 -9999 -9999
1964 12 15 12  -100  -161 -9999    70    31     1 -9999 -9999
1964 12 15 18  -128  -161 -9999   270    62     0 -9999 -9999
1964 12 15 21  -111  -172 -9999   220    82     1 -9999 -9999
1964 12 16 00  -128  -222 -9999   250    51     1 -9999 -9999
1964 12 16 03  -139  -172 -9999     0     0     6 -9999 -9999
1964 12 16 09   -72  -161 -9999    90    31     6 -9999 -9999
1964 12 16 12   -89  -178 -9999    90    21     1 -9999 -9999
1964 12 16 18  -161  -189 -9999   200    10     0 -9999 -9999
1964 12 17 00   -61  -189 -9999   250    41     0 -9999 -9999
1964 12 17 09   -39  -200 -9999    90    41     2 -9999 -9999
1964 12 17 12   -89  -200 -9999    90    21     2 -9999 -9999
1964 12 17 18  -128  -200 -9999     0     0     1 -9999 -9999
1964 12 17 21  -128  -189 -9999   220    21     2 -9999 -9999
1964 12 18 00  -139  -200 -9999   220    21     1 -9999 -9999
1964 12 18 03  -150  -189 -9999   250    31     4 -9999 -9999
1964 12 18 09   -22  -189 -9999   160    31     6 -9999 -9999
1964 12 18 12   -72  -189 -9999    70    21     7 -9999 -9999
1964 12 18 18   -11  -178 -9999    60    10     7 -9999 -9999
1964 12 18 21   -89  -189 -9999   250    51     8 -9999 -9999
1964 12 19 00   -78  -200 -9999   250    31     7 -9999 -9999
1964 12 19 03  -100  -172 -9999   220    10     6 -9999 -9999
1964 12 19 09    11  -178 -9999   150    51     6 -9999 -9999
1964 12 19 12   -50  -211 -9999    90    31     7 -9999 -9999
1964 12 19 18   -72  -211 -9999   200    41     6 -9999 -9999
1964 12 19 21   -72  -178 -9999   250    82     7 -9999 -9999
1964 12 20 00   -50  -150 -9999   250    62     7 -9999 -9999
1964 12 20 03   -72  -128 -9999     0     0     7 -9999 -9999
1964 12 20 09   -22  -161 -9999    90    31     7 -9999 -9999
1964 12 20 12   -39  -172 -9999    90    21     8 -9999 -9999
1964 12 20 18   -28  -172 -9999   220    31     8 -9999 -9999
1964 12 20 21   -28  -128 -9999   250    21     7 -9999 -9999
1964 12 21 03   -61  -139 -9999     0     0     7 -9999 -9999
1964 12 21 09   -11  -139 -9999    70    31     7 -9999 -9999
1964 12 21 12   -28  -150 -9999     0     0     7 -9999 -9999
1964 12 21 18   -61  -128 -9999 -9999 -9999     7 -9999 -9999
1964 12 21 21   -61  -161 -9999   250    51     7 -9999 -9999
1964 12 22 00   -39  -161 -9999   250    51     7 -9999 -9999
1964 12 22 03   -28  -122 -9999   220    62     7 -9999 -9999
1964 12 22 09    28  -128 -9999    70    62     5 -9999 -9999
1964 12 22 12   -50  -161 -9999    70    31     5 -9999 -9999
1964 12 22 18   -72  -139 -9999   220    72     0 -9999 -9999
1964 12 22 21   -78  -172 -9999   270    41     0 -9999 -9999
1964 12 23 00   -89  -200 -9999   250    72     3 -9999 -9999
1964 12 23 03   -89  -228 -9999   220    31     1 -9999 -9999
1964 12 23 09    22  -200 -9999    90    41     7 -9999 -9999
1964 12 23 12   -50  -172 -9999    90    10     7 -9999 -9999
1964 12 23 18   -72  -128 -9999     0     0     6 -9999 -9999
1964 12 23 21   -78  -161 -9999   250    21     1 -9999 -9999
1964 12 24 00  -111  -161 -9999     0     0     0 -9999 -9999
1964 12 24 03  -100  -139 -9999   220    31     1 -9999 -9999
1964 12 24 06   -11  -178 -9999   220    31     0 -9999 -9999
1964 12 24 09    22  -172 -9999    90    41     2 -9999 -9999
1964 12 24 12   -50  -161 -9999    70    41     2 -9999 -9999
1964 12 24 21  -111  -161 -9999   250    31     6 -9999 -9999
1964 12 25 00  -100  -200 -9999   250    62     7 -9999 -9999
1964 12 25 03  -100  -178 -9999   250    82     7 -9999 -9999
1964 12 25 09    22  -172 -9999   110    31     7 -9999 -9999
1964 12 25 12   -39  -139 -9999     0     0     5 -9999 -9999
1964 12 25 18  -111  -161 -9999   220    21     0 -9999 -9999
1964 12 25 21  -100  -178 -9999   270    62     7 -9999 -9999
1964 12 26 03   -72  -161 -9999   270    62     7 -9999 -9999
1964 12 26 12   -11  -178 -9999     0     0     7 -9999 -9999
1964 12 26 18   -39  -161 -9999   250    51     6 -9999 -9999
1964 12 26 21   -61  -172 -9999   270    31     5 -9999 -9999
1964 12 27 00   -22  -178 -9999   220    62     6 -9999 -9999
1964 12 27 03   -39  -161 -9999   270    41     7 -9999 -9999
1964 12 27 09   -11  -172 -9999    70    51     7 -9999 -9999
1964 12 27 12   -39  -139 -9999    70    10     7 -9999 -9999
1964 12 27 18   -72  -150 -9999    40    31     2 -9999 -9999
1964 12 27 21   -89  -139 -9999     0     0     3 -9999 -9999
1964 12 28 00   -89  -139 -9999   250    31     6 -9999 -9999
1964 12 28 03   -89  -150 -9999     0     0     6 -9999 -9999
1964 12 28 06   -22  -139 -9999    40    31     3 -9999 -9999
1964 12 28 09   -22  -128 -9999    90    51     2 -9999 -9999
1964 12 28 12   -72  -150 -9999    90    21     1 -9999 -9999
1964 12 28 18  -122  -150 -9999   250    21     0 -9999 -9999
1964 12 28 21  -122  -128 -9999   220    41     5 -9999 -9999
1964 12 29 03  -111  -128 -9999   250    41     1 -9999 -9999
1964 12 29 12   -78  -161 -9999    70    21     7 -9999 -9999
1964 12 29 18  -111  -128 -9999   270    31     2 -9999 -9999
1964 12 29 21  -111  -122 -9999   250    51     2 -9999 -9999
1964 12 30 00  -100  -139 -9999   220    41     2 -9999 -9999
1964 12 30 03  -128  -150 -9999   270    21     3 -9999 -9999
1964 12 30 09   -22  -139 -9999     0     0     7 -9999 -9999
1964 12 30 12   -50  -150 -9999     0     0     7 -9999 -9999
1964 12 31 00   -72  -150 -9999   270    62     4 -9999 -9999
1964 12 31 03  -111  -150 -9999     0     0     1 -9999 -9999
1964 12 31 06   -22  -139 -9999    90    21     2 -9999 -9999
1964 12 31 09   -11  -150 -9999    90    41     1 -9999 -9999
1964 12 31 12   -72  -139 -9999    90    21     1 -9999 -9999
1964 12 31 18  -100  -150 -9999   220    41     1 -9999 -9999
1964 12 31 21  -139  -172 -9999   250    31     0 -9999 -9999
