1964 09 04 09   289    61 10029    70    21     1 -9999 -9999
1964 09 05 00   128    61 10063   360    31     6 -9999 -9999
1964 09 05 21   128    72 10103     0     0     1 -9999 -9999
1964 09 08 21   139    50 10108    90    10     0 -9999 -9999
1964 09 10 00   139    78 10073    40    21     8 -9999 -9999
1964 09 10 21   161   111 10108   270    10     7 -9999 -9999
1964 09 12 06   228    78 10172     0     0     1 -9999 -9999
1964 09 12 09   261    50 10146     0     0     1 -9999 -9999
1964 09 14 06   272    11 10136   270 -9999     0 -9999 -9999
1964 09 16 06   250    28 10129    70    41     1 -9999 -9999
1964 09 17 21   139    78 10096     0     0     1 -9999 -9999
1964 09 18 09   261    39 10112    90    21     7 -9999 -9999
1964 09 26 21   161    61 10156   220    31     7 -9999 -9999
1964 09 28 09   272    50 10096     0     0     2 -9999 -9999
1964 09 29 06   239    78 10082   270    41     7 -9999 -9999
1964 10 02 00    39    22 10218     0     0     0 -9999 -9999
1964 10 03 00    78    39 10208     0     0     7 -9999 -9999
1964 10 06 06   228     0 10194   270    62     0 -9999 -9999
1964 10 10 09   222    11 10109    90    10     5 -9999 -9999
1964 10 13 00    89    39 10087   360    21     8 -9999 -9999
1964 10 14 06   161   -28 10167    20    62     8 -9999 -9999
1964 10 14 09   189   -28 10163    40    31     6 -9999 -9999
1964 10 15 21    50    11 10306    40    21     0 -9999 -9999
1964 10 16 09   150   -39 10289   180    10     1 -9999 -9999
1964 10 17 09   172   -39 10185   280 -9999     0 -9999 -9999
1964 10 18 21    50   -22 10182     0     0     0 -9999 -9999
1964 10 20 09   211   -39 10158   270    21     1 -9999 -9999
1964 10 21 00    28   -39 10193    20    31     0 -9999 -9999
1964 10 21 06   178   -22 10184    40    21     6 -9999 -9999
1964 10 21 09   211   -72 10158   360    10     5 -9999 -9999
1964 10 21 21    28   -39 10190   360    31     2 -9999 -9999
1964 10 22 00    11   -39 10211     0     0     1 -9999 -9999
1964 10 22 09   172   -50 10192    40    51     7 -9999 -9999
1964 10 22 21    28   -61 10214   360    31     7 -9999 -9999
1964 10 23 00    11   -28 10240     0     0     7 -9999 -9999
1964 10 23 06   139   -39 10248   360    21     8 -9999 -9999
1964 10 23 09   161   -39 10231    70    10     8 -9999 -9999
1964 10 23 21    28     0 10256     0     0     1 -9999 -9999
1964 10 24 00    28   -11 10272     0     0     1 -9999 -9999
1964 10 24 06   150   -39 10259   320    31     0 -9999 -9999
1964 10 24 09   178  -111 10243   270    41     0 -9999 -9999
1964 10 24 21    11   -11 10242    40    10     0 -9999 -9999
1964 10 25 00     0   -11 10254     0     0     0 -9999 -9999
1964 10 25 06   172   -61 10225   220    31     1 -9999 -9999
1964 10 25 09   189   -72 10196   250    41     2 -9999 -9999
1964 10 25 21    28   -39 10167     0     0     0 -9999 -9999
1964 10 26 00   -11   -61 10183     0     0     1 -9999 -9999
1964 10 26 09   189  -100 10132   250    21     1 -9999 -9999
1964 10 27 00    11   -78 10159   200    21     1 -9999 -9999
1964 10 27 06   139   -61 10159   270    21     1 -9999 -9999
1964 10 27 09   178   -89 10150   270    21     1 -9999 -9999
1964 10 27 21    28   -50 10216    40    31     6 -9999 -9999
1964 10 28 00    11   -72 10247    40    41     3 -9999 -9999
1964 10 28 09   122   -50 10239    40    41     0 -9999 -9999
1964 10 28 21   -11   -61 10268     0     0     0 -9999 -9999
1964 10 29 00   -28   -61 10248     0     0     0 -9999 -9999
1964 10 29 06   100   -50 10272    20    21     0 -9999 -9999
1964 10 29 21   -11   -39 10280   180    21     2 -9999 -9999
1964 10 30 00   -11   -39 10286     0     0     4 -9999 -9999
1964 10 30 06   122   -61 -9999   360    21     1 -9999 -9999
1964 10 30 09   128   -39 10254    90    10     0 -9999 -9999
1964 10 30 21   -22   -39 10283     0     0     0 -9999 -9999
1964 10 31 00   -39   -72 10303   360    21     0 -9999 -9999
1964 10 31 06    89   -61 10291    70    21     1 -9999 -9999
1964 10 31 09   122   -72 10259    40    21     1 -9999 -9999
1964 10 31 21    11   -50 10243     0     0     7 -9999 -9999
1964 11 01 09   128   -89 10218   220    31     2 -9999 -9999
1964 11 01 21    11   -28 10240    40    21     1 -9999 -9999
1964 11 02 00     0   -39 10262     0     0     3 -9999 -9999
1964 11 02 06   111   -72 10271    90    21     5 -9999 -9999
1964 11 02 09   128   -78 10258   140    21     7 -9999 -9999
1964 11 03 06   100   -89 10302    90    21     0 -9999 -9999
1964 11 04 00   -22  -100 10324   200    21     0 -9999 -9999
1964 11 04 06   100  -100 10320    90    10     6 -9999 -9999
1964 11 04 09   100  -111 10310   160    21     7 -9999 -9999
1964 11 04 21   -28   -72 10326     0     0     0 -9999 -9999
1964 11 05 00   -50   -78 10343     0     0     0 -9999 -9999
1964 11 05 06    78   -89 10327     0     0     7 -9999 -9999
1964 11 05 09   100   -28 10310   200    31     7 -9999 -9999
1964 11 05 21   -22  -111 10307     0     0     0 -9999 -9999
1964 11 06 00   -28  -111 10321   220    21     0 -9999 -9999
1964 11 06 06    89  -122 10304   220    41     3 -9999 -9999
1964 11 06 21   -22   -72 10302     0     0     1 -9999 -9999
1964 11 07 00   -22  -100 10318   200    21     0 -9999 -9999
1964 11 07 06   100   -78 10305   220    21     1 -9999 -9999
1964 11 07 09   128   -72 10283   220    21     5 -9999 -9999
1964 11 08 00   -50   -72 10343     0     0     1 -9999 -9999
1964 11 08 06   100   -61 10335     0     0     1 -9999 -9999
1964 11 08 09   128  -100 10314   200    10     1 -9999 -9999
1964 11 08 21   -28   -61 10322   270    21     2 -9999 -9999
1964 11 09 00   -28  -100 10339     0     0     0 -9999 -9999
1964 11 09 06   111   -78 10325   270    21     1 -9999 -9999
1964 11 09 09   128   -89 10308     0     0     5 -9999 -9999
1964 11 09 21   -39   -78 10320     0     0     0 -9999 -9999
1964 11 10 00   -50  -100 10336   220    21     1 -9999 -9999
1964 11 10 06   100   -78 10336     0     0     0 -9999 -9999
1964 11 10 09   128  -100 10317   220    10     0 -9999 -9999
1964 11 10 21   -39   -61 10302     0     0     0 -9999 -9999
1964 11 11 00   -61   -89 10315     0     0     0 -9999 -9999
1964 11 11 09   111   -89 10259     0     0     7 -9999 -9999
1964 11 11 21   -39   -72 10261     0     0     2 -9999 -9999
1964 11 12 00   -61   -72 10286     0     0     2 -9999 -9999
1964 11 12 06    78   -78 10297   110    21     7 -9999 -9999
1964 11 12 09   111   -89 10282    40    41     7 -9999 -9999
1964 11 13 00   -61  -122 10350    20    21     1 -9999 -9999
1964 11 13 06    72   -89 10335    40    31     0 -9999 -9999
1964 11 13 09    89   -89 10320    40    31     0 -9999 -9999
1964 11 13 21   -50  -100 10300   360    21     0 -9999 -9999
1964 11 14 00   -72   -89 10309     0     0     0 -9999 -9999
1964 11 14 06    72  -100 10293   250    10     0 -9999 -9999
1964 11 14 09   100   -89 10267     0     0     0 -9999 -9999
1964 11 14 21   -50   -89 10263     0     0     1 -9999 -9999
1964 11 15 00   -50   -89 10281     0     0     1 -9999 -9999
1964 11 15 06    89  -111 -9999   220    21     1 -9999 -9999
1964 11 15 09   100  -111 10250   140    10     1 -9999 -9999
1964 11 15 21   -39   -89 10267     0     0     0 -9999 -9999
1964 11 16 06    61   -89 10297     0     0     6 -9999 -9999
1964 11 16 21   -72  -122 10346     0     0     0 -9999 -9999
1964 11 17 06    78   -78 10384     0     0     1 -9999 -9999
1964 11 18 06    72  -100 10379   250    21     0 -9999 -9999
1964 11 18 09   100  -111 10357   220    31     0 -9999 -9999
1964 11 18 21   -39   -72 10348   220    21     0 -9999 -9999
1964 11 19 00   -72  -111 10355     0     0     0 -9999 -9999
1964 11 19 06    72   -78 10333   250    21     1 -9999 -9999
1964 11 19 09   111   -89 10215   220    21     3 -9999 -9999
1964 11 19 21   -39   -72 10320     0     0     0 -9999 -9999
1964 11 20 00   -50  -122 10342     0     0     0 -9999 -9999
1964 11 20 09   111  -111 10340   250    21     0 -9999 -9999
1964 11 20 21   -72   -89 10348   220    10     0 -9999 -9999
1964 11 21 09   100  -139 10310   220    41     0 -9999 -9999
1964 11 22 00   -78  -100 10316     0     0     0 -9999 -9999
1964 11 22 09   100  -128 -9999   250    21     0 -9999 -9999
1964 11 22 21   -50   -78 10285     0     0     0 -9999 -9999
1964 11 23 06    72  -139 10301   220    21     1 -9999 -9999
1964 11 23 09   100  -128 10277   220    21     1 -9999 -9999
1964 11 23 21   -72   -89 10272     0     0     0 -9999 -9999
1964 11 24 09    89  -128 10242     0     0     6 -9999 -9999
1964 11 24 21   -50   -78 10231     0     0     7 -9999 -9999
1964 11 25 06    72  -122 10263   120    21     1 -9999 -9999
1964 11 25 09   100  -111 10246     0     0     1 -9999 -9999
1964 11 25 21   -78  -128 10257    20    21     0 -9999 -9999
1964 11 26 00   -89  -161 10269   340    31     0 -9999 -9999
1964 11 27 06    50  -150 10191   270    21     2 -9999 -9999
1964 11 27 09    78  -128 10166   200    10     3 -9999 -9999
1964 11 28 00   -72  -111 10175     0     0     1 -9999 -9999
1964 11 28 06    61   -89 10184     0     0     2 -9999 -9999
1964 11 28 09    89   -28 10168     0     0     1 -9999 -9999
1964 11 28 21   -78  -122 10177   250    21     1 -9999 -9999
1964 11 29 00   -78  -122 10186     0     0     5 -9999 -9999
1964 11 29 09    72  -128 10156    40    21     1 -9999 -9999
1964 11 29 21   -78  -139 10197     0     0     2 -9999 -9999
1964 11 30 00   -72  -122 10215    40    21     6 -9999 -9999
1964 11 30 09    50  -139 10253    40    51     3 -9999 -9999
1964 11 30 21   -61  -122 10328     0     0     8 -9999 -9999
1964 12 01 00   -72  -128 10363   360    21     4 -9999 -9999
1964 12 01 09 -9999 -9999 -9999    90 -9999     5 -9999 -9999
1964 12 02 00   -89  -128 10423   340    21     5 -9999 -9999
1964 12 02 09    39  -139 10428    40    31     7 -9999 -9999
1964 12 02 21  -100  -150 10476     0     0     0 -9999 -9999
1964 12 03 00  -111  -128 10484     0     0     0 -9999 -9999
1964 12 03 06    11  -100 10460   300    21     1 -9999 -9999
1964 12 03 09    39  -128 10437   300    31     1 -9999 -9999
1964 12 03 21   -72  -122 10358   290    21     3 -9999 -9999
1964 12 04 00   -61  -111 10355     0     0     5 -9999 -9999
1964 12 04 09    61  -128 10308   220    21     3 -9999 -9999
1964 12 04 21  -111  -128 10320     0     0     0 -9999 -9999
1964 12 05 00  -111  -139 10339     0     0     4 -9999 -9999
1964 12 05 06   -11  -122 10365   360    21     7 -9999 -9999
1964 12 05 09    11  -111 10359     0     0     7 -9999 -9999
1964 12 05 21  -111  -128 10364     0     0     0 -9999 -9999
1964 12 06 00  -128  -150 10379     0     0     0 -9999 -9999
1964 12 06 06     0  -150 10367   270    21     2 -9999 -9999
1964 12 06 09   -39  -128 10340     0     0 -9999 -9999 -9999
1964 12 06 21   -72  -139 10306   220    10     1 -9999 -9999
1964 12 07 00  -111  -128 10325     0     0     0 -9999 -9999
1964 12 07 06     0  -139 10293   220    21     0 -9999 -9999
1964 12 07 09    28  -111 10263     0     0     0 -9999 -9999
1964 12 07 21   -89  -122 10246    40    10     1 -9999 -9999
1964 12 08 00  -128  -150 10264   340    10     0 -9999 -9999
1964 12 08 09    22  -150 10239    40    31     1 -9999 -9999
1964 12 09 00   -89  -139 10333   360    21     8 -9999 -9999
1964 12 09 06   -39  -128 10374    40    31     7 -9999 -9999
1964 12 09 09   -22  -122 10363    40    21     7 -9999 -9999
1964 12 10 00  -128  -161 10447   360    21     2 -9999 -9999
1964 12 10 06   -28  -111 10457    70    21     7 -9999 -9999
1964 12 10 09   -22  -122 10445     0     0     7 -9999 -9999
1964 12 10 21  -128  -150 10446     0     0     2 -9999 -9999
1964 12 11 00  -128  -139 10453     0     0     1 -9999 -9999
1964 12 11 06   -28  -139 10426     0     0     5 -9999 -9999
1964 12 11 21  -122  -150 10384     0     0     1 -9999 -9999
1964 12 12 00  -139  -178 10413   220    10     0 -9999 -9999
1964 12 12 06   -28  -150 10423     0     0     0 -9999 -9999
1964 12 13 00  -128  -161 10380   220    21     0 -9999 -9999
1964 12 13 06   -39  -139 10392   220    10     3 -9999 -9999
1964 12 13 09     0  -128 -9999   220    10     5 -9999 -9999
1964 12 13 21  -139  -161 10415     0     0     0 -9999 -9999
1964 12 14 00  -128  -150 10425     0     0     0 -9999 -9999
1964 12 14 06   -28  -139 10417   220    31     0 -9999 -9999
1964 12 14 09     0  -161 10379   220    31     0 -9999 -9999
1964 12 15 06   -28  -139 10376     0     0     1 -9999 -9999
1964 12 15 21  -139  -172 10430    40    21     3 -9999 -9999
1964 12 16 00  -161  -178 10469     0     0     1 -9999 -9999
1964 12 16 09   -22  -139 10448   360    21     7 -9999 -9999
1964 12 16 21  -139  -161 10420     0     0     0 -9999 -9999
1964 12 17 00  -139  -161 10427     0     0     1 -9999 -9999
1964 12 17 06   -28  -150 10411   220    10     1 -9999 -9999
1964 12 17 09   -11  -161 10392   200    21     0 -9999 -9999
1964 12 17 21  -150  -178 10373     0     0     1 -9999 -9999
1964 12 18 06   -22  -161 10367     0     0     6 -9999 -9999
1964 12 18 09     0  -139 10350    90    21     2 -9999 -9999
1964 12 18 21  -122  -161 10305     0     0     7 -9999 -9999
1964 12 19 00  -100  -150 10296     0     0     7 -9999 -9999
1964 12 19 06   -22  -128 10300   250    10     6 -9999 -9999
1964 12 19 09    22  -139 -9999 -9999 -9999     6 -9999 -9999
1964 12 19 21  -100  -150 10281     0     0     7 -9999 -9999
1964 12 20 00  -111  -161 10296   220    10     7 -9999 -9999
1964 12 20 06   -22  -161 10326   320    21     7 -9999 -9999
1964 12 20 09    11  -139 10303     0     0     7 -9999 -9999
1964 12 20 21   -72  -150 10336   180    21     7 -9999 -9999
1964 12 21 00  -100  -139 10348     0     0     7 -9999 -9999
1964 12 21 06   -11  -161 10351    40    21     7 -9999 -9999
1964 12 21 09    11  -161 10323    40    21     8 -9999 -9999
1964 12 21 21   -89  -139 10306     0     0     7 -9999 -9999
1964 12 22 00  -100  -139 10304     0     0     7 -9999 -9999
1964 12 22 06   -22  -139 10298   220    21     7 -9999 -9999
1964 12 22 09     0  -150 10282   220    10     7 -9999 -9999
1964 12 22 21  -111  -150 10319   360    10     2 -9999 -9999
1964 12 23 00  -128  -161 10333     0     0     1 -9999 -9999
1964 12 23 06   -39  -150 10360   360    21     1 -9999 -9999
1964 12 23 09    11  -150 10331    40    31     1 -9999 -9999
1964 12 24 00  -100  -139 10345     0     0     7 -9999 -9999
1964 12 24 09    39  -172 10338   290    21     1 -9999 -9999
1964 12 24 21  -122  -161 10344     0     0     0 -9999 -9999
1964 12 25 00  -139  -172 10352   270    21     2 -9999 -9999
1964 12 25 06     0  -139 10333   270    10     7 -9999 -9999
1964 12 25 09    39  -150 10311     0     0     7 -9999 -9999
1964 12 25 21  -122  -161 10300     0     0     0 -9999 -9999
1964 12 26 00  -111  -150 10301     0     0     7 -9999 -9999
1964 12 26 06     0  -139 10289   270    21     7 -9999 -9999
1964 12 26 09    39  -122 10263     0     0     7 -9999 -9999
1964 12 26 21  -100  -139 10249     0     0     2 -9999 -9999
1964 12 27 00  -111  -150 10259     0     0     8 -9999 -9999
1964 12 27 06   -22  -111 10274    70    21     7 -9999 -9999
1964 12 27 09    22  -128 10261    40    41     7 -9999 -9999
1964 12 27 21   -78  -161 10319   360    21     8 -9999 -9999
1964 12 28 00   -78  -150 10341   360    21     7 -9999 -9999
1964 12 28 09    22   -72 10356    40    41     1 -9999 -9999
1964 12 28 21  -122  -161 10421     0     0     0 -9999 -9999
1964 12 29 00  -111  -150 10431   360    21     6 -9999 -9999
1964 12 29 06     0  -122 -9999    20    21     1 -9999 -9999
1964 12 29 09    11  -122 10409    90    21     1 -9999 -9999
1964 12 29 21  -122  -150 10379   340    21     0 -9999 -9999
1964 12 30 00  -128  -139 10376     0     0     1 -9999 -9999
1964 12 30 06   -11  -122 10343   290    21     1 -9999 -9999
1964 12 30 21  -128  -161 10250     0     0     1 -9999 -9999
1964 12 31 00  -128  -161 10256   110    10     1 -9999 -9999
1964 12 31 06   -22  -128 10244     0     0     2 -9999 -9999
1964 12 31 09    22  -128 10223     0     0     1 -9999 -9999
1964 12 31 21  -139  -161 10257     0     0     0 -9999 -9999
