1962 03 02 06    89  -228 10256   220    41     0 -9999 -9999
1962 03 07 06   128  -122 10240     0     0     1 -9999 -9999
1962 03 08 00   -11  -128 10172   220    31     7 -9999 -9999
1962 03 08 06   111  -128 10169   360    31     1 -9999 -9999
1962 03 09 00   -22   -89 10193    40    21     7 -9999 -9999
1962 03 10 00   -39  -111 10309    40    41     0 -9999 -9999
1962 03 10 06    78  -128 10309   140    10     0 -9999 -9999
1962 03 11 00   -50  -111 10238    90    10     0 -9999 -9999
1962 03 11 06   111  -161 10217   250    31     0 -9999 -9999
1962 03 12 00   -61  -100 10203     0     0     0 -9999 -9999
1962 03 12 03   128  -122 10180     0     0     7 -9999 -9999
1962 03 12 06   128  -139 10203   220    62     0 -9999 -9999
1962 03 13 00   -50  -128 10176   360    10     0 -9999 -9999
1962 03 14 00   -11  -100 10203    20    10     6 -9999 -9999
1962 03 15 00   -22   -89 10206   360    21     8 -9999 -9999
1962 03 15 06   178   -89 10206   360    10     7 -9999 -9999
1962 03 16 00    11  -161 10214   360    41     2 -9999 -9999
1962 03 16 06   172  -111 10223    40    62     4 -9999 -9999
1962 03 17 00    22  -111 10217    40    31     8 -9999 -9999
1962 03 18 00   -11   -72 10115   220    10     7 -9999 -9999
1962 03 19 00     0   -61 10115   360    21     7 -9999 -9999
1962 03 19 06    89   -78 10178    70    98     9 -9999 -9999
1962 03 20 00    11  -111 10239    40    51     0 -9999 -9999
1962 03 20 06    72  -161 10248    90    41     0 -9999 -9999
1962 03 21 00   -11   -78 10272    90    21     0 -9999 -9999
1962 03 21 06    61   -89 10284    90    41     0 -9999 -9999
1962 03 22 00   -39  -111 10295    90    21     2 -9999 -9999
1962 03 22 06    61  -150 10323    40    41     0 -9999 -9999
1962 03 23 00   -28  -122 10381   140    21     0 -9999 -9999
1962 03 23 06    61  -100 10380   220    31     0 -9999 -9999
1962 03 24 00   -28  -139 10305   180    21     0 -9999 -9999
1962 03 24 06   100  -189 10290   140    31     0 -9999 -9999
1962 03 25 00   -11  -139 10248   220    21     2 -9999 -9999
1962 03 26 00    11   -89 10213   170    21     5 -9999 -9999
1962 03 26 06   150  -178 10210   270    31     0 -9999 -9999
1962 03 27 00   -11   -39 10219    40    10     6 -9999 -9999
1962 03 27 06   172  -122 10216   250    21     5 -9999 -9999
1962 03 28 00    28   -61 10180   360    21     0 -9999 -9999
1962 03 28 06   200   -61 -9999     0     0     0 -9999 -9999
1962 03 28 09   228   -50 10152    90    10     0 -9999 -9999
1962 03 28 21    50   -28 10151    90    21     0 -9999 -9999
1962 03 29 00    11   -72 10169    20    21     0 -9999 -9999
1962 03 29 06   200   -89 10163   270    21     0 -9999 -9999
1962 03 29 09   239  -122 10124   220    41     0 -9999 -9999
1962 03 29 21    61     0 10084     0     0     0 -9999 -9999
1962 03 30 00    22   -11 10087   140    21     0 -9999 -9999
1962 03 30 06   222  -128 10063   250    82     2 -9999 -9999
1962 03 30 09   250  -178 10026   270    62     0 -9999 -9999
1962 03 30 21    72   -11 10031   180    21     2 -9999 -9999
1962 03 31 00    78   -50 10059    40    31     7 -9999 -9999
1962 03 31 06   211  -128 10117    90    62     0 -9999 -9999
1962 03 31 09   228   -89 10117    90    62     0 -9999 -9999
1962 04 01 00    50   -78 10148    40    41     7 -9999 -9999
1962 04 01 06   150  -100 10182    40    51     7 -9999 -9999
1962 04 01 21    61   -72 10186    90    41     0 -9999 -9999
1962 04 02 00    39   -61 10202    40    31     8 -9999 -9999
1962 04 02 06   150   -78 -9999   320    10     7 -9999 -9999
1962 04 02 09   172   -61 10157   320    21     7 -9999 -9999
1962 04 02 21    61   -72 10127   200    21     5 -9999 -9999
1962 04 03 00    22  -122 10135   200    21     1 -9999 -9999
1962 04 03 06   178   -72 10113   220    51     0 -9999 -9999
1962 04 03 09   189  -111 10070   220    31     0 -9999 -9999
1962 04 03 21    72   -39 10046    90    21     0 -9999 -9999
1962 04 04 06   139  -100 10041    20    21     8 -9999 -9999
1962 04 04 21    22 -9999 10069   320    21     2 -9999 -9999
1962 04 05 00    28   -78 10070   180    31     6 -9999 -9999
1962 04 05 06   178  -161 10050   270    31 -9999 -9999 -9999
1962 04 05 09   189  -139 10047   320    51     2 -9999 -9999
1962 04 06 00    72   -89 10144    90    51     0 -9999 -9999
1962 04 06 06   122  -139 -9999    90    51     0 -9999 -9999
1962 04 06 09   128  -128 10171    90    51     7 -9999 -9999
1962 04 06 21    22   -72 10190    40    31     0 -9999 -9999
1962 04 07 00    22   -61 10193   140    10     0 -9999 -9999
1962 04 07 06    78  -111 10212    90    21     7 -9999 -9999
1962 04 07 09   122  -100 10182   140    10     7 -9999 -9999
1962 04 07 21    39   -50 10196   140    21     7 -9999 -9999
1962 04 08 00    22   -50 10212   140    21     7 -9999 -9999
1962 04 08 06   122   -89 10208    40    31     8 -9999 -9999
1962 04 08 09   128   -78 10181    40    31     8 -9999 -9999
1962 04 08 21    50   -22 10200    90    21     0 -9999 -9999
1962 04 09 00    50   -61 10212   110    21     1 -9999 -9999
1962 04 09 06   150   -50 10199   180    10     8 -9999 -9999
1962 04 09 09   161   -61 10187   110    31     8 -9999 -9999
1962 04 09 21    50     0 10176   110    21     3 -9999 -9999
1962 04 10 00    39   -28 10190   320    21     0 -9999 -9999
1962 04 10 06   161   -89 10179   180    10     7 -9999 -9999
1962 04 10 09   172   -61 10161    40    10     2 -9999 -9999
1962 04 10 21    61   -11 10154    40    10     5 -9999 -9999
1962 04 14 06   222   -61 -9999 -9999 -9999     6 -9999 -9999
1962 04 14 21    78     0 10010     0     0     7 -9999 -9999
1962 04 15 21   100    22 10087    40    31     7 -9999 -9999
1962 04 16 09   122   -39 10015    90    72     0 -9999 -9999
1962 04 18 09   239   -72 10109   140    41     7 -9999 -9999
1962 04 18 21   122   -39 10071    40    51     8 -9999 -9999
1962 04 19 06   228   -89 10051    90    41     7 -9999 -9999
1962 04 19 09   211   -50  9999    90    51     7 -9999 -9999
1962 04 19 21   122    28 10030    20    72     7 -9999 -9999
1962 04 20 00   100    28 10050     0     0 -9999 -9999 -9999
1962 04 20 09   239   -72 10060 -9999    31     7 -9999 -9999
1962 04 20 21   139   -61 10147 -9999    41     0 -9999 -9999
1962 04 21 00   128   -22 10173    70    98     9 -9999 -9999
1962 04 21 03   139   -78 10215    90    87     9 -9999 -9999
1962 04 21 06   161   -22 10237    90    72     0 -9999 -9999
1962 04 21 09   178   -61 10214    90    72     0 -9999 -9999
1962 04 21 21   189    11 10241    90    21     0 -9999 -9999
1962 04 22 00    72     0 10264    40    31     0 -9999 -9999
1962 04 22 06   161   -39 10271   160    10     0 -9999 -9999
1962 04 22 09   189   -50 10237    70    21     0 -9999 -9999
1962 04 22 21   100    11 10216    90    21     0 -9999 -9999
1962 04 23 00    89   -11 10207    90    21     0 -9999 -9999
1962 04 23 09   222   -39 10149   270    10     0 -9999 -9999
1962 04 24 06   222   -11 10009   150    21     0 -9999 -9999
1962 04 25 21   128    11 10104 -9999    41     0 -9999 -9999
1962 04 26 00    89 -9999 -9999    40    31     0 -9999 -9999
1962 04 27 21   122    22 10085   140    21     0 -9999 -9999
1962 04 28 00   111   -11 10101    20    31     6 -9999 -9999
1962 04 28 06   261   -11 10107     0     0     0 -9999 -9999
1962 04 28 09   289   -22 10086   270    10     0 -9999 -9999
1962 04 28 21   161    28 10070    90    10     5 -9999 -9999
1962 04 29 00   122    22 10081    40    41     6 -9999 -9999
1962 04 29 09   289   -22 10033 -9999    31     1 -9999 -9999
1962 04 30 06   278   -22 10017   180 -9999     7 -9999 -9999
1962 05 01 21   139    50 10026     0     0     0 -9999 -9999
1962 05 02 00   128    50 10036    70    21     6 -9999 -9999
1962 05 02 06   278 -9999 10042   140    31     7 -9999 -9999
1962 05 02 09   189 -9999 10034   140    21     8 -9999 -9999
1962 05 03 00   128    50 10059   140    31     7 -9999 -9999
1962 05 05 09   250     0 10066    40    41     7 -9999 -9999
1962 05 08 06   200  -139 10201    90    62     1 -9999 -9999
1962 05 08 21    89   -28 10190    40    31     1 -9999 -9999
1962 05 09 00   178   -61 10196    40    31     0 -9999 -9999
1962 05 09 06   211 -9999 10168     0     0     0 -9999 -9999
1962 05 09 09   228   -39 10137   140    10     0 -9999 -9999
1962 05 10 00   111    11 10118    90    21     0 -9999 -9999
1962 05 10 06   228 -9999 10103   100    51     7 -9999 -9999
1962 05 11 00   139   -39 10103   180    41     6 -9999 -9999
1962 05 11 21   139 -9999 10036    90    10     0 -9999 -9999
1962 05 12 00   111 -9999 10048    90    21     0 -9999 -9999
1962 05 13 00   128    22 10048   140    41     6 -9999 -9999
1962 05 14 00   178    22 10006    10    21     7 -9999 -9999
1962 05 15 00   139    11 10092    20    31 -9999 -9999 -9999
1962 05 15 09   311   -22 10053    70    51 -9999 -9999 -9999
1962 05 15 21   178    11 10056   360    21     7 -9999 -9999
1962 05 17 00   178 -9999 10075 -9999    21     8 -9999 -9999
1962 05 18 06   278 -9999 10082    90    51     7 -9999 -9999
1962 05 18 09   289   -28 10076    90    41     7 -9999 -9999
1962 05 19 09   311 -9999 10078 -9999    10     6 -9999 -9999
1962 05 19 21   161    89 10076     0     0     1 -9999 -9999
1962 05 20 21   178    72 10056     0     0     2 -9999 -9999
1962 05 22 00   161    22 10062   360    31     1 -9999 -9999
1962 05 22 21   178    22 10021    40    21     1 -9999 -9999
1962 05 23 00 -9999 -9999 10031    20    62     5 -9999 -9999
1962 05 23 06   322 -9999 10021   190    21     1 -9999 -9999
1962 05 23 21   178    61  9983   330    31 -9999 -9999 -9999
1962 05 24 06   289    28  9997    90    21     8 -9999 -9999
1962 05 25 06   272    50  9986   290    10     8 -9999 -9999
1962 05 25 09 -9999 -9999  9968   360    41     7 -9999 -9999
1962 05 26 09   322    61 -9999 -9999    51     5 -9999 -9999
1962 05 30 00   111    50 10125    20    21     7 -9999 -9999
1962 05 30 06   211    39 10111    70    41     7 -9999 -9999
1962 05 30 21   150    39 10096    40    21     6 -9999 -9999
1962 05 31 00   172    72 10111   110    31     7 -9999     6
1962 06 01 00   128    11 10130   270    10     7 -9999 -9999
1962 06 01 21 -9999 -9999 10110   360    21     7 -9999 -9999
1962 06 02 06   289    50 10091   140    21     3 -9999 -9999
1962 06 02 12   272    28 10091   280    31     7 -9999 -9999
1962 06 04 21   111    61 10046    90    21     6 -9999 -9999
1962 06 05 00   150    78 10059     0     0     2 -9999 -9999
1962 06 05 06   311    22 10059    90    21     1 -9999 -9999
1962 06 05 21   172   111 10038    40    21     7 -9999 -9999
1962 06 06 06   311    39 10037   110    41     2 -9999 -9999
1962 06 07 09 -9999 -9999 10008   220    31     1 -9999 -9999
1962 06 08 09   311    50  9976   180    21     1 -9999 -9999
1962 06 10 00   178    89  9970    40    31     1 -9999 -9999
1962 06 11 06   350    22  9954    40    62     1 -9999 -9999
1962 06 11 21 -9999 -9999 -9999    40    31     0 -9999 -9999
1962 06 12 06   322    61  9957   100    41     0 -9999 -9999
1962 06 12 21   222    72  9945    40    41     0 -9999 -9999
1962 06 13 00   200    50  9969    40    31     6 -9999 -9999
1962 06 13 09   289    72  9929    40    41     8 -9999 -9999
1962 06 13 21   200    28  9962   320    98     9 -9999 -9999
1962 06 14 06   261    78  9956   320    21 -9999 -9999 -9999
1962 06 14 21   189    50  9985   330    62     0 -9999 -9999
1962 06 15 00   189    50 10004   340    41     0 -9999 -9999
1962 06 15 09   228    89 10018    90    98     9 -9999 -9999
1962 06 16 06   222    78 10087    90    31     6 -9999     6
1962 06 16 09   189   100 10092     0     0     7 -9999 -9999
1962 06 17 00   111   100 10177    90    21     1 -9999 -9999
1962 06 17 21   150    78 10133    90    10     0 -9999 -9999
1962 06 18 00   122    50 10148    20    31     0 -9999 -9999
1962 06 19 06   300   -22 10043   270    10     0 -9999 -9999
1962 06 20 06   278    28 10025    40    31     7 -9999 -9999
1962 06 20 21   172    22 10038    90    31     2 -9999 -9999
1962 06 21 00   139    39 10054    40    31     6 -9999 -9999
1962 06 22 00   189   128 10025     0     0     7 -9999 -9999
1962 06 22 06 -9999 -9999 -9999   320    41     7 -9999 -9999
1962 06 22 09   322    78  9996   140    10     8 -9999 -9999
1962 06 22 21   228    61 10005    40    51     8 -9999 -9999
1962 06 23 00   222    72 10017   350    51     8 -9999     6
1962 06 23 06   272    72 10023   340    51 -9999 -9999     6
1962 06 23 09   289    61 10019   160    31     6 -9999 -9999
1962 06 23 21   189   100 10058   180    31     6 -9999 -9999
1962 06 24 09 -9999 -9999 10031     0     0     2 -9999 -9999
1962 06 24 21   200    78 10027    40    10     6 -9999 -9999
1962 06 25 06   289     0 10046    20    72     7 -9999 -9999
1962 06 25 09   289    28 10031    40    51     7 -9999 -9999
1962 06 25 21   211    72 10023   320    21     7 -9999 -9999
1962 06 26 00   189   100 10042   270    62     8 -9999     6
1962 06 26 06   228    89 10056   320    31     8 -9999     6
1962 06 26 21   139   100 10049     0     0     0 -9999 -9999
1962 06 27 00   128    89 10053     0     0     1 -9999 -9999
1962 07 01 06   311    28 10022    90    10     7 -9999 -9999
1962 07 01 09   328    50 10010   140    10     6 -9999 -9999
1962 07 02 00   172   100  9999   290    21     6 -9999 -9999
1962 07 03 00   178   122  9971   320    10     7 -9999 -9999
1962 07 03 06   300    89  9978    90    21     7 -9999     6
1962 07 03 09   328    89  9965     0     0     7 -9999 -9999
1962 07 04 06 -9999 -9999 10015   140    31     3 -9999 -9999
1962 07 04 21   228    89 10020    40    62     7 -9999 -9999
1962 07 05 00   211   111 10033     0     0     7 -9999     6
1962 07 05 09   311    78  9999     0     0     2 -9999 -9999
1962 07 05 21   178   122 10020    40    31     6 -9999 -9999
1962 07 06 00   172   100 10035    40    21     2 -9999 -9999
1962 07 07 06   278    72 10019    40    41     1 -9999     6
1962 07 07 09   300    72  9975   140    31     1 -9999 -9999
1962 07 08 06   278   128 10092     0     0     8 -9999 -9999
1962 07 08 09   289    72  9981    90    31 -9999 -9999 -9999
1962 07 08 21   178   128  9980   320    10     1 -9999 -9999
1962 07 09 06   261   128 10006   140    10     7 -9999     6
1962 07 10 00   172   111 10016   270    10     8 -9999 -9999
1962 07 10 09   311    72  9995   220    51     2 -9999 -9999
1962 07 10 21   211    50  9997    90    41     0 -9999 -9999
1962 07 11 00   189    89 10011    90    51     3 -9999 -9999
1962 07 11 06   311    89 10000   110    21     7 -9999 -9999
1962 07 11 09   322    89  9971    20    31     7 -9999 -9999
1962 07 11 21   189   111 10018    20    41 -9999 -9999 -9999
1962 07 12 00   172   122 10028    20    21     7 -9999 -9999
1962 07 12 06   289   122 10039     0     0     4 -9999 -9999
1962 07 12 21   161   150 10060   180    21     2 -9999 -9999
1962 07 13 00   172   139 10097   220    21     6 -9999     6
1962 07 13 09   272   128 10057   180    21     6 -9999 -9999
1962 07 13 21   189   150 10070   180    10     7 -9999 -9999
1962 07 14 06   250   128 10088    40    31     2 -9999 -9999
1962 07 14 09   278   111 10067   140    21     2 -9999 -9999
1962 07 14 21   189   128 10064   220    31     0 -9999 -9999
1962 07 15 00   172   128 10068   180    31     0 -9999 -9999
1962 07 15 09   322    89 10014   180    21     0 -9999 -9999
1962 07 15 21   189   128  9989     0     0     1 -9999 -9999
1962 07 16 00   178   111  9999   110    10     1 -9999 -9999
1962 07 16 06   322    89  9995   270    31     7 -9999 -9999
1962 07 16 09   350    78  9976     0     0     6 -9999 -9999
1962 07 16 21   211   122  9975    40    31 -9999 -9999 -9999
1962 07 17 00   200   139  9983    70    10     7 -9999 -9999
1962 07 17 09   289   128  9976    90    21     8 -9999 -9999
1962 07 17 21   172   128  9987     0     0     6 -9999 -9999
1962 07 18 21   178   128  9976   180    21     0 -9999 -9999
1962 07 19 00   161   122  9992   220    10     2 -9999 -9999
1962 07 19 06   328    89  9987   140    31     5 -9999 -9999
1962 07 19 21   228   150  9964   270    10     7 -9999 -9999
1962 07 20 00   222   139  9984     0     0     6 -9999 -9999
1962 07 20 03   272    89 10013 -9999 -9999     8 -9999 -9999
1962 07 20 06   278   111 10012   320    31     8 -9999     6
1962 07 20 09   289   111 10008   320    51     8 -9999 -9999
1962 07 21 00   200   150 10004   270    21     7 -9999 -9999
1962 07 21 06   261   150 -9999   270    41     8 -9999 -9999
1962 07 21 09   311   128  9980   320    31     7 -9999 -9999
1962 07 21 21   228   161  9977     0     0     8 -9999 -9999
1962 07 22 00   228   150  9987     0     0     8 -9999 -9999
1962 07 22 09   311   161  9975   270    10     7 -9999 -9999
1962 07 22 21   228   150  9975    40    21 -9999 -9999 -9999
1962 07 23 00   228   139  9980    20    31     7 -9999 -9999
1962 07 23 06   278   128 10011   360    72     7 -9999 -9999
1962 07 23 09   300   122  9987   360    62     7 -9999 -9999
1962 07 23 21   222   172 10005     0     0     8 -9999 -9999
1962 07 24 00   200   172 10013   180    21     8 -9999    20
1962 07 24 09   278   150 10014   160    10     7 -9999 -9999
1962 07 26 06   289   128 10011   160    10     1 -9999 -9999
1962 07 27 06   272   122 10028    90    31     1 -9999 -9999
1962 07 27 09   300   111 10011    90    10     2 -9999 -9999
1962 07 27 21   189   139 10018    90    21     1 -9999 -9999
1962 07 29 00   189   128 10020   270    10     5 -9999 -9999
1962 07 29 21   228   139 10014   320    21     7 -9999 -9999
1962 07 30 00   239   111 10035   320    62     7 -9999 -9999
1962 07 31 06   300   128 10046   220    51     8 -9999 -9999
1962 08 01 00   178   139 10013   290    10     1 -9999 -9999
1962 08 01 21   250   122  9967   220    41     1 -9999 -9999
1962 08 02 00   211   139  9979    40    10     6 -9999 -9999
1962 08 02 06   300   128  9970   250    31     7 -9999 -9999
1962 08 03 21   172   161 10095   270    21     1 -9999 -9999
1962 08 04 00   161   150 10105     0     0     1 -9999     6
1962 08 04 06   250   189 10117   220    31     5 -9999 -9999
1962 08 04 21   189   172 10084     0     0     0 -9999 -9999
1962 08 06 00   178   161 10048     0     0     2 -9999 -9999
1962 08 06 06   311   122 10030    40    21     3 -9999 -9999
1962 08 06 21   228   122 10005    90    31     1 -9999 -9999
1962 08 07 06   350   111 10016    20    10     1 -9999 -9999
1962 08 07 09   350    89  9986    70    21     1 -9999 -9999
1962 08 08 00   211   100 10021    20    31     4 -9999 -9999
1962 08 09 06   339   111 10014    40    62     7 -9999 -9999
1962 08 10 00   211   150 10016   140    10     8 -9999     6
1962 08 11 00   161   139 10070     0     0     7 -9999 -9999
1962 08 11 06   272   128 10062   200    10     7 -9999 -9999
1962 08 11 09   289   139 10043     0     0     7 -9999 -9999
1962 08 11 21   189   122 10097   360    62     6 -9999 -9999
1962 08 12 00   139   128 -9999     0     0     2 -9999     6
1962 08 12 06   261   128 10117     0     0     0 -9999 -9999
1962 08 12 09   278   122 10095     0     0     1 -9999 -9999
1962 08 14 00   189   122 10036   140    21     1 -9999 -9999
1962 08 14 06   311    78 -9999 -9999 -9999 -9999 -9999 -9999
1962 08 14 09   322   100 10022   270    21     6 -9999 -9999
1962 08 14 21   211   122 10013   100   108     3 -9999 -9999
1962 08 15 00 -9999 -9999 -9999   220    31 -9999 -9999 -9999
1962 08 16 00   200   128 10022   270    21     1 -9999 -9999
1962 08 17 06   228   122  9996    40    31     0 -9999 -9999
1962 08 17 09   261   111  9972   250    21     1 -9999 -9999
1962 08 17 21   261    72  9989    40    41     7 -9999 -9999
1962 08 18 00   239    72  9997    40    62 -9999 -9999 -9999
1962 08 18 06   300   111 10027    90    41     7 -9999 -9999
1962 08 18 09   311   100 10021     0     0     7 -9999 -9999
1962 08 18 21   200   139 10032     0     0     7 -9999 -9999
1962 08 19 00   228   111 10022   360    62     7 -9999 -9999
1962 08 19 06   278   100 10024   320    31     7 -9999     6
1962 08 19 09   300    50 10016   260    72     6 -9999 -9999
1962 08 20 06   250   122 10018   250    10     7 -9999     6
1962 08 20 09   289   122  9992   220    21     1 -9999 -9999
1962 08 21 00   250   128 10010   320    31     2 -9999 -9999
1962 08 21 09   300   122  9970   320    31     7 -9999 -9999
1962 08 21 21   200   122 10012   360    21     7 -9999 -9999
1962 08 22 00   200   128 10026   320    21     7 -9999     6
1962 08 22 06   239   139 10032   270    31     7 -9999     6
1962 08 22 09   289   128 10013   320    10     7 -9999 -9999
1962 08 23 06   289   128 10056   140    10     0 -9999 -9999
1962 08 23 09   311   128 10036    90    21     3 -9999 -9999
1962 08 24 09   328    78 10084   140    10     5 -9999 -9999
1962 08 25 09   339    78 10051   270    31     2 -9999 -9999
1962 08 25 21   228    89 10048   360    51     1 -9999 -9999
1962 08 26 06   322   111 10048     0     0     6 -9999 -9999
1962 08 26 09   222    89 10009   220    31 -9999 -9999 -9999
1962 08 27 00   200    89 10040    90    21     8 -9999     6
1962 08 27 06   250   100 10074    90    51     7 -9999     6
1962 08 27 09 -9999 -9999 10025    90    51     3 -9999 -9999
1962 08 28 00   100    89 10106     0     0     1 -9999 -9999
1962 08 28 09   278    50 10170   180    21     1 -9999 -9999
1962 08 29 00   128    61 10157   160    21     2 -9999 -9999
1962 08 29 06   272    72 10135   200    21     1 -9999 -9999
1962 08 30 06   239   111 10101     0     0     1 -9999 -9999
1962 08 30 09   172   111 10017     0     0     0 -9999 -9999
1962 08 30 21   161   122 10090     0     0     0 -9999 -9999
1962 08 31 06   289   100 10109   280    21     7 -9999 -9999
1962 08 31 21   161   128 10101     0     0     1 -9999 -9999
1962 09 01 00   161   100 10107   110    31     6 -9999 -9999
1962 09 02 00   161    89 10128   320    21     1 -9999 -9999
1962 09 02 06   311    61 10117   320    10     1 -9999 -9999
1962 09 02 09   311    39 10108   200    41     7 -9999 -9999
1962 09 02 21   161   122 10099   140    10     0 -9999 -9999
1962 09 03 00   139   122 10100     0     0     2 -9999 -9999
1962 09 03 06   311    28 10089   220    21     1 -9999 -9999
1962 09 04 00 -9999 -9999 -9999   320    10 -9999 -9999 -9999
1962 09 04 09   322    11 10059   220    51     0 -9999 -9999
1962 09 04 21   161     0 10074    40    31     1 -9999 -9999
1962 09 05 00   150    78 10092   340    31     6 -9999 -9999
1962 09 05 06   311    61 10085   270    21     0 -9999 -9999
1962 09 05 09   328    28 10055   180    21     0 -9999 -9999
1962 09 06 00   139    72 10068    20    21     1 -9999 -9999
1962 09 06 21   178    72 10026    40    21     0 -9999 -9999
1962 09 07 00   161    78 10034    40    21     8 -9999 -9999
1962 09 07 09   311    22 10032    40    41     6 -9999 -9999
1962 09 08 00   200    39 10093   290    31     8 -9999 -9999
1962 09 08 06   289    61 10095   360    31     7 -9999 -9999
1962 09 08 21   239    61 10089    70    51     8 -9999 -9999
1962 09 10 00   161    89 10133    20    21     1 -9999 -9999
1962 09 10 09   300    78 10108    40    41     0 -9999 -9999
1962 09 10 21   172    61 10099    70    21     0 -9999 -9999
1962 09 11 06   278    50 10103   160    10     1 -9999 -9999
1962 09 11 09   289    72 10074    40    10     6 -9999 -9999
1962 09 12 00   178   100 10059    90    21     8 -9999 -9999
1962 09 13 00   128    78 10070   200    21     5 -9999 -9999
1962 09 13 09   278    72 10057   180    10     4 -9999 -9999
1962 09 13 21   161    22 -9999    40    31     0 -9999 -9999
1962 09 14 06   261    78 10077    40    51     0 -9999 -9999
1962 09 14 09   289    72 10055    90    21     1 -9999 -9999
1962 09 14 21   161    72 10071    40    21     1 -9999 -9999
1962 09 15 00   139    89 10084    90    10     1 -9999 -9999
1962 09 16 06   261    89 10108    40    21     7 -9999 -9999
1962 09 16 09   289    72 10081   220    21     7 -9999 -9999
1962 09 17 00   139    78 10105   360    31     2 -9999 -9999
1962 09 17 06   278    39 10081   200    10     0 -9999 -9999
1962 09 18 00   161    61 10103    40    31     5 -9999 -9999
1962 09 18 06   250    61 10092    70    31     1 -9999 -9999
1962 09 18 09   278    28 10072    70    21     1 -9999 -9999
1962 09 18 21   161    89 10066    40    21     2 -9999 -9999
1962 09 19 00   139    78 10079    20    21     1 -9999 -9999
1962 09 20 06 -9999 -9999 -9999   250 -9999 -9999 -9999 -9999
1962 09 20 09   250   100 10010   250    31 -9999 -9999 -9999
1962 09 21 00   128    78 10044   360    21     7 -9999 -9999
1962 09 21 09   250    28 10048     0     0     1 -9999 -9999
1962 09 22 00   122    61 10076    70    31     0 -9999 -9999
1962 09 22 09   239    50 10046   110    51     1 -9999 -9999
1962 09 23 00    89    39 10075    90    98     1 -9999 -9999
1962 09 23 06   211    78 10067   100    98     7 -9999 -9999
1962 09 23 09   239    78 10045   180    21     7 -9999 -9999
1962 09 24 00   139    78 10097   360    21     8 -9999 -9999
1962 09 24 06   150    78 10122   360    41     7 -9999     6
1962 09 24 21    89    78 10136   340    10     5 -9999 -9999
1962 09 25 06   139    89 10156     0     0     8 -9999     6
1962 09 25 21    89    78 10229   340    21     8 -9999 -9999
1962 09 26 00    89    78 10252    90    21     7 -9999    20
1962 09 26 09 -9999 -9999 10254   110    41     5 -9999 -9999
1962 09 27 00    61    50 10301    40    21     6 -9999 -9999
1962 09 27 21    78 -9999 10240   180    31     7 -9999 -9999
1962 09 28 00    61    39 10239   220    21     7 -9999 -9999
1962 09 28 21    61    50 10223     0     0     0 -9999 -9999
1962 09 29 00    39    28 10230     0     0     1 -9999 -9999
1962 09 29 06   178    50 10204   180    31     2 -9999 -9999
1962 09 29 09   189    50 10187   180    21     2 -9999 -9999
1962 09 29 21    78    39 10150   180    21     0 -9999 -9999
1962 09 30 00    72    39 10163   270    10     4 -9999 -9999
1962 09 30 21   100    61 10186   360    21     7 -9999 -9999
1962 10 01 06 -9999 -9999 10195 -9999 -9999     2 -9999 -9999
1962 10 01 21   122    61 10182    90    51     4 -9999 -9999
1962 10 02 09 -9999 -9999 -9999    90    31     1 -9999 -9999
1962 10 03 09   200    28 10209   200    21     5 -9999 -9999
1962 10 04 06   189    28 10221   290    21     1 -9999 -9999
1962 10 04 21   100    39 10186   180    21     1 -9999 -9999
1962 10 05 06   189    28 10174   220    31     7 -9999 -9999
1962 10 05 09   211    22 10147   270    31     7 -9999 -9999
1962 10 05 21   122    39 10147     0     0     1 -9999 -9999
1962 10 06 21    61    39 10168     0     0     2 -9999 -9999
1962 10 07 00    72    39 10170    20    21     7 -9999 -9999
1962 10 07 09   189    50 10165   200    31     6 -9999 -9999
1962 10 08 00    50    22 10190     0     0     1 -9999    10
1962 10 08 09   200    28 10149   250    41     7 -9999 -9999
1962 10 08 21    61    28 10183    40    10     0 -9999 -9999
1962 10 10 09 -9999 -9999 10160     0     0     0 -9999 -9999
1962 10 11 21    61    28 10154     0     0     0 -9999 -9999
1962 10 12 09   239   -11 10153   270    41     0 -9999 -9999
1962 10 13 00    50    22 10191    40    10     2 -9999 -9999
1962 10 13 21    61    22 10188     0     0     1 -9999 -9999
1962 10 14 00    50     0 10202     0     0     0 -9999 -9999
1962 10 14 06   189    28 10207   360    10     1 -9999 -9999
1962 10 14 21    61    22 10175   180    10     1 -9999 -9999
1962 10 15 00    39    22 10194     0     0     5 -9999 -9999
1962 10 15 21    61     0 10160   180    10     8 -9999 -9999
1962 10 16 00    72    11 10183     0     0     7 -9999 -9999
1962 10 16 09   222   -22 10158   200    10     8 -9999 -9999
1962 10 16 21    50    22 10174     0     0     0 -9999 -9999
1962 10 17 00    28    11 10202   320    10     0 -9999 -9999
1962 10 17 06   200   -39 10193   220    21     1 -9999 -9999
1962 10 17 21    61   -22 10216   270    31     1 -9999 -9999
1962 10 18 00    39     0 10241   220    21     1 -9999 -9999
1962 10 19 00    28    11 10247     0     0     0 -9999 -9999
1962 10 19 06   189   -28 10243   270    21 -9999 -9999 -9999
1962 10 19 21    61     0 10216   360    10     6 -9999 -9999
1962 10 20 00    28     0 10241    20    10     3 -9999 -9999
1962 10 20 09   222   -22 10211   220    10     1 -9999 -9999
1962 10 21 00 -9999 -9999 -9999     0     0     0 -9999 -9999
1962 10 21 06   200   -11 10213     0     0     0 -9999 -9999
1962 10 21 21    39     0 10196     0     0     0 -9999 -9999
1962 10 22 21    50   -11 10191   180    10     1 -9999 -9999
1962 10 23 00    22     0 10205     0     0     0 -9999 -9999
1962 10 23 06   200   -50 10220   270    10 -9999 -9999 -9999
1962 10 23 09   239   -28 10202   250    21     0 -9999 -9999
1962 10 23 21    28     0 10213     0     0     0 -9999 -9999
1962 10 24 00    22   -11 10241    40    10     0 -9999 -9999
1962 10 24 06   189   -39 10222   270    10     1 -9999 -9999
1962 10 24 21 -9999 -9999 10282   140    10     0 -9999 -9999
1962 10 25 09   211   -11 10170   160    10     5 -9999 -9999
1962 10 26 00    39   -22 10218   320    21     6 -9999 -9999
1962 10 26 06   178   -28 10212    40    10     6 -9999 -9999
1962 10 27 06   172   -11 10214    90    10     0 -9999 -9999
1962 10 28 00    22   -11 10150   340    10     7 -9999 -9999
1962 10 28 09   150   -39 10166    90    62     1 -9999 -9999
1962 10 28 21     0   -11 10253     0     0     1 -9999 -9999
1962 10 29 00   -22   -28 10274     0     0     1 -9999 -9999
1962 10 29 09   139   -22 10236   160    31     0 -9999 -9999
1962 10 29 21    11   -39 10199    40    21     0 -9999 -9999
1962 10 30 00   -22   -39 10209     0     0     1 -9999 -9999
1962 10 30 06   122   -50 10173    20    21     0 -9999 -9999
1962 10 31 00   -11   -72 10200    20    51     0 -9999 -9999
1962 10 31 09    89   -89 10229    90    72     0 -9999 -9999
1962 11 01 21   -28  -111 10450   140    41     0 -9999 -9999
1962 11 02 00   -39  -111 10467   180    51     0 -9999 -9999
1962 11 02 06    28   -89 10468   200    10     0 -9999 -9999
1962 11 02 09    61   -89 10438   180    21     0 -9999 -9999
1962 11 03 00   -50  -122 10433   180    10     0 -9999 -9999
1962 11 03 06    50   -89 -9999   200    10     0 -9999 -9999
1962 11 04 00   -50  -122 10336   220    10     0 -9999 -9999
1962 11 04 06    61  -122 10315   250    31     0 -9999 -9999
1962 11 04 09    89  -128 10297   220    21     0 -9999 -9999
1962 11 04 21   -61   -72 10275   180    10     0 -9999 -9999
1962 11 05 00   -50  -100 10290     0     0     0 -9999 -9999
1962 11 05 06    78  -172 10276   250    31     6 -9999 -9999
1962 11 05 21   -39   -72 10256     0     0     0 -9999 -9999
1962 11 06 00   -50   -72 10266   360    10     0 -9999 -9999
1962 11 06 06    78   -72 10266   270    10     7 -9999 -9999
1962 11 06 09    89   -50 10249     0     0     8 -9999 -9999
1962 11 06 21   -11   -72 10270   160    10     3 -9999 -9999
1962 11 07 00   -39   -78 10294   360    10     0 -9999 -9999
1962 11 07 06    89   -89 10313    20    31     0 -9999 -9999
1962 11 07 09   111   -89 10299    40    31     0 -9999 -9999
1962 11 07 21   -28   -39 -9999    40    10     0 -9999 -9999
1962 11 08 00   -39   -89 10351    40    31     0 -9999 -9999
1962 11 08 06    78     0 10351    90    98     0 -9999 -9999
1962 11 08 21   -39   -61 10313    40    10     0 -9999 -9999
1962 11 09 06   100  -122 10286   200    31     7 -9999 -9999
1962 11 09 21   -22   -78 10208     0     0     2 -9999 -9999
1962 11 10 06    89   -78 10207   320    10     7 -9999 -9999
1962 11 10 09   122   -89 10180     0     0     7 -9999 -9999
1962 11 10 21 -9999 -9999 -9999    20    21 -9999 -9999 -9999
1962 11 11 00   -22   -78 10152   360    10     7 -9999 -9999
1962 11 11 06   111   -89 10145    40    21     7 -9999 -9999
1962 11 11 09   139  -100 10114   180    10     7 -9999 -9999
1962 11 11 21    28   -39 10119    40    21     8 -9999 -9999
1962 11 12 00     0  -111 10135    40    31     3 -9999 -9999
1962 11 13 21   -22   -72 10252    40    21     7 -9999 -9999
1962 11 14 00   -28   -72 10271   360    21     7 -9999 -9999
1962 11 14 06    61   -50 10266   360    21     7 -9999 -9999
1962 11 16 00   -22   -50 10294     0     0     7 -9999 -9999
1962 11 16 06    78   -28 10279    20    21     6 -9999 -9999
1962 11 17 09    89   -28 10229    40    21     7 -9999 -9999
1962 11 18 00    22 -9999 10267    40    21     8 -9999 -9999
1962 11 18 09    61    11 10285   360    31     6 -9999 -9999
1962 11 19 06    28   -11 10323    40    51     6 -9999     6
1962 11 19 12    39   -28 10300    90    41     7 -9999 -9999
1962 11 19 21     0   -28 10318    40    31     8 -9999 -9999
1962 11 20 00     0   -22 10336   110    10     8 -9999     6
1962 11 20 06    28   -22 10368    40    41     8 -9999     6
1962 11 20 21   -39   -61 10380    40    21     1 -9999 -9999
1962 11 21 00   -28   -61 10379   360    21     6 -9999 -9999
1962 11 21 06    28   -39 10371    90    21     6 -9999 -9999
1962 11 21 09    28   -28 10348   180    21     7 -9999 -9999
1962 11 22 06    39   -50 10303   160    10     7 -9999     6
1962 11 22 09    39   -50 10278    40    21     8 -9999 -9999
1962 11 23 09    39 -9999 10261   140    10     8 -9999 -9999
1962 11 23 21   -11   -28 10258    90    31     8 -9999 -9999
1962 11 24 00   -28   -39 10283    40    51     8 -9999     3
1962 11 24 06    11   -39 10305    90    51     7 -9999 -9999
1962 11 24 18   -28   -39 10337     0     0     8 -9999    30
1962 11 24 21   -28   -61 10326    40    10     6 -9999 -9999
1962 11 25 00   -50   -78 10348    20    41     6 -9999 -9999
1962 11 25 21   -39   -39 10375    40    10     7 -9999 -9999
1962 11 26 00   -39   -50 10385    40    21     7 -9999     3
1962 11 26 06   -22   -28 10405    40    41     8 -9999    10
1962 11 26 09   -22   -28 10397    40    41     8 -9999 -9999
1962 11 27 21   -72   -78 10422    90    21     0 -9999 -9999
1962 11 29 00  -111  -128 10449   250    10     0 -9999 -9999
1962 11 29 21  -100  -111 10470   270    41     9 -9999 -9999
1962 11 30 00  -100  -128 10480   270    31     8 -9999 -9999
1962 11 30 06   -89  -100 10493   220    31     8 -9999     3
1962 11 30 21  -122  -150 10432   250    21     0 -9999 -9999
1962 12 01 00  -139  -172 10439   220    21     1 -9999 -9999
1962 12 01 06  -111 -9999 10435   270    41     8 -9999     3
1962 12 01 09   -89  -100 10411   320    41     7 -9999 -9999
1962 12 02 00  -122  -150 10433     0     0     9 -9999 -9999
1962 12 02 09   -89  -100 10455   200    21     7 -9999 -9999
1962 12 03 09   -78  -128 10442   220    31     0 -9999 -9999
1962 12 04 00  -122  -222 10415    20    21     0 -9999 -9999
1962 12 05 00  -189  -228 10434    90    10     2 -9999 -9999
1962 12 05 06  -128  -161 10446   360    10     8 -9999     6
1962 12 05 09  -111  -139 10429    40    10     2 -9999 -9999
1962 12 05 21  -161  -189 10406   200    21     0 -9999 -9999
1962 12 06 00  -172  -200 10413   250    10     0 -9999 -9999
1962 12 06 06   -78  -128 10415   200    31     1 -9999 -9999
1962 12 07 06   -61  -100 10361   360    21     3 -9999 -9999
1962 12 08 06   -61  -128 10315   250    21     6 -9999 -9999
1962 12 09 00  -150  -178 10325     0     0     6 -9999 -9999
1962 12 09 06   -61  -111 10341   360    21     2 -9999 -9999
1962 12 10 00  -150  -178 10334   220    10     9 -9999 -9999
1962 12 10 21  -128  -161 10267   220    21     6 -9999 -9999
1962 12 11 06   -39  -100 10271   220    21     6 -9999 -9999
1962 12 11 21  -139  -172 10329   360    31     7 -9999 -9999
1962 12 12 06   -50  -100 10385   360    21     2 -9999 -9999
1962 12 12 09   -28   -61 10360    20    21     6 -9999 -9999
1962 12 13 00  -161  -189 10387   220    10     2 -9999 -9999
1962 12 13 06   -39  -111 10368   320    21     2 -9999 -9999
1962 12 13 21  -150  -178 10331   250    10     2 -9999 -9999
1962 12 14 06   -39  -100 10348   220    31     6 -9999 -9999
1962 12 15 00  -161  -189 10381     0     0     1 -9999 -9999
1962 12 15 09   -11   -61 10378     0     0     1 -9999 -9999
1962 12 16 09   -28   -78 10350   320    10     7 -9999 -9999
1962 12 17 00  -161  -189 10363   270    21     7 -9999 -9999
1962 12 18 00  -139  -172 10368     0     0     3 -9999 -9999
1962 12 18 09   -22  -100 10364   220    10     4 -9999 -9999
1962 12 18 21  -161  -189 10375     0     0     0 -9999 -9999
1962 12 19 06   -50  -100 10379   270    21     7 -9999 -9999
1962 12 20 06   -28  -100 10417   340    21     1 -9999 -9999
1962 12 20 09     0  -100 10399   250    10     1 -9999 -9999
1962 12 21 00  -150  -178 10454   270    10     1 -9999 -9999
1962 12 21 06   -39  -111 10450   250    31     1 -9999 -9999
1962 12 21 09     0  -100 10418   320    10     1 -9999 -9999
1962 12 21 21  -139  -172 10375   270    10     0 -9999 -9999
1962 12 22 06   -61  -122 10371   200    31     2 -9999 -9999
1962 12 22 09   -11  -100 10337     0     0     2 -9999 -9999
1962 12 23 00  -111  -150 10342     0     0     6 -9999 -9999
1962 12 23 06   -22   -89 10341     0     0     6 -9999 -9999
1962 12 24 06   -50   -89 10221   250    21     8 -9999 -9999
1962 12 27 00   -78  -111 10236    90    21     6 -9999 -9999
1962 12 27 06   -39   -89 10310    40    41     7 -9999 -9999
1962 12 27 09   -11   -78 10305   360    41     6 -9999 -9999
1962 12 27 21  -111  -150 10430    40    10     6 -9999 -9999
1962 12 28 06   -72  -128 -9999    40    21     0 -9999 -9999
1962 12 28 09   -39  -150 10495    20    31     0 -9999 -9999
1962 12 28 21  -161  -189 10493   360    21     3 -9999 -9999
1962 12 29 00  -172  -200 10490    20    31     2 -9999 -9999
1962 12 29 06   -72  -161 10455    20    10     0 -9999 -9999
1962 12 30 00  -111  -189 10357     0     0     0 -9999 -9999
1962 12 30 09   -61  -139 10346   160    21     8 -9999 -9999
1962 12 31 00  -172  -200 10427   360    21     0 -9999 -9999
1962 12 31 06   -78  -128 10450   320    21     8 -9999 -9999
1962 12 31 09   -61  -139 10431   320    21     8 -9999 -9999
