1958 01 01 00  -122  -172 10441    90    62     2 -9999 -9999
1958 01 01 03   -72  -139 10435    90    72     2 -9999 -9999
1958 01 01 06   -11  -128 10424    90    72     2 -9999 -9999
1958 01 01 09     0   -78 10407    90    41     7 -9999 -9999
1958 01 01 12   -39  -139 10435    90    51     3 -9999 -9999
1958 01 01 18  -100  -150 10434    90    51     7 -9999 -9999
1958 01 01 21  -111  -161 10444    90    10     6 -9999 -9999
1958 01 02 00  -100  -150 10460    90    51     5 -9999 -9999
1958 01 02 03   -78  -139 10484    90    72     7 -9999 -9999
1958 01 02 06   -22  -122 10470    90    62     6 -9999 -9999
1958 01 02 09     0  -128 10459    90    31     1 -9999 -9999
1958 01 02 12   -39  -128 10477    90    41     1 -9999 -9999
1958 01 02 18  -111  -161 10458    90    62     0 -9999 -9999
1958 01 02 21  -128  -178 10448    90    62     0 -9999 -9999
1958 01 03 03   -89  -161 10467    90    82     0 -9999 -9999
1958 01 03 06   -22  -139 10441    90    31     1 -9999 -9999
1958 01 03 09    22  -128 10424     0     0     1 -9999 -9999
1958 01 03 12   -78  -172 10459     0     0     3 -9999 -9999
1958 01 03 18  -122  -172 10418     0     0     7 -9999 -9999
1958 01 03 21  -150  -189 10418     0     0     3 -9999 -9999
1958 01 04 00  -161  -200 10444    90    21     1 -9999 -9999
1958 01 04 03  -111  -172 10452    90    21     1 -9999 -9999
1958 01 04 06   -28  -150 10384   200    21     1 -9999 -9999
1958 01 04 09   -11  -122 10386   250    62     0 -9999 -9999
1958 01 04 12   -61  -139 10413   250    31     0 -9999 -9999
1958 01 04 18  -150  -189 10395     0     0     0 -9999 -9999
1958 01 04 21  -161  -189 10380    70    21     0 -9999 -9999
1958 01 05 00  -172  -211 10412    90    21     0 -9999 -9999
1958 01 05 03  -111  -161 10447    90    21     1 -9999 -9999
1958 01 05 06   -28  -139 10401   220    41     1 -9999 -9999
1958 01 05 09   -11  -122 10432   350    51     2 -9999 -9999
1958 01 05 12   -72  -161 10449   250    31     1 -9999 -9999
1958 01 05 18  -150  -189 10427     0     0     1 -9999 -9999
1958 01 05 21  -161  -189 10440    90    21     0 -9999 -9999
1958 01 06 00  -178  -200 10426    90    21     0 -9999 -9999
1958 01 06 06   -22  -139 10373    90    10     0 -9999 -9999
1958 01 06 09    22  -139 10357     0     0     0 -9999 -9999
1958 01 06 18  -139  -200 10348     0     0     1 -9999 -9999
1958 01 06 21  -161  -200 10346     0     0     1 -9999 -9999
1958 01 07 00  -150  -200 10387   180    31     1 -9999 -9999
1958 01 07 03  -128  -189 10415   220    10     6 -9999 -9999
1958 01 07 06   -61  -161 10360   250    31     1 -9999 -9999
1958 01 07 09   -28  -139 10338   250    21     7 -9999 -9999
1958 01 07 12   -78  -161 10330     0     0     3 -9999 -9999
1958 01 07 18  -111  -178 10267    90    31     7 -9999 -9999
1958 01 07 21  -122  -178 10248    90    31     7 -9999 -9999
1958 01 08 00  -128  -189 10267    90    21     7 -9999 -9999
1958 01 08 03   -78  -189 10282    90    31     7 -9999 -9999
1958 01 08 06    22  -150 10252     0     0     6 -9999 -9999
1958 01 08 09    39  -139 10253     0     0     4 -9999 -9999
1958 01 08 12   -50  -111 10322   270    21     4 -9999 -9999
1958 01 08 18   -89  -161 10325   220    21     8 -9999 -9999
1958 01 08 21  -122  -161 10333   140    21     5 -9999 -9999
1958 01 09 00  -128  -172 10356    90    41     8 -9999 -9999
1958 01 09 03   -78  -161 10353    90    31     8 -9999 -9999
1958 01 09 06   -22  -150 10307    90    31     8 -9999 -9999
1958 01 09 09   -11  -139 10307   200    21     8 -9999 -9999
1958 01 09 12   -28  -111 10306     0     0     8 -9999 -9999
1958 01 09 18   -50  -139 10272     0     0     7 -9999 -9999
1958 01 09 21   -78  -161 10270   200    21     2 -9999 -9999
1958 01 10 00   -89  -161 10292     0     0     7 -9999 -9999
1958 01 10 03   -61  -150 10314   200    21     7 -9999 -9999
1958 01 10 09     0  -100 10281   290    21     7 -9999 -9999
1958 01 10 12   -39  -122 10288   180    10     1 -9999     6
1958 01 10 18   -78  -122 10257    90    31     7 -9999 -9999
1958 01 10 21   -72  -122 10252    90    31     7 -9999 -9999
1958 01 11 03   -50 -9999 10298   250    10     7 -9999 -9999
1958 01 11 06   -22  -111 10255   250    31     7 -9999 -9999
1958 01 11 09     0  -122 10239   290    31     8 -9999 -9999
1958 01 11 18   -72   -89 10220    90    51     6 -9999 -9999
1958 01 11 21   -72  -100 10210    90    72     8 -9999 -9999
1958 01 12 00   -72  -122 10239    90    72     8 -9999 -9999
1958 01 12 03  -100  -111 10319     0     0     8 -9999 -9999
1958 01 12 06   -89   -89 10321   140    21     8 -9999    10
1958 01 12 09   -89  -111 10339    70    31     7 -9999 -9999
1958 01 12 12  -122  -128 10378    70    21     2 -9999     6
1958 01 12 18  -150  -172 10459    90    41     8 -9999     5
1958 01 12 21  -161  -172 10476    90    51     8 -9999 -9999
1958 01 13 00  -189  -200 -9999    90    41     8 -9999     5
1958 01 13 03  -178  -222 -9999    90    41     2 -9999 -9999
1958 01 13 06  -161  -228 10465    90    41     1 -9999     3
1958 01 13 09  -139  -211 -9999    90    21     0 -9999 -9999
1958 01 13 18  -228  -250 -9999    90    72     0 -9999 -9999
1958 01 13 21  -228  -250 -9999    90    82     0 -9999 -9999
1958 01 14 00  -239  -250 -9999    90    62     0 -9999 -9999
1958 01 14 03  -222  -250 -9999    90    62     0 -9999 -9999
1958 01 14 06  -150  -228 -9999     0     0     0 -9999 -9999
1958 01 14 09  -128  -200 -9999   200    10     0 -9999 -9999
1958 01 14 12  -189  -222 -9999    90    21     1 -9999 -9999
1958 01 14 18  -239  -272 10488    90    41     0 -9999 -9999
1958 01 14 21  -228  -250 10473    90    41     0 -9999 -9999
1958 01 15 03  -222  -239 -9999    90    51     6 -9999 -9999
1958 01 15 06  -150  -211 10462    90    31     8 -9999 -9999
1958 01 15 09  -122  -211 10447     0     0     8 -9999 -9999
1958 01 15 12  -150  -200 10459     0     0     8 -9999 -9999
1958 01 15 18  -200  -228 10416    40    21     0 -9999 -9999
1958 01 15 21 -9999 -9999 10397    40    21     0 -9999 -9999
1958 01 16 00  -211  -239 10391    40    21     0 -9999 -9999
1958 01 16 03 -9999  -222 10416    90    31     3 -9999 -9999
1958 01 16 06  -128  -211 10370    90    10     8 -9999 -9999
1958 01 16 09  -100  -200 10368   220    21     8 -9999 -9999
1958 01 16 12  -139  -211 10386     0     0     2 -9999 -9999
1958 01 16 18  -178  -222 10379     0     0     0 -9999 -9999
1958 01 16 21  -200  -228 10381     0     0     0 -9999 -9999
1958 01 17 00  -200  -228 10399     0     0     0 -9999 -9999
1958 01 17 03  -172  -200 10428     0     0     0 -9999 -9999
1958 01 17 09  -100  -200 10385   250    21     6 -9999 -9999
1958 01 17 12  -128  -222 10408     0     0     1 -9999 -9999
1958 01 17 18 -9999 -9999 10390     0     0     0 -9999 -9999
1958 01 18 00  -200  -228 10375    90    21     0 -9999 -9999
1958 01 18 03  -150  -189 10381    90    31     2 -9999 -9999
1958 01 18 06   -50  -150 10323     0     0     4 -9999 -9999
1958 01 18 09   -50  -161 10342   250    31     8 -9999 -9999
1958 01 18 12   -72  -161 10369   250    41     8 -9999 -9999
1958 01 18 18  -161  -200 10333     0     0     3 -9999 -9999
1958 01 18 21  -161  -189 10340     0     0     2 -9999 -9999
1958 01 19 00  -172  -200 10357     0     0     0 -9999 -9999
1958 01 19 03  -139  -189 10376   110    21     3 -9999 -9999
1958 01 19 06   -50  -150 10348   110    21     5 -9999 -9999
1958 01 19 09   -11  -139 10321   110    21     6 -9999 -9999
1958 01 19 18  -100  -139 10302    90    51     2 -9999 -9999
1958 01 19 21   -72  -128 10273    90    72     8 -9999 -9999
1958 01 20 03   -39  -111 10302    90    98     8 -9999 -9999
1958 01 20 06   -22  -122 10314    90    98     8 -9999 -9999
1958 01 20 09   -28  -111 10332    90    62     7 -9999 -9999
1958 01 20 12   -50   -89 10342    90    41     8 -9999 -9999
1958 01 20 18   -72   -89 10349    90    31     6 -9999 -9999
1958 01 20 21   -89  -100 10361    90    41     5 -9999 -9999
1958 01 21 03  -100  -111 10372    90    82     0 -9999 -9999
1958 01 21 06   -39   -89 10341    90    82     0 -9999 -9999
1958 01 21 09   -39  -100 10344    90    98     1 -9999 -9999
1958 01 21 12   -78  -122 10376    90    82     1 -9999 -9999
1958 01 21 18   -89  -161 10359    90   118     0 -9999 -9999
1958 01 21 21  -111  -178 10372    90    98     0 -9999 -9999
1958 01 22 00  -122  -189 10375    90    98     0 -9999 -9999
1958 01 22 03  -100  -178 10396    90   118     0 -9999 -9999
1958 01 23 00  -172  -239 10486    90   118     0 -9999 -9999
1958 01 23 03  -150  -222 10492    90   139     1 -9999 -9999
1958 01 23 06  -100  -211 10456    90   159     0 -9999 -9999
1958 01 23 09   -89  -178 10450    90   118     3 -9999 -9999
1958 01 23 12  -128  -222 10463    90    98     3 -9999 -9999
1958 01 23 21  -161  -228 10459    90    31     0 -9999 -9999
1958 01 24 00  -161  -211 10460     0     0     8 -9999 -9999
1958 01 24 03  -139  -211 10467     0     0     1 -9999 -9999
1958 01 24 09  -161  -172 10412   270    51     8 -9999 -9999
1958 01 24 12   -89  -189 10432   250    21     0 -9999 -9999
1958 01 24 18  -100  -189 10434   250    21     8 -9999 -9999
1958 01 24 21  -100  -211 10421   250    21     8 -9999 -9999
1958 01 25 00  -100  -111 10452   250    62     8 -9999     6
1958 01 25 06   -61   -89 10458   270    62     6 -9999     6
1958 01 25 09   -39  -111 10436     0     0     0 -9999 -9999
1958 01 25 12   -78  -122 10436   140    21     0 -9999     6
1958 01 25 21  -139 -9999 10347    90    82     0 -9999 -9999
1958 01 26 00  -161  -178 10346    90    72     0 -9999 -9999
1958 01 26 03  -139  -172 10351    90    72     0 -9999 -9999
1958 01 26 09   -39  -128 10289   250    72     0 -9999 -9999
1958 01 26 12   -78  -128 10304   250    31     1 -9999 -9999
1958 01 26 18  -161  -172 10297     0     0     0 -9999 -9999
1958 01 26 21  -172  -178 10287     0     0     1 -9999 -9999
1958 01 27 06   -39  -200 10317   270    41     2 -9999 -9999
1958 01 27 12   -89  -189 10352   270    31     1 -9999 -9999
1958 01 27 18  -150  -272 10365    40    21     1 -9999 -9999
1958 01 27 21  -150  -228 10372    70    72     1 -9999 -9999
1958 01 28 00  -178  -250 10413    90    72     1 -9999 -9999
1958 01 28 06   -89  -211 10416    90    72     1 -9999 -9999
1958 01 28 09   -78  -200 10418    90    62     5 -9999 -9999
1958 01 28 12  -122  -239 10463    90    62     3 -9999 -9999
1958 01 28 18  -172  -261 10487    90    72     0 -9999 -9999
1958 01 29 00  -189  -278 -9999    90    72     1 -9999 -9999
1958 01 29 03  -172  -272 -9999    90    82     1 -9999 -9999
1958 01 29 06  -111  -250 -9999    90    82     0 -9999 -9999
1958 01 29 09   -78  -222 10489    90    31     0 -9999 -9999
1958 01 29 12  -122  -228 -9999    90    62     0 -9999 -9999
1958 01 29 18  -178  -272 -9999    70    72     0 -9999 -9999
1958 01 30 00  -211  -289 -9999    90    72     0 -9999 -9999
1958 01 30 03  -172  -272 -9999    90    82     0 -9999 -9999
1958 01 30 06   -78  -211 10499    90    41     1 -9999 -9999
1958 01 30 09 -9999 -9999 -9999    90    10     1 -9999 -9999
1958 01 30 12   -89  -211 10474    90    31     2 -9999 -9999
1958 01 30 21  -172  -239 10403    80    41     5 -9999 -9999
1958 01 31 00  -161  -222 10422    80    21     8 -9999 -9999
1958 01 31 03  -139  -200 10430     0     0     7 -9999 -9999
1958 01 31 06   -72  -228 10375   250    31     1 -9999 -9999
1958 01 31 09   -39  -200 10351   220    62     5 -9999 -9999
1958 01 31 12   -78  -228 10346     0     0     6 -9999 -9999
1958 01 31 18  -161  -250 10329     0     0     0 -9999 -9999
1958 01 31 21  -178  -250 10328     0     0     0 -9999 -9999
1958 02 01 00  -189  -239 10352     0     0     0 -9999 -9999
1958 02 01 03  -122  -222 10335    90    21     1 -9999 -9999
1958 02 01 06   -39  -200 10282    90    10     1 -9999 -9999
1958 02 01 09   -11  -161 10256    90    10     2 -9999 -9999
1958 02 01 18   -72  -161 10175    90    72     8 -9999 -9999
1958 02 01 21   -72  -161 10145    90    82     8 -9999 -9999
1958 02 02 00   -61  -161 10177   110    51     8 -9999 -9999
1958 02 02 03   -39  -172 10216    90    21     7 -9999 -9999
1958 02 02 06   -39  -178 10226   300    62     7 -9999 -9999
1958 02 02 09   -11  -189 10224   250    41     6 -9999 -9999
1958 02 02 12   -50  -211 10264   220    31     8 -9999 -9999
1958 02 02 18   -89  -211 10298   220    31     8 -9999 -9999
1958 02 02 21  -100  -228 10291     0     0     8 -9999 -9999
1958 02 03 03   -78  -189 10343     0     0     8 -9999 -9999
1958 02 03 06   -39  -211 10334     0     0     8 -9999 -9999
1958 02 03 09   -22  -172 10314     0     0     8 -9999 -9999
1958 02 03 12   -39  -211 10320     0     0     1 -9999 -9999
1958 02 03 18   -89  -161 10286    70    51     0 -9999 -9999
1958 02 03 21  -111  -139 10259    90    41     0 -9999 -9999
1958 02 04 00  -122  -139 10256    90    62     0 -9999 -9999
1958 02 04 03   -72  -122 10264    90    72     1 -9999 -9999
1958 02 04 06    11  -128 10238    90    41     5 -9999 -9999
1958 02 04 09    50   -89 10229     0     0     4 -9999 -9999
1958 02 04 12   -11  -122 10265     0     0     1 -9999 -9999
1958 02 04 18   -78  -128 10248    90    51     1 -9999 -9999
1958 02 04 21   -89  -139 10238    90    72     1 -9999 -9999
1958 02 05 00  -111  -150 10262    70    72     1 -9999 -9999
1958 02 05 03   -50  -150 10262    90    82     1 -9999 -9999
1958 02 05 06    22  -122 10227    90    98     1 -9999 -9999
1958 02 05 09    39  -128 10224    90    98     2 -9999 -9999
1958 02 05 12     0  -100 10243    90    82     2 -9999 -9999
1958 02 05 18   -72  -139 10240    90    62     0 -9999 -9999
1958 02 05 21   -89  -161 10281   110    31     1 -9999 -9999
1958 02 06 00  -100  -161 10303    70    41     5 -9999 -9999
1958 02 06 03   -72  -161 10322    90    31     8 -9999 -9999
1958 02 06 06   -11  -128 10298   220    41     6 -9999 -9999
1958 02 06 12   -28  -189 10312   270    21     0 -9999 -9999
1958 02 06 18  -111  -178 10309    90    21     0 -9999 -9999
1958 02 06 21  -139  -189 10314    90    31     0 -9999 -9999
1958 02 07 00  -150  -172 10322    90    31     0 -9999 -9999
1958 02 07 03   -78  -161 10322    90    31     0 -9999 -9999
1958 02 07 06    11   -89 10298     0     0     0 -9999 -9999
1958 02 07 09    28  -150 10290   250    31     0 -9999 -9999
1958 02 07 12   -11  -139 10306   250    21     0 -9999 -9999
1958 02 07 18  -111  -178 10286    70    21     8 -9999 -9999
1958 02 08 00  -122  -172 10321    70    31     1 -9999 -9999
1958 02 08 03   -61  -150 10340    90    41     1 -9999 -9999
1958 02 08 06    11  -139 10332     0     0     0 -9999 -9999
1958 02 08 09    39  -122 10323   200    10     1 -9999 -9999
1958 02 08 12   -11  -128 10352     0     0     1 -9999 -9999
1958 02 08 18  -100  -139 10367     0     0     0 -9999 -9999
1958 02 09 03   -78  -161 10413   110    21     1 -9999 -9999
1958 02 09 06     0  -161 10375     0     0     1 -9999 -9999
1958 02 09 09    28   -78 10350     0     0     1 -9999 -9999
1958 02 09 12   -11  -139 10367     0     0     1 -9999 -9999
1958 02 09 18  -111  -172 10346    90    21     0 -9999 -9999
1958 02 10 00  -150  -178 10369    90    21     0 -9999 -9999
1958 02 10 03   -78  -178 10384    90    21     1 -9999 -9999
1958 02 10 06    11  -178 10361     0     0     1 -9999 -9999
1958 02 10 09    39  -178 10348   270    21     1 -9999 -9999
1958 02 10 12 -9999 -9999 -9999     0     0 -9999 -9999 -9999
1958 02 10 18  -111  -189 10361    90    21     0 -9999 -9999
1958 02 10 21  -111  -189 10351    90    31     0 -9999 -9999
1958 02 11 00  -150  -211 10386    90    31     1 -9999 -9999
1958 02 11 03   -72  -189 10408    90    41     1 -9999 -9999
1958 02 11 06    22  -172 10371     0     0     1 -9999 -9999
1958 02 11 12   -11  -189 10380   250    10     1 -9999 -9999
1958 02 11 18  -100  -200 10356    90    31     0 -9999 -9999
1958 02 11 21  -122  -189 10357    90    31     0 -9999 -9999
1958 02 12 00  -128  -189 10389    90    31     1 -9999 -9999
1958 02 12 03   -72  -189 10424    70    21     0 -9999 -9999
1958 02 12 06    11  -161 10373   270    31     0 -9999 -9999
1958 02 12 09    39  -172 10357   270    41     0 -9999 -9999
1958 02 12 12     0  -172 10383     0     0     1 -9999 -9999
1958 02 12 18  -100  -172 10351    90    21     0 -9999 -9999
1958 02 12 21  -128  -178 10340    90    21     0 -9999 -9999
1958 02 13 00  -139  -178 10362    90    21     0 -9999 -9999
1958 02 13 06    11  -161 10331   250    31     0 -9999 -9999
1958 02 13 09    39  -189 10314   250    62     0 -9999 -9999
1958 02 13 12   -11  -222 10334   350    41     0 -9999 -9999
1958 02 13 18   -89  -161 10317   250    10     0 -9999 -9999
1958 02 13 21  -128  -178 10321     0     0     0 -9999 -9999
1958 02 14 03   -72  -161 10361     0     0     1 -9999 -9999
1958 02 14 06    11  -172 10326   270    41     1 -9999 -9999
1958 02 14 09    39  -178 10317   250    72     1 -9999 -9999
1958 02 14 12    11  -128 10346   250    51     5 -9999 -9999
1958 02 14 18   -89  -150 10349     0     0     0 -9999 -9999
1958 02 14 21  -111  -150 10336     0     0     0 -9999 -9999
1958 02 15 00  -122  -161 10356    90    21     1 -9999 -9999
1958 02 15 03   -39  -139 10356    90    21     1 -9999 -9999
1958 02 15 06    28  -139 10321   270    21     1 -9999 -9999
1958 02 15 09    61  -200 10299   270    31     6 -9999 -9999
1958 02 15 12    28  -172 10324   270    21     6 -9999 -9999
1958 02 15 18   -61  -200 10322    20    31     1 -9999 -9999
1958 02 15 21  -111  -211 10323    40    21     1 -9999 -9999
1958 02 16 03   -39  -189 10350    40    10     1 -9999 -9999
1958 02 16 06    28  -200 10333   270    21     1 -9999 -9999
1958 02 16 09    61  -172 10316   250    62     0 -9999 -9999
1958 02 16 12    11  -172 10343   250    31     1 -9999 -9999
1958 02 16 18 -9999 -9999 10320    90    31     0 -9999 -9999
1958 02 16 21  -111  -178 10302    90    21     0 -9999 -9999
1958 02 17 00  -100  -161 10303    90    41     0 -9999 -9999
1958 02 17 03   -22  -172 10293    90    62     0 -9999 -9999
1958 02 17 06    78  -189 10256    90    31     0 -9999 -9999
1958 02 17 12    39  -178 10256   270    21     0 -9999 -9999
1958 02 17 18   -89  -189 10257    40    21     1 -9999 -9999
1958 02 17 21  -100  -211 10250    90    21     0 -9999 -9999
1958 02 18 00  -122  -189 10276    90    21     1 -9999 -9999
1958 02 18 03   -39  -189 10281    90    21     1 -9999 -9999
1958 02 18 06    28  -222 10273   270    62     2 -9999 -9999
1958 02 18 09    72  -211 10250   250    82     5 -9999 -9999
1958 02 18 12    22  -172 10284   250    41     6 -9999 -9999
1958 02 18 18   -61  -161 10279     0     0     0 -9999 -9999
1958 02 18 21  -100  -161 10270     0     0     0 -9999 -9999
1958 02 19 00  -111  -150 10296     0     0     0 -9999 -9999
1958 02 19 03   -39  -150 10315    90    10     7 -9999 -9999
1958 02 19 06    39  -161 10290   250    31     7 -9999 -9999
1958 02 19 09    72  -172 10287   270    62     7 -9999 -9999
1958 02 19 12    39  -161 10331   250    51     7 -9999 -9999
1958 02 19 18   -50  -161 10357   270    21     1 -9999 -9999
1958 02 19 21   -89  -161 10359     0     0     2 -9999 -9999
1958 02 20 00  -111  -172 10370    20    21     6 -9999 -9999
1958 02 20 03   -28  -150 10360     0     0     7 -9999 -9999
1958 02 20 06    78  -211 10309   270    82     2 -9999 -9999
1958 02 20 09   111  -228 10272   270   118     2 -9999 -9999
1958 02 20 12    50  -211 10279   270    41     6 -9999 -9999
1958 02 20 18   -61  -161 10231     0     0     1 -9999 -9999
1958 02 20 21   -89  -189 10207    90    21     1 -9999 -9999
1958 02 21 06    50   -89 10271   170    72     7 -9999     6
1958 02 21 12    39  -161 10270   270    41     1 -9999 -9999
1958 02 21 18   -72  -161 10207     0     0     1 -9999 -9999
1958 02 21 21   -72  -172 10193   250    21     8 -9999 -9999
1958 02 22 00   -50  -100 10221   200    21     8 -9999 -9999
1958 02 22 03   -28   -89 10299   320    62     8 -9999 -9999
1958 02 22 06   -11   -89 10316   250   118     7 -9999     6
1958 02 22 09    11  -161 10340   250    82     9 -9999 -9999
1958 02 22 12   -11  -111 10366   250    62     6 -9999 -9999
1958 02 22 18  -111  -222 10424     0     0     0 -9999 -9999
1958 02 22 21  -111  -150 10373    90    41     0 -9999 -9999
1958 02 23 00  -111  -161 10356    90    41     1 -9999 -9999
1958 02 23 06    61  -189 10294   140    10     2 -9999 -9999
1958 02 23 09   111  -122 10257   250    21     5 -9999 -9999
1958 02 23 12    72  -100 10257     0     0     1 -9999 -9999
1958 02 23 21   -72  -128 10211     0     0     0 -9999 -9999
1958 02 24 00   -78  -139 10229    90    31     1 -9999 -9999
1958 02 24 03     0  -139 10235   220    10     1 -9999 -9999
1958 02 24 06    72  -161 10195   270    82     5 -9999 -9999
1958 02 24 09   111  -161 10173   250    98     1 -9999 -9999
1958 02 24 18   -50  -172 10201     0     0     0 -9999 -9999
1958 02 25 00   -89  -161 10209    90    21     2 -9999 -9999
1958 02 25 03   -11  -150 10225    90    21     1 -9999 -9999
1958 02 25 06    89  -178 10195   270    72     1 -9999 -9999
1958 02 25 09   122  -172 10178   250    82     6 -9999 -9999
1958 02 25 12 -9999 -9999 10209   250    31     1 -9999 -9999
1958 02 25 18   -28  -161 10210    90    98     0 -9999 -9999
1958 02 25 21   -50  -178 10213    90    98     0 -9999 -9999
1958 02 26 00   -78  -178 10247    90    98     1 -9999 -9999
1958 02 26 09     0  -161 10290    90   118     7 -9999 -9999
1958 02 26 12   -22  -161 10313    90    98     6 -9999 -9999
1958 02 26 18   -72  -189 10313    90    98     0 -9999 -9999
1958 02 26 21   -89  -228 10309    90    98     0 -9999 -9999
1958 02 27 00  -100  -228 10316    90    82     1 -9999 -9999
1958 02 27 03   -61  -189 10318    90    82     7 -9999 -9999
1958 02 27 06    11  -161 10290    90    41     7 -9999 -9999
1958 02 27 09    61  -139 10274   270    31     3 -9999 -9999
1958 02 27 12    39  -150 10290   250    41     5 -9999 -9999
1958 02 27 18   -78  -178 10307    70    21     0 -9999 -9999
1958 02 27 21   -78  -172 10276    70    41     0 -9999 -9999
1958 02 28 00  -111  -161 10290    70    41     1 -9999 -9999
1958 02 28 03   -28  -161 10293    90    31     0 -9999 -9999
1958 02 28 06    61  -178 10267   270    31     1 -9999 -9999
1958 02 28 09    89  -200 10239   270    31     1 -9999 -9999
1958 02 28 12 -9999 -9999 10253   270    10     0 -9999 -9999
1958 02 28 21   -89  -200 10261    90    41     0 -9999 -9999
1958 03 01 00   -78  -200 10277    90    51     0 -9999 -9999
1958 03 01 06    61  -222 10278    90    82     5 -9999 -9999
1958 03 01 09    72  -239 10264    90    82     6 -9999 -9999
1958 03 01 21   -50  -239 10247    90    98     0 -9999 -9999
1958 03 02 00   -61  -272 10259    90    82     0 -9999 -9999
1958 03 02 03   -22  -228 10262    90   139     0 -9999 -9999
1958 03 02 06    39  -300 10225    90   139     9 -9999 -9999
1958 03 02 12    28  -278 10229    90    98     2 -9999 -9999
1958 03 02 18   -22  -239 10196    90    98     1 -9999 -9999
1958 03 02 21   -28  -222 10183    90    98 -9999 -9999 -9999
1958 03 03 00   -61  -239 10201    90    82     6 -9999 -9999
1958 03 03 03   -22  -178 10201    90   118     7 -9999 -9999
1958 03 03 06    61  -228 10178    90    51     8 -9999 -9999
1958 03 03 09    89  -161 10154    90    21     8 -9999 -9999
1958 03 03 12    50  -211 10183    90    51     7 -9999 -9999
1958 03 03 18   -22  -200 10168    90    51     8 -9999 -9999
1958 03 03 21   -28  -211 10172    90    21     8 -9999 -9999
1958 03 04 03   -28  -200 10240     0     0     8 -9999 -9999
1958 03 04 06    11  -172 10232     0     0     8 -9999 -9999
1958 03 04 09    39  -211 10246   250    31     8 -9999 -9999
1958 03 04 12    22  -200 10266   250    21     8 -9999 -9999
1958 03 04 18   -22  -128 10314   270    41     8 -9999 -9999
1958 03 04 21   -28   -72 10318   250    31     8 -9999 -9999
1958 03 05 00   -61   -89 10328   270    21     6 -9999     6
1958 03 05 03   -28   -39 10315   290    10     8 -9999 -9999
1958 03 05 06   -50   -50 10344   320    31     8 -9999     6
1958 03 05 09   -39   -39 10363     0     0     8 -9999 -9999
1958 03 05 12   -22   -39 10380   270    10     8 -9999    40
1958 03 05 18  -128  -150 10429    90    41     1 -9999     6
1958 03 05 21  -189  -211 10444    70    31     1 -9999 -9999
1958 03 06 00  -189  -222 10448    70    41     1 -9999 -9999
1958 03 06 03  -100  -150 10436    90    72     0 -9999 -9999
1958 03 06 06   -22   -89 10423    70    82     0 -9999 -9999
1958 03 06 09    22   -89 10428    90    62     0 -9999 -9999
1958 03 06 12     0   -89 10411    90    62     1 -9999 -9999
1958 03 06 18   -50  -139 10351    70    82     0 -9999 -9999
1958 03 06 21   -78  -139 10333    90    82     1 -9999 -9999
1958 03 07 00   -78  -150 10342    90    72     1 -9999 -9999
1958 03 07 03   -28  -178 10357    90    82     6 -9999 -9999
1958 03 07 09    78  -111 10296   220    41     6 -9999 -9999
1958 03 07 12    61  -100 10291   250    21     1 -9999 -9999
1958 03 07 18   -39   -72 10270     0     0     8 -9999 -9999
1958 03 07 21   -50   -78 10250    90    10     3 -9999 -9999
1958 03 08 03     0   -89 10258    90    21     7 -9999 -9999
1958 03 08 06    72  -100 10224   220    10     7 -9999 -9999
1958 03 08 09   111  -139 10195   270    31     7 -9999 -9999
1958 03 08 12    78  -122 10212   270    10     8 -9999 -9999
1958 03 08 18   -11  -100 10179    40    31     7 -9999 -9999
1958 03 08 21   -11  -100 10158    40    21     8 -9999 -9999
1958 03 09 03    50  -100 10189    90    31     6 -9999 -9999
1958 03 09 06   111  -122 10157     0     0     5 -9999 -9999
1958 03 09 09   139  -150 10137   270    31     2 -9999 -9999
1958 03 09 21     0  -139 10114    90    51     8 -9999 -9999
1958 03 10 00     0  -139 10129    90    82     2 -9999 -9999
1958 03 10 03    61  -122 10135    90    98     1 -9999 -9999
1958 03 10 06   122  -150 10111    90    82     1 -9999 -9999
1958 03 10 09   150  -150 10083    90    82     7 -9999 -9999
1958 03 10 12   111  -150 10108    90    51     7 -9999 -9999
1958 03 10 18    22  -128 10113    90    51     6 -9999 -9999
1958 03 10 21     0  -111 10123    90    21     6 -9999 -9999
1958 03 11 00   -39  -128 10169   250    21     3 -9999 -9999
1958 03 11 03 -9999 -9999 -9999   270    51     7 -9999 -9999
1958 03 11 06    78   -89 10210   250    62     7 -9999 -9999
1958 03 11 09   122  -100 10193   270    82     7 -9999 -9999
1958 03 11 12    78  -100 10215   250    41     1 -9999 -9999
1958 03 11 18   -28   -78 10221     0     0     0 -9999 -9999
1958 03 11 21   -50  -122 10193    90    21     1 -9999 -9999
1958 03 12 00   -39  -122 10204    90    41     2 -9999 -9999
1958 03 12 03    61  -122 10180    90    72     3 -9999 -9999
1958 03 12 06   122  -122 10145    90    82     2 -9999 -9999
1958 03 12 09   139  -161 10110   110    62     6 -9999 -9999
1958 03 12 12    89  -111 10114    90    72     6 -9999 -9999
1958 03 12 18    50  -139 10096    90    72     8 -9999 -9999
1958 03 12 21    39  -161 10096    90    41     8 -9999 -9999
1958 03 13 00    11  -161 10139    90    41     8 -9999 -9999
1958 03 13 03    50  -161 10162    90    31     7 -9999 -9999
1958 03 13 06   100  -139 10147   250    31     7 -9999 -9999
1958 03 13 09   128  -139 10125   250    31     7 -9999 -9999
1958 03 13 12   100   -89 10143   250    10     7 -9999 -9999
1958 03 13 18    11  -122 10135    90    21     5 -9999 -9999
1958 03 13 21     0  -139 10127    90    41     4 -9999 -9999
1958 03 14 00   -22  -139 10137    90    31     1 -9999 -9999
1958 03 14 03    72  -128 10129    90    31     1 -9999 -9999
1958 03 14 06   139  -139 10102   250    41     1 -9999 -9999
1958 03 14 09   161  -122 10074   270    51     6 -9999 -9999
1958 03 14 12   122   -89 10094   270    21     7 -9999 -9999
1958 03 14 18    11  -139 10080    20    21     1 -9999 -9999
1958 03 14 21    22  -100 10085    90    51     1 -9999 -9999
1958 03 15 00   -11   -89 10122    90    31     6 -9999 -9999
1958 03 15 03    61   -78 10149    70    62     8 -9999 -9999
1958 03 15 06   122   -61 10130   180    10     8 -9999 -9999
1958 03 15 09   150  -128 10108   270    62     8 -9999 -9999
1958 03 15 12   122  -111 10139   270    51     8 -9999 -9999
1958 03 15 18    61   -50 10170   320    31     3 -9999 -9999
1958 03 15 21    11   -50 10180   250    10     0 -9999 -9999
1958 03 16 03    61   -72 10187    90    31     0 -9999 -9999
1958 03 16 06   128  -128 10173   270    98     7 -9999 -9999
1958 03 16 09   150  -128 10163   290   118     0 -9999 -9999
1958 03 16 12   122  -139 10187   320    51     3 -9999 -9999
1958 03 16 18 -9999 -9999 -9999    90    21     0 -9999 -9999
1958 03 16 21    22  -139 10127    90    62     0 -9999 -9999
1958 03 17 00    11  -139 10116    90    82     6 -9999 -9999
1958 03 17 03    89  -150 10074    90    82     1 -9999 -9999
1958 03 17 06   178  -111 10029   110    41     9 -9999 -9999
1958 03 17 09   200  -122 10007   140    10 -9999 -9999 -9999
1958 03 17 12   150  -111 10056    40    31     8 -9999 -9999
1958 03 17 18    39   -89 10148    70    21     8 -9999 -9999
1958 03 17 21    22   -78 10165   140    21     7 -9999 -9999
1958 03 18 00     0   -72 10209   220    21     8 -9999 -9999
1958 03 18 03    22   -61 10232     0     0     8 -9999 -9999
1958 03 18 06    72   -72 10223     0     0     7 -9999 -9999
1958 03 18 09   111   -89 10205   220    41     7 -9999 -9999
1958 03 18 12   100  -139 10258   290    51     8 -9999 -9999
1958 03 18 18     0   -89 10282     0     0     1 -9999 -9999
1958 03 18 21   -28  -111 10267    40    21     1 -9999 -9999
1958 03 19 00   -39  -122 10266    40    31     1 -9999 -9999
1958 03 19 03    61  -100 10239    90    21 -9999 -9999 -9999
1958 03 19 09   150  -172 10174   270    62     1 -9999 -9999
1958 03 19 12   111  -100 10189   270    21     2 -9999 -9999
1958 03 19 18    11   -89 10172     0     0     5 -9999 -9999
1958 03 19 21   -11  -122 10153   140    21     7 -9999 -9999
1958 03 20 00   -22  -150 10164    90    31     1 -9999 -9999
1958 03 20 06   150  -122 10120    40    10     8 -9999 -9999
1958 03 20 09   178  -150 10103   270    41     7 -9999 -9999
1958 03 20 12   139  -111 10116   250    21     7 -9999 -9999
1958 03 20 18    11  -122 10119   270    21     1 -9999 -9999
1958 03 20 21   -11  -128 10129     0     0     5 -9999 -9999
1958 03 21 00   -22   -89 10169     0     0     7 -9999 -9999
1958 03 21 03    78  -150 10174   270    41     7 -9999 -9999
1958 03 21 06   172  -200 10154   270    98     0 -9999 -9999
1958 03 21 09   178  -189 10133   270    98     0 -9999 -9999
1958 03 21 12   150  -128 10141   270    41     1 -9999 -9999
1958 03 21 18    22  -139 10095    90    21     0 -9999 -9999
1958 03 21 21    11  -178 10069    90    41     0 -9999 -9999
1958 03 22 00    22  -189 10062    70    62     3 -9999 -9999
1958 03 22 03   139  -250 10029    70    82     3 -9999 -9999
1958 03 22 09   239  -272  9991   270    62     6 -9999 -9999
1958 03 22 12   150  -100 10044    40    98     7 -9999 -9999
1958 03 22 18    78  -111 10047    70    72     0 -9999 -9999
1958 03 22 21    28   -89 10124   290    10     8 -9999 -9999
1958 03 23 00    22   -78 10163   360    10     8 -9999 -9999
1958 03 23 03    61   -89 10169    90    41     8 -9999 -9999
1958 03 23 06   122   -72 10113    90    10     8 -9999 -9999
1958 03 23 09   150  -100 10090   270    62     8 -9999 -9999
1958 03 23 12   128  -161 10117   250    82     8 -9999 -9999
1958 03 23 18    22  -100 10160    90    41     1 -9999 -9999
1958 03 23 21     0  -100 10144    90    82     2 -9999 -9999
1958 03 24 00   -11  -111 10180    90    98     8 -9999 -9999
1958 03 24 09    89  -100 10179     0     0     8 -9999 -9999
1958 03 24 12    78   -78 10177   320    21     8 -9999 -9999
1958 03 24 18    28  -150 10184    70    31     0 -9999 -9999
1958 03 24 21    11  -128 10185    70    21     0 -9999 -9999
1958 03 25 00    11  -172 10217    90    82     6 -9999 -9999
1958 03 25 03    28  -189 10252    90    82     7 -9999 -9999
1958 03 25 06    61  -200 10251    90    51     8 -9999 -9999
1958 03 25 09    78  -161 10254    70    41     8 -9999 -9999
1958 03 25 18     0   -39 10284    90    51     1 -9999 -9999
1958 03 25 21   -22   -39 10276    70    62     0 -9999 -9999
1958 03 26 00   -28   -72 10288    70    82     5 -9999 -9999
1958 03 26 03    39  -150 10277    90    51     4 -9999 -9999
1958 03 26 06   100  -100 10244    90    31     6 -9999 -9999
1958 03 26 09   139   -61 10226   320    21     7 -9999 -9999
1958 03 26 12    89  -100 10257    40    41     7 -9999 -9999
1958 03 26 18   -11  -161 10308    70    51     1 -9999 -9999
1958 03 26 21   -28  -161 10338    90    51     0 -9999 -9999
1958 03 27 00   -50  -172 10376    90    82     1 -9999 -9999
1958 03 27 06   111  -172 10318    90    72     5 -9999 -9999
1958 03 27 09   122  -189 10291   110    82     2 -9999 -9999
1958 03 27 18    22  -172 10189    90   118     0 -9999 -9999
1958 03 27 21    11  -222 10160    90   139     0 -9999 -9999
1958 03 28 00    22  -211 10175    90    98     7 -9999 -9999
1958 03 28 03    72  -278 10185    90   118     2 -9999 -9999
1958 03 28 06   139  -222 10162    90    41     0 -9999 -9999
1958 03 28 09   178  -111 10126   160    21     0 -9999 -9999
1958 03 28 12   150  -178 10134    90    51     0 -9999 -9999
1958 03 28 18    28  -239 10147    90    62     0 -9999 -9999
1958 03 28 21    39  -300 10122    90    82     0 -9999 -9999
1958 03 29 00   -11  -250 10154    70    62     1 -9999 -9999
1958 03 29 06   178  -239 10148    90    72     0 -9999 -9999
1958 03 29 09   211  -222 10122    90    41     1 -9999 -9999
1958 03 29 12   172  -150 10164    90    41     6 -9999 -9999
1958 03 29 18    89  -150 10191   110    31     7 -9999 -9999
1958 03 29 21    61  -100 10208    70    51     5 -9999 -9999
1958 03 30 00    28   -61 10246     0     0     7 -9999 -9999
1958 03 30 03    78   -72 10256    70    51     8 -9999 -9999
1958 03 30 06   139   -61 10231   120    10     2 -9999 -9999
1958 03 30 09   161  -100 10214    90    31     2 -9999 -9999
1958 03 30 12 -9999 -9999 10211     0     0     1 -9999 -9999
1958 03 30 18    50  -150 10251    90    41     6 -9999 -9999
1958 03 30 21    50  -139 10234    90    51     8 -9999 -9999
1958 03 31 00    50  -139 10247    90    41     8 -9999 -9999
1958 03 31 03   100   -89 10261   200    10     8 -9999 -9999
1958 03 31 06   161   -61 10236   270    62     8 -9999 -9999
1958 03 31 09   172   -50 10208   250    51     7 -9999 -9999
1958 03 31 18    39   -78 10211     0     0     0 -9999 -9999
1958 03 31 21     0   -89 10204    90    31     0 -9999 -9999
1958 04 01 00     0  -128 10220    90    41     0 -9999 -9999
1958 04 01 03   122   -89 10196    90    21     0 -9999 -9999
1958 04 01 06   189   -50 10159   290    31     1 -9999 -9999
1958 04 01 09   222   -78 10122   290    31     1 -9999 -9999
1958 04 01 18    78  -139 10080    70    41     8 -9999 -9999
1958 04 01 21    28  -139 10076    70    51     1 -9999 -9999
1958 04 02 00    11  -150 10096    90    31     2 -9999 -9999
1958 04 02 06   222   -11 10051    90    10     1 -9999 -9999
1958 04 02 09   250    11 10027   270    31     1 -9999 -9999
1958 04 02 18    78   -50 10013    90    21     6 -9999 -9999
1958 04 02 21   111  -122 10043   250    82     8 -9999 -9999
1958 04 03 00    89   -78 10093   220    51     8 -9999 -9999
1958 04 03 03   139   -39 10109   250    31     7 -9999 -9999
1958 04 03 09   200   -72 10034   270    51     8 -9999 -9999
1958 04 03 12   178   -72 10037   250    31     8 -9999 -9999
1958 04 03 18   122   -89 10022   270    21     8 -9999 -9999
1958 04 03 21    50   -89 10016    40    21     8 -9999 -9999
1958 04 04 00    50  -122  9999    90    41     8 -9999 -9999
1958 04 04 03   178  -150  9965     0     0     8 -9999 -9999
1958 04 04 06   100   -78 10066   320    82     9 -9999 -9999
1958 04 04 09    89   -61 10128   290    62     9 -9999 -9999
1958 04 04 12    61   -78 10179    40    41     9 -9999 -9999
1958 04 04 18    28   -72 10216    40    10     8 -9999 -9999
1958 04 04 21    28  -100 10239   270    21     8 -9999 -9999
1958 04 05 00     0  -128 10280   270    31     8 -9999 -9999
1958 04 05 06    78  -150 10254    70    21     0 -9999 -9999
1958 04 05 09   111  -172 10213   220    21     7 -9999 -9999
1958 04 05 12   100   -89 10216     0     0     8 -9999 -9999
1958 04 05 18    50  -172 10183    90    41     8 -9999 -9999
1958 04 05 21    39  -150 10164    90    41     8 -9999 -9999
1958 04 06 03    78  -128 10153    90    41     8 -9999 -9999
1958 04 06 06   122  -139 10123     0     0     8 -9999 -9999
1958 04 06 09   128  -128 10116   220    41 -9999 -9999 -9999
1958 04 06 12   111   -89 10142   340    82     8 -9999 -9999
1958 04 06 18    61   -39 10172   320    21     8 -9999 -9999
1958 04 06 21    39   -28 -9999   320    21     8 -9999 -9999
1958 04 07 00    22   -11 10249   220    41     8 -9999     6
1958 04 07 03    61  -128 10275   270    62     8 -9999 -9999
1958 04 07 06    89  -139 10251   270    62     7 -9999 -9999
1958 04 07 09   111  -111 10230   290    82     1 -9999 -9999
1958 04 07 12    78  -172 10254   270    72     1 -9999 -9999
1958 04 07 18     0  -128 10260    90    31     0 -9999 -9999
1958 04 08 00   -22  -122 10255    90    62     6 -9999 -9999
1958 04 08 03    72  -122 10251    90    72 -9999 -9999 -9999
1958 04 08 06   111  -189 10244    90    21     4 -9999 -9999
1958 04 08 09   128  -139 10216    90    31     1 -9999 -9999
1958 04 08 12   111  -178 10225    90    62     7 -9999 -9999
1958 04 08 18    22  -172 10223    90    62     1 -9999 -9999
1958 04 08 21     0  -172 10215    90    62     2 -9999 -9999
1958 04 09 00     0  -178 10229    90    62     3 -9999 -9999
1958 04 09 03    89  -178 10228    90    72     8 -9999 -9999
1958 04 09 06   139  -139 10209   110    10     8 -9999 -9999
1958 04 09 09   150  -200 10199   290    41     8 -9999 -9999
1958 04 09 12   128  -139 10199   290    21     8 -9999 -9999
1958 04 09 18    28  -128 10197     0     0     1 -9999 -9999
1958 04 09 21     0  -150 10188   140    21     0 -9999 -9999
1958 04 10 00   -11  -139 10197   140    21     5 -9999 -9999
1958 04 10 06   161  -100 10158     0     0     8 -9999 -9999
1958 04 10 09   178   -89 10142   270    41     8 -9999 -9999
1958 04 10 12   161   -78 10151   320    51     7 -9999 -9999
1958 04 10 21    22   -89 10138    90    21     2 -9999 -9999
1958 04 11 00    28 -9999 10199    90    31     7 -9999 -9999
1958 04 11 03   111  -139 10206    90    98     1 -9999 -9999
1958 04 11 06   139  -128 10195    90    72     0 -9999 -9999
1958 04 11 09   139  -128 10196    90    82     0 -9999 -9999
1958 04 11 12   128  -150 10206    90    87     0 -9999 -9999
1958 04 11 21    28  -161 10226    90    82     0 -9999 -9999
1958 04 12 00    22  -172 10245    90    98     1 -9999 -9999
1958 04 12 03    72  -178 10240    90   129     0 -9999 -9999
1958 04 12 06   128  -150 10215    90    82     0 -9999 -9999
1958 04 12 09   172  -139 10187    90    51     8 -9999 -9999
1958 04 12 12   150  -122 10200    90    62     7 -9999 -9999
1958 04 12 18    89  -161 10186    90    98     8 -9999 -9999
1958 04 13 03   128  -122 10209   110    51     7 -9999 -9999
1958 04 13 06   200   -78 10187   270    51     0 -9999 -9999
1958 04 13 09   228   -78 10163   270    62     0 -9999 -9999
1958 04 13 12   211   -72 10165   250    51     7 -9999 -9999
1958 04 13 18   122   -61 10157   250    21     0 -9999 -9999
1958 04 13 21    72   -61 10157     0     0     1 -9999 -9999
1958 04 14 00    61   -72 10168    90    31     8 -9999 -9999
1958 04 14 06   261   -61 10117   220    51     1 -9999 -9999
1958 04 14 09   289   -50 10093   270    31     2 -9999 -9999
1958 04 14 12   261     0 10089   250    21     0 -9999 -9999
1958 04 14 18   139   -61 10076    90    31     0 -9999 -9999
1958 04 14 21   111   -61 10081    90    41     0 -9999 -9999
1958 04 15 00   122   -11 10100    90    41     1 -9999 -9999
1958 04 15 03   211    11 10100    90    98     1 -9999 -9999
1958 04 15 06   261     0 10080    90    41     1 -9999 -9999
1958 04 15 09   289   -22 10065    90    21     6 -9999 -9999
1958 04 15 18   161     0 10100    90    51     1 -9999 -9999
1958 04 15 21   128   -22 10095    90    41     1 -9999 -9999
1958 04 16 00   111   -22 10110    90    62     7 -9999 -9999
1958 04 16 03   200   -39 10101    90    98     3 -9999 -9999
1958 04 16 06   261   -11 10084    90    62     5 -9999 -9999
1958 04 16 12   250     0 10088     0     0     7 -9999 -9999
1958 04 16 18   150   -39 10091    90    51     1 -9999 -9999
1958 04 16 21   122   -39 10092    90    51     0 -9999 -9999
1958 04 17 03   211   -72 10086    90    98     1 -9999 -9999
1958 04 17 09   311   -89  9999    90    72     0 -9999 -9999
1958 04 17 12   272   -50 10003    90    62     0 -9999 -9999
1958 04 17 18   189   -78 10010    40    62     2 -9999 -9999
1958 04 17 21 -9999 -9999 -9999     0     0 -9999 -9999 -9999
1958 04 18 00   122     0 10086     0     0     8 -9999 -9999
1958 04 18 03   178    22 10088   220    10     8 -9999 -9999
1958 04 18 06   228    22 10068     0     0     8 -9999 -9999
1958 04 18 09   228    28 10065     0     0     8 -9999 -9999
1958 04 18 12   211    50 10068     0     0     7 -9999 -9999
1958 04 18 18   111     0 10079   140    21     1 -9999 -9999
1958 04 18 21    89   -28 10083   110    31     1 -9999 -9999
1958 04 19 00    89   -28 10090    90    31     8 -9999 -9999
1958 04 19 03   211   -11 10067    90    21     8 -9999 -9999
1958 04 19 06   261   -22 -9999    60    21     7 -9999 -9999
1958 04 19 09   278   -22 10008   270    72     8 -9999 -9999
1958 04 19 12   250     0 10016   250    41     8 -9999 -9999
1958 04 19 18   161    11 10033    90    51     1 -9999 -9999
1958 04 19 21   139     0 10030    90    62     1 -9999 -9999
1958 04 20 00   122     0 10049    90    82     1 -9999 -9999
1958 04 20 03   189    22 10049    90    98     1 -9999 -9999
1958 04 20 06   261    11 10009    90    72     2 -9999 -9999
1958 04 20 09   289   -28  9973    90    82     1 -9999 -9999
1958 04 20 12   261   -11  9972    90    82     1 -9999 -9999
1958 04 20 21   161   -28  9918    90    98     1 -9999 -9999
1958 04 21 00   122   -39  9945    90    62     1 -9999 -9999
1958 04 21 06   289   -11  9903     0     0     8 -9999 -9999
1958 04 21 09   311   -39  9886   250    31     8 -9999 -9999
1958 04 21 18   178   -22  9911    90    41     8 -9999 -9999
1958 04 21 21   161   -28  9899    90    62     8 -9999 -9999
1958 04 22 00   161   -39  9896    90    62     8 -9999 -9999
1958 04 22 03   228 -9999  9933    90    82     2 -9999 -9999
1958 04 22 06   278   -39  9925    90    51     8 -9999 -9999
1958 04 22 09   250   -50  9942   250   139     9 -9999 -9999
1958 04 22 18   150    22 10043   270    21     8 -9999 -9999
1958 04 23 00   100    28 10089   340    72     8 -9999     6
1958 04 23 03   200 -9999 10141   320    82     8 -9999 -9999
1958 04 23 06    89    11 10165   250    98     8 -9999     6
1958 04 23 12   128    39 10170   320    82     7 -9999     6
1958 04 23 18    50    11 10209   220    21     1 -9999     5
1958 04 23 21    28    11 10188     0     0     5 -9999 -9999
1958 04 24 00    39     0 10185     0     0     2 -9999 -9999
1958 04 24 03   128    11 10163     0     0     5 -9999 -9999
1958 04 24 06   189   -72 10123   270    72     7 -9999 -9999
1958 04 24 12   172   -28 10148   320   118     8 -9999 -9999
1958 04 24 21   100   -61 10183   270    41     8 -9999 -9999
1958 04 25 00    78    11 10246   290    51     8 -9999     6
1958 04 25 03    61    39 10266   220    41     8 -9999 -9999
1958 04 25 09   122    28 10239   220    62     6 -9999 -9999
1958 04 25 12   111   -22 -9999   290    62     7 -9999     6
1958 04 25 18    39   -22 10334   220    21     1 -9999 -9999
1958 04 25 21   -11   -72 10325    90    31     0 -9999 -9999
1958 04 26 00     0   -72 10307    90    51     1 -9999 -9999
1958 04 26 03   111   -39 10257    90    51     1 -9999 -9999
1958 04 26 06   161   -89 10198   140    10     6 -9999 -9999
1958 04 26 09   178  -100 10154     0     0     1 -9999 -9999
1958 04 26 12   178   -50 10132   290    21     4 -9999 -9999
1958 04 26 18    78   -72 10103     0     0     7 -9999 -9999
1958 04 26 21    50  -128 10102    90    31     7 -9999 -9999
1958 04 27 03   139   -61 10091     0     0     8 -9999 -9999
1958 04 27 06   189  -100 10091    70    41     8 -9999 -9999
1958 04 27 09   200  -111 10075   250    62     7 -9999 -9999
1958 04 27 12   178   -50 10066   250    51     1 -9999 -9999
1958 04 27 18   111     0 10024     0     0     8 -9999 -9999
1958 04 27 21    78    61 10065   270    31     8 -9999 -9999
1958 04 28 00    72    39 10105   360    41     8 -9999    10
1958 04 28 03    11     0 10231    40    21     8 -9999 -9999
1958 04 28 06    61    28 10226   220    72     7 -9999    30
1958 04 28 09   100    28 10207   250    51     1 -9999 -9999
1958 04 28 12   100     0 10204   250    41     1 -9999 -9999
1958 04 28 18    28    11 10235     0     0     1 -9999 -9999
1958 04 28 21    11   -11 10230   110    21     2 -9999 -9999
1958 04 29 00    22   -50 10233    90    21 -9999 -9999 -9999
1958 04 29 03   100   -28 10235   110    21     1 -9999 -9999
1958 04 29 06   139   -72 10205   250    31     0 -9999 -9999
1958 04 29 12   161   -50 10173   290    31     3 -9999 -9999
1958 04 29 18    89   -89 10180    70    21     2 -9999 -9999
1958 04 29 21    61   -61 10184    90    51     2 -9999 -9999
1958 04 30 00    50   -61 10210    90    72     1 -9999 -9999
1958 04 30 03   100   -61 10204    90    98     0 -9999 -9999
1958 04 30 06   161   -72 10181    90    41     1 -9999 -9999
1958 04 30 09   189   -39 10153   290    21     1 -9999 -9999
1958 04 30 12   178   -39 10149   220    21     2 -9999 -9999
1958 04 30 18   100   -28 10107    70    41     1 -9999 -9999
1958 04 30 21    89   -72 10094    90    62     0 -9999 -9999
1958 05 01 00    72   -72 10099    90    72     1 -9999 -9999
1958 05 01 03   161   -61 10082    90    51     1 -9999 -9999
1958 05 01 06   222   -72 10051   270    41     6 -9999 -9999
1958 05 01 12   200   -50 10072   320    51     7 -9999 -9999
1958 05 01 21   100   -89 10115    70    41     6 -9999 -9999
1958 05 02 00    78   -89 10140    90    21     1 -9999 -9999
1958 05 02 03   150   -78 10132    90    51     2 -9999 -9999
1958 05 02 06   189   -61 10112    70    10     7 -9999 -9999
1958 05 02 09   222   -39 10088   360    21     2 -9999 -9999
1958 05 02 12   211   -39 10091   220    21     1 -9999 -9999
1958 05 02 18   111   -89 10096    70    51     1 -9999 -9999
1958 05 02 21    89  -122 10082    90    72     0 -9999 -9999
1958 05 03 00    89   -11 10078    90    72     1 -9999 -9999
1958 05 03 03   200   -89 10066    90    72     1 -9999 -9999
1958 05 03 06   261   -61 10023   140    10     1 -9999 -9999
1958 05 03 12   272    28  9987   320    10     1 -9999 -9999
1958 05 03 18   139   -28  9992   140    31     1 -9999 -9999
1958 05 03 21   111   -61 10000    70    41     0 -9999 -9999
1958 05 04 00   122   -50 10013    90    21     1 -9999 -9999
1958 05 04 03   222   -39 10017    90    72     1 -9999 -9999
1958 05 04 06   272   -22  9993     0     0     2 -9999 -9999
1958 05 04 18   172   -50  9992    90    62     7 -9999 -9999
1958 05 04 21   128   -39 10002    40    41     3 -9999 -9999
1958 05 05 00   139   -61 10017    90    31     6 -9999 -9999
1958 05 05 03   211   -39 10024    90    21     7 -9999 -9999
1958 05 05 06   250   -11 10015     0     0     8 -9999 -9999
1958 05 05 09   272    11 10002     0     0     8 -9999 -9999
1958 05 05 12   239 -9999 10004     0     0     8 -9999 -9999
1958 05 05 18   178   -50  9997    70    62     7 -9999 -9999
1958 05 05 21   161   -39  9995    90    62     2 -9999 -9999
1958 05 17 00   150   -11 10109    90    21     8 -9999 -9999
1958 05 19 03   189    11 10085    90    41     0 -9999 -9999
1958 05 27 00   139    61 10050     0     0     0 -9999 -9999
1958 05 30 09   322    39  9928   110    98     7 -9999 -9999
