1993 01 01 00   -67  -145 10227    70    40     1 -9999     0
1993 01 01 18  -101  -123 10364     0     0     2 -9999     0
1993 01 03 09    18  -113 10226    90 -9999     0 -9999 -9999
1993 01 03 12   -15  -140 10256    90    80     1 -9999     0
1993 01 03 18   -66  -117 10314   250    30     4 -9999     0
1993 01 04 18  -124  -143 10325    90    30     0 -9999     0
1993 01 04 21  -129  -150 10314    90    30     1 -9999 -9999
1993 01 05 00  -124  -150 10316    90    20     0 -9999     0
1993 01 05 18  -110  -130 10285    90    10     0 -9999     0
1993 01 05 21  -123  -142 10270    90    20     7 -9999 -9999
1993 01 06 09    33  -125 10204   190    30     1 -9999 -9999
1993 01 06 12   -23  -101 10238    90    40     0 -9999     0
1993 01 06 18   -78  -128 10238    90    40     1 -9999     0
1993 01 06 21 -9999 -9999 10266   140    30     3 -9999 -9999
1993 01 07 00   -83  -111 10307   360    10     7 -9999     0
1993 01 07 09   -23  -106 10326     0     0     3 -9999 -9999
1993 01 07 12   -66   -99 10366     0     0     3 -9999     0
1993 01 08 09   -40  -141 10360    90    50     1 -9999 -9999
1993 01 08 12   -78  -158 10387    40    30     0 -9999     0
1993 01 08 18  -146  -179 10398     0     0     0 -9999     0
1993 01 08 21  -157  -188 10401    90    10     0 -9999 -9999
1993 01 10 18  -167  -193 10325     0     0     0 -9999     0
1993 01 10 21  -182  -205 10306     0     0     0 -9999 -9999
1993 01 11 21  -151  -161 10364     0     0     1 -9999 -9999
1993 01 12 00  -131  -144 10380     0     0     7 -9999    -1
1993 01 13 18 -9999 -9999 10375    90    40     0 -9999     0
1993 01 13 21  -166  -208 10373    90    40     0 -9999 -9999
1993 01 14 12   -84  -198 10391    90    40     0 -9999     0
1993 01 16 18  -138  -181 10333    90    30     0 -9999     0
1993 01 17 09   -25  -185 10297   180    30     2 -9999 -9999
1993 01 17 12   -83  -188 10353   220    30     0 -9999     0
1993 01 17 18  -163  -199 10368     0     0     0 -9999     0
1993 01 18 18  -105  -218 10277    90    80     0 -9999     0
1993 01 18 21  -137  -228 10298    90    60     0 -9999 -9999
1993 01 19 00  -151  -228 10341    90    60     0 -9999     0
1993 01 19 06   -58  -200 10315    90    60     0 -9999     0
1993 01 20 09   -69  -210 10386   200    20     7 -9999 -9999
1993 01 20 21  -172  -219 10436     0     0     0 -9999 -9999
1993 01 21 00  -188  -232 10453    90    10     2 -9999     0
1993 01 21 06   -54  -192 10410   320    10     7 -9999     0
1993 01 22 09   -26  -173 10378   220    40     0 -9999 -9999
1993 01 22 12   -74  -157 -9999     0     0     0 -9999     0
1993 01 22 18  -154  -196 10358     0     0     0 -9999     0
1993 01 22 21  -166  -200 10346    90    10     0 -9999 -9999
1993 01 26 12   -13  -149 10310    90    70     0 -9999     0
1993 01 26 18   -86  -146 10350   250    60     7 -9999     0
1993 01 26 21   -91  -147 10359   270    20     7 -9999 -9999
1993 01 27 12   -35  -151 10426   250    40     1 -9999     0
1993 01 27 21  -131  -158 10425     0     0     2 -9999 -9999
1993 01 28 00  -120  -147 10425    90    20     7 -9999     0
1993 01 28 06     3  -131 10390     0     0     2 -9999     0
1993 01 29 09   105  -174 10230     0     0     0 -9999 -9999
1993 01 30 00  -146  -180 10308     0     0     0 -9999     0
1993 02 01 00  -136  -182 10398    90    20     0 -9999     0
1993 02 01 09    59  -149 10334     0     0     0 -9999 -9999
1993 02 01 12   -17  -134 10359     0     0     0 -9999     0
1993 02 02 09    51  -191 10316   270    40     1 -9999 -9999
1993 02 02 12   -13  -151 10342   270    20     0 -9999     0
1993 02 02 18  -104  -179 10322    90    20     0 -9999     0
1993 02 03 00  -125  -181 10330    90    20     0 -9999     0
1993 02 03 12    26  -181 10331   270    20     7 -9999     0
1993 02 03 18   -65  -200 10311     0     0     0 -9999     0
1993 02 03 21   -94  -172 10315     0     0     1 -9999 -9999
1993 02 04 12     9  -128 10190     0     0     7 -9999     0
1993 02 04 18   -30  -149 10102    90    20     7 -9999     0
1993 02 04 21   -29  -130 10114   220    20     7 -9999 -9999
1993 02 05 00    -7  -162 10199   250    70     8 -9999     0
1993 02 06 18   -13  -178 10218    90    20     8 -9999     0
1993 02 06 21   -29  -171 10248   220    30     8 -9999 -9999
1993 02 07 09    -5   -36 10357 -9999 -9999     7 -9999 -9999
1993 02 07 12   -51   -51 10371    90    10     0 -9999     1
1993 02 07 18   -46   -59 10328    90    50     8 -9999    -1
1993 02 07 21   -75   -84 10292    90    70     7 -9999 -9999
1993 02 08 21     2   -74 -9999   250    40     7 -9999 -9999
1993 02 09 00   -27   -62 10310     0     0     7 -9999     0
1993 02 09 18   -42   -76 10316    90    20     0 -9999     0
1993 02 09 21   -35   -84 10301    90    40     0 -9999 -9999
1993 02 10 00   -37   -90 10317    90    50     0 -9999     0
1993 02 10 12    59 -9999 -9999    90    60     5 -9999     0
1993 02 10 21    -6   -44 10266     0     0     8 -9999 -9999
1993 02 11 00     5   -55 10289     0     0     8 -9999     0
1993 02 12 18    -4   -59 10237 -9999 -9999 -9999 -9999     0
1993 02 12 21   -29   -65 10233     0     0     2 -9999 -9999
1993 02 13 06    62   -84 10258   270    40     7 -9999     0
1993 02 13 09    89   -78 10247   270    30     7 -9999 -9999
1993 02 13 12    47   -62 10279   220    10     7 -9999     0
1993 02 13 18   -39   -93 10264    90    20     0 -9999     0
1993 02 13 21   -44  -100 10239    90    30     0 -9999 -9999
1993 02 14 00   -50   -99 10246    90    20     1 -9999     0
1993 02 14 12    74   -38 10176     0     0     7 -9999     0
1993 02 14 18    25   -76 10158   180    20     7 -9999     0
1993 02 14 21   -29   -76 10155     0     0     0 -9999 -9999
1993 02 15 18    23  -124 10197     0     0     8 -9999     0
1993 02 15 21     5  -137 10178    90    20     8 -9999 -9999
1993 02 16 09   122   -97 -9999    90    40     7 -9999 -9999
1993 02 16 12    94  -104 10080    90    60     7 -9999     0
1993 02 16 21    13  -144 10033    90    90     2 -9999 -9999
1993 02 17 09    89  -174 10048    90    70     7 -9999 -9999
1993 02 17 21     0     0 -9999 -9999 -9999     8 -9999 -9999
1993 02 18 00     5  -163 10141    90    60     8 -9999     0
1993 02 18 06    46  -126 10154   220    10     8 -9999     0
1993 02 18 21   -31   -56 10203     0     0     7 -9999 -9999
1993 02 19 21   -44   -83 10245     0     0     0 -9999 -9999
1993 02 20 00   -56  -113 -9999     0     0     2 -9999     0
1993 02 20 12    12  -142 10285     0     0     0 -9999     0
1993 02 20 18   -62  -169 10301    90    20     0 -9999     0
1993 02 20 21   -60  -152 10290    90    50     0 -9999 -9999
1993 02 21 18   -37  -148 10324    70    80     0 -9999     0
1993 02 21 21   -58  -149 10321    70    70     0 -9999 -9999
1993 02 22 00   -65  -161 10341    90    80     7 -9999     0
1993 02 22 09    20  -137 10294    90    70     7 -9999 -9999
1993 02 22 12    -7  -151 10302    90    70     3 -9999     0
1993 02 22 18   -43  -181 10276    90    80     7 -9999     0
1993 02 22 21   -65  -182 10263    90    70     0 -9999 -9999
1993 02 23 09    45  -180 10220    90    70     0 -9999 -9999
1993 02 23 12     5  -164 10246    90    50     0 -9999     0
1993 02 23 18   -43  -181 10245    70    60     0 -9999     0
1993 02 23 21   -77  -191 10247    90    40     0 -9999 -9999
1993 02 24 00   -89  -199 10276    90    50     7 -9999     0
1993 02 24 09    43  -197 10233    90    40     7 -9999 -9999
1993 02 24 12    11  -180 10245    90    40     7 -9999     0
1993 02 24 21   -48  -166 10229    90    30     1 -9999 -9999
1993 02 25 00   -61  -182 10251    90    30     0 -9999     0
1993 02 25 09    63  -158 10235   220    20     0 -9999 -9999
1993 02 25 12    29  -163 10261   270    30     0 -9999     0
1993 02 25 18   -70  -155 10305     0     0     0 -9999     0
1993 02 25 21  -101  -147 10313     0     0     0 -9999 -9999
1993 02 26 00  -128  -148 10351     0     0     0 -9999     0
1993 02 26 09    21  -171 10322     0     0     7 -9999 -9999
1993 02 26 12   -23  -206 10344     0     0     7 -9999 -9999
1993 02 26 18   -48  -247 10308    90    40     7 -9999     0
1993 02 27 00   -69  -254 10335    90    60     7 -9999     0
1993 02 27 09 -9999 -9999 10296    90    50     7 -9999 -9999
1993 02 27 12    -1  -242 10310    90    40     7 -9999     0
1993 02 27 18   -50  -254 10303    90    50     7 -9999     0
1993 02 27 21   -73  -268 10306    90    40     0 -9999 -9999
1993 02 28 21   -68  -264 10280    90    30     0 -9999 -9999
1993 03 01 00   -86  -324 10290    90    30     0 -9999     0
1993 03 01 09   104  -178 10228     0     0     0 -9999 -9999
1993 03 01 12    48  -172 10261   250    20     0 -9999     0
1993 03 01 18   -77  -191 -9999     0     0     0 -9999     0
1993 03 01 21   -94  -229 10268    90    10     0 -9999 -9999
1993 03 02 00  -109  -224 10295   110    20     0 -9999     0
1993 03 02 09   103  -193 10246   200    20     1 -9999 -9999
1993 03 02 12    38  -140 10271     0     0     0 -9999     0
1993 03 02 18   -58  -219 10251     0     0     0 -9999     0
1993 03 02 21   -85  -176 10234     0     0     0 -9999 -9999
1993 03 03 09   160  -174 10140   270    30     0 -9999 -9999
1993 03 03 12    89  -112 10158   200    20     1 -9999     0
1993 03 03 21   -17  -170 10106    40    20     0 -9999 -9999
1993 03 04 00 -9999 -9999 10129    90    60     1 -9999     0
1993 03 04 12    62  -133 10227   250    30     8 -9999     0
1993 03 04 18   -14  -151 10224   270    10     0 -9999     0
1993 03 04 21   -21  -122 10227   250    10     7 -9999 -9999
1993 03 05 00   -56  -139 10241    90    10     8 -9999     0
1993 03 05 09    84  -140 10207   160    20     7 -9999 -9999
1993 03 05 12    35  -101 10239     0     0     1 -9999     0
1993 03 05 21   -29  -115 10209    90    50     0 -9999 -9999
1993 03 06 00   -23  -138 -9999    90    70     0 -9999     0
1993 03 06 09 -9999 -9999 10208    90    70     7 -9999 -9999
1993 03 06 12    63  -183 10226    90    70     2 -9999     0
1993 03 06 18     1  -192 10237    90    70     2 -9999     0
1993 03 06 21   -11  -190 10238    90    60     7 -9999 -9999
1993 03 07 00   -32  -215 10257    90    60     7 -9999     0
1993 03 07 09   118  -116 10193     0     0     7 -9999 -9999
1993 03 07 12    91  -134 10225   250    30     8 -9999     0
1993 03 07 21   -43  -134 10286     0     0     2 -9999 -9999
1993 03 08 00   -58  -137 10311 -9999 -9999     0 -9999     0
1993 03 08 09   130 -9999 10254   360    30     7 -9999 -9999
1993 03 08 12    73  -124 10264     0     0     0 -9999     0
1993 03 08 18   -41  -176 10228   110    30     7 -9999     0
1993 03 09 09   147  -212 10787   250    40     1 -9999 -9999
1993 03 09 12   111  -144 10189   220    30     7 -9999     0
1993 03 09 18    -8  -145 10183     0     0     7 -9999     0
1993 03 09 21   -39  -157 10190   110    10     1 -9999 -9999
1993 03 10 00   -47  -190 10201    90    10     1 -9999 -9999
1993 03 10 18    74  -168 10069    90    60     4 -9999     0
1993 03 10 21    42  -170 10051    90    60     7 -9999 -9999
1993 03 11 18    89  -165 10003    90    70     0 -9999     0
1993 03 11 21    51  -143  9991    90    70     0 -9999 -9999
1993 03 12 00    41  -142 -9999    90    70     0 -9999     0
1993 03 12 09   203  -176  9968    90   130     0 -9999 -9999
1993 03 12 12   167  -118 10000    90    80     0 -9999     0
1993 03 12 18    91  -143  9974    90    70     0 -9999     0
1993 03 13 00    64  -123  9980    90    80 -9999 -9999     0
1993 03 13 18    58 -9999 10118     0     0     7 -9999     0
1993 03 13 21    36   -67 10116     0     0     8 -9999 -9999
1993 03 14 09   158   -85 10054    90    50     0 -9999 -9999
1993 03 14 12   116   -12 10065    90    70     1 -9999 -9999
1993 03 14 18    68    -1 10047    90    80     2 -9999     0
1993 03 14 21    66     2 10041    70    70     2 -9999 -9999
1993 03 15 00    63     1 10081    40    70     7 -9999     0
1993 03 15 09   132     6 10099    90    70     7 -9999 -9999
1993 03 15 12    94    -2 10134    90    70     4 -9999     0
1993 03 15 18    60   -38 10136    90    60     8 -9999     0
1993 03 15 21    47   -17 10139    90    40     7 -9999 -9999
1993 03 17 21   -26   -48 10274    70    10     2 -9999 -9999
1993 03 18 12    47   -30 10287    90    50     8 -9999     0
1993 03 18 21    15   -20 10268    90    30     8 -9999 -9999
1993 03 22 21    39   -50 10062    90    40     1 -9999 -9999
1993 03 23 00   100    70 -9999   210    30     2 -9999     3
1993 03 23 09 -9999 -9999 -9999   220    10     2 -9999 -9999
1993 03 23 12   134   -50 10041     0     0     1 -9999     0
1993 03 23 18    76   -73 10032    70    70     4 -9999     0
1993 03 23 21    64   -97 10043    90    60     2 -9999 -9999
1993 03 24 09   154   -75 10074 -9999 -9999     8 -9999 -9999
1993 03 24 12   130   -78 10096 -9999 -9999     1 -9999     0
1993 03 24 21    39   -87 10077    90    50     0 -9999 -9999
1993 03 25 09   184   -74 10020    90    90     1 -9999 -9999
1993 03 25 12   150   -51 10043    90    60     1 -9999     0
1993 03 25 18    94   -84 10049    70    60     0 -9999     0
1993 03 25 21    73   -70 10063    90    70     0 -9999 -9999
1993 03 26 12   106  -123 10130    70    70     7 -9999     0
1993 03 26 21    79   -48 10136    90    70     8 -9999 -9999
1993 03 27 09    70    15 10222    90    50     8 -9999 -9999
1993 03 27 18    27    15 10295    90    20     8 -9999    20
1993 03 27 21    25     0 10284    40    30     8 -9999 -9999
1993 03 28 00    13 -9999 10311   360    10     8 -9999    10
1993 03 28 18    -6   -17 10277     0     0     0 -9999     0
1993 03 29 00   -39   -55 10260    90    10     0 -9999     0
1993 03 29 12   132   -17 10181   250    50     0 -9999     0
1993 03 29 18    39   -18 10156     0     0     0 -9999     0
1993 03 29 21    15   -29 10147   110    10     0 -9999 -9999
1993 03 30 00     1   -36 -9999    90    20     0 -9999     0
1993 03 30 12   146   -43 10098   270    20     0 -9999     0
1993 03 30 21    26   -66 10071    90    20     0 -9999 -9999
1993 03 31 09   197   -75 10035   270    50     2 -9999 -9999
1993 03 31 18    80   -54 10060    70    60     4 -9999     0
1993 03 31 21    51   -60 10079    90    50     7 -9999 -9999
1993 04 01 00    90   -79 10103    90    60     7 -9999     0
1993 04 01 09   130   -55 10131   220    40     7 -9999 -9999
1993 04 01 12    94   -76 10180   250    70     8 -9999     0
1993 04 01 18    39   -44 10214   200    30     8 -9999     0
1993 04 01 21   -11   -24 10251    90    40     8 -9999 -9999
1993 04 02 00   -27   -40 10289    90    50     8 -9999    10
1993 04 02 12    52   -30 -9999     0     0     0 -9999    -1
1993 04 02 18     1   -43 10243    90    40     7 -9999     0
1993 04 02 21   -14   -57 10216    90    40     0 -9999 -9999
1993 04 03 00   -25  -113 10218    90    40     1 -9999     0
1993 04 03 09   122   -43 10180   220    20     8 -9999 -9999
1993 04 03 18    17   -61 10210 -9999 -9999     8 -9999     0
1993 04 03 21    -9   -51 10214     0     0     5 -9999 -9999
1993 04 04 09   104   -85 10237   270    70     1 -9999 -9999
1993 04 04 12    80  -107 10243   320    40     1 -9999     0
1993 04 04 18    -9  -119 10263     0     0     0 -9999     0
1993 04 04 21   -31  -155 10267    70    20     0 -9999 -9999
1993 04 05 00   -32  -126 10780    70    30     0 -9999     0
1993 04 05 18    17  -126 10292    90    20     0 -9999     0
1993 04 05 21     0  -171 10272    70    20     0 -9999 -9999
1993 04 06 00   -11  -200 10286    90    50     0 -9999     0
1993 04 06 09   146   -63 10230   340    50     1 -9999 -9999
1993 04 06 12   121   -49 10245   320    30     2 -9999     0
1993 04 06 18    42   -51 10275    40    20     2 -9999     0
1993 04 06 21    32   -38 10281    70    30     7 -9999 -9999
1993 04 07 09   122   -21 10252   180    20     1 -9999 -9999
1993 04 07 12   105   -28 10254     0     0     0 -9999     0
1993 04 07 18    27   -40 10243    90    60     0 -9999     0
1993 04 07 21    11   -54 10227    70    60     0 -9999 -9999
1993 04 08 09   152   -18 10186   140    20     7 -9999 -9999
1993 04 08 12   133   -30 10197   110    10     2 -9999     0
1993 04 08 18    52   -62 10204    90    40     0 -9999     0
1993 04 08 21    30   -65 10208    90    60     0 -9999 -9999
1993 04 09 00     8   -86 -9999    90    60     0 -9999     0
1993 04 09 09   172  -128 10173    90    50     7 -9999 -9999
1993 04 09 12   138  -136 10192    90    40     6 -9999     0
1993 04 09 21    47  -213 10157    90    70     0 -9999 -9999
1993 04 10 09   185 -9999 10137 -9999 -9999     7 -9999 -9999
1993 04 10 12   156   -99 10142   220    10     7 -9999     0
1993 04 10 18   107  -121 10143   200    20     7 -9999     0
1993 04 10 21    25   -81 10162     0     0     7 -9999 -9999
1993 04 11 00    26  -163 10183    90    20     5 -9999     0
1993 04 11 09   177  -124 10152   320    50     6 -9999 -9999
1993 04 11 18    88   -61 10165    70    20     2 -9999     0
1993 04 11 21    77   -82 10166    90    40     4 -9999 -9999
1993 04 12 00    51   -76 -9999    70    30     1 -9999     0
1993 04 12 12   150  -105 10169   110    20     7 -9999     0
1993 04 12 18    82  -139 10186    70    60     0 -9999     0
1993 04 12 21    56  -129 10196    90    60     0 -9999 -9999
1993 04 13 00    48  -129 10217    70    70     2 -9999     0
1993 04 14 18    92  -187 10144    90    70     0 -9999     0
1993 04 14 21    65 -9999 -9999    90    40     0 -9999 -9999
1993 04 15 00    63  -238 10141   270    60     0 -9999     0
1993 04 15 06   210   -63 10094   270    20     1 -9999     0
1993 04 15 09   240  -150 10068   270    30     0 -9999 -9999
1993 04 15 12   209   -36 10061   220    20     1 -9999     0
1993 04 15 18    62   -65 10081   360    20     0 -9999     0
1993 04 15 21    33   -67 10092     0     0     0 -9999 -9999
1993 04 16 00    49   -93 10115    70    20     7 -9999     0
1993 04 16 09   224  -108 10118    90    30     7 -9999 -9999
1993 04 16 12 -9999 -9999 10122   110    30     7 -9999     0
1993 04 16 18   105  -192 10103    70    50     0 -9999     0
1993 04 16 21    93  -202 10090    90    60     0 -9999 -9999
1993 04 17 00    60  -192 -9999    90    60     0 -9999     0
1993 04 17 06   235  -122 10057    90    60     7 -9999     0
1993 04 17 09   239   -92 10046    90    30     7 -9999 -9999
1993 04 17 12   202 -9999 10083     0     0     7 -9999     0
1993 04 17 18   104   -44 10094     0     0     7 -9999     0
1993 04 17 21    56   -76 10112     0     0     1 -9999 -9999
1993 04 18 00    63  -117 -9999    90    10     7 -9999     0
1993 04 18 06   243   -94 10118   250    20     2 -9999     0
1993 04 18 09   264    -9 -9999   270    40     2 -9999 -9999
1993 04 18 12   227   -52 10103   220    20     1 -9999     0
1993 04 18 18   122   -73 10099    90    20     0 -9999     0
1993 04 18 21    98   -96 10084    90    20     0 -9999 -9999
1993 04 19 09   279   167 10039   270    50     6 -9999 -9999
1993 04 19 18   118    12 10112    20    10     8 -9999     0
1993 04 19 21   105    16 10153     0     0     7 -9999 -9999
1993 04 20 06   167   -99 10200   270    70     8 -9999     0
1993 04 20 09   193  -119 -9999   250    80     4 -9999 -9999
1993 04 20 12   168  -145 10205   250    40     5 -9999     0
1993 04 20 18    49  -104 10216    90    10     0 -9999     0
1993 04 20 21    28  -132 10198    40    10     0 -9999 -9999
1993 04 21 00    39  -120 10201    90    30     0 -9999     0
1993 04 21 09   254   -80 10112   270    80     0 -9999 -9999
1993 04 21 12   227   -97 10105   250    60     7 -9999     0
1993 04 21 18   106   -44 10091   270    20     1 -9999     0
1993 04 21 21    57   -35 10084     0     0     0 -9999 -9999
1993 04 22 00    56   -55 10100     0     0     0 -9999     0
1993 04 22 06   274   -97 10066   270    60     0 -9999     0
1993 04 22 09   287  -100 -9999   220    70     0 -9999 -9999
1993 04 22 18   144   -56 10050   250    20     7 -9999     0
1993 04 22 21   153   -37 10053   250    20     2 -9999 -9999
1993 04 23 00   121   -25 10078     0     0     1 -9999     0
1993 04 23 06   273   -28 10050   270    50     7 -9999     0
1993 04 23 09   279 -9999 10042   270    40     7 -9999 -9999
1993 04 23 12   255   -17 10063   340    50     7 -9999     0
1993 04 23 18   190   -30 10082    90    40     0 -9999     0
1993 04 23 21   153   -19 10101    90    40     0 -9999 -9999
1993 04 24 09   279    21 10075     0     0     7 -9999 -9999
1993 04 24 12   238    56 10087     0     0     7 -9999     0
1993 04 24 18   148     9 10097    90    40     1 -9999     0
1993 04 24 21   124    -3 10079    40    30     0 -9999 -9999
1993 04 25 03   120  -110 10083    40    30     1 -9999     0
1993 04 25 09   323    12  9991     0     0     2 -9999 -9999
1993 04 25 12   279    58  9985     0     0     1 -9999     0
1993 04 25 18   184     7  9993    90    30     0 -9999     0
1993 04 25 21   139    41 10002    90    20     0 -9999 -9999
1993 04 26 06   262   -32  9986    40    70     7 -9999     0
1993 04 26 09   253   -63 10007    40    40     7 -9999 -9999
1993 04 26 21    90   -53 10090    40    30     2 -9999 -9999
1993 04 27 21    93   -60 10102    40    30     0 -9999 -9999
1993 04 28 06   188   -22 10109   270    20     8 -9999     0
1993 04 28 09   218   -12 10066     0     0     1 -9999 -9999
1993 04 28 18   120   -76 10049    90    40     0 -9999     0
1993 04 28 21   118  -155 10027    70    30     4 -9999 -9999
1993 04 29 06   192    30 10077   320    50     8 -9999     0
1993 04 29 09   132    66 -9999   360    50     8 -9999 -9999
1993 04 29 12   122    84 10122     0     0     7 -9999     5
1993 04 29 21   106    55 10137    40    30     8 -9999 -9999
1993 04 30 00    76    59 10182    90    20     8 -9999    20
1993 05 01 00    31   -22 10223    90    20     1 -9999     0
1993 05 01 09   214   -80 10153   270    20     0 -9999 -9999
1993 05 01 18    53   -21 10149     0     0     0 -9999     0
1993 05 01 21    29   -66 10140     0     0     0 -9999 -9999
1993 05 02 06   239   -74 10073   250    30     0 -9999     0
1993 05 02 09   253   -69 10051   270    20     0 -9999 -9999
1993 05 02 12   233   -81 10043 -9999 -9999     1 -9999     0
1993 05 02 18   111   -17 10051     0     0     0 -9999     0
1993 05 02 21    87   -42 10057     0     0     4 -9999 -9999
1993 05 04 06   224   -55 10084   270    30     6 -9999     0
1993 05 04 09   220   -20 10068   270    70     1 -9999 -9999
1993 05 05 00    98    29 10056     0     0     1 -9999     0
1993 05 05 06   102   -40 10163   290    40     8 -9999    -1
1993 05 05 09    95  -117 10199   270    50     8 -9999 -9999
1993 05 05 12    92  -113 10206   270    30     8 -9999 -9999
1993 05 05 18    36   -60 10247     0     0     8 -9999     0
1993 05 05 21     1   -46 10235     0     0     7 -9999 -9999
1993 05 06 06   147  -102 10186   320    20     0 -9999     0
1993 05 06 09   189   -91 10157     0     0     0 -9999 -9999
1993 05 07 00    93   -93 -9999    90    20     7 -9999     0
1993 05 07 06   196   -65 10124   290    10     7 -9999     0
1993 05 07 09   208   -44 10105   250    30     7 -9999 -9999
1993 05 07 18    73    18 10117     0     0     0 -9999     0
1993 05 07 21    64   -40 10105     0     0     7 -9999 -9999
1993 05 08 00    78   -54 10108    90    20     6 -9999     0
1993 05 08 06   241   -43 10070   290    20     2 -9999     0
1993 05 08 09   268   -34 -9999   250    10     2 -9999 -9999
1993 05 08 12   238    46 -9999     0     0     7 -9999     0
1993 05 08 18   140  -105  9979    70    10     1 -9999     0
1993 05 08 21   114   -69  9969    70    10     0 -9999 -9999
1993 05 09 00   143   -80  9963    90    30     7 -9999     0
1993 05 09 06   298     9  9901    90    60     2 -9999     0
1993 05 09 09   303 -9999  9879    90    50     7 -9999 -9999
1993 05 09 12   293   -43  9875    90    40     1 -9999     0
1993 05 09 18   154   -50  9956    20    20     5 -9999     0
1993 05 09 21   109   -27 -9999 -9999 -9999     8 -9999 -9999
1993 05 10 00    97    -9 10051   250    10     8 -9999     0
1993 05 10 06   160 -9999 10066    90    50     8 -9999     0
1993 05 10 09   170   -81 10060    90    80     8 -9999 -9999
1993 05 10 12   150   -80 10087    40    30     8 -9999     0
1993 05 10 21    82   -92 10182    40    20     8 -9999 -9999
1993 05 11 09    59    15 10238   180    20     8 -9999 -9999
1993 05 12 00    47   -71 10280     0     0     8 -9999     0
1993 05 12 06   130  -115 10226    90    60     7 -9999     0
1993 05 12 09   142  -139 10213    90    60     7 -9999 -9999
1993 05 13 00    63  -107 10230    70    20     7 -9999     0
1993 05 13 06   172   -41 10199    90    30     7 -9999     0
1993 05 13 09   175 -9999 10191    90    30     8 -9999 -9999
1993 05 13 12   154    -1 10215   220    40     8 -9999     0
1993 05 13 18    60    18 10221     0     0     2 -9999     0
1993 05 13 21 -9999 -9999 10226     0     0     7 -9999 -9999
1993 05 14 05 -9999   -73 10204   270    40     7 -9999 -9999
1993 05 14 06   184   -40 10217   270    40     8 -9999     0
1993 05 14 09   192   -73 10204   270    40     7 -9999 -9999
1993 05 14 12   169   -16 10211     0     0     1 -9999     0
1993 05 14 18    43   -19 10222     0     0     0 -9999     0
1993 05 14 21    23   -64 10229 -9999 -9999     0 -9999 -9999
1993 05 15 09   209   -47 -9999   270    20     1 -9999 -9999
1993 05 15 10   189   -32 10159   250    10     1 -9999     0
1993 05 15 21    35   -86 10146    90    20     0 -9999 -9999
1993 05 16 06   221   -69 10102   220    20     0 -9999     0
1993 05 16 09   239   -86 10070     0     0     2 -9999 -9999
1993 05 16 12   216   -16 10061     0     0     2 -9999     0
1993 05 16 18    74   -17 10076     0     0     0 -9999     0
1993 05 16 21    40   -86 10080    90    10     0 -9999 -9999
1993 05 17 00    64 -9999 -9999   110    10     7 -9999     0
1993 05 17 09   258   -16 10022   220    20     8 -9999 -9999
1993 05 17 12   220    11 10020   220    10     7 -9999     0
1993 05 17 18   119    33 10005     0    10     0 -9999     0
1993 05 17 21   110   -56 10004     0     0     1 -9999 -9999
1993 05 18 06   247   -59 10010     0     0     7 -9999     0
1993 05 18 09   259   -10 10019   270    40     7 -9999 -9999
1993 05 18 12   196   -45 10066   270    70     8 -9999     0
1993 05 18 18    90   -85 10151   320    20     8 -9999     0
1993 05 18 21    54   -99 10178   250    20     7 -9999 -9999
1993 05 19 00    43   -86 10217 -9999 -9999     7 -9999     0
1993 05 19 06   156   -68 10196   220    20     7 -9999     0
1993 05 19 09   173   -71 10187   220    40     8 -9999 -9999
1993 05 19 12   153   -80 10195   250    20     7 -9999     0
1993 05 19 18    56   -27 10204     0     0     0 -9999     0
1993 05 19 21    28   -39 10205     0     0     2 -9999 -9999
1993 05 20 00    55   -50 10226     0     0     0 -9999     0
1993 05 20 06   208   -76 10197   250    20     0 -9999     0
1993 05 20 09   231   -63 10174   270    40     0 -9999 -9999
1993 05 20 12 -9999 -9999 10158   270    20     0 -9999     0
1993 05 20 18    71   -43 10167     0     0     0 -9999     0
1993 05 20 21    54   -89 10162     0     0     0 -9999 -9999
1993 05 21 00    90  -117 10164    90    20     0 -9999     0
1993 05 21 06   240  -105 10131   270    20     0 -9999     0
1993 05 21 09   259   -94 10105   270    20     1 -9999 -9999
1993 05 21 18   104   -15 10111     0     0     1 -9999     0
1993 05 21 21    70   -44 10113     0     0     7 -9999 -9999
1993 05 22 00    88  -116 10127    90    20     0 -9999     0
1993 05 22 09   283   -33 10060   290    20     2 -9999 -9999
1993 05 22 12   244    50 10053     0     0     7 -9999     0
1993 05 22 18   109    25 10053     0     0     0 -9999     0
1993 05 22 21 -9999 -9999 10053     0     0     0 -9999 -9999
1993 05 23 12   269   -20 10055   320    20     7 -9999     0
1993 05 23 18   180 -9999 -9999   270    10     7 -9999     0
1993 05 23 21   188    31 10092   360    20     7 -9999 -9999
1993 05 24 09   260    57 10075   340    10     2 -9999 -9999
1993 05 24 12   232    88 10080   250    10     1 -9999     0
1993 05 24 18   132    57 10100     0     0     0 -9999     0
1993 05 24 21   102    12 10097     0     0     0 -9999 -9999
1993 05 25 00   136    21 10108    90    20     0 -9999     0
1993 05 25 09   292    -1 10077   140    20     3 -9999 -9999
1993 05 25 12   264    44 10071    90    20     7 -9999     0
1993 05 25 21   168   -20 10070    90    40     0 -9999 -9999
1993 05 26 09   295    -5 -9999    90   100     7 -9999 -9999
1993 05 26 12   281   -63 10004    90    80     7 -9999     0
1993 05 26 18   225   -71  9994    90    80     0 -9999     0
1993 05 26 21   202   -58 10004    70    90     0 -9999 -9999
1993 05 27 06   269     0 10029   250    50     7 -9999     0
1993 05 27 09   266   -15 10036   250    70     8 -9999 -9999
1993 05 27 12   241     2 10055   250    70     8 -9999     0
1993 05 27 18   206    16 10058   270    30     8 -9999     0
1993 05 28 09   251 -9999 10040   250    20     8 -9999 -9999
1993 05 28 12   230   103 10041     0     0     8 -9999     0
1993 05 28 18   172    69 10025     0     0     7 -9999     0
1993 05 29 06   273    34  9991   250    20     8 -9999     0
1993 05 29 09   291    24  9966   250    50     8 -9999 -9999
1993 05 29 12   273     7  9970   290    30     2 -9999     0
1993 05 29 21   144    33 10008     0     0     7 -9999 -9999
1993 05 30 00   144    48 10028     0     0     7 -9999     0
1993 05 30 09   248    43 10011   290    50     7 -9999 -9999
1993 05 30 12   223    29 10026   220    40     7 -9999    -1
1993 05 30 18   122   -34 10057     0     0     0 -9999     0
1993 05 31 00   112    -9 10079     0     0     1 -9999     0
1993 05 31 06 -9999 -9999 10035    90    20     1 -9999     0
1993 05 31 09   285    -1 10025    40    20     2 -9999 -9999
1993 05 31 12   249    48 10017     0     0     7 -9999     0
1993 05 31 18 -9999 -9999 10028    90    90     1 -9999     0
1993 05 31 21   178   -42 10006    70    60     0 -9999 -9999
1993 06 01 00   182   -25 10025    90    50     7 -9999     0
1993 06 01 06 -9999 -9999 10011 -9999 -9999 -9999 -9999 -9999
1993 06 01 09   269   -24 10006    90    50     7 -9999 -9999
1993 06 01 12   261 -9999 10013    90    30     8 -9999     0
1993 06 01 18   197   -30 10026   110    30     7 -9999     0
1993 06 01 21   196   -45 10030    90    40     8 -9999 -9999
1993 06 02 00   177    29 10059     0     0     8 -9999     0
1993 06 02 06   268    27 10039   360    20     4 -9999     0
1993 06 02 09 -9999 -9999 10018   270    10     7 -9999 -9999
1993 06 02 12   249    26 10034   320    30     7 -9999     0
1993 06 02 18   157    74 10052     0     0     2 -9999     0
1993 06 02 21   127 -9999 10058     0     0     3 -9999 -9999
1993 06 03 18   150    56 10025     0     0     1 -9999     0
1993 06 04 06   279    71 10035   360    10     2 -9999     0
1993 06 05 06   283    64 10051   290    30     0 -9999     0
1993 06 05 09   297    72 10027     0     0     1 -9999 -9999
1993 06 06 09   325 -9999  9980     0     0     2 -9999 -9999
1993 06 06 12   282   154  9978     0     0     2 -9999     0
1993 06 06 18   193    46  9967     0     0     2 -9999     0
1993 06 06 21   178    16  9965    90    30     1 -9999 -9999
1993 06 07 00   192    33  9981    40    10     1 -9999     0
1993 06 07 06   332    82  9951     0     0     0 -9999     0
1993 06 07 09   349    94  9927   200    20     7 -9999 -9999
1993 06 07 12   295   132  9926     0    80     1 -9999     0
1993 06 07 18   216    91 -9999     0     0     2 -9999     0
1993 06 07 21   196    61  9965    90    30     7 -9999 -9999
1993 06 08 00   210    56  9988    70    30     7 -9999     0
1993 06 09 06   204    74 10091   270    60     8 -9999    -1
1993 06 09 09   204    90 10096   270    40     8 -9999 -9999
1993 06 09 12   152   100 10137   270    40     8 -9999    -1
1993 06 09 18   137   112 10142     0     0     7 -9999     1
1993 06 09 21   130   101 10139     0     0     7 -9999 -9999
1993 06 10 00   145   108 10164   250    20     6 -9999     0
1993 06 10 09   158   103 10171   220    40     7 -9999 -9999
1993 06 10 12   166    89 10165   200    30     7 -9999    10
1993 06 10 18    98 -9999 10168     0     0     1 -9999     0
1993 06 10 21    85    71 10169    90    10     1 -9999 -9999
1993 06 11 06   250    93 -9999   270    40     1 -9999     0
1993 06 11 09   271    54 10069   250    40     1 -9999 -9999
1993 06 11 12   254    72 10046   250    20     0 -9999     0
1993 06 11 18   134 -9999 10046     0     0     0 -9999     0
1993 06 11 21   108    26 10034     0     0     0 -9999 -9999
1993 06 12 06   273    94 10008   270    50     7 -9999    -1
1993 06 14 00 -9999 -9999 -9999    70    10     7 -9999     0
1993 06 14 06   276    57 10014    70    30     2 -9999     0
1993 06 14 09   307    62  9988     0     0     1 -9999 -9999
1993 06 14 12   263   101  9997   220    20     5 -9999     0
1993 06 14 18   230    25 10014    90    20     7 -9999     0
1993 06 14 21   184    37 10023   140    20     7 -9999 -9999
1993 06 15 00   183    50 10046     0     0     1 -9999     0
1993 06 15 06   289    74 10018   200    20     1 -9999     0
1993 06 15 09   306    57 10005   270    20     1 -9999 -9999
1993 06 15 18   157    -4 10024    90    20     0 -9999     0
1993 06 15 21   162   -51 10009    90    30     1 -9999 -9999
1993 06 16 00   182   -34 10024    90    30     2 -9999     0
1993 06 16 09   315    13  9965   340    30     7 -9999 -9999
1993 06 16 12   259   164  9970     0     0     8 -9999     0
1993 06 16 18   229    14 -9999   110    20     7 -9999     0
1993 06 16 21   214   -55  9971    40    40     7 -9999 -9999
1993 06 17 01   313    99  9969 -9999 -9999     7 -9999     0
1993 06 17 09   307   123  9948   220    20     6 -9999 -9999
1993 06 18 00   208   111  9996     0     0     7 -9999     0
1993 06 18 06   261 -9999 -9999     0     0     8 -9999     0
1993 06 19 06   198    65 10083   250    30     8 -9999    -1
1993 06 19 09   207   109 10086   220    20     8 -9999 -9999
1993 06 19 12   186    84 10106   220    20     8 -9999    -1
1993 06 19 18   150    72 10101     0     0     1 -9999     0
1993 06 19 21    96    68 10122     0     0     0 -9999 -9999
1993 06 20 06   265    39 10094   220    30     1 -9999     0
1993 06 20 09   281    48 10078   220    20     0 -9999 -9999
1993 06 20 12   259    58 10073   180    20     1 -9999     0
1993 06 20 18   132    44 10087     0     0     0 -9999     0
1993 06 21 18   206    70 10054    90    50     1 -9999     0
1993 06 21 21   189    63 10050    90    50     0 -9999 -9999
1993 06 22 09   308    96 10004   320    70     7 -9999 -9999
1993 06 22 18   166   138 10078   180    20     2 -9999    10
1993 06 22 21   136   126 10072     0     0     0 -9999 -9999
1993 06 23 06 -9999 -9999 10054 -9999 -9999     8 -9999     0
1993 06 23 09   297    88 10030   250    40     1 -9999 -9999
1993 06 23 12   273    84 10031   360    10     0 -9999     0
1993 06 23 18   204    69 10024    70    50     0 -9999     0
1993 06 23 21   186    85 -9999    70    40     0 -9999 -9999
1993 06 24 06   286    83  9984    90    40     6 -9999     0
1993 06 24 09   297    58  9957    90    40 -9999 -9999 -9999
1993 06 24 12   287    36  9945    90    50     7 -9999     0
1993 06 24 18   228    68  9954    40    50     7 -9999     0
1993 06 25 06   210  -107 10032   220    50     8 -9999     0
1993 06 25 09   202   133 10044   250    30     8 -9999 -9999
1993 06 25 18   162   140 10075   250    20     8 -9999     3
1993 06 25 21   150   140 10083   180    20     8 -9999 -9999
1993 06 26 00   158   140 10097   180    20     7 -9999     1
1993 06 26 06   216   134 10091   270    30     7 -9999     0
1993 06 26 09   198 -9999 10102   290    20     7 -9999 -9999
1993 06 26 12   196   126 10115   220    20     8 -9999    -1
1993 06 26 18   153   120 10140   250    20     1 -9999     1
1993 06 26 21   120   105 10151     0    80     0 -9999 -9999
1993 06 27 06   250   108 10118   270    50     2 -9999     0
1993 06 27 09   267    84 10106   270    40     1 -9999 -9999
1993 06 27 18   122    84 10136     0     0     0 -9999     0
1993 06 27 21   104    38 10190     0     0     0 -9999 -9999
1993 06 28 06   278    57 10107   200    20     0 -9999     0
1993 06 28 09   301    83 10083     0     0     1 -9999 -9999
1993 06 28 12   269   137 10068 -9999 -9999     2 -9999     0
1993 06 28 21   172    32 10062    90    10     1 -9999 -9999
1993 06 29 09   305    61 10018    90    50     7 -9999 -9999
1993 06 30 06   321   116  9979     0     0     1 -9999     0
1993 06 30 09   317    93 -9999   340    30     3 -9999 -9999
1993 07 01 06   317   105  9982     0     0     1 -9999     0
1993 07 01 09   329   103  9965   220    40     1 -9999 -9999
1993 07 02 00   206    65  9990    70    10     1 -9999     0
1993 07 02 06   317   110  9964    90    10     4 -9999     0
1993 07 02 18   177   109  9991     0     0     1 -9999     0
1993 07 02 21   198    83  9996     0     0     4 -9999 -9999
1993 07 03 00   200   115 10059   290    10     7 -9999    -1
1993 07 03 06   232   138 10084   270    40     7 -9999    10
1993 07 03 09   232   127 10062   220    40     7 -9999 -9999
1993 07 05 00   174   134 10030    90    20     7 -9999    30
1993 07 05 06   208   149 10034   220    20     7 -9999    20
1993 07 05 12   215    99 10053   180    20     7 -9999    -1
1993 07 05 18   146    95 10071     0     0     0 -9999     0
1993 07 05 21 -9999 -9999 10060     0     0     8 -9999 -9999
1993 07 06 00   190    57 10064   360    30     8 -9999    -1
1993 07 06 06   256    90 10051 -9999 -9999     0 -9999    -1
1993 07 06 12   265    82 10018 -9999 -9999     7 -9999     0
1993 07 06 18   151    99 10036     0     0     7 -9999     0
1993 07 06 21   154   116 10027     0     0     7 -9999 -9999
1993 07 07 00   171    90 10032     0     0     7 -9999     0
1993 07 07 06   285   117 10021   220    20     7 -9999     0
1993 07 07 18   214    81  9997   110    10     7 -9999     0
1993 07 07 21   195    94  9996    40    10     7 -9999 -9999
1993 07 08 06 -9999 -9999  9986 -9999 -9999     7 -9999     0
1993 07 08 09   327    97  9950     0     0     1 -9999 -9999
1993 07 09 00   208    83  9962    90    70     6 -9999     0
1993 07 09 06   289    96  9938   110    70     1 -9999     0
1993 07 09 09   299   102  9935    90    40     8 -9999 -9999
1993 07 09 18   228    47  9928    90    50     5 -9999 -9999
1993 07 09 21   224    28  9929    90    50     7 -9999 -9999
1993 07 10 00   220    71  9963     0     0     7 -9999     0
1993 07 10 06   254   158  9974     0     0     8 -9999     0
1993 07 11 00   195   103  9990     0     0     8 -9999     0
1993 07 11 18   214   112  9989    70    30     6 -9999     0
1993 07 12 00   192 -9999 10010    90    30     8 -9999     0
1993 07 12 21   204   133 10022   270    20     8 -9999 -9999
1993 07 13 00   174   150 10057   220    40     8 -9999     5
1993 07 13 06   174   168 10072   270    30     8 -9999    60
1993 07 13 09   198   173 10065   250    20     8 -9999 -9999
1993 07 13 18   150 -9999 10090     0     0     0 -9999     0
1993 07 13 21   136   133 10090     0     0     0 -9999 -9999
1993 07 14 00   152   147 10087     0     0     7 -9999    -1
1993 07 14 06   257   147 10058     0     0     1 -9999     0
1993 07 14 09   290   130 10032     0     0     1 -9999 -9999
1993 07 15 00   190   126 10043   220    30     7 -9999     0
1993 07 15 06   275   126 -9999     0     0     1 -9999     0
1993 07 15 09   293   137 10009   270    10     4 -9999 -9999
1993 07 16 00   184   131 10037    90    10     0 -9999     0
1993 07 16 06   309   100 10012   220    10     1 -9999     0
1993 07 16 09   314   143  9990   220    20     5 -9999 -9999
1993 07 17 00   209   102 10023    90    20     4 -9999     0
1993 07 17 06   317   112  9993   220    20     7 -9999     0
1993 07 17 09   333   139  9981     0     0     7 -9999 -9999
1993 07 17 12   271    91 10009   250    50     8 -9999    -1
1993 07 17 18   206   148 10024   270    10     8 -9999     1
1993 07 17 21   180   164 10022    90    10     8 -9999 -9999
1993 07 18 00   188   156 10037    90    40     7 -9999    10
1993 07 18 06   285   138 10011     0     0     1 -9999     0
1993 07 18 09   286   116  9996   360    50     5 -9999 -9999
1993 07 18 18   192   136 10017    90    30     2 -9999     0
1993 07 18 21   183   146 10025    90    30     1 -9999 -9999
1993 07 19 00   185   153 10044    70    30     8 -9999    -1
1993 07 19 06   240   168 10031   110    40     7 -9999    20
1993 07 19 09   260   161 10014    90    20     5 -9999 -9999
1993 07 20 00   169   148 10113   270    30     7 -9999     0
1993 07 20 09   164   130 10115   360    40     7 -9999 -9999
1993 07 21 00   141 -9999 10096    90    20     1 -9999     0
1993 07 21 06   269    95 10049     0     0     2 -9999     0
1993 07 21 09   287    84 10030   290    20     1 -9999 -9999
1993 07 21 12   254   174 10028     0     0     5 -9999     0
1993 07 21 18   161   123 10023    70    10     0 -9999     0
1993 07 21 21   141   118 10019     0     0     0 -9999 -9999
1993 07 22 00   157   119 10026    90    10     0 -9999     0
1993 07 22 06   314   103  9999     0     0     0 -9999     0
1993 07 22 09   324    59  9984     0     0     2 -9999 -9999
1993 07 22 18   180   132  9969     0     0     1 -9999     0
1993 07 22 21   199    95  9969    90    20     7 -9999 -9999
1993 07 23 00   179   108  9994     0     0     7 -9999     0
1993 07 23 09   333   122  9944     0     0     1 -9999 -9999
1993 07 23 12   301   200  9947     0     0     1 -9999     0
1993 07 23 18 -9999 -9999  9957    90    30     0 -9999     0
1993 07 23 21   173    79  9968    70    20     0 -9999 -9999
1993 07 24 00   200    69  9982   140    30     0 -9999     0
1993 07 25 00   214    70  9954    70    40     1 -9999     0
1993 07 25 06   311    67  9927    90   100     0 -9999     0
1993 07 25 09   325    55  9913    90   120     0 -9999 -9999
1993 07 25 12   314    55  9901    70   100     0 -9999     0
1993 07 25 18   247    59  9919    90    80     0 -9999     0
1993 07 25 21   228    68  9923    70    60     0 -9999 -9999
1993 07 26 06   301   118  9967    90    50     7 -9999     0
1993 07 26 09   317   120  9959    90    50     7 -9999 -9999
1993 07 27 00   218   115 10037    40    40     8 -9999     1
1993 07 27 06   228   156 10065    90    30     8 -9999 -9999
1993 07 27 09   232   160 10061   180    20     8 -9999 -9999
1993 07 27 18   196   166 10073     0     0     8 -9999    -1
1993 07 27 21   190   171 10077     0     0     8 -9999 -9999
1993 07 28 00   188   176 10087     0     0     8 -9999     1
1993 07 28 06   285   168 10048     0     0     1 -9999     0
1993 07 28 09   255   153 10039     0     0     2 -9999 -9999
1993 07 29 00   182   135 10053    70    10     1 -9999     0
1993 07 29 09   313    97  9990     0     0     1 -9999 -9999
1993 07 29 12   277   164  9992     0     0     1 -9999     0
1993 07 29 18   194   112  9995    90    10     1 -9999     0
1993 07 29 21   184   112  9986    90    20     0 -9999 -9999
1993 07 30 00   190   113  9990    90    20     1 -9999     0
1993 07 30 06   323    80  9975   340    10     2 -9999     0
1993 07 30 09   336 -9999  9958     0     0     1 -9999 -9999
1993 07 30 12   291   158  9955     0     0     1 -9999     0
1993 07 30 18   178   107  9966     0     0     0 -9999     0
1993 07 30 21   186    85  9964    90    20     0 -9999 -9999
1993 07 31 00   180   130  9992     0     0     6 -9999     0
1993 07 31 06   288   110  9987   270    10     7 -9999     0
1993 07 31 09   325   123  9957     0     0     2 -9999 -9999
1993 07 31 18   246   104  9990    90    30     7 -9999     0
1993 08 01 00   184   138 10059   110    20     4 -9999     5
1993 08 01 21   200   119 10005    90    40     0 -9999 -9999
1993 08 02 00   196   118 10029    90    50     7 -9999     0
1993 08 02 06   289   131 10007    90    50     7 -9999     0
1993 08 02 09   303   125  9998   110    30     7 -9999 -9999
1993 08 02 12   287   151 10004   360    80     7 -9999     0
1993 08 02 21   197    88  9989    90   140     0 -9999 -9999
1993 08 03 00   197    86 10001    90    30     0 -9999     0
1993 08 03 12   294   124  9963   250    20     7 -9999     0
1993 08 03 18   237    74  9976    90    30     7 -9999     0
1993 08 03 21 -9999 -9999  9995   110    30     8 -9999 -9999
1993 08 04 00   193    71 10033    40    30     8 -9999     0
1993 08 04 06   271 -9999 10038     0     0     7 -9999     0
1993 08 04 09   304   120 10021     0     0     1 -9999 -9999
1993 08 04 12   265    77 10041   270    20     1 -9999     0
1993 08 04 18   182    45 10062    90    20     0 -9999     0
1993 08 05 00   167 -9999 10086    90    40 -9999 -9999     0
1993 08 05 06   273    74 10062     0     0     6 -9999     0
1993 08 05 09   275   126 -9999     0     0     7 -9999 -9999
1993 08 05 12   253   140 10061     0     0     2 -9999     0
1993 08 05 18   200     5 10062    70    20     0 -9999     0
1993 08 05 21   153    31 10087     0     0     0 -9999 -9999
1993 08 06 00   130 -9999 10108    90    10     0 -9999     0
1993 08 06 18   166    58 10067     0     0     1 -9999     0
1993 08 06 21   167    38 10070     0     0     6 -9999 -9999
1993 08 07 00   182    55 10080    40    10     7 -9999     0
1993 08 07 09   309    71 10028     0     0     7 -9999 -9999
1993 08 07 18   206    38 10017   360    20     0 -9999     0
1993 08 07 21   160    47 10031    90    20     0 -9999 -9999
1993 08 08 00   153    72 -9999     0     0     1 -9999     0
1993 08 08 18   204    52  9985 -9999 -9999     7 -9999     0
1993 08 08 21   200    56  9985    90    30     7 -9999 -9999
1993 08 09 00   198    66 10009    90    20     7 -9999     0
1993 08 09 06   266    89 10003   110    20     7 -9999     0
1993 08 09 09   273   108  9989     0     0     7 -9999 -9999
1993 08 09 21   180    88 10007   250    30     2 -9999 -9999
1993 08 10 00   174    91 10028   250    30     4 -9999     0
1993 08 10 06   267   113 10005   250    20     1 -9999     0
1993 08 10 09   290   106  9983   250    30     1 -9999 -9999
1993 08 10 18   196    68 10012    90    30     0 -9999     0
1993 08 10 21   186    69 10007    90    30     0 -9999 -9999
1993 08 11 00   176 -9999 -9999    90    20     7 -9999     0
1993 08 11 06   271   101 10013 -9999 -9999     7 -9999     0
1993 08 11 09   279   103 10004   110    20     8 -9999 -9999
1993 08 11 18   220    99 10026     0     0     7 -9999     0
1993 08 11 21   184   127 10037     0     0     8 -9999 -9999
1993 08 12 00   198    91 10049    90    20     7 -9999     0
1993 08 12 06   261   109 10028    90    40     6 -9999    -1
1993 08 12 09   281    97 10008    90    20     6 -9999 -9999
1993 08 12 18   201    55 10026    90    30     0 -9999     0
1993 08 12 21   180    86 10063    90    30     1 -9999 -9999
1993 08 13 00   176    94 10070    90    30     7 -9999     0
1993 08 13 06   248 -9999 10057    90    50     7 -9999     0
1993 08 13 09   255   111 10049   110    50     8 -9999 -9999
1993 08 13 12   250    93 10053   110    20     7 -9999     0
1993 08 13 18   176   141 10090   220    20     8 -9999    -1
1993 08 13 21   176   121 10086   180    20     7 -9999 -9999
1993 08 14 00   170   147 10107     0     0     7 -9999    -1
1993 08 14 06   257   133 10096     0     0     4 -9999     0
1993 08 14 09   257   112 10078   220    20     7 -9999 -9999
1993 08 14 12 -9999 -9999 -9999   360    40     6 -9999     0
1993 08 14 18   184   107 10085     0     0     7 -9999     0
1993 08 14 21   168    96 10095     0     0     0 -9999 -9999
1993 08 15 00   152    96 10109     0     0     7 -9999     0
1993 08 15 06   291    82 10075     0     0     5 -9999     0
1993 08 15 09   313   106 10049     0     0     2 -9999 -9999
1993 08 15 12 -9999 -9999 10057   220   220 -9999 -9999     0
1993 08 15 21   180    36 10051    90    30     0 -9999 -9999
1993 08 16 00   170    32 10076    90    40     1 -9999     0
1993 08 16 09   308    69 10029 -9999 -9999     7 -9999 -9999
1993 08 16 18   223    22 10031    90    40     2 -9999     0
1993 08 16 21   206    26 10032    90    50     1 -9999 -9999
1993 08 17 00   192    35 10056    90    30     7 -9999     0
1993 08 17 06   321    91 10029     0     0     1 -9999     0
1993 08 17 09   341   110 10008     0     0     1 -9999 -9999
1993 08 18 00 -9999 -9999 10048 -9999 -9999     8 -9999     0
1993 08 18 06   287   124 10022   220    20     7 -9999     0
1993 08 18 09   321    92  9998   220    20     2 -9999 -9999
1993 08 18 18   161    77 10027     0     0     0 -9999     0
1993 08 19 00   167    91 10043     0     0     5 -9999     0
1993 08 19 05   334    80  9976   270    20     1 -9999 -9999
1993 08 19 06   319    57 10014     0     0     1 -9999     0
1993 08 19 09   334    80  9976   270    20     1 -9999 -9999
1993 08 19 18   220    44  9985    90    30     0 -9999     0
1993 08 19 21   190    57  9983    90    30     0 -9999 -9999
1993 08 20 00   194    52 10005    70    30     0 -9999     0
1993 08 20 06   317    69  9976   110    30     6 -9999     0
1993 08 20 09   315 -9999  9969    90    20     7 -9999 -9999
1993 08 20 12   266   129  9975     0     0     7 -9999     0
1993 08 20 18   240    97  9983     0     0     7 -9999     0
1993 08 20 21   205   111  9995     0     0     8 -9999 -9999
1993 08 21 00   196   104 10013     0     0     7 -9999    -1
1993 08 21 06   194    99 10024   250    70     8 -9999    -1
1993 08 21 09   146   136 10058   220    50     8 -9999 -9999
1993 08 21 18   137   134 10095 -9999 -9999 -9999 -9999    30
1993 08 21 21   137   134 10109   250    20     8 -9999 -9999
1993 08 22 00   134   129 10117   320    20     7 -9999     0
1993 08 22 03   239    81 10067   270    30     1 -9999 -9999
1993 08 22 06   211   108 10090   270    20     1 -9999     0
1993 08 22 09   239    81 10067   270    30     1 -9999 -9999
1993 08 23 00   106    81 10111    90    10     6 -9999     0
1993 08 23 06   253    28 -9999   290    10     0 -9999     0
1993 08 23 09   275   111 10075   270    30     1 -9999 -9999
1993 08 23 12   247    79 10078   290    10     4 -9999     0
1993 08 23 21 -9999 -9999 10098     0     0     0 -9999 -9999
1993 08 24 00   131    84 10107    90    20     6 -9999     0
1993 08 24 06   253    85 10087     0     0     1 -9999     0
1993 08 24 09   203    65 -9999   140    30     7 -9999 -9999
1993 08 25 00   146    40 10082   110    30     0 -9999     0
1993 08 25 06   276    71 10051    90    30     1 -9999     0
1993 08 25 09   295    79 10027    90    20     2 -9999 -9999
1993 08 25 12   268    43 10035    90    40     7 -9999     0
1993 08 25 18   225    22 10048    90    30     7 -9999     0
1993 08 25 21   210     0 10045    90    50     7 -9999 -9999
1993 08 26 00   195    22 10075    90    40     7 -9999     0
1993 08 26 06   257    46 10062    70    50     8 -9999     0
1993 08 26 09   261    59 10065    90    50     8 -9999 -9999
1993 08 26 18   162    62 10104   140    20     2 -9999     0
1993 08 26 21   157    48 10103 -9999 -9999     0 -9999 -9999
1993 08 27 00   157    55 10117    90    30     7 -9999     0
1993 08 27 06   292   122 10096   290    20     7 -9999     0
1993 08 27 09   300    87 10079   270 -9999     3 -9999 -9999
1993 08 27 12   224   136 10099     0     0     1 -9999    10
1993 08 27 18   171   102 10103   360    20     6 -9999     1
1993 08 27 21   137   121 10140   220    20     7 -9999 -9999
1993 08 28 00   132   122 10155   220    20     5 -9999    30
1993 08 28 06   187   119 10163   220    50     2 -9999    10
1993 08 28 09   206    90 10149   250    20     6 -9999 -9999
1993 08 28 12   190    71 10149   250    30     2 -9999     0
1993 08 28 18   120    73 10188   160    10     1 -9999     0
1993 08 28 21    81    71 10193     0     0     0 -9999 -9999
1993 08 29 00    84    74 10206     0     0 -9999 -9999     0
1993 08 29 06   227    85 10182     0     0     6 -9999     0
1993 08 29 09   250   107 10167     0     0     1 -9999 -9999
1993 08 29 12   200   134 10178     0     0     1 -9999     0
1993 08 29 18   146    99 10185    90    30     0 -9999     0
1993 08 30 00   128    87 10188    70    40     0 -9999     0
1993 08 30 06   252    81 10149     0     0     0 -9999     0
1993 08 30 09   274 -9999 10124     0     0     0 -9999 -9999
1993 08 30 18   176    80 10125    90    30     2 -9999     0
1993 08 30 21   158    80 10117    90    30     0 -9999 -9999
1993 08 31 06   277   107 10112     0     0     1 -9999     0
1993 08 31 09   290   105 10097     0     0     1 -9999 -9999
1993 08 31 18   167    68 10116    70    20     0 -9999     0
1993 08 31 21   142    69 10113     0     0     1 -9999 -9999
1993 09 01 00   136    77 10144     0     0     1 -9999     0
1993 09 01 06   289    99 10100   220    30     1 -9999     0
1993 09 01 09   309    70 10075   250    40     2 -9999 -9999
1993 09 01 12   249    98 10088     0     0     2 -9999     0
1993 09 01 18   145    96 10085     0     0     6 -9999     0
1993 09 01 21   126    70 10072     0     0     0 -9999 -9999
1993 09 02 06   321    94 10043     0     0     0 -9999     0
1993 09 02 09   330    72 10018     0     0     0 -9999 -9999
1993 09 02 18   190    41  9977    90    30     0 -9999     0
1993 09 02 21   194 -9999 -9999    40    30     0 -9999 -9999
1993 09 03 00   157    35 10007    90    20     0 -9999     0
1993 09 03 06   321    53  9958    90    30     6 -9999     0
1993 09 03 09   330    73  9935    90    40     2 -9999 -9999
1993 09 03 18   206    70  9968    90    40     0 -9999     0
1993 09 03 21   188    54  9969   140    50     5 -9999 -9999
1993 09 04 00   172    46 10082    90    60     6 -9999     0
1993 09 04 06   233    80 10027    90    30     7 -9999     0
1993 09 04 09   239    82 10027    90    10     2 -9999 -9999
1993 09 04 12   230    49 10037    90    20     8 -9999     0
1993 09 04 18   166     8 10085    40    30     8 -9999    -1
1993 09 04 21   148    27 10134   270    10     8 -9999 -9999
1993 09 05 00   134    31 10171   250    20     5 -9999     0
1993 09 05 06   200    55 10176   270    50     7 -9999     0
1993 09 05 09   225    27 10161   270    40     7 -9999 -9999
1993 09 05 12   187    -6 10183   290    20     2 -9999     0
1993 09 05 18    71    21 10238     0     0     0 -9999     0
1993 09 05 21    46     2 10239     0     0     0 -9999 -9999
1993 09 06 00    49   -24 10264   110    10     0 -9999     0
1993 09 06 06   232    10 10217     0     0     0 -9999     0
1993 09 06 09   239   -24 10187     0     0     0 -9999 -9999
1993 09 07 00   109     1 10153    90    20     0 -9999     0
1993 09 07 06   259    11 10095    90    40     0 -9999     0
1993 09 07 09   281     8 10065   110    20     0 -9999 -9999
1993 09 07 12   233     7 10083    90    20     0 -9999     0
1993 09 07 18   149   -38 10069    40    30     0 -9999     0
1993 09 07 21   131   -58 10070    90    30     0 -9999 -9999
1993 09 08 00   111   -47 10094    90    50     0 -9999     0
1993 09 08 06   253    20 10066   180    20     0 -9999     0
1993 09 08 09   283     0 10041     0     0     0 -9999 -9999
1993 09 08 12   198    73 10073     0     0     0 -9999     0
1993 09 08 18   110    12 10078   220    10     0 -9999     0
1993 09 08 21   110 -9999 10088    40    20     0 -9999 -9999
1993 09 09 00    66    25 10148     0     0     0 -9999     0
1993 09 09 06   234    38 10135   250    30     0 -9999     0
1993 09 09 09   251   -23 10114   270    50     0 -9999 -9999
1993 09 09 12   204     9 10140     0     0     0 -9999     0
1993 09 10 00    53   -25 10162     0     0     0 -9999     0
1993 09 10 06   250    13 10125     0     0     0 -9999     0
1993 09 10 09   266    -4 10110   270    40     0 -9999 -9999
1993 09 10 12   206    23 10130   270    10     0 -9999     0
1993 09 10 18    84    32 10134     0     0     0 -9999     0
1993 09 11 00    70   -45 10162    90    10     0 -9999     0
1993 09 11 06   259    31 10132   250    10     0 -9999     0
1993 09 11 09   271     8 10108     0     0     0 -9999 -9999
1993 09 11 12   202    61 10119   360    20     0 -9999     0
1993 09 11 18   158   -53 10089 -9999 -9999     0 -9999     0
1993 09 11 21   140   -85 10080    90    30     0 -9999 -9999
1993 09 12 00   112   -62 10110    90    40     0 -9999     0
1993 09 12 06   267 -9999 10055   110    20     1 -9999     0
1993 09 12 09   286    55 10036    40    30     1 -9999 -9999
1993 09 12 12   215    55 10058     0     0     1 -9999     0
1993 09 12 18   161   -14 10055     0     0     0 -9999     0
1993 09 12 21   118     6 10073   110    10     2 -9999 -9999
1993 09 13 00   100    12 10114     0     0     7 -9999     0
1993 09 13 06   262    49 10088   200    20     7 -9999     0
1993 09 13 18   102    57 10117     0     0     0 -9999     0
1993 09 13 21    95    32 10110     0     0     0 -9999 -9999
1993 09 14 00    86    13 10133     0     0     0 -9999     0
1993 09 14 06   273    45 10090     0     0     1 -9999     0
1993 09 14 18   185     8 10049    90    20     1 -9999     0
1993 09 14 21   127    33 10061     0     0     4 -9999 -9999
1993 09 15 00   117    45 10100     0     0     7 -9999     0
1993 09 15 06   285    53 10051   270    20     7 -9999     0
1993 09 15 09   297    54 10045   270    30     1 -9999 -9999
1993 09 15 12   220 -9999 -9999     0     0     2 -9999     0
1993 09 15 18   151    39 10089    40    10     0 -9999     0
1993 09 15 21   140   -24 10092    70    30     0 -9999 -9999
1993 09 16 00   122   -83 10134    90    30     1 -9999     0
1993 09 16 06   237 -9999 10106    90    40     0 -9999     0
1993 09 16 21   127   -87 10131    70    30     0 -9999 -9999
1993 09 17 00   116   -82 10165    90    30     0 -9999     0
1993 09 17 06   246   -36 10131    90    40     0 -9999     0
1993 09 17 09   271    15 10102    90    20     0 -9999 -9999
1993 09 17 18   118   -42 10134    90    30     0 -9999     0
1993 09 17 21   121   -62 10130    90    20     0 -9999 -9999
1993 09 18 00   100   -25 10160    90    20     7 -9999     0
1993 09 18 06   250   -22 10130    90    40     2 -9999     0
1993 09 18 09   259     7 10113    90    20     5 -9999 -9999
1993 09 18 12   216     0 -9999   110    20     2 -9999     0
1993 09 18 18   110 -9999 10169     0     0     0 -9999     0
1993 09 19 06   255    45 10166   220    10     6 -9999     0
1993 09 19 09   261    44 10141   220    20     7 -9999 -9999
1993 09 19 18    93    37 10173     0     0     0 -9999     0
1993 09 19 21    70     6 10177     0     0     0 -9999 -9999
1993 09 20 00    64   -16 10201    90    20     0 -9999     0
1993 09 20 06   270    45 10163   220    20     0 -9999     0
1993 09 20 09   283    29 10142     0     0     0 -9999 -9999
1993 09 20 18    90    39 10153     0     0     0 -9999     0
1993 09 20 21    94    -2 10149     0     0     0 -9999 -9999
1993 09 21 00   109   -15 10172    90    20     0 -9999     0
1993 09 21 09   289    44 10118     0     0     0 -9999 -9999
1993 09 21 18   138     9 10118     0     0     0 -9999     0
1993 09 21 21   126   -14 10124   110    20     0 -9999 -9999
1993 09 22 00   130   -14 10156    90    10     0 -9999     0
1993 09 22 06   286    22 10110    90    20     0 -9999     0
1993 09 22 09   292    50 10091     0     0     2 -9999 -9999
1993 09 22 21    86     9 10118     0     0     0 -9999 -9999
1993 09 23 00    66    -4 10164    90    10     0 -9999     0
1993 09 23 06 -9999 -9999 10106 -9999 -9999     8 -9999     0
1993 09 23 09   254    32 10086   250    20     0 -9999 -9999
1993 09 23 12   177   101 -9999     0     0     0 -9999     0
1993 09 23 18   157   -41 10044    90    20     0 -9999     0
1993 09 23 21   120   -38 10051    90    20     0 -9999 -9999
1993 09 24 00   118   -49 10086    90    30     4 -9999     0
1993 09 24 06   277    14 10049 -9999 -9999     4 -9999     0
1993 09 24 09   275     2 10059   220    30     7 -9999 -9999
1993 09 24 18   169    -1 -9999   110    50     8 -9999     0
1993 09 24 21   159    14 10102    70    30     8 -9999 -9999
1993 09 25 00   141    27 10125    90    30     7 -9999     0
1993 09 25 06   232     8 10106   360    30     3 -9999     0
1993 09 25 09   253    36 10085     0     0     2 -9999 -9999
1993 09 25 12   204    -5 10113   110    30     1 -9999     0
1993 09 25 18   114    -7 10158    90    30     0 -9999     0
1993 09 25 21    85   -59 10169    90    50     0 -9999 -9999
1993 09 26 00    68   -86 10203    90    50     1 -9999     0
1993 09 26 06   147  -129 10191    90    80     0 -9999     0
1993 09 26 09   163   -98 10181    90    70     3 -9999 -9999
1993 09 26 18    72  -210 10194    90    50     0 -9999     0
1993 09 26 21    52  -229 10196    90    60     0 -9999 -9999
1993 09 27 06   171  -167 10180    90    40     1 -9999     0
1993 09 27 09 -9999 -9999 10152    90    20     7 -9999 -9999
1993 09 27 21    70  -118 10138    90    20     1 -9999 -9999
1993 09 28 00    48  -135 10180    90    30     1 -9999     0
1993 09 28 06   220   -95 10099    90    60     0 -9999     0
1993 09 28 09   232 -9999 -9999    90    40     0 -9999 -9999
1993 09 28 18    80 -9999 -9999    90    20     0 -9999     0
1993 09 29 00    45  -157 10179    90    20     0 -9999     0
1993 09 29 06   222  -104 10167   110    40     7 -9999     0
1993 09 29 09   226   -96 10162    90    30     7 -9999 -9999
1993 09 29 18   116  -110 10180    90    20     7 -9999     0
1993 09 29 21   101  -114 10177    90    30     7 -9999 -9999
1993 09 30 00    94   -86 10206    90    30     7 -9999     0
1993 09 30 06   228   -67 10173     0     0     0 -9999     0
1993 09 30 09   247   -70 10160     0     0     0 -9999 -9999
1993 09 30 18    81   -70 10184    90    10     0 -9999     0
1993 09 30 21    70  -108 10172    90    20     0 -9999 -9999
1993 10 01 00    61  -117 10204    90    20     0 -9999     0
1993 10 01 06   233   -47 10145     0     0     0 -9999     0
1993 10 01 09   260   -45 10115     0     0     0 -9999 -9999
1993 10 02 06   227   -74 10138   140    20     1 -9999     0
1993 10 02 09   252     3 10116     0     0     7 -9999 -9999
1993 10 02 18    96     7 10146     0     0     8 -9999     0
1993 10 02 21    75   -20 10145     0     0     8 -9999 -9999
1993 10 03 00    64     5 10198     0     0     8 -9999     0
1993 10 03 06   236     2 10161   290    20     2 -9999     0
1993 10 03 09   248   -18 10151     0     0     1 -9999 -9999
1993 10 03 18    66   -20 10171     0     0     0 -9999     0
1993 10 03 21 -9999 -9999 -9999     0     0     0 -9999 -9999
1993 10 04 00    53   -38 10201     0     0     1 -9999     0
1993 10 04 06   232    15 10170     0     0     0 -9999     0
1993 10 04 09   250    16 10153     0     0     0 -9999 -9999
1993 10 04 12   132    47 10186     0     0     0 -9999     0
1993 10 04 21    51   -52 10162     0     0     0 -9999 -9999
1993 10 05 09   263   -82 10093     0     0     1 -9999 -9999
1993 10 05 18   110   -70 10075    90    30     0 -9999     0
1993 10 05 21    90   -74 10072    90    20     0 -9999 -9999
1993 10 06 00    88   -69 10117    90    30     1 -9999     0
1993 10 06 06   235   -40 10078    90    60     0 -9999     0
1993 10 06 09   243   -29 10065    90    40     0 -9999 -9999
1993 10 06 18   130   -20 -9999    90    30     0 -9999     0
1993 10 06 21   106   -18 10068    90    60     0 -9999 -9999
1993 10 07 00    80   -36 10116    70    30     0 -9999     0
1993 10 07 06   196   -10 10130   140    40     1 -9999     0
1993 10 07 09   206     9 10133     0     0     7 -9999 -9999
1993 10 07 18    85   -72 10189     0     0     0 -9999     0
1993 10 07 21    49   -71 10200    90    20     0 -9999 -9999
1993 10 08 00    40   -70 10240    70    40     0 -9999     0
1993 10 08 06   140   -26 10227    90    20     0 -9999     0
1993 10 08 09   160   -18 10216     0     0     0 -9999 -9999
1993 10 09 00    38  -122 10236    90    50     7 -9999     0
1993 10 09 01   155 -9999 10172    90    50     2 -9999     0
1993 10 09 06   155   -85 10172 -9999 -9999     2 -9999     0
1993 10 09 09   175   -65 10171    90    50     7 -9999 -9999
1993 10 09 18    51   -50 10212     0     0     0 -9999     0
1993 10 10 00   -13   -60 10253     0     0     1 -9999     0
1993 10 10 06   155   -81 10222   250    20     7 -9999     0
1993 10 10 09   162   -68 10211   220    30     7 -9999 -9999
1993 10 11 00    33   -81 10255    90    30     7 -9999     0
1993 10 11 18    32   -51 10277    90    10     7 -9999 -9999
1993 10 12 00    40   -66 10314     0     0     6 -9999     0
1993 10 12 06   147   -49 10301   270    40     1 -9999     0
1993 10 12 09   155   -83 10298   270    40     1 -9999 -9999
1993 10 13 00    14   -70 10334 -9999 -9999     0 -9999     0
1993 10 13 06   145   -57 10293     0     0 -9999 -9999     0
1993 10 13 09   170   -80 10270     0     0     0 -9999 -9999
1993 10 13 18   -10 -9999 10288     0     0     0 -9999     0
1993 10 14 06   144   -59 10285     0     0     0 -9999     0
1993 10 14 09   172   -41 10260     0     0     0 -9999 -9999
1993 10 15 00   -21   -99 10317     0     0     0 -9999     0
1993 10 15 06   168   -51 10272   180    10     0 -9999     0
1993 10 15 09   180   -50 10258   250    20     0 -9999 -9999
1993 10 16 00    -1   -92 10320    90    20     5 -9999     0
1993 10 16 06   172   -61 10304     0     0     1 -9999     0
1993 10 16 09   185   -35 -9999   220    20     0 -9999 -9999
1993 10 16 18    13   -84 10305     0     0     0 -9999     0
1993 10 16 21     3   -86 10299    90    10     0 -9999 -9999
1993 10 17 00     1  -103 10335    90    10     0 -9999     0
1993 10 17 06   175   -73 10300     0     0     0 -9999     0
1993 10 17 09   191   -52 10285     0   100     0 -9999 -9999
1993 10 17 18    -7   -56 10307     0     0     0 -9999     0
1993 10 17 21   -27   -99 10311    90    10     0 -9999 -9999
1993 10 18 06   161  -120 10309   270    20     0 -9999     0
1993 10 18 09   180  -125 10293     0     0     0 -9999 -9999
1993 10 18 12  -110 -9999 -9999    20   200 -9999 -9999     0
1993 10 18 18   -14   -85 10308     0     0     0 -9999     0
1993 10 18 21   -45  -102 10312     0     0     0 -9999 -9999
1993 10 19 06   150 -9999 10299   220    20     0 -9999     0
1993 10 19 09   173  -107 10277   250    20     0 -9999 -9999
1993 10 19 18    18   -80 10281    90    10     0 -9999     0
1993 10 19 21   -11  -103 10280    90    10     0 -9999 -9999
1993 10 20 00   -24  -108 10309   110    20     0 -9999     0
1993 10 20 06   158   -60 10265     0     0     0 -9999     0
1993 10 20 09   164   -50 10253   250    20     1 -9999 -9999
1993 10 21 00   -27  -129 10325    90    20     1 -9999     0
1993 10 21 06   134   -83 10299   270    20     7 -9999     0
1993 10 21 09   144   -50 10281   270    20     8 -9999 -9999
1993 10 21 21   -14  -121 10280   110    10     0 -9999 -9999
1993 10 22 06   175   -66 10241    90    20     0 -9999     0
1993 10 22 09   190   -63 10225    90    10     0 -9999 -9999
1993 10 23 00    -3   -90 10259     0     0     0 -9999     0
1993 10 23 06   145   -91 10217   180    10     0 -9999     0
1993 10 23 09   160   -59 10215   270    10     0 -9999 -9999
1993 10 23 18    17   -46 10243     0     0     2 -9999     0
1993 10 23 21    -7   -71 10239     0     0     1 -9999 -9999
1993 10 24 00   -12   -82 10274     0     0     7 -9999     0
1993 10 24 06   132   -66 10240   250    20     7 -9999     0
1993 10 24 09   144   -63 10237   220    20     7 -9999 -9999
1993 10 24 18    -1   -78 10241     0     0     0 -9999     0
1993 10 24 21 -9999 -9999 -9999     0 -9999 -9999 -9999 -9999
1993 10 25 00     7   -83 10235    90    10     0 -9999     0
1993 10 25 06   166   -44 10170     0     0     0 -9999     0
1993 10 25 09   180   -52 10140     0     0     0 -9999 -9999
1993 10 26 06    59   -80 10264   270    20     8 -9999     0
1993 10 26 09    72   -74 10273   270    40     7 -9999 -9999
1993 10 26 18   -21  -130 10375   270    30     0 -9999     0
1993 10 26 21   -42   -85 10371   250    30     2 -9999 -9999
1993 10 27 00 -9999 -9999 -9999   270    20     1 -9999     0
1993 10 27 06    53  -207 10381   290    30     0 -9999     0
1993 10 27 09 -9999 -9999 10366   270    30     0 -9999 -9999
1993 10 27 12    13  -118 10400     0     0     2 -9999     0
1993 10 27 21   -46  -174 10399    90    30     0 -9999 -9999
1993 10 28 00   -57  -200 10430    70    30     1 -9999     0
1993 10 28 06    60  -157 10416    70    50     0 -9999     0
1993 10 28 09    70  -204 10406    70    20     0 -9999 -9999
1993 10 28 18   -21  -240 10426    90    50     0 -9999     0
1993 10 29 00   -60  -240 10445    90    30     0 -9999     0
1993 10 29 09   129  -108 10365     0     0     0 -9999 -9999
1993 10 29 18   -34  -162 10364    90    20     0 -9999     0
1993 10 29 21   -56  -159 10362     0     0     0 -9999 -9999
1993 10 30 00    75  -197 10410    90    20     0 -9999     0
1993 10 30 06    78  -127 10384   250    30     0 -9999     0
1993 10 30 09   104   -87 10363   250    20     0 -9999 -9999
1993 10 30 12     6  -104 10394     0     0     0 -9999     0
1993 10 30 18   -52  -179 10354    90    10     1 -9999     0
1993 10 30 21   -77  -150 10341    90    10     0 -9999 -9999
1993 10 31 00   -91  -173 10379     0     0     0 -9999     0
1993 10 31 06    79  -185 10330   220    20     0 -9999     0
1993 10 31 09   106  -141 10315   250    30     0 -9999 -9999
1993 10 31 18   -55  -170 10323     0     0     0 -9999     0
1993 10 31 21   -74  -164 10323     0     0     0 -9999 -9999
1993 11 01 06   175  -156 10343   270    30     7 -9999     0
1993 11 01 09    93  -131 10332   270    30     7 -9999   150
1993 11 01 21   -51  -125 10289     0     0     0 -9999 -9999
1993 11 02 00   -69  -132 10310     0     0     0 -9999     0
1993 11 02 09   120  -124 10234   250    20     1 -9999 -9999
1993 11 02 18   -18  -124 10218    90    10     0 -9999     0
1993 11 02 21 -9999 -9999 10204    90    20     6 -9999 -9999
1993 11 03 00   -11  -144 10229   140    10     8 -9999     0
1993 11 03 09   139  -100 10172     0     0     7 -9999 -9999
1993 11 03 12 -9999 -9999 10189     0     0     1 -9999     0
1993 11 03 18    31  -113 10130     0     0     7 -9999     0
1993 11 03 21    15  -117 10122    70    20     0 -9999 -9999
1993 11 04 00    11  -114 10148    40    20     7 -9999     0
1993 11 04 06    -2    -2 -9999   310    10     0 -9999     0
1993 11 04 09   130   -79 10137    90    50     6 -9999 -9999
1993 11 04 12    86   -74 10185    90    30     7 -9999     0
1993 11 04 18    42   -54 10197    70    20     8 -9999     0
1993 11 04 21    41   -72 10201    90    30     7 -9999 -9999
1993 11 05 00    34   -93 10238    90    30     8 -9999     0
1993 11 05 06    88  -111 10228    70    30     8 -9999     0
1993 11 05 09    96  -156 10213    90    50     7 -9999 -9999
1993 11 05 12    68    17 10238    40    40     8 -9999     0
1993 11 05 18    38   -81 10220    70    40     1 -9999     0
1993 11 05 21    39  -175 10221    90    40     7 -9999 -9999
1993 11 06 00    42  -158 10233    70    50     7 -9999     0
1993 11 06 06   111  -124 10202    90    50     0 -9999     0
1993 11 06 09 -9999 -9999 10190    90    50     2 -9999 -9999
1993 11 06 12    71  -129 10195    90    50     0 -9999     0
1993 11 06 18    44  -139 10202    90    60     7 -9999     0
1993 11 06 21    33  -127 10230    90    30     7 -9999 -9999
1993 11 07 00    10  -128 10265    90    40     6 -9999     0
1993 11 07 06    72  -115 10247    70    40     8 -9999     0
1993 11 07 09    68  -125 10255    90    40     8 -9999 -9999
1993 11 07 12    47  -139 10276    40    30     2 -9999     0
1993 11 07 18    -9  -104 10268    90    30     0 -9999     0
1993 11 07 21   -16   -99 10251    90    30     0 -9999 -9999
1993 11 08 00   -19  -149 10250    90    40     0 -9999     0
1993 11 08 06    94  -119 10200    90    70     0 -9999     0
1993 11 08 09    93  -115 10187    90    80     7 -9999 -9999
1993 11 08 12    61  -110 10199    90    50     7 -9999     0
1993 11 08 21    13   -82 10186    90    50     7 -9999 -9999
1993 11 09 00    -6   -69 10233    90    40     3 -9999     0
1993 11 09 06    74   -62 10253   270    30     2 -9999     0
1993 11 09 09    88   -80 10253   270    30     0 -9999 -9999
1993 11 09 12    45   -66 10283   250    20     0 -9999     0
1993 11 09 18   -19   -94 10279    90    20     0 -9999     0
1993 11 09 21   -26   -96 10268    90    10     3 -9999 -9999
1993 11 10 00   -41   -96 -9999    90    20     1 -9999     0
1993 11 10 06    91   -65 10281     0     0     1 -9999     0
1993 11 10 09   109   -65 10274   250    30     0 -9999 -9999
1993 11 10 12    31   -49 10314     0     0     0 -9999     0
1993 11 10 18   -35   -88 10293    90    10     0 -9999     0
1993 11 10 21   -50   -87 10278     0     0     0 -9999 -9999
1993 11 11 06   130   -75 10227   140    20     1 -9999     0
1993 11 11 09   162   -45 10199   250    10     1 -9999 -9999
1993 11 11 12    39   -51 10229     0     0     0 -9999     0
1993 11 11 18   -21   -73 10196     0     0     0 -9999     0
1993 11 11 21   -42  -106 10195     0     0     0 -9999 -9999
1993 11 12 00   -60   -99 10255     0     0     1 -9999     0
1993 11 12 06    77   -65 10246   270    40     7 -9999     0
1993 11 12 09   104    -3 10229   250    40     7 -9999 -9999
1993 11 12 12    52   -40 10245   320    20     1 -9999     0
1993 11 12 18   -27   -84 10202    90    20     1 -9999     0
1993 11 12 21   -34   -77 10173   110    20     0 -9999 -9999
1993 11 13 00 -9999 -9999 10188    90    20     1 -9999     0
1993 11 13 09   109   -46 10154   250    40     2 -9999 -9999
1993 11 13 18   -25   -54 10163 -9999 -9999     2 -9999     0
1993 11 13 21   -22   -81 10139    90    20     0 -9999 -9999
1993 11 14 00   -10   -78 10146    90    20     7 -9999     0
1993 11 14 06    66   -39 10172    90    50     8 -9999     0
1993 11 14 09    68   -44 10177    90    40     8 -9999 -9999
1993 11 14 12    38   -32 10215    90    50     2 -9999     0
1993 11 14 18     4   -56 10220    90    60     8 -9999     0
1993 11 14 21   -11   -76 10225    90    60     7 -9999 -9999
1993 11 15 00   -13   -79 10243    90    60     7 -9999     0
1993 11 15 06    20  -108 -9999    90    80     1 -9999     0
1993 11 15 09     0   -81 10241    90   100     7 -9999 -9999
1993 11 15 12   -36  -145 10268    90    90     7 -9999     0
1993 11 16 06    -8  -132 10394     0     0     8 -9999     1
1993 11 16 09   -91  -147 10406    90    90     8 -9999 -9999
1993 11 16 12  -101  -145 10419    90   100     7 -9999    -1
1993 11 16 18  -127  -172 10417    90    90     0 -9999     0
1993 11 16 21  -130  -177 10409    90    90     0 -9999 -9999
1993 11 17 00  -133  -179 10412    90    80     0 -9999     0
1993 11 17 06   -76  -182 10386    90   110     7 -9999     0
1993 11 17 09   -76  -167 10374    90    90     1 -9999 -9999
1993 11 17 12   -98  -157 10378    90    80     0 -9999     0
1993 11 17 18  -123  -163 10321    90    60     0 -9999     0
1993 11 17 21  -132  -164 10302    90    70     0 -9999 -9999
1993 11 18 00  -133  -169 10294    90    70     0 -9999     0
1993 11 18 06   -28  -135 10258     0     0     1 -9999     0
1993 11 18 09    -6  -146 10259   270    30     7 -9999 -9999
1993 11 18 12   -48  -131 10311     0     0     1 -9999     0
1993 11 19 00  -105  -149 10404    90    40     7 -9999     0
1993 11 19 06   -40  -154 10410    90    80     6 -9999     0
1993 11 19 09   -46  -182 10431    90    70     7 -9999 -9999
1993 11 19 12   -68  -199 10475    90    60     8 -9999     0
1993 11 19 18  -112  -185 10485    90    60     1 -9999     0
1993 11 19 21  -131  -205 -9999    90    40     0 -9999 -9999
1993 11 20 00  -138  -209 10512    90    40     1 -9999     0
1993 11 20 06    46  -182 10471    90    20     1 -9999     0
1993 11 20 09   -17  -175 10437     0     0     1 -9999 -9999
1993 11 20 18  -108  -167 10395    90    20     0 -9999     0
1993 11 20 21  -126  -175 10385     0     0     0 -9999 -9999
1993 11 21 00  -139  -174 10406     0     0     7 -9999     0
1993 11 21 06   -34  -193 10370   270    20     6 -9999     0
1993 11 21 09     8  -162 10348   270    30     7 -9999 -9999
1993 11 21 12   -15  -154 10365   250    50     6 -9999     0
1993 11 21 18   -92  -149 10358     0     0     0 -9999     0
1993 11 21 21  -114  -159 10350    90    10     0 -9999 -9999
1993 11 22 00  -102  -153 10349    90    50     0 -9999     0
1993 11 22 09   -26  -133 10366    90    80     0 -9999 -9999
1993 11 22 12   -61  -161 10403    90    70     7 -9999     0
1993 11 22 18  -105  -182 10375    90   100     1 -9999     0
1993 11 22 21  -107  -180 10359    90    80     0 -9999 -9999
1993 11 23 00  -114  -189 10352    90    80     0 -9999     0
1993 11 23 09   -13  -136 10283    90   100     1 -9999 -9999
1993 11 23 12   -47  -154 10315    90    50     7 -9999     0
1993 11 23 18   -94  -178 10348 -9999 -9999 -9999 -9999     0
1993 11 23 21  -113  -157 -9999     0     0     3 -9999 -9999
1993 11 24 00 -9999 -9999 10385     0     0     7 -9999     0
1993 11 24 09    -3  -147 10392   270    40     7 -9999 -9999
1993 11 24 18   -82  -165 10394     0     0     2 -9999     0
1993 11 24 21   -94  -171 10371    90    10     1 -9999 -9999
1993 11 25 00  -110  -165 10378     0     0     7 -9999     0
1993 11 25 06    -6   -87 10367   250    40 -9999 -9999     0
1993 11 25 09    -6  -101 10364   270    20     6 -9999 -9999
1993 11 25 12   -64  -135 10380     0     0     6 -9999     0
1993 11 25 18   -52  -138 10315    90    20     8 -9999     0
1993 11 25 21   -67  -118 10311     0     0     7 -9999 -9999
1993 11 26 00  -101  -145 10343     0     0     2 -9999     0
1993 11 26 06    37  -119 -9999     0     0     2 -9999 -9999
1993 11 26 09    40  -132 10281     0     0     7 -9999 -9999
1993 11 26 12 -9999 -9999 -9999     0     0     7 -9999     0
1993 11 26 18   -35  -137 10290    90    40     7 -9999     0
1993 11 26 21   -56  -128 10293 -9999 -9999     7 -9999 -9999
1993 11 27 00   -62  -156 10312    90    50     1 -9999     0
1993 11 27 06    19  -140 10276    90   110     7 -9999     0
1993 11 27 12   -12  -153 10287    90    40     2 -9999     0
1993 11 27 21   -88  -137 10304     0     0     8 -9999 -9999
1993 11 28 00   -92  -143 10325     0     0     7 -9999     0
1993 11 28 06   -13  -109 10316 -9999 -9999     7 -9999     0
1993 11 28 09     5  -152 10319   270    20     2 -9999 -9999
1993 11 28 12   -35  -132 10342     0     0     0 -9999     0
1993 11 28 18   -97  -183 -9999   220    10     0 -9999     0
1993 11 29 00  -150  -191 10387    90    10     0 -9999     0
1993 11 29 06    11  -145 10327    90    20     0 -9999     0
1993 11 29 09    20  -131 10317     0     0     7 -9999 -9999
1993 11 29 12   -18  -147 10320    90    20     8 -9999     0
1993 11 29 18   -41  -130 -9999    90    60     8 -9999     0
1993 11 29 21   -29  -137 -9999    90    70     8 -9999 -9999
1993 11 30 00   -45  -143 10254   270    50     8 -9999     0
1993 11 30 06    15  -150 10257   270    30     1 -9999     0
1993 11 30 09    23  -136 10242   250    20     7 -9999 -9999
1993 11 30 12    -9  -152 10244   340    20     7 -9999     0
1993 11 30 18   -53  -139 10227     0     0     1 -9999     0
1993 11 30 21   -92  -148 10239     0     0     2 -9999 -9999
1993 12 01 00  -105  -174 10243     0     0     7 -9999     0
1993 12 01 06    -7  -138 10270     0     0     8 -9999     0
1993 12 01 09    19  -133 10282     0     0     8 -9999 -9999
1993 12 01 12   -25  -170 10324    90    40     2 -9999     0
1993 12 01 18   -80  -190 10317    90    60     6 -9999     0
1993 12 01 21   -92  -167 10337    90    50     7 -9999 -9999
1993 12 02 00   -92  -215 10367    90    50     8 -9999     0
1993 12 02 06   -30  -160 10348    70    70     1 -9999     0
1993 12 02 09   -23  -165 10346    90    70     0 -9999 -9999
1993 12 02 12   -57  -199 10360    70    70     0 -9999     0
1993 12 02 18  -101  -193 10344    90    90     0 -9999     0
1993 12 02 21  -102  -191 10339    90    80     7 -9999 -9999
1993 12 03 00  -106  -197 10366    90    60     8 -9999     0
1993 12 03 06   -42  -215 10337    90   100     5 -9999     0
1993 12 03 09   -31  -185 10327    90    80     4 -9999 -9999
1993 12 03 12   -61  -200 10385    90    20     0 -9999     0
1993 12 03 18  -101  -200 10378    90    50     0 -9999     0
1993 12 04 00  -115  -206 10401    90    30     8 -9999     0
1993 12 04 06   -38  -171 10382    90    20     0 -9999     0
1993 12 04 09    -6  -169 10357     0     0     0 -9999 -9999
1993 12 04 12   -71  -165 10378     0     0     0 -9999     0
1993 12 05 00   -92  -167 10338    90    40     2 -9999     0
1993 12 05 06   -25  -171 10382   250    60     1 -9999     0
1993 12 05 09   -19  -172 10382   220    40     7 -9999 -9999
1993 12 05 12   -40  -175 10394   270    20     0 -9999     0
1993 12 05 21  -112  -193 10347   110    10     0 -9999 -9999
1993 12 06 00  -114  -191 10338   110    20     0 -9999     0
1993 12 06 06    42  -133 10260    90    50     4 -9999 -9999
1993 12 06 09    63  -130 10239    90    40     7 -9999 -9999
1993 12 06 12    21  -141 10292   270    40     7 -9999     0
1993 12 06 18   -76  -161 10289     0     0     1 -9999     0
1993 12 06 21  -110  -185 10276   110    20     0 -9999 -9999
1993 12 07 00  -124  -190 10276    90    10     0 -9999     0
1993 12 07 06    -9  -154 10267   250    20     1 -9999     0
1993 12 07 09    -1  -157 10256   270    20     7 -9999 -9999
1993 12 07 12   -34  -154 10295     0     0     1 -9999     0
1993 12 07 18  -103  -183 10304     0     0     0 -9999     0
1993 12 07 21   -89  -150 10313   110    10     2 -9999 -9999
1993 12 08 00  -117  -184 10369     0     0     1 -9999     0
1993 12 08 06   -15 -9999 -9999   270    40     8 -9999     0
1993 12 08 09   -12  -131 10396   270    50     7 -9999 -9999
1993 12 08 10   -43  -125 10427   270    20     1 -9999     0
1993 12 08 18  -126  -169 10412     0     0     0 -9999     0
1993 12 08 21  -126  -156 10397    90    10     0 -9999 -9999
1993 12 09 00  -114  -134 10386    70    10     0 -9999     0
1993 12 09 06    13  -112 10342    70    50     7 -9999     0
1993 12 09 09    31  -109 10328    90    20     2 -9999 -9999
1993 12 09 12   -36  -117 10334    90    10     0 -9999     0
1993 12 09 18   -57  -114 10251    90    50     0 -9999     0
1993 12 09 21   -55   -89 10211    90    80     0 -9999 -9999
1993 12 10 00   -51  -110 10199    90    70     2 -9999     0
1993 12 10 06   -23  -121 10262   270    80     7 -9999     0
1993 12 10 09   -17  -105 10275   250    80     7 -9999 -9999
1993 12 10 12   -21  -129 10318   270    50     7 -9999     0
1993 12 10 18   -86  -114 10320     0     0     7 -9999     0
1993 12 10 21   -60  -109 10321   250    20     8 -9999 -9999
1993 12 11 00   -91  -125 10327     0     0     1 -9999     0
1993 12 11 06     7  -168 10317   250    30     1 -9999     0
1993 12 11 09    16  -153 10301   270    30     1 -9999 -9999
1993 12 11 18  -120  -180 10342     0     0     0 -9999     0
1993 12 11 21 -9999 -9999 10343    90    20     0 -9999 -9999
1993 12 12 00  -148  -179 10365     0     0     0 -9999     0
1993 12 12 06   -24  -135 10364     0     0     1 -9999     0
1993 12 12 09    -5  -147 10357   200    20     1 -9999 -9999
1993 12 12 18  -110  -189 10379    70    60     0 -9999     0
1993 12 13 00  -128  -211 10401    90    70     1 -9999     0
1993 12 13 06   -60  -181 10403    90    70     0 -9999     0
1993 12 13 09   -51  -212 -9999    90    60     0 -9999 -9999
1993 12 13 12   -82  -245 10433    70    70     0 -9999     0
1993 12 13 18  -123  -240 10423    90    80     0 -9999     0
1993 12 13 21  -133  -240 10416    90    80     0 -9999 -9999
1993 12 14 00  -146  -244 10429    90    70     0 -9999     0
1993 12 14 03   -72  -228 10399    90    80     5 -9999     0
1993 12 14 09   -62  -202 10408    90    70     7 -9999 -9999
1993 12 14 18  -144  -237 10463   110    30     6 -9999     0
1993 12 14 21  -147  -240 10471     0     0     4 -9999 -9999
1993 12 15 00  -155  -236 10492     0     0     2 -9999     0
1993 12 15 06   -44  -170 10485     0     0     1 -9999     0
1993 12 15 09   -27  -148 10481   270    20     7 -9999 -9999
1993 12 15 12   -93  -163 -9999     0     0     1 -9999     0
1993 12 15 18  -136  -201 10508    90    20     0 -9999     0
1993 12 16 00  -137  -200 10522    90    40     0 -9999     0
1993 12 16 06   -30  -135 10497    90    60     0 -9999     0
1993 12 16 09   -22  -219 10486    90    40     0 -9999 -9999
1993 12 16 12   -75  -198 10516    90    30     0 -9999     0
1993 12 16 18  -138  -229 10503     0     0     0 -9999     0
1993 12 16 21  -157  -233 10512     0     0     0 -9999 -9999
1993 12 17 00  -172  -237 10546     0     0     1 -9999     0
1993 12 17 06   -72  -209 -9999   220    20     0 -9999     0
1993 12 17 09   -41  -150 10508   270    30     0 -9999 -9999
1993 12 17 12  -107  -178 10526     0     0     0 -9999     0
1993 12 17 18  -158  -197 10465     0     0     0 -9999     0
1993 12 17 21  -173  -215 10433     0     0     0 -9999 -9999
1993 12 18 00  -191  -227 10457     0     0     1 -9999     0
1993 12 18 06   -78  -150 -9999   270    40     0 -9999     0
1993 12 18 09   -47  -136 10393 -9999 -9999     0 -9999 -9999
1993 12 18 12   -88  -127 10403   270    20     0 -9999     0
1993 12 18 18  -156  -170 10379     0     0     0 -9999     0
1993 12 18 21  -158  -172 10374     0     0     2 -9999 -9999
1993 12 19 00  -164  -182 10402     0     0     7 -9999     0
1993 12 19 06   -60  -140 10400     0     0     1 -9999     0
1993 12 19 09   -54  -136 10412   250    40     2 -9999 -9999
1993 12 19 12   -90  -129 10456   270    20     0 -9999     0
1993 12 19 18  -159  -177 10468     0     0     0 -9999     0
1993 12 20 00 -9999 -9999 10479    90    40     1 -9999     0
1993 12 20 06   -41  -214 10450    90   110     1 -9999     0
1993 12 20 09   -43  -209 10434    90   100     6 -9999 -9999
1993 12 20 18  -112  -233 10413    90    50     0 -9999     0
1993 12 20 21  -136  -238 10404    90    60     0 -9999 -9999
1993 12 21 00  -142  -241 10391    90    60     0 -9999     0
1993 12 21 06   -55  -234 10360    90   100 -9999 -9999     0
1993 12 21 09   -36  -166 -9999    90    80     0 -9999 -9999
1993 12 21 21 -9999 -9999 10424   270    10     0 -9999 -9999
1993 12 22 00  -176  -210 10453     0     0     1 -9999     0
1993 12 22 06   -80  -199 10427     0     0     7 -9999     0
1993 12 22 09   -60  -181 10426   270    40     7 -9999 -9999
1993 12 22 12   -85  -184 10457     0     0     1 -9999     0
1993 12 22 18  -136  -189 10462     0     0     0 -9999     0
1993 12 22 21   -76  -214 10469     0     0     0 -9999 -9999
1993 12 23 00  -176  -207 10461    90    20     0 -9999     0
1993 12 23 06   -24  -147 10407   180    10     1 -9999     0
1993 12 23 09   -11 -9999 10416   270    10     6 -9999 -9999
1993 12 23 12   -82 -9999 -9999     0     0     1 -9999     0
1993 12 23 18  -114  -180 10420     0     0     1 -9999     0
1993 12 23 21  -156  -193 10426     0     0     0 -9999 -9999
1993 12 24 00  -174  -202 10454     0     0     3 -9999     0
1993 12 24 06   -48  -156 10411   270    10     7 -9999     0
1993 12 24 09   -28  -163 10401   270    20     6 -9999 -9999
1993 12 24 18  -130  -160 10414     0     0     1 -9999     0
1993 12 24 21  -145  -170 10396     0     0     0 -9999 -9999
1993 12 25 00  -124  -148 10381    90    30     1 -9999     0
1993 12 25 06 -9999 -9999 -9999    90    70     0 -9999     0
1993 12 25 09    47  -133 10331    90    60     0 -9999 -9999
1993 12 25 11   -89  -144 10389     0     0     0 -9999     0
1993 12 25 21  -132  -172 10384     0     0     0 -9999 -9999
1993 12 26 00  -154  -190 10408     0     0     0 -9999     0
1993 12 26 06   -26  -139 10385     0     0     1 -9999     0
1993 12 26 09     2  -122 10370   250    20     6 -9999 -9999
1993 12 26 18  -120  -171 10353    90    10     0 -9999     0
1993 12 26 21  -122  -165 10328    90    10     0 -9999 -9999
1993 12 27 00  -146  -177 -9999   110    10     0 -9999     0
1993 12 27 18   -72  -153 10251    90    10     7 -9999     0
1993 12 28 00  -110  -168 10266    90    20     1 -9999     0
1993 12 28 09   -13  -162 10253   250    30     7 -9999 -9999
1993 12 28 18   -96  -148 10303     0     0     7 -9999     0
1993 12 28 21   -78  -140 10326     0     0     8 -9999 -9999
1993 12 29 00   -80  -116 10355   220    20     8 -9999    10
1993 12 29 06   -62   -85 10402     0     0     8 -9999    10
1993 12 29 18  -115  -183 10422    90    60     0 -9999     0
1993 12 29 21  -139  -210 10418    90    50     0 -9999 -9999
1993 12 30 00 -9999 -9999 10435    90    50     0 -9999     0
1993 12 30 09   -47  -114 10366    90    70     2 -9999 -9999
1993 12 30 18  -148  -186 10406     0     0     0 -9999     0
1993 12 30 21  -127  -170 10394     0     0     7 -9999 -9999
1993 12 31 12   -80  -121 10342     0     0     0 -9999     0
1993 12 31 18  -132  -173 10286    90    30     1 -9999     0
