1992 01 24 12   100    56 10216     0     0     8 -9999     0
1992 04 02 18   152   109 -9999   360    20     8 -9999     3
1992 04 07 18    36  -237 10183    90    60     0 -9999     0
1992 04 07 21    30  -285 10160   110    50     0 -9999 -9999
1992 04 08 18    10  -106 10177   200    10     0 -9999     0
1992 04 09 12   124   -73 10172   360    70     7 -9999     0
1992 04 09 18    66   -48 -9999    40    30     8 -9999     0
1992 04 09 21    28   -46 10250   360    60     8 -9999 -9999
1992 04 10 09   131  -125 10234   290    40     0 -9999 -9999
1992 04 10 18    14  -173 10222    70    20     0 -9999     0
1992 04 10 21   -18  -188 10211    90    30     0 -9999 -9999
1992 04 11 21    12   -93 10188     0     0     5 -9999 -9999
1992 04 12 12   177  -125 10177   220    10     1 -9999     0
1992 04 12 18    52   -88 10191     0     0     2 -9999     0
1992 04 12 21     5  -158 10194   110    20     2 -9999 -9999
1992 04 13 09   230 -9999 10168   220    50     0 -9999 -9999
1992 04 13 12   201   -91 10175   220    30     1 -9999     0
1992 04 13 18    53   -77 10186   110    20     0 -9999     0
1992 04 13 21    30  -105 10184     0     0     0 -9999 -9999
1992 04 14 18    45   -69 10180     0     0     0 -9999     0
1992 04 14 21    27  -161 10167   110    20     2 -9999 -9999
1992 04 15 12   225  -142 10099   250    40     1 -9999     0
1992 04 15 18 -9999 -9999 10093     0     0     0 -9999     0
1992 04 15 21    36   -75 10093     0     0     0 -9999 -9999
1992 04 16 12   229   -94 10059   320    40     8 -9999     0
1992 04 16 18   123   -25 10074    70    30     1 -9999     0
1992 04 16 21   116  -133 10069    70    50     0 -9999 -9999
1992 04 17 12   182  -111 10073    90    50     1 -9999     0
1992 04 17 18   110   -89 10080    90    60     6 -9999     0
1992 04 17 21    90  -104 10070    90    60     0 -9999 -9999
1992 04 18 09   252   -96 10002    90    50     0 -9999 -9999
1992 04 18 18   138  -140 10040    90    30     0 -9999     0
1992 04 18 21    80   -50 10076   270    10     6 -9999 -9999
1992 04 19 12   206   -15 10099   290    30     7 -9999     0
1992 04 19 18   113   -60 10111    70    50     0 -9999     0
1992 04 19 21    86   -60 10119    90    60     0 -9999 -9999
1992 04 20 09   218   -67 10106   160    30     1 -9999 -9999
1992 04 20 12   190   -51 10114    90    20     7 -9999     0
1992 04 20 18   120  -239 10126    70    40     2 -9999     0
1992 04 20 21   114  -248 10119    90    50     7 -9999 -9999
1992 04 21 12   163     5 -9999     0     0     2 -9999    -1
1992 04 21 18    58   -56 10154    70    20     0 -9999     0
1992 04 21 21    43   -64 10141    90    20     0 -9999 -9999
1992 04 22 12   197   -83 10109   220    30     1 -9999     0
1992 04 22 18    36   -71 10130     0     0     0 -9999     0
1992 04 22 21    41  -175 10119 -9999 -9999     0 -9999 -9999
1992 04 23 12   199  -137 -9999    90    40     7 -9999 -9999
1992 04 23 18   115  -111 10101    90    40     7 -9999     0
1992 04 23 21   108 -9999 10113    90    30     7 -9999 -9999
1992 04 24 12   224   -89 10131   250    40     2 -9999     0
1992 04 24 18 -9999 -9999 10145     0     0     0 -9999     0
1992 04 24 21    82  -125 10138    90    30     0 -9999 -9999
1992 04 25 18   100   -25 10073     0     0     1 -9999     0
1992 04 25 21    78    19 10074     0     0     1 -9999 -9999
1992 04 26 09   261   -51 10060   270    80     7 -9999 -9999
1992 04 26 12 -9999 -9999 10074    20   270 -9999 -9999     0
1992 04 26 18   139   -63 10078    90    20     0 -9999     0
1992 04 27 18   160  -103 10039     0     0     8 -9999     0
1992 04 27 21   146  -101 10026    90    30     7 -9999 -9999
1992 04 28 09   224   -50 10067 -9999 -9999     0 -9999 -9999
1992 04 28 12   201   -38 10072   320    40     2 -9999     0
1992 04 28 18    99   -13 10079     0     0     1 -9999     0
1992 04 28 21    66   -50 10075 -9999 -9999     0 -9999 -9999
1992 04 29 12 -9999 -9999 10002 -9999 -9999     0 -9999     0
1992 04 29 18   140   -64 10021    70    10     1 -9999     0
1992 04 29 21   106   -78 10043   110    20     1 -9999 -9999
1992 04 30 09 -9999 -9999 -9999   200    20     8 -9999 -9999
1992 04 30 12   224    -4 10094   220    10     7 -9999     0
1992 04 30 18   144   -20 10071    90    30     7 -9999     0
1992 04 30 21   115   -21 10064    90    50     1 -9999 -9999
1992 05 01 18   200   -61  9937    90    60     7 -9999     0
1992 05 02 09   255     5  9952   250    30     7 -9999 -9999
1992 05 02 18   175    20  9972     0     0     8 -9999     0
1992 05 02 21 -9999 -9999  9974     0     0     7 -9999 -9999
1992 05 03 09   246    11 -9999    90    30     7 -9999 -9999
1992 05 03 12   228    -1  9969    90    40     1 -9999     0
1992 05 03 18   150   -23  9996    90    40     1 -9999     0
1992 05 03 21   130   -19 10012    90    70     0 -9999 -9999
1992 05 04 18   138   -52 10090   250    60     8 -9999     0
1992 05 04 21    98   -51 10119   250    70     8 -9999 -9999
1992 05 06 09   209    -9 10131     0     0     7 -9999 -9999
1992 05 06 12   190    51 10126     0     0     7 -9999     0
1992 05 10 09   223   -26 10090   220    10     8 -9999 -9999
1992 05 11 12   234   -25 10064   250    30     1 -9999     0
1992 05 11 18   102    18 10068     0     0     1 -9999     0
1992 05 11 21    75    10 10073     0     0     2 -9999 -9999
1992 05 12 09   200   -12 10113   320    30     8 -9999 -9999
1992 05 12 12    97    84 10209   270    40     8 -9999    20
1992 05 12 18    72    46 10220   270    40     0 -9999    10
1992 05 12 21    46    30 10231   220    10     0 -9999 -9999
1992 05 13 12 -9999 -9999 10183 -9999 -9999     0 -9999     0
1992 05 13 21    40   -26 10166     0     0     0 -9999 -9999
1992 05 14 00    57   -22 10172   110    20     1 -9999     0
1992 05 14 09 -9999 -9999 10131 -9999 -9999     0 -9999 -9999
1992 05 14 12   195    85 -9999     0     0     6 -9999     0
1992 05 14 18   140   -91 10109    90    70     3 -9999     0
1992 05 14 21   113  -111 10117    90    70     1 -9999 -9999
1992 05 15 12   192   -42 10118    90    80     5 -9999     0
1992 05 16 12   148   -25 -9999 -9999 -9999 -9999 -9999     0
1992 05 16 18   110     6 10193    70    10     7 -9999     0
1992 05 18 18   104   -26 10147     0     0     0 -9999     0
1992 05 18 21    64   -54 -9999   110    10     0 -9999 -9999
1992 05 19 18   100   -32 10102     0     0     0 -9999     0
1992 05 20 12   250    34 10040     0     0     0 -9999     0
1992 05 20 18   110   -19 10052     0     0     0 -9999     0
1992 05 20 21    84   -59 10065   110    20     0 -9999 -9999
1992 05 22 12   254   115 10185    80    20     7 -9999     0
1992 05 25 18   190   -90 -9999    50    60     0 -9999     0
1992 05 25 21   163   -14 -9999    90    70     0 -9999 -9999
1992 05 26 12   279   -27  9958    90    70     7 -9999     0
1992 05 28 12 -9999 -9999 10041    90    60     1 -9999     0
1992 05 28 18   195    34 10053    90    40     2 -9999     0
1992 05 30 21   170    56 10045   110    20     8 -9999 -9999
1992 05 31 12   219   110 -9999     0     0     7 -9999     0
1992 06 01 12   212    71 10104   180    10     7 -9999     0
1992 06 02 21   146     0 10058    90    30     0 -9999 -9999
1992 06 03 18   184    26 -9999 -9999 -9999 -9999 -9999     0
1992 06 04 21   136    77 10133   200    20     1 -9999 -9999
1992 06 06 12   270 -9999 -9999   110    20     5 -9999     0
1992 06 07 12   294   -29  9998    90    50     0 -9999     0
1992 06 08 21   216    -1 -9999   180    20     7 -9999 -9999
1992 06 09 12   278    23 10030    20    40     7 -9999     0
1992 06 09 21   225    43 10044   180    10     8 -9999 -9999
1992 06 11 09 -9999 -9999 10010   140    20     8 -9999 -9999
1992 06 11 12   280    34 10021    90    10     8 -9999     0
1992 06 11 18   226    -3 10008    90    30     7 -9999     0
1992 06 11 21   192    17 -9999   110    30     7 -9999 -9999
1992 06 13 21   196    55  9986    70    20     1 -9999 -9999
1992 06 17 18   236    43  9965 -9999 -9999     8 -9999     0
1992 06 19 21 -9999 -9999 10159   220    20     0 -9999 -9999
1992 06 21 21   118    69  9990     0     0     2 -9999 -9999
1992 06 24 12   273    46 -9999   140    30     6 -9999     0
1992 06 24 18   200    31 10010    90    40     2 -9999     0
1992 06 26 21   177    35 10014    90    30     2 -9999 -9999
1992 06 27 21   161 -9999 10009   110    20     0 -9999 -9999
1992 06 29 12   316    22  9958    90    40     7 -9999     0
1992 06 29 18   237    13  9959    40    40     1 -9999     0
1992 07 01 12 -9999 -9999  9526    90    40     7 -9999     0
1992 07 03 18   259    93  9911    70    60     6 -9999     0
1992 07 03 21   247   -77  9914    40    50     7 -9999 -9999
1992 07 04 18 -9999 -9999 10023   250    40     8 -9999     0
1992 07 05 12   170   149 10109     0     0     8 -9999    30
1992 07 06 18   152   142 10127     0     0     8 -9999 -9999
1992 07 07 12   232    85 10088   360    20     2 -9999     0
1992 07 07 18   139   125 10094    90    20     1 -9999    10
1992 07 08 21   157   104 10066     0     0     7 -9999 -9999
1992 07 09 18   218    46 -9999    70    30     0 -9999     0
1992 07 09 21 -9999 -9999 10021    90    30     2 -9999 -9999
1992 07 10 12 -9999 -9999  9987 -9999 -9999 -9999 -9999     0
1992 07 10 18 -9999 -9999  9993    90    30     8 -9999     0
1992 07 10 20   222    53  9991    90    40     7 -9999 -9999
1992 07 13 09 -9999 -9999 10114 -9999 -9999 -9999 -9999 -9999
1992 07 13 18   159   119 10128    70    50     8 -9999     0
1992 07 13 21   143   115 -9999    20    20     2 -9999 -9999
1992 07 15 12   277   164 10060     0     0     1 -9999     0
1992 07 19 12   253 -9999  9985   180    30     1 -9999     5
1992 07 20 12 -9999 -9999 -9999     0     0     1 -9999     0
1992 07 21 21   195    35  9960    90    30     7 -9999 -9999
1992 07 22 21   136    54 10028     0 -9999     0 -9999 -9999
1992 07 23 21   188   132 10012     0     0     7 -9999 -9999
1992 07 25 18   194    39 10018     0     0     0 -9999     0
1992 07 26 03   181   155 10189   300    20     5 -9999 -9999
1992 07 26 12   301    25  9964    90    30     7 -9999     0
1992 07 26 21 -9999 -9999  9980 -9999 -9999     8 -9999 -9999
1992 07 27 18   176   123 10050    90    10     7 -9999    -1
1992 07 27 21   135   116 10062     0     0     0 -9999 -9999
1992 07 28 18   164   100 -9999   110    10     0 -9999     0
1992 07 29 18   243    57  9968    90    50     0 -9999     0
1992 07 29 21   210    64  9967   110    30     0 -9999 -9999
1992 07 31 12   257    80 10001   340    90     7 -9999     0
1992 07 31 18   195   128 10050   270    20     8 -9999    -1
1992 07 31 21   158   148 10067 -9999 -9999     8 -9999 -9999
1992 08 01 12   252   101 10047   180    20     1 -9999     0
1992 08 03 21   146    12 10057    90    30     0 -9999 -9999
1992 08 04 18   216    22 10047   140    20     0 -9999     0
1992 08 04 21   152    54 10067    90    20     0 -9999 -9999
1992 08 05 12   285   165 10008     0     0     1 -9999     0
1992 08 05 18   232     9 10002    90    30     0 -9999     0
1992 08 05 21   205    -2 10002   110    30     0 -9999 -9999
1992 08 06 18   273    31  9920    40    40     7 -9999     0
1992 08 06 21   251    42  9959   110    40     7 -9999 -9999
1992 08 07 12   291    89  9958    50    20     1 -9999     0
1992 08 08 12   311    91  9966    90    20     7 -9999     0
1992 08 10 18   197    92 -9999    90    20     8 -9999     0
1992 08 10 21   198    91 10073    90    20     8 -9999 -9999
1992 08 11 12   214 -9999 -9999   270    20     8 -9999     0
1992 08 13 18   192    43 10073    90    20     0 -9999     0
1992 08 15 12   291    43 10022    90    50     6 -9999     0
1992 08 15 18   220 -9999 10030    90    30     4 -9999     0
1992 08 15 21   207    78 10029    20    50     2 -9999 -9999
1992 08 16 18   201    70 -9999    90    20     0 -9999     0
1992 08 16 21   170    46 10012    90    30     0 -9999 -9999
1992 08 17 18   163    54  9999     0     0     6 -9999     0
1992 08 17 21   184    14  9984   110    20     7 -9999 -9999
1992 08 18 18   182   113 10034     0     0     8 -9999     0
1992 08 19 21    76    42 -9999     0     0     0 -9999 -9999
1992 08 20 12   234    84 10079   220    20     0 -9999     0
1992 08 20 18   135    43 10091    90    20     0 -9999     0
1992 08 20 21   103    27 10096    90    20     0 -9999 -9999
1992 08 21 18   146    35 10270    90    20     1 -9999 -9999
1992 08 22 12   251 -9999 -9999   270    20     1 -9999     0
1992 08 22 18   122    58 10073    90    20     0 -9999     0
1992 08 23 12   248   102 10062   220    10     1 -9999     0
1992 08 23 18   144    85 10063     0     0     1 -9999     0
1992 08 23 21   117    52 10063     0     0     1 -9999 -9999
1992 08 24 09   272   216 10098    70    40     6 -9999 -9999
1992 08 24 12   234   145 10040   360    30     7 -9999     0
1992 08 24 18   179   117 -9999     0     0     1 -9999    -1
1992 08 24 21   202    78 10061   360    50     8 -9999 -9999
1992 08 25 12   251   104 10036 -9999 -9999     5 -9999     0
1992 08 25 18   144    58 10046     0     0     0 -9999     0
1992 08 26 00   168    14 10049    90    30     2 -9999 -9999
1992 08 26 21   156    44 10000   110    20     0 -9999 -9999
1992 08 27 12 -9999 -9999 10023   100   270     3 -9999     0
1992 08 27 21   182    65 10026    70    30     0 -9999 -9999
1992 08 28 18   148    70 10040     0     0     0 -9999     0
1992 08 29 21   120    78 10097     0     0     0 -9999 -9999
1992 08 30 18   148     0 -9999     0     0     0 -9999     0
1992 08 30 21   128    18 10061    90    10     0 -9999 -9999
1992 09 01 21   142    47 10159   250    30     7 -9999 -9999
1992 09 03 12   242    -3 10065   320    30     7 -9999     0
1992 09 03 21   154    51 -9999    90    30     7 -9999 -9999
1992 09 05 12   164    34 10169     0     0     0 -9999     0
1992 09 05 18   108   -85 10162   110    40     0 -9999     0
1992 09 05 21    82  -108 10160    90    40     0 -9999 -9999
1992 09 06 12   205 -9999 10120     0     0     1 -9999     0
1992 09 06 18   140   -81 10114    90    20 -9999 -9999     0
1992 09 06 21   138   -61 10107    90    20     7 -9999 -9999
1992 09 07 12   200    83 -9999     0     0     1 -9999     0
1992 09 07 18   147   -42 10085    90    20     0 -9999     0
1992 09 07 21   126   -83 10088    90    30     0 -9999 -9999
1992 09 09 09   287    43  9965    90    80     7 -9999 -9999
1992 09 09 18   238   -14  9956    70    60     7 -9999     0
1992 09 09 21   226     9  9965    90    40     7 -9999 -9999
1992 09 10 18   157   108 10109   270    10     8 -9999    -1
1992 09 11 18    51    28 10185     0     0     0 -9999     0
1992 09 11 21    35     0 -9999     0     0     0 -9999 -9999
1992 09 12 00    34    10 10183     0     0     1 -9999     0
1992 09 13 00    94    -9 -9999    90    30     1 -9999     0
1992 09 13 21    58    29 10183     0     0     1 -9999 -9999
1992 09 14 06 -9999 -9999 10102    20    20     7 -9999     0
1992 09 14 09   220    19 10160   270    10     1 -9999 -9999
1992 09 14 21    78   -81 10814    90    20     0 -9999 -9999
1992 09 15 21    72   -34 10151     0     0     1 -9999 -9999
1992 09 16 21    84   -30 10131   110    20     0 -9999 -9999
1992 09 17 18   152   -44 10079    70    40     7 -9999     0
1992 09 18 18   134   -43 10100   110    20     0 -9999     0
1992 09 18 21   113   -51 10108    90    10     0 -9999 -9999
1992 09 19 21    80    -3 10132     0     0     0 -9999 -9999
1992 09 20 09   279    32 10074   110    20     7 -9999 -9999
1992 09 20 18 -9999 -9999 10084   110    10     6 -9999     0
1992 09 22 12   249   178 10110    20    50     8 -9999     0
1992 09 23 09   211    21 10171     0     0     7 -9999 -9999
1992 09 23 12   168    10 -9999    90    30     1 -9999     0
1992 09 24 18    90    10 10168     0     0     0 -9999     0
1992 09 24 21    71   -13 10166    90    20     0 -9999 -9999
1992 09 26 00    50     9 10192 -9999 -9999 -9999 -9999     0
1992 09 26 12   200     2 10140   220    20     1 -9999     0
1992 09 26 21   113    13 10188    40    10     2 -9999 -9999
1992 09 27 00    89     8 10229 -9999 -9999     2 -9999     0
1992 09 27 18    65   -28 10195     0     0     0 -9999     0
1992 09 27 21 -9999   -64 10185   110    20     0 -9999 -9999
1992 09 28 00    71  -180 10191    90    30     0 -9999 -9999
1992 09 28 12   164 -9999 -9999   200    10     0 -9999     0
1992 09 28 18    84    16 10097     0     0     0 -9999 -9999
1992 09 28 21    52     7 10091     0     0     0 -9999 -9999
1992 09 29 00    43   -38 10127   110    20     1 -9999     0
1992 09 29 18    89   -35 10031    90    20     0 -9999     0
1992 09 30 18    94     1 10142     0     0     7 -9999     0
1992 09 30 21    82    27 10165     0     0     7 -9999 -9999
1992 10 01 18    64    35 10275   360    30     8 -9999     3
1992 10 02 00    42    23 10313     0     0     8 -9999    50
1992 10 02 12    71    38 10295     0     0     1 -9999     0
1992 10 02 18    41   -22 -9999    90    10     1 -9999     0
1992 10 02 21    35   -36 10326    40    20     4 -9999 -9999
1992 10 03 00    20 -9999 10350    90    30     1 -9999     0
1992 10 04 18   129     4 10263     0     0     3 -9999     0
1992 10 05 18    15   -23 10206     0     0     0 -9999     0
1992 10 05 21     8   -54 10191     0     0     0 -9999 -9999
1992 10 06 00    -7   -67 10223    90    10     0 -9999     0
1992 10 06 12   102    20 10177     0     0     1 -9999     0
1992 10 06 18    22   -30 10167     0     0     0 -9999     0
1992 10 07 00    17  -104 10197   110    10     0 -9999     0
1992 10 07 09   180 -9999 -9999     0     0     1 -9999 -9999
1992 10 07 12   111    22 10189     0     0     1 -9999     0
1992 10 07 18    21   -34 10191     0     0     0 -9999     0
1992 10 07 21    16   -74 10183   110    10     0 -9999 -9999
1992 10 09 18    74   -74 10177   110    40     0 -9999     0
1992 10 09 21    67  -103 10166    90    40     7 -9999 -9999
1992 10 10 00 -9999 -9999 -9999    90    40     6 -9999     0
1992 10 10 18    58   -21 -9999     0     0     1 -9999     0
1992 10 12 18    79   -66 10226    90    30     7 -9999     0
1992 10 12 21    73   -60 10223    90    40     7 -9999 -9999
1992 10 13 12   134     8 -9999     0     0     3 -9999     0
1992 10 14 09   216   -18 10175   270    10     7 -9999 -9999
1992 10 14 18    91   -60 10166    90    50     0 -9999     0
1992 10 14 21    80   -76 10157    90    50     0 -9999 -9999
1992 10 15 21    74   -62 10175    90    30     0 -9999 -9999
1992 10 16 12   100   -10 10188     0     0     1 -9999 -9999
1992 10 16 21    43  -116 10165    90    40     0 -9999 -9999
1992 10 17 18    97  -100 10160    90    60     7 -9999     0
1992 10 18 00    49  -115 10192 -9999 -9999     2 -9999     0
1992 10 18 09   162  -100 10165    90   110     7 -9999 -9999
1992 10 18 18    72   -88 10211    90    30     2 -9999     0
1992 10 20 12    43  -166 10379   290    20     0 -9999     0
1992 10 20 18   -52 -9999 -9999     0     0     0 -9999     0
1992 10 20 21   -70  -157 10345     0     0     2 -9999 -9999
1992 10 21 09   116  -111 10289   270    30     0 -9999 -9999
1992 10 21 18     8 -9999 -9999    90    30     0 -9999     0
1992 10 22 12    27   -62 10316     0     0     0 -9999     0
1992 10 22 18     1  -225 10304    70    50     0 -9999     0
1992 10 22 21   -10  -208 10298    90    50     0 -9999 -9999
1992 10 23 18   -31  -155 10294    90    10     0 -9999     0
1992 10 23 21   -43  -140 10279    90    20     0 -9999 -9999
1992 10 24 09 -9999   -62 10236     0     0     2 -9999 -9999
1992 10 24 12     9   -54 10264   180    10     8 -9999     0
1992 10 24 21   -31  -119 10224     0     0     0 -9999 -9999
1992 10 25 12    48   -57 10242     0     0     0 -9999     0
1992 10 25 18   -19   -96 10222     0     0     0 -9999 -9999
1992 10 25 21   -24 -9999 10220    90    20     0 -9999 -9999
1992 10 27 18     4   -84 10290     0     0     0 -9999     0
1992 10 27 21 -9999 -9999 10306     0     0     0 -9999 -9999
1992 10 28 21    -4  -121 10264    90    20     0 -9999 -9999
1992 10 29 09 -9999 -9999 10260   250    60     5 -9999 -9999
1992 10 29 18   -13   -88 10285     0     0     0 -9999     0
1992 10 31 21     3   -94 10207     0     0     0 -9999 -9999
1992 11 01 09    92 -9999 10301   220    50     7 -9999 -9999
1992 11 02 15    29  -106 10306    90    30     0 -9999     0
1992 11 02 21   -29  -111 -9999    90    20     0 -9999 -9999
1992 11 03 18   -35  -105 10240     0     0     0 -9999     0
1992 11 03 21   -57  -141 10235    90    20     0 -9999 -9999
1992 11 05 18   -19 -9999 -9999     0     0     8 -9999     0
1992 11 05 21   -13  -127 10295    70    20     8 -9999 -9999
1992 11 06 21   -82  -101 10474     0     0     8 -9999 -9999
1992 11 07 18 -9999 -9999 10513 -9999 -9999     0 -9999     0
1992 11 08 00   -85  -164 10509    90    40     0 -9999     0
1992 11 08 21   -76  -155 10429 -9999 -9999     0 -9999 -9999
1992 11 09 09    22  -148 10436   250    30     0 -9999 -9999
1992 11 09 18   -99  -153 10464     0     0     0 -9999     0
1992 11 09 21  -118  -150 10440     0     0     0 -9999 -9999
1992 11 11 00   -66  -112 10392     0     0     7 -9999     0
1992 11 11 09    50  -109 -9999   220    20     0 -9999 -9999
1992 11 11 18   -70  -123 10348    90    20     1 -9999 -9999
1992 11 12 00   -82  -109 10355   140    10     1 -9999     0
1992 11 12 09    54  -117 10332   250    50     7 -9999 -9999
1992 11 12 18   -57   -79 10322     0     0     0 -9999     0
1992 11 12 21   -55  -102 10293     0     0     7 -9999 -9999
1992 11 15 18   -26   -65 10272     0     0     7 -9999     0
1992 11 16 12    25   -56 10207     0     0     1 -9999     0
1992 11 16 18   -15   -89 10133    70    20     0 -9999     0
1992 11 16 21   -35   -91 10123     0     0     6 -9999 -9999
1992 11 17 21 -9999 -9999 -9999 -9999 -9999     7 -9999 -9999
1992 11 19 18  -102  -159 10374    90    50     0 -9999     0
1992 11 19 21   -92  -167 10332    70    50     0 -9999 -9999
1992 11 21 18  -131  -152 10372    90    30     0 -9999     0
1992 11 23 18  -120  -140 10412     0     0     0 -9999     0
1992 11 23 21  -134  -155 10410     0     0     0 -9999 -9999
1992 11 24 00  -134  -161 10434    90    20     0 -9999     0
1992 11 24 18 -9999 -9999 -9999    40    30     0 -9999     0
1992 11 24 21  -110  -135 10388    90    10     0 -9999 -9999
1992 11 25 18   -81  -113 10321    90    10     0 -9999     0
1992 11 25 21   -94  -119 10320     0     0     0 -9999 -9999
1992 11 26 09    19   -82 10339   270    20     1 -9999 -9999
1992 11 26 12   -45   -69 10372     0     0     0 -9999     0
1992 11 26 18  -100  -127 10349    90    20     0 -9999     0
1992 11 26 21  -122  -140 10335    90    10     0 -9999 -9999
1992 11 27 00  -130  -148 10346    90    10     0 -9999     0
1992 11 27 07   -40 -9999 10303     0     0     0 -9999     0
1992 11 27 09    49   -80 10274    90    10     0 -9999 -9999
1992 11 27 18   -17  -123 10262    90    30     0 -9999     0
1992 11 27 21   -85  -138 10251    90    30     0 -9999 -9999
1992 11 28 00   -58  -148 -9999    90    30     0 -9999     0
1992 11 28 06 -9999 -9999 10255   220    20     0 -9999     0
1992 11 28 09    33   -81 10285   250    40     0 -9999 -9999
1992 11 28 12   -10 -9999 10306   250    20     0 -9999     0
1992 11 28 18   -91  -116 10300   110    20     0 -9999     0
1992 11 28 21  -112  -127 10318     0     0     0 -9999 -9999
1992 11 29 12   -43   -74 10400     0     0     0 -9999     0
1992 11 29 18   -94  -124 10388    90    10     0 -9999     0
1992 11 29 21  -101  -116 10397    90    20     0 -9999 -9999
1992 11 30 00  -115  -131 10432    90    10     0 -9999     0
1992 12 01 00  -126  -145 10391    90    20     0 -9999     0
1992 12 01 09    58   -73 10299    90    30     0 -9999 -9999
1992 12 01 12    13   -83 10321    90    40     0 -9999     0
1992 12 01 18   -60  -100 10322   250    30     0 -9999     0
1992 12 01 21   -92  -112 10338     0     0     0 -9999 -9999
1992 12 02 00  -119  -128 10369     0     0     0 -9999     0
1992 12 02 18   -84   -84 10304    90    20     0 -9999     0
1992 12 02 21   -80  -116 10289    90    30     0 -9999 -9999
1992 12 03 05    47   -98 10253     0     0     0 -9999 -9999
1992 12 03 12   -36   -85 10280     0     0     0 -9999     0
1992 12 03 18   -40  -118 10244    90    30     0 -9999     0
1992 12 03 21   -75  -119 10265     0     0     0 -9999 -9999
1992 12 04 00   -99  -125 10334   220    20     0 -9999     0
1992 12 04 06   -33  -107 10329   270    20     2 -9999     0
1992 12 04 09    -1   -96 10328   250    30     2 -9999 -9999
1992 12 04 12   -57   -91 10361     0     0     1 -9999     0
1992 12 04 18  -116  -136 10360    90    20     0 -9999     0
1992 12 04 21  -126  -165 10353    90    20     0 -9999 -9999
1992 12 05 00  -135  -155 10382    90    30     0 -9999     0
1992 12 05 06   -10  -106 10363     0     0     0 -9999     0
1992 12 05 09     7  -107 10342   270    20     0 -9999 -9999
1992 12 05 12   -58   -84 10366     0     0     6 -9999     0
1992 12 06 06   -14 -9999 10332   270    20     7 -9999     0
1992 12 06 18  -118  -140 10323     0     0     0 -9999     0
1992 12 06 21  -134  -157 10315    90    20     0 -9999 -9999
1992 12 07 00  -115  -135 10331    90    10     7 -9999     0
1992 12 07 09   -18  -118 10373   250    40     8 -9999 -9999
1992 12 07 12   -31   -55 10399   250    70     8 -9999     0
1992 12 07 21  -104  -113 10384     0     0     2 -9999 -9999
1992 12 08 00  -115  -125 10384     0     0     1 -9999     0
1992 12 08 06     3   -99 10312   270    20     3 -9999     0
1992 12 08 12   -28  -109 10305   270    20     2 -9999     0
1992 12 09 12   -58  -106 10363     0     0     0 -9999     0
1992 12 09 21   -75  -135 10309    90    40     0 -9999 -9999
1992 12 10 09    43  -123 10280   250    10     0 -9999 -9999
1992 12 10 12   -38  -150 -9999     0     0     2 -9999     0
1992 12 10 21  -132  -158 10278    90    20     1 -9999 -9999
1992 12 11 00  -146 -9999 10303   110    20     1 -9999     0
1992 12 11 09    33  -126 10247     0     0     1 -9999 -9999
1992 12 11 18   -85  -138 10213    90    40     0 -9999     0
1992 12 11 21   -56  -132 10182    90    50     7 -9999 -9999
1992 12 12 00   -54  -147 10210    90    60     7 -9999     0
1992 12 12 09    48  -135 10212    90    60     7 -9999 -9999
1992 12 12 18   -66  -117 -9999     0     0     8 -9999     0
1992 12 12 21   -71  -119 10326     0     0     8 -9999 -9999
1992 12 13 00   -64  -114 10359     0     0     8 -9999     0
1992 12 13 09    20  -104 10351     0     0     7 -9999 -9999
1992 12 13 12   -43   -99 10388     0     0     2 -9999     0
1992 12 13 18   -58  -121 10361    90    50     1 -9999     0
1992 12 13 21   -81  -144 10349    90    40     0 -9999 -9999
1992 12 14 00   -83  -153 10371    90    50     1 -9999     0
1992 12 14 09    28  -100 10333     0     0     2 -9999 -9999
1992 12 14 21   -61  -136 10290   110    20     7 -9999 -9999
1992 12 15 09   -21 -9999 10299     0     0     2 -9999 -9999
1992 12 15 18   -94  -140 10289   110    20     6 -9999     0
1992 12 15 21   -77  -122 10275     0     0     8 -9999 -9999
1992 12 16 00   -71  -120 10302     0     0     8 -9999     0
1992 12 16 09    -9  -109 10295   250    10     7 -9999 -9999
1992 12 16 12   -40  -108 10312     0     0     7 -9999     0
1992 12 16 21  -109  -134 10310     0     0     0 -9999 -9999
1992 12 17 00  -166 -9999 10332     0     0     7 -9999     0
1992 12 17 09     5  -110 10325   270    30     1 -9999 -9999
1992 12 17 12   -61  -105 10369   220    10     0 -9999     0
1992 12 17 18  -108  -142 10363     0     0     0 -9999     0
1992 12 18 09    43  -116 10240   220    20     1 -9999 -9999
1992 12 18 12   -36  -113 10253   320    20     1 -9999     0
1992 12 18 18   -76  -111 10219     0     0     0 -9999     0
1992 12 18 21  -104  -126 10208     0     0     0 -9999 -9999
1992 12 19 00  -112  -129 10232     0     0     7 -9999     0
1992 12 19 06   -50   -63 10286   270    40     8 -9999    20
1992 12 19 09   -56  -133 10328   270    60     7 -9999 -9999
1992 12 19 12   -76  -154 10366   250    40     2 -9999     1
1992 12 19 18  -176  -201 10423     0     0     1 -9999     0
1992 12 19 21  -208  -233 10459   110    10     0 -9999 -9999
1992 12 20 00  -223  -249 10470    90    20     0 -9999     0
1992 12 20 06   -85  -156 10426     0     0     0 -9999     0
1992 12 20 09   -43  -174 10404     0     0     1 -9999 -9999
1992 12 20 12  -124  -176 10429     0     0     0 -9999     0
1992 12 21 00  -197  -220 10385     0     0     0 -9999     0
1992 12 21 09   -16  -171 10369   270    50     1 -9999 -9999
1992 12 21 12   -50  -183 10426   270    50     0 -9999     0
1992 12 21 18  -180 -9999 10445    70    40     0 -9999     0
1992 12 21 21  -134  -191 10482    90    30     0 -9999 -9999
1992 12 22 06   -84  -191 10503    90    90     0 -9999     0
1992 12 22 12  -114  -200 10501    90    90     0 -9999     0
1992 12 22 18  -150  -218 10458    90    80     0 -9999     0
1992 12 23 00  -156  -222 10417    90    60     0 -9999     0
1992 12 24 06 -9999 -9999 -9999     0     0     7 -9999     0
1992 12 24 09    -5  -122 10241     0     0     2 -9999 -9999
1992 12 24 12   -62  -126 10254     0     0     0 -9999     0
1992 12 24 18   -70  -156 10224    90    40     0 -9999     0
1992 12 25 06   -43  -199 10343   270    50     8 -9999     0
1992 12 25 09   -33  -182 10361   270    30     7 -9999 -9999
1992 12 25 12   -41  -105 10379     0     0     8 -9999     0
1992 12 25 18   -70  -133 10372     0     0     7 -9999     0
1992 12 25 21   -80  -107 10367     0     0     8 -9999 -9999
1992 12 26 00   -70   -87 10367     0     0     8 -9999     1
1992 12 26 01   -23   -87 10338     0     0     1 -9999     0
1992 12 26 09    -8  -102 10318     0     0     1 -9999 -9999
1992 12 26 12   -63  -113 10325     0     0     2 -9999     0
1992 12 26 18   -83  -120 10291    90    10     1 -9999     0
1992 12 27 00   -96  -137 10271    90    30     1 -9999     0
1992 12 27 06   -12  -119 10271   250    30     2 -9999     0
1992 12 27 09   -21  -118 10286   270    30     7 -9999 -9999
1992 12 27 12   -66  -107 10324   320    20     1 -9999     0
1992 12 27 18   -69   -82 10311   270    20     8 -9999     0
1992 12 28 21  -130  -154 10333    90    30     0 -9999 -9999
1992 12 29 00  -130  -151 10324    90    30     0 -9999     0
1992 12 29 09    23   -80 10250    90    50     0 -9999 -9999
1992 12 29 12   -23  -105 10259    90    80     0 -9999     0
1992 12 29 18   -44  -104 10216    90    90     0 -9999     0
1992 12 29 21   -72  -111 10229    90    80     0 -9999 -9999
1992 12 30 00 -9999 -9999 10266    90    50     0 -9999     0
1992 12 30 06   -54  -120 10339 -9999 -9999     7 -9999     0
1992 12 30 09   -27  -103 10352   250    30     7 -9999 -9999
1992 12 30 12   -47   -95 10371     0     0     6 -9999     0
1992 12 30 18  -115  -132 10379     0     0     0 -9999     0
1992 12 30 21  -138  -154 10375     0     0     0 -9999 -9999
1992 12 31 00  -143  -160 10376    90    20     0 -9999     0
1992 12 31 09    32  -129 -9999    70    30     1 -9999 -9999
1992 12 31 12   -45  -124 10268    90    10     0 -9999     0
1992 12 31 18   -62  -102 10205    90    60     2 -9999     0
1992 12 31 21   -44  -135 10176   290    50 -9999 -9999 -9999
