1960 03 01 12    39  -161 10222    70    51     1 -9999 -9999
1960 03 03 06   150  -150 10117    90    31     3 -9999 -9999
1960 03 03 12   100  -128 10105   220    31     7 -9999 -9999
1960 03 05 12   111  -128 10119    90    41     1 -9999 -9999
1960 03 06 12   122  -128 10118   270    98     8 -9999 -9999
1960 03 07 12   100   -61 10130   250    21     1 -9999 -9999
1960 03 09 12   128 -9999 -9999   270    10     8 -9999 -9999
1960 03 10 12    78  -139 10157    90    51     1 -9999 -9999
1960 03 11 12    61  -200 10177    90   159     8 -9999 -9999
1960 03 14 09   178  -122 10022    90    51     8 -9999 -9999
1960 03 14 12   139   -72 10003    90    10     8 -9999 -9999
1960 03 17 12    61  -122 10150   150    82     8 -9999 -9999
1960 03 18 12    61  -128 -9999   270    51     8 -9999 -9999
1960 03 19 12    89  -139 10190     0     0 -9999 -9999 -9999
1960 03 20 12   100  -200 10085    90    98     8 -9999 -9999
1960 03 21 12    61   -72 10175     0     0     8 -9999 -9999
1960 03 22 12   100  -189 10037    90   159     8 -9999 -9999
1960 03 23 12    22   -39 10238   360    51     8 -9999 -9999
1960 03 24 12    61  -128 10258   200    62     8 -9999 -9999
1960 03 25 00    61  -139 -9999     0     0     8 -9999 -9999
1960 03 27 12   150  -122 -9999    90    82     8 -9999 -9999
1960 05 01 12   278  -228  9956   270    72     3 -9999 -9999
1960 05 02 12   222     0 10002   360    82     8 -9999 -9999
1960 05 03 12   139   -22 10101    90    82 -9999 -9999 -9999
1960 05 05 12   172  -189 -9999    90    82     8 -9999 -9999
1960 05 06 12   189 -9999 10094    70    98     8 -9999 -9999
1960 05 08 12   211   -39 10154   250    51     0 -9999 -9999
1960 05 10 12   189   -50 10112   340    82     5 -9999 -9999
1960 05 12 12   128    11 10088   220    51     8 -9999     6
1960 05 14 12   222   -50 10090   250    62     7 -9999 -9999
1960 05 15 12 -9999 -9999  9981   360    82     7 -9999 -9999
1960 05 16 12   189     0 10106    90    31     6 -9999 -9999
1960 05 18 12   211   -39 10133    90    51     1 -9999 -9999
1960 05 20 12   278 -9999 -9999    90    98     0 -9999 -9999
1960 05 22 12 -9999 -9999  9959    90    21     2 -9999 -9999
1960 05 23 12   289   -28  9989   110    31     8 -9999 -9999
1960 05 24 12   228   -22 10113   250    82     8 -9999 -9999
1960 05 25 12   250   -28 10105   270    31     0 -9999 -9999
1960 05 26 12   239   -39 10005    90    21     9 -9999 -9999
1960 05 27 12   239     0 10002    70    41     8 -9999 -9999
1960 05 29 12   228     0 10018   200    21     8 -9999 -9999
1960 05 31 12   261    28 -9999   220    21 -9999 -9999 -9999
1960 08 02 12   222   100 -9999    90    21     1 -9999 -9999
1960 08 03 12 -9999 -9999 -9999    90    72     6 -9999 -9999
1960 08 04 00   272    89  9933    40    62     7 -9999 -9999
1960 08 04 12   322   122  9840    90    51     7 -9999 -9999
1960 08 06 12   239   111 10078   220    41     8 -9999 -9999
1960 08 07 12   272   111 10069     0     0     1 -9999 -9999
1960 08 08 12   289   100 10039    90    72     8 -9999 -9999
1960 08 11 12   300    61  9990    90    82     6 -9999 -9999
1960 08 12 12   278   111 10024   270    41 -9999 -9999 -9999
1960 08 13 12   278   100 10041   180    21 -9999 -9999 -9999
1960 08 14 12   300   122 10010   250    21     1 -9999 -9999
1960 08 15 12   311   150  9945     0     0     1 -9999 -9999
1960 08 16 12 -9999 -9999  9990   220    21     7 -9999 -9999
1960 08 17 12 -9999 -9999  9986     0     0     1 -9999 -9999
1960 08 18 12   261    61 10056   270    41     3 -9999 -9999
1960 08 19 18   178    22 10062    90    41     0 -9999 -9999
1960 08 22 12   261    78 10045     0     0     1 -9999 -9999
1960 08 24 12 -9999 -9999  9990   220    21     2 -9999 -9999
1960 08 25 12   289    39 -9999   340    31     1 -9999 -9999
1960 08 26 12   289    39  9980    20    62     1 -9999 -9999
