1961 01 01 12   -89  -178 10330     0     0     1 -9999 -9999
1961 01 02 12   -89  -250 10390     0     0     1 -9999 -9999
1961 01 04 12   -78 -9999 10432     0     0     8 -9999 -9999
1961 01 05 12 -9999 -9999 10497   270    21     0 -9999 -9999
1961 01 07 12  -122  -261 10340     0     0     2 -9999 -9999
1961 01 08 12  -100  -300 10327   270    31     7 -9999 -9999
1961 01 09 12   -89  -122 -9999   240    10     8 -9999 -9999
1961 01 11 12  -139  -228 -9999     0     0     0 -9999 -9999
1961 01 13 12   -89  -239 10453   270 -9999     1 -9999 -9999
1961 01 14 12   -72  -228 10497   250    51     7 -9999 -9999
1961 01 15 12   -72  -228 10443    90    72     0 -9999 -9999
1961 01 16 12  -100  -289 10476     0     0     1 -9999 -9999
1961 01 17 12   -89 -9999 10429     0     0     1 -9999 -9999
1961 01 19 12   -61  -239 10367     0     0     2 -9999 -9999
1961 01 21 12   -39  -222 10350     0     0     2 -9999 -9999
1961 01 22 12     0  -139 10343   250    62     8 -9999 -9999
1961 01 23 12   -50  -211 10348     0     0     1 -9999 -9999
1961 01 24 12     0  -161 10229    90    98     7 -9999 -9999
1961 01 25 12   -28  -189 10282     0     0     8 -9999 -9999
1961 01 26 12   -28  -189 -9999 -9999 -9999     8 -9999 -9999
1961 01 27 12 -9999 -9999 10288     0     0     1 -9999 -9999
1961 01 29 12   -28  -122 10390    70 -9999     1 -9999 -9999
1961 01 30 12   -72  -122 10396    90   139     1 -9999 -9999
1961 02 01 12   -39  -189 10374    90    31 -9999 -9999 -9999
1961 02 03 12   -61  -128 10304 -9999 -9999     7 -9999 -9999
1961 02 04 12   -28  -189 10233    90    21     1 -9999 -9999
1961 02 06 12   -22  -172 10310    90    62     1 -9999 -9999
1961 02 08 12 -9999 -9999 10293    90    31     8 -9999 -9999
1961 02 10 12 -9999 -9999 -9999   290    21     8 -9999 -9999
1961 02 11 12   -50   -89 10373   250    31     0 -9999 -9999
1961 02 14 12 -9999 -9999 -9999   270    21     0 -9999 -9999
1961 02 15 12   -11  -172 10308 -9999 -9999 -9999 -9999 -9999
1961 02 17 12    11  -200 10241 -9999 -9999     1 -9999 -9999
1961 02 18 12   -22  -161 10286   270    10     6 -9999 -9999
1961 02 20 12    22  -161 -9999     0     0     8 -9999 -9999
1961 02 21 12    39  -161 -9999   260    10     5 -9999 -9999
1961 02 25 12    61 -9999 -9999   250    10     3 -9999 -9999
1961 02 27 12    61 -9999 10188   250    10     1 -9999 -9999
1961 02 28 12    22  -161 10180   270    41     8 -9999 -9999
1961 09 01 12   272    11 10038   360    51     7 -9999 -9999
1961 09 02 03   228    72 10065   290    10     1 -9999 -9999
1961 09 02 12   272   100 10022     0     0     0 -9999 -9999
1961 09 03 12   272    78  9976   110    10     0 -9999 -9999
1961 09 04 12   200     0  9977    90    98     7 -9999 -9999
1961 09 05 12   211    89 10110     0     0     7 -9999 -9999
1961 09 06 12   228    39 10150    90    10     0 -9999 -9999
1961 09 07 12   211     0 10121   250    21     0 -9999 -9999
1961 09 08 12 -9999 -9999 10070 -9999    21     0 -9999 -9999
1961 09 09 12   239     0 10050    40    72     7 -9999 -9999
1961 09 09 21   128   -22 10100    90    21     0 -9999 -9999
1961 09 10 12   222   -78 10136   320    41     7 -9999 -9999
1961 09 11 12   211     0 10125   250    10     1 -9999 -9999
1961 09 12 12   228   -28 10127    90    72     1 -9999 -9999
1961 09 14 12   211    61 10116     0     0     1 -9999 -9999
1961 09 15 12   222    22 10069     0     0     3 -9999 -9999
1961 09 17 12   222    39 10096   200    10     7 -9999 -9999
1961 09 18 03   211   -39 10041    90    72     1 -9999 -9999
1961 09 19 12   178    22 10117   270    31     8 -9999     6
1961 09 20 03   161    22 10165    70    21     1 -9999 -9999
1961 09 21 03   139 -9999 10191    90    41     0 -9999 -9999
1961 09 22 03   150   -89 10171    90    82     1 -9999 -9999
1961 09 23 12   200   -11 10121     0     0     0 -9999 -9999
1961 09 24 03   189   -28 10136    90    21     0 -9999 -9999
1961 09 25 03   172    11 10098    90    10     6 -9999 -9999
1961 09 25 12   200    50 10043   250    10     1 -9999 -9999
1961 09 26 12   150   -39 10141    20    51     7 -9999 -9999
1961 09 28 03   111   -28 10279    70    62     0 -9999 -9999
1961 09 29 03   111     0 10261    90    82     0 -9999 -9999
1961 09 30 03   111     0 10226     0     0     1 -9999 -9999
1961 10 01 03   150   -78 10199    90    62     1 -9999 -9999
1961 10 02 03   150     0 10160    90    21     6 -9999 -9999
1961 10 03 03   128   -50 10197    90    21     2 -9999 -9999
1961 10 03 12   139   -11 10224   270    21     0 -9999 -9999
1961 10 04 03   100  -111 10275    90    82     0 -9999 -9999
1961 10 05 03   139  -122 10222    90    62     1 -9999 -9999
1961 10 05 12   139   -11 10175     0     0     1 -9999 -9999
1961 10 06 03   150   -78 10103    90    21     0 -9999 -9999
1961 10 07 03   161  -111 10091    90    41     1 -9999 -9999
1961 10 08 03   189     0 10031    90    41     6 -9999 -9999
1961 10 09 03    78   -61 10188   220    31     8 -9999 -9999
1961 10 11 03    61   -72 10302    90    72     1 -9999 -9999
1961 10 12 03    89   -11 10291    90    51     1 -9999 -9999
1961 10 13 03    89   -28 10262   140    31     6 -9999 -9999
1961 10 14 03    89   -28 10237    90    31     1 -9999 -9999
1961 10 14 12   122   -22 10215   220    21     1 -9999 -9999
1961 10 15 03    78   -72 10253   160    10     7 -9999 -9999
1961 10 16 03    72   -89 10229    90    21     2 -9999 -9999
1961 10 17 03    72  -122 10245    90    41     0 -9999 -9999
1961 10 18 03    89  -128 10261    90    41     0 -9999 -9999
1961 10 19 03    89  -128 10234    90    51     1 -9999 -9999
1961 10 20 03    89  -100 10241    90    41     1 -9999 -9999
1961 10 21 03    78   -89 10249    90    98     1 -9999 -9999
1961 10 22 03    72  -100 10269    90    98     0 -9999 -9999
1961 10 23 03    89   -89 10244    70    82     1 -9999 -9999
1961 10 25 03   100   -78 10142    90    98     2 -9999 -9999
1961 10 26 03    50  -100 10260    90    62     8 -9999 -9999
1961 10 30 03    39  -111 10261    90    72     0 -9999 -9999
1961 10 31 03    50   -11 10324   250    21     8 -9999 -9999
1961 11 01 00   -50   -89 10260    90    21     1 -9999 -9999
1961 11 01 03    78   -61 10378    90    31     4 -9999 -9999
1961 11 01 06    89   -39 10350     0     0     8 -9999 -9999
1961 11 01 12    61   -39 10381   220    21     8 -9999     6
1961 11 01 18    11   -22 10401   270    31     3 -9999 -9999
1961 11 01 21   -22   -39 10413     0     0     0 -9999 -9999
1961 11 02 00   -50   -72 10437     0     0     0 -9999 -9999
1961 11 02 03    11   -39 10429    90    31     0 -9999 -9999
1961 11 02 06    78   -50 10390   270    31     0 -9999 -9999
1961 11 02 09   100  -111 10381   270    82     0 -9999 -9999
1961 11 02 12    61  -111 10406   220    21     0 -9999 -9999
1961 11 02 15    22  -100 10402   220    10     0 -9999 -9999
1961 11 02 18   -28   -72 10390     0     0     0 -9999 -9999
1961 11 03 00   -50  -122 10403    90    10     1 -9999 -9999
1961 11 03 03    22  -111 10391    90    10     0 -9999 -9999
1961 11 03 06   122   -78 10361     0     0     0 -9999 -9999
1961 11 03 09   128  -122 10336   250    21     0 -9999 -9999
1961 11 03 12    72  -111 10356     0     0     0 -9999 -9999
1961 11 03 15     0 -9999 10357     0     0     0 -9999 -9999
1961 11 03 18   -22  -128 10327    90    21     0 -9999 -9999
1961 11 03 21   -28  -161 10314    90    31     0 -9999 -9999
1961 11 04 00   -61  -161 10340    90    10     0 -9999 -9999
1961 11 04 03    28  -139 10334    90    21     0 -9999 -9999
1961 11 04 06    89  -139 10310   250    21     0 -9999 -9999
1961 11 04 09   111  -128 10290   250    41     0 -9999 -9999
1961 11 04 15    11  -111 10316   220    21     0 -9999 -9999
1961 11 04 18   -28  -100 10309     0     0     0 -9999 -9999
1961 11 05 00   -78  -122 10307     0     0     0 -9999 -9999
1961 11 05 03    28  -100 10301     0     0     0 -9999 -9999
1961 11 05 06    78  -111 10271   270    51     0 -9999 -9999
1961 11 05 09   111  -100 10251   270    51     3 -9999 -9999
1961 11 05 12    72  -150 10276   270    51     1 -9999 -9999
1961 11 05 18   -28  -100 10258   220    10     1 -9999 -9999
1961 11 06 00   -61  -172 10268    90    10     1 -9999 -9999
1961 11 06 03    22  -122 10252     0     0     1 -9999 -9999
1961 11 06 06    78  -100 10247   250    31     1 -9999 -9999
1961 11 06 09   111   -89 10252   250    41     1 -9999 -9999
1961 11 06 12    61  -100 10268   270    41     1 -9999 -9999
1961 11 06 15     0   -72 10288     0     0     8 -9999 -9999
1961 11 06 18   -28  -122 10301     0     0 -9999 -9999 -9999
1961 11 07 00   -72  -128 10335     0     0     0 -9999 -9999
1961 11 07 03    11  -111 10349     0     0     1 -9999 -9999
1961 11 07 06    78   -89 10320   250    10     1 -9999 -9999
1961 11 07 09   122   -89 10294     0     0     0 -9999 -9999
1961 11 07 12    39  -100 -9999     0     0     0 -9999 -9999
1961 11 07 15   -22  -122 10309     0     0     0 -9999 -9999
1961 11 07 18   -22  -150 10276    90    21     0 -9999 -9999
1961 11 07 21   -39  -139 10286    90    41     0 -9999 -9999
1961 11 08 00   -61  -128 10305    90    41     1 -9999 -9999
1961 11 08 03    11  -122 10301    90    51     2 -9999 -9999
1961 11 08 06    72  -128 10264   250    31     2 -9999 -9999
1961 11 08 09   100  -122 10258   250    41     1 -9999 -9999
1961 11 08 12    39   -89 10292     0     0     0 -9999 -9999
1961 11 08 15   -22  -122 10296     0     0     0 -9999 -9999
1961 11 08 18   -39  -100 10276     0     0     0 -9999 -9999
1961 11 08 21   -61  -150 10269    70    31     0 -9999 -9999
1961 11 09 00   -61  -150 10290    70    31     0 -9999 -9999
1961 11 09 03    28  -139 10291    70    21     0 -9999 -9999
1961 11 09 06   100   -78 10262     0     0     1 -9999 -9999
1961 11 09 09   122   -89 10247   220    21     1 -9999 -9999
1961 11 09 12    50   -61 10284   270    10     0 -9999 -9999
1961 11 09 18   -22  -111 10259    90    21     0 -9999 -9999
1961 11 09 21   -39  -178 10243    90    31     0 -9999 -9999
1961 11 10 00   -72  -172 10277    90    21     0 -9999 -9999
1961 11 10 03    22  -172 10278    90    21     1 -9999 -9999
1961 11 10 06   100  -128 10243     0     0     1 -9999 -9999
1961 11 10 09   128   -50 10235   270    31     1 -9999 -9999
1961 11 10 12    61  -122 10270     0     0     1 -9999 -9999
1961 11 10 15   -22  -128 10271     0     0     0 -9999 -9999
1961 11 10 18   -28  -189 10255    90    10     0 -9999 -9999
1961 11 10 21   -61  -189 10224    90    21     0 -9999 -9999
1961 11 11 00   -61  -172 10272    90    21     1 -9999 -9999
1961 11 11 03    28  -139 10280    90    31     1 -9999 -9999
1961 11 11 09   128   -89 10250   220    21     1 -9999 -9999
1961 11 11 12    39   -89 10278     0     0     1 -9999 -9999
1961 11 11 15     0   -72 10266     0     0     6 -9999 -9999
1961 11 11 18   -39  -122 10251    90    10     1 -9999 -9999
1961 11 12 00   -61  -161 10278    90    21     1 -9999 -9999
1961 11 12 03    22  -178 10283    90    10     1 -9999 -9999
1961 11 12 06    72  -128 10261   250    31     1 -9999 -9999
1961 11 12 09   100  -128 10245   250    31     1 -9999 -9999
1961 11 12 12    39  -111 10267     0     0     1 -9999 -9999
1961 11 12 15   -22  -150 10259     0     0     0 -9999 -9999
1961 11 12 18   -39  -178 10248    90    21     0 -9999 -9999
1961 11 12 21   -61  -200 10242    90    21     0 -9999 -9999
1961 11 13 00   -50  -200 10247    90    21     0 -9999 -9999
1961 11 13 03    22  -200 10230    90    62     1 -9999 -9999
1961 11 13 06   128  -189 10185    90    31     1 -9999 -9999
1961 11 13 09   150  -172 10165   140    21     1 -9999 -9999
1961 11 13 12    72  -161 10187    90    31     1 -9999 -9999
1961 11 13 15    39  -128 10174    90    41     1 -9999 -9999
1961 11 13 18    22  -122 10143    90    41     0 -9999 -9999
1961 11 14 00     0  -172 10141    90    72     0 -9999 -9999
1961 11 14 03    61  -211 10140    90    98     1 -9999 -9999
1961 11 14 06   150  -172 10103    90    62     2 -9999 -9999
1961 11 14 09   150  -128 10104    90    51     6 -9999 -9999
1961 11 14 12    50  -100 10162   270    10     8 -9999 -9999
1961 11 14 15    11  -122 10168     0     0     1 -9999 -9999
1961 11 14 18   -28  -150 10156     0     0     2 -9999 -9999
1961 11 14 21   -28  -128 10158    90    21     2 -9999 -9999
1961 11 15 00   -61  -172 10203     0     0     2 -9999 -9999
1961 11 15 03    22  -172 10184    90    31     6 -9999 -9999
1961 11 15 06    78  -150 10151    90    10     6 -9999 -9999
1961 11 15 09   100 -9999 10133    90    31     7 -9999 -9999
1961 11 15 12    72  -128 10140    90    51     8 -9999 -9999
1961 11 15 15    72  -161 10099    90    72     7 -9999 -9999
1961 11 15 18    50  -128 10087    90    82     3 -9999 -9999
1961 11 15 21    11  -122 10070    90    62     1 -9999 -9999
1961 11 16 00   -11  -100 10067    90    72     1 -9999 -9999
1961 11 16 03    50   -39 10073    90    62     8 -9999 -9999
1961 11 16 06    78   -11 10087   110    62     8 -9999 -9999
1961 11 16 09    72   -22 10130   250    51     8 -9999 -9999
1961 11 16 12    39  -111 10176   200    31     5 -9999 -9999
1961 11 16 15     0  -100 10185   140    10     6 -9999 -9999
1961 11 16 18    22   -28 10178    90    31     8 -9999 -9999
1961 11 16 21    22   -72 10206   220    31     8 -9999 -9999
1961 11 17 00    11   -72 10254   270    62     8 -9999 -9999
1961 11 17 03   -11   -89 10282   250    82     8 -9999 -9999
1961 11 17 06   -11   -28 10273   270    72     8 -9999     6
1961 11 17 09    22   -28 10282   250    72     8 -9999 -9999
1961 11 17 12   -11   -39 10334   270    62     8 -9999     6
1961 11 17 15   -28   -89 10347     0     0     2 -9999 -9999
1961 11 17 18   -50   -89 10343     0     0     6 -9999     6
1961 11 17 21   -61   -72 10325    90    21     3 -9999 -9999
1961 11 18 00   -72   -89 10344    90    10     1 -9999 -9999
1961 11 18 03   -28   -61 10372   320    10     8 -9999 -9999
1961 11 18 06    22  -111 10352   270    98     7 -9999 -9999
1961 11 18 09    28   -89 10352   250    51     0 -9999 -9999
1961 11 18 12   -22   -72 10369     0     0     0 -9999 -9999
1961 11 18 15   -50   -89 10370     0     0     0 -9999 -9999
1961 11 18 18   -72  -111 10348    40    31     0 -9999 -9999
1961 11 18 21   -72  -128 10332    90    51     0 -9999 -9999
1961 11 19 00  -100  -139 10349    90    21     0 -9999 -9999
1961 11 19 03   -22  -111 10338    90    72     6 -9999 -9999
1961 11 19 06    61  -128 10306    90    31     6 -9999 -9999
1961 11 19 09    78  -139 10301     0     0     7 -9999 -9999
1961 11 19 12    22   -89 10348   270    21     7 -9999 -9999
1961 11 19 15     0   -78 10347     0     0     7 -9999 -9999
1961 11 19 21   -22  -111 10313     0     0     8 -9999 -9999
1961 11 20 00   -61   -89 10343     0     0     7 -9999 -9999
1961 11 20 03   -11  -111 10353     0     0     2 -9999 -9999
1961 11 20 06    22  -100 10333     0     0     3 -9999 -9999
1961 11 20 09    50  -100 10309   250    21     3 -9999 -9999
1961 11 20 12   -11  -100 10340     0     0     5 -9999 -9999
1961 11 20 15   -50  -128 10334   270    10     0 -9999 -9999
1961 11 20 18   -72  -139 10328    90    31     0 -9999 -9999
1961 11 20 21   -72  -139 10320    90    31     1 -9999 -9999
1961 11 21 00   -78  -128 10339    90    31     0 -9999 -9999
1961 11 21 03   -28  -128 10345    90    51     7 -9999 -9999
1961 11 21 06    39   -78 10305    90    82     4 -9999 -9999
1961 11 21 09    39   -89 10300    90    82     8 -9999 -9999
1961 11 21 12    22  -178 10323    90    82     8 -9999 -9999
1961 11 21 15   -22  -139 10321    90    82     2 -9999 -9999
1961 11 21 18   -28  -172 10300    90    82     3 -9999 -9999
1961 11 21 21   -39  -161 10288    90    82     3 -9999 -9999
1961 11 22 00   -50  -139 10302    90    82     0 -9999 -9999
1961 11 22 03   -28  -139 10314    90   139     1 -9999 -9999
1961 11 22 06    11  -111 10292    90   108     1 -9999 -9999
1961 11 22 09    28   -72 10289    90    82     1 -9999 -9999
1961 11 22 12     0  -128 10321    90    82     0 -9999 -9999
1961 11 22 15   -28  -139 10323    90    82     0 -9999 -9999
1961 11 22 18   -39  -139 10318    90    51     1 -9999 -9999
1961 11 22 21   -72  -150 10327    90    62     2 -9999 -9999
1961 11 23 00   -78  -161 10347    90    51     2 -9999 -9999
1961 11 23 03   -50  -128 10357    90    82     2 -9999 -9999
1961 11 23 06    22   -78 10322    90    51     1 -9999 -9999
1961 11 23 09    28  -122 10327    70    51     3 -9999 -9999
1961 11 23 12   -11  -111 10360    90    41     1 -9999 -9999
1961 11 23 18   -72  -122 10378    90    41     1 -9999 -9999
1961 11 23 21   -89  -139 10388    90    31     0 -9999 -9999
1961 11 24 00 -9999  -139 10418    90    21     1 -9999 -9999
1961 11 24 03   -50  -128 10415    90    21     1 -9999 -9999
1961 11 24 06    11   -78 10382   270    21     1 -9999 -9999
1961 11 24 09    22  -122 10380   270    51     3 -9999 -9999
1961 11 24 12   -22   -78 10393     0     0     4 -9999 -9999
1961 11 24 15   -28  -128 10361    90    31     8 -9999 -9999
1961 11 24 18   -50  -128 10324    90    41     3 -9999 -9999
1961 11 24 21   -72  -128 10315    90    31     1 -9999 -9999
1961 11 25 00   -78  -128 10314    90    41     7 -9999 -9999
1961 11 25 03   -61  -122 10316     0     0     1 -9999 -9999
1961 11 25 06     0  -122 10272   140    21     7 -9999 -9999
1961 11 25 12   -28  -111 10261     0     0     6 -9999 -9999
1961 11 25 15   -50  -111 10254     0     0     2 -9999 -9999
1961 11 25 21   -78  -122 10219    90    41     0 -9999 -9999
1961 11 26 00   -72  -122 10235    90   149     0 -9999 -9999
1961 11 26 03   -28  -111 10231    90    82     0 -9999 -9999
1961 11 26 06    39  -100 10203    90    62     1 -9999 -9999
1961 11 26 09    50  -111 10217     0     0     6 -9999 -9999
1961 11 26 12   -11  -111 10276   270    31     1 -9999 -9999
1961 11 26 15 -9999 -9999 -9999    70    51     1 -9999 -9999
1961 11 26 18   -61  -122 10308   270    10     1 -9999 -9999
1961 11 26 21  -100  -139 10313     0     0     0 -9999 -9999
1961 11 27 00  -111  -172 10332     0     0     0 -9999 -9999
1961 11 27 03   -39  -100 10327     0     0     2 -9999 -9999
1961 11 27 06     0  -100 10297   220    31     6 -9999 -9999
1961 11 27 09    11  -100 10305   250    31     3 -9999 -9999
1961 11 27 12   -28  -100 10333   270    10     8 -9999 -9999
1961 11 27 15   -50   -89 -9999     0     0     8 -9999 -9999
1961 11 27 18   -50  -100 10314     0     0     8 -9999 -9999
1961 11 27 21   -50   -89 10325     0     0     8 -9999 -9999
1961 11 28 00   -61  -100 10340     0     0     8 -9999 -9999
1961 11 28 03   -28  -111 10363   240    31     8 -9999 -9999
1961 11 28 06    22  -100 10331   270    41     7 -9999 -9999
1961 11 28 09    28   -72 10342   270    41     6 -9999 -9999
1961 11 28 12   -22  -100 10356     0     0     1 -9999 -9999
1961 11 28 15   -72  -111 10375     0     0     0 -9999 -9999
1961 11 28 18     0  -128 10357    90    21     0 -9999 -9999
1961 11 28 21  -100  -128 10354    90    21     0 -9999 -9999
1961 11 29 00  -111  -139 10369    90    21     0 -9999 -9999
1961 11 29 03   -72  -161 -9999     0     0     0 -9999 -9999
1961 11 29 06    39   -78 10308     0     0     0 -9999 -9999
1961 11 29 09    72   -89 10286     0     0     0 -9999 -9999
1961 11 29 12   -11  -122 10294     0     0     1 -9999 -9999
1961 11 29 15   -28   -72 10279    90    21     0 -9999 -9999
1961 11 29 18   -72  -150 10256     0     0     1 -9999 -9999
1961 11 29 21   -72  -139 10227    90    21 -9999 -9999 -9999
1961 11 30 00  -100  -139 10271     0     0     2 -9999 -9999
1961 11 30 03   -61  -122 10326   220    62     7 -9999 -9999
1961 11 30 06   -11   -89 10341   220   139     8 -9999 -9999
1961 11 30 09   -11  -100 10338   270    51     8 -9999 -9999
1961 11 30 12   -22  -100 10368   250    21     1 -9999 -9999
1961 11 30 15   -39  -122 10355   270    21     0 -9999 -9999
1961 11 30 18   -89  -122 10333     0     0     0 -9999 -9999
1961 12 01 00  -122  -128 10326     0     0     0 -9999 -9999
1961 12 01 03   -72  -122 10329    70    31     0 -9999 -9999
1961 12 01 06    28  -122 10300    90    31     0 -9999 -9999
1961 12 01 09    61  -150 10292   140    21     0 -9999 -9999
1961 12 01 12   -28  -189 10333     0     0     1 -9999 -9999
1961 12 01 15   -78  -178 10342     0     0     0 -9999 -9999
1961 12 01 18   -89  -189 10321    90    21     0 -9999 -9999
1961 12 02 00  -128  -200 10372    90    21     1 -9999 -9999
1961 12 02 03   -78  -189 10367    90    21     1 -9999 -9999
1961 12 02 06    11  -122 10316     0     0     2 -9999 -9999
1961 12 02 09    50  -111 10302     0     0     4 -9999 -9999
1961 12 02 12   -28  -161 10332   340    21     1 -9999 -9999
1961 12 02 15   -50  -189 10324    70    51     1 -9999 -9999
1961 12 02 18   -61  -189 10288    90    51     0 -9999 -9999
1961 12 02 21   -89  -189 10283    90    51     0 -9999 -9999
1961 12 03 00   -78  -189 10329    90    62     1 -9999 -9999
1961 12 03 03  -122  -211 10391   270    31     5 -9999 -9999
1961 12 03 06     0 -9999 10370   270    72     1 -9999 -9999
1961 12 03 09    22  -128 10373   270    62     2 -9999 -9999
1961 12 03 12   -39  -150 10437   270    21     1 -9999 -9999
1961 12 03 15   -72  -139 10470     0     0     2 -9999 -9999
1961 12 03 18  -100  -150 10456     0     0     0 -9999 -9999
1961 12 03 21  -128  -161 -9999     0     0     0 -9999 -9999
1961 12 04 00  -139  -172 10494     0     0     0 -9999 -9999
1961 12 04 03   -72  -139 10495    90    21     1 -9999 -9999
1961 12 04 06    11  -122 10457    70    10     1 -9999 -9999
1961 12 04 09    39   -89 10436   220    41     1 -9999 -9999
1961 12 04 12   -39  -128 10485     0     0     1 -9999 -9999
1961 12 04 15   -72  -139 10487     0     0     0 -9999 -9999
1961 12 04 18  -100  -161 10471     0     0     0 -9999 -9999
1961 12 04 21  -122  -172 10429     0     0     0 -9999 -9999
1961 12 05 00  -128  -172 10448    90    21     1 -9999 -9999
1961 12 05 03   -72  -161 10449   290    21     1 -9999 -9999
1961 12 05 06    28  -200 10407   250    10     1 -9999 -9999
1961 12 05 09    28  -200 10398   250    51     1 -9999 -9999
1961 12 05 12   -28  -211 10405   250    21     1 -9999 -9999
1961 12 05 15   -72  -189 10420   220    21     1 -9999 -9999
1961 12 05 18  -111  -178 10397     0     0     0 -9999 -9999
1961 12 05 21  -128  -161 10403     0     0     1 -9999 -9999
1961 12 06 00  -122  -161 10419     0     0     6 -9999 -9999
1961 12 06 03   -72  -178 10420     0     0     1 -9999 -9999
1961 12 06 06   -11  -139 10399   270    41     2 -9999 -9999
1961 12 06 09    11  -128 10383   250    21     1 -9999 -9999
1961 12 06 12   -39  -172 10404   270    21     0 -9999 -9999
1961 12 06 15   -78  -178 10408     0     0     0 -9999 -9999
1961 12 06 18  -111  -178 10399    90    21     0 -9999 -9999
1961 12 06 21  -128  -189 10373    90    31     0 -9999 -9999
1961 12 07 00  -139  -189 10390    90    31     0 -9999 -9999
1961 12 07 03   -78  -172 10393    90    21     1 -9999 -9999
1961 12 07 06    11  -172 10353   280    10     1 -9999 -9999
1961 12 07 09    22  -189 10339   270    41     1 -9999 -9999
1961 12 07 12   -50  -178 10372     0     0     0 -9999 -9999
1961 12 07 15  -100  -200 10388     0     0     0 -9999 -9999
1961 12 07 18  -111  -189 10345     0     0     0 -9999 -9999
1961 12 07 21  -150  -200 10348     0     0     0 -9999 -9999
1961 12 08 00  -161  -211 10383     0     0     0 -9999 -9999
1961 12 08 03  -100  -200 10391    90    10     1 -9999 -9999
1961 12 08 09    11  -211 10355   220    41     1 -9999 -9999
1961 12 08 12   -39  -200 10396     0     0     1 -9999 -9999
1961 12 08 15   -89  -200 10398     0     0     1 -9999 -9999
1961 12 08 18  -111  -178 10387     0     0     1 -9999 -9999
1961 12 09 00  -128  -172 10398     0     0     1 -9999 -9999
1961 12 09 03   -72  -189 10406     0     0     0 -9999 -9999
1961 12 09 06   -22  -150 10375   350    31     1 -9999 -9999
1961 12 09 09    28  -128 10352   250    62     1 -9999 -9999
1961 12 09 12   -39  -161 10379   220    51     0 -9999 -9999
1961 12 09 15   -89  -189 10381   270    21     0 -9999 -9999
1961 12 09 18  -122  -172 10360     0     0     0 -9999 -9999
1961 12 09 21  -139  -178 10347     0     0     1 -9999 -9999
1961 12 10 00  -139  -172 10362     0     0     1 -9999 -9999
1961 12 10 03   -72  -161 10339     0     0     1 -9999 -9999
1961 12 10 06   -22  -139 10314   220    51     1 -9999 -9999
1961 12 10 09    22  -150 10282   270    87     1 -9999 -9999
1961 12 10 12   -39  -172 10301   270    51     0 -9999 -9999
1961 12 10 15  -100  -172 10297     0     0     0 -9999 -9999
1961 12 10 18  -111  -178 10280     0     0     0 -9999 -9999
1961 12 10 21  -139  -178 10281     0     0     0 -9999 -9999
1961 12 11 00  -161  -189 10314     0     0     1 -9999 -9999
1961 12 11 03   -89  -178 10332     0     0     1 -9999 -9999
1961 12 11 06     0  -172 10291   250    82     1 -9999 -9999
1961 12 11 09    11  -139 10295   250    98     1 -9999 -9999
1961 12 11 12   -61  -161 10334     0     0     0 -9999 -9999
1961 12 11 15   -89  -200 10335     0     0     0 -9999 -9999
1961 12 11 18  -128  -189 10312    90    21     0 -9999 -9999
1961 12 11 21  -139  -200 10308    70    31     0 -9999 -9999
1961 12 12 00  -139  -200 10330     0     0     0 -9999 -9999
1961 12 12 03   -78  -178 10331    90    41     0 -9999 -9999
1961 12 12 06    11  -200 10306    90    10     0 -9999 -9999
1961 12 12 09    39  -139 10297     0     0     0 -9999 -9999
1961 12 12 12   -39  -122 10333     0     0     0 -9999 -9999
1961 12 12 15   -72  -178 10333    90    31     0 -9999 -9999
1961 12 12 18   -89  -172 10316    90    31     0 -9999 -9999
1961 12 12 21  -100  -161 10308    90    72     0 -9999 -9999
1961 12 13 00  -111  -150 10333    90    62     0 -9999 -9999
1961 12 13 03   -78  -139 10342    90    72     1 -9999 -9999
1961 12 13 06   -11  -128 10318    90    51     2 -9999 -9999
1961 12 13 09    22  -128 10309    90    21     3 -9999 -9999
1961 12 13 12   -50  -161 10348     0     0     1 -9999 -9999
1961 12 13 15   -89  -172 10352    70    21     0 -9999 -9999
1961 12 13 18  -111  -161 10326    90    41     0 -9999 -9999
1961 12 13 21  -100  -139 10316    90    51     0 -9999 -9999
1961 12 14 00  -122  -161 10352    90    31     4 -9999 -9999
1961 12 14 03  -100  -139 10370    90    31     6 -9999 -9999
1961 12 14 06   -28  -189 10331     0     0     7 -9999 -9999
1961 12 14 09   -28  -200 10322   250    31     7 -9999 -9999
1961 12 14 12   -78  -178 10335     0     0     2 -9999 -9999
1961 12 14 15  -122  -189 10347     0     0     2 -9999 -9999
1961 12 14 18  -139  -211 10314    90    21     1 -9999 -9999
1961 12 14 21  -150  -189 10295    90    31     0 -9999 -9999
1961 12 15 00  -161  -189 10295    90    21     1 -9999 -9999
1961 12 15 03  -100  -161 10287    90    31     1 -9999 -9999
1961 12 15 06    11  -161 10252    90    10     1 -9999 -9999
1961 12 15 09    22  -161 10214   220    21     1 -9999 -9999
1961 12 15 12   -61  -272 10236     0     0     0 -9999 -9999
1961 12 15 15  -111  -211 10224     0     0     0 -9999 -9999
1961 12 15 18  -122  -200 10178    90    31     1 -9999 -9999
1961 12 15 21  -128  -189 10154    90    21     1 -9999 -9999
1961 12 16 00  -139  -228 10164    90    31     1 -9999 -9999
1961 12 16 03   -72  -222 10174    90    21     7 -9999 -9999
1961 12 16 06   -50  -250 10178   250    41     7 -9999 -9999
1961 12 16 09   -39  -222 10178   270    21     7 -9999 -9999
1961 12 16 12   -39  -200 10212   220    10     6 -9999 -9999
1961 12 16 15   -89  -222 10216   220    10     1 -9999 -9999
1961 12 16 18  -122  -200 10232    90    21     7 -9999 -9999
1961 12 16 21  -139  -222 10234     0     0     1 -9999 -9999
1961 12 17 00  -150  -222 10252    90    10     1 -9999 -9999
1961 12 17 03  -189  -200 10266    90    21     6 -9999 -9999
1961 12 17 06   -11  -178 10257   250    31     7 -9999 -9999
1961 12 17 09   -11  -211 10286   250    21     7 -9999 -9999
1961 12 17 12   -61  -211 10326     0     0     7 -9999 -9999
1961 12 17 15   -89  -228 10327    90    41     1 -9999 -9999
1961 12 17 18  -100  -228 10316    90    82     7 -9999 -9999
1961 12 17 21  -111  -228 10333    90    51     2 -9999 -9999
1961 12 18 00  -111  -250 10360    90    51     2 -9999 -9999
1961 12 18 03   -89  -239 10372    90    51     6 -9999 -9999
1961 12 18 06   -39  -228 10344    90    21     7 -9999 -9999
1961 12 18 09   -28  -222 10339   200    21     3 -9999 -9999
1961 12 18 12   -89  -222 10358     0     0     6 -9999 -9999
1961 12 18 15  -122  -222 10363     0     0     6 -9999 -9999
1961 12 18 18  -139  -228 10351   160    10     2 -9999 -9999
1961 12 18 21  -161  -239 10354     0     0     3 -9999 -9999
1961 12 19 00  -139  -222 10372    90    21     7 -9999 -9999
1961 12 19 06   -28  -261 10351   220    10     1 -9999 -9999
1961 12 19 09   -11  -161 10342   250    31     1 -9999 -9999
1961 12 19 12   -61  -222 10360     0     0     1 -9999 -9999
1961 12 19 18  -122  -222 10340    90    41     6 -9999 -9999
1961 12 19 21  -122  -200 10325    90    10     7 -9999 -9999
1961 12 20 00  -128  -200 10344    90    10     3 -9999 -9999
1961 12 20 06   -28  -211 10332   270    31     6 -9999 -9999
1961 12 20 09   -39  -200 10336   270    31     7 -9999 -9999
1961 12 20 12   -78  -239 10358   220    21     2 -9999 -9999
1961 12 20 15  -111  -222 10368    90    21     0 -9999 -9999
1961 12 20 21  -150  -222 10324    70    21     0 -9999 -9999
1961 12 21 00  -161  -200 10333    70    21     0 -9999 -9999
1961 12 21 03  -122  -172 10348    90    21     1 -9999 -9999
1961 12 21 06   -28  -189 10323   250    21     1 -9999 -9999
1961 12 21 09   -11  -178 10319   220    51     6 -9999 -9999
1961 12 21 12   -72  -172 10346     0     0     1 -9999 -9999
1961 12 21 15  -122  -178 10352     0     0     6 -9999 -9999
1961 12 21 18  -128  -189 10325     0     0     8 -9999 -9999
1961 12 21 21  -150  -200 10324    90    10     1 -9999 -9999
1961 12 22 00  -172  -200 10343    90    10     1 -9999 -9999
1961 12 22 03  -111  -172 10352    90    21     0 -9999 -9999
1961 12 22 06   -22  -161 10310   250    21     1 -9999 -9999
1961 12 22 09     0  -172 10297   250    31     1 -9999 -9999
1961 12 22 12   -61  -161 10331     0     0     0 -9999 -9999
1961 12 22 15  -128  -200 10335     0     0     0 -9999 -9999
1961 12 22 21  -161  -200 10292     0     0     0 -9999 -9999
1961 12 23 03   -89  -189 10291    90    31     1 -9999 -9999
1961 12 23 06    11  -161 10239    90    21     0 -9999 -9999
1961 12 23 12   -61  -189 10265   250    21     1 -9999 -9999
1961 12 23 18  -111  -189 10219    90    41 -9999 -9999 -9999
1961 12 23 21  -122  -189 10204    90    31     1 -9999 -9999
1961 12 24 00  -100  -172 10213    90    41     1 -9999 -9999
1961 12 24 03   -89  -189 10245    90    21     2 -9999 -9999
1961 12 24 06   -72  -178 10264   250    62     7 -9999 -9999
1961 12 24 09   -28  -200 10275   250    51     3 -9999 -9999
1961 12 24 12   -89  -178 10299     0     0     1 -9999 -9999
1961 12 24 15  -139  -200 10312     0     0     0 -9999 -9999
1961 12 24 18  -150  -189 10297    90    10     6 -9999 -9999
1961 12 24 21  -150  -189 10291    90    31     8 -9999 -9999
1961 12 25 00  -139  -189 10310    90    21     7 -9999 -9999
1961 12 25 03  -111  -172 10345     0     0     7 -9999 -9999
1961 12 25 06   -39  -211 10312   250    21     1 -9999 -9999
1961 12 25 09   -28  -150 10313   250    41     1 -9999 -9999
1961 12 25 12   -78  -150 10339     0     0     0 -9999 -9999
1961 12 25 15  -128  -189 10352     0     0     0 -9999 -9999
1961 12 25 18  -139  -189 10337    90    21     0 -9999 -9999
1961 12 25 21  -161  -200 10349    90    31     0 -9999 -9999
1961 12 26 00  -172  -200 10385    90    21     0 -9999 -9999
1961 12 26 03  -122  -172 10391    90    21     0 -9999 -9999
1961 12 26 06   -11  -161 10345     0     0     0 -9999 -9999
1961 12 26 09    39  -122 10337     0     0     1 -9999 -9999
1961 12 26 12   -50  -161 10375     0     0     1 -9999 -9999
1961 12 26 15   -78  -178 10378    70    10     0 -9999 -9999
1961 12 26 18   -78  -172 -9999    90    41     0 -9999 -9999
1961 12 26 21  -111  -172 10332    90    21     1 -9999 -9999
1961 12 27 00  -111  -172 -9999    90    51     0 -9999 -9999
1961 12 27 03   -72  -161 10346    90    82     1 -9999 -9999
1961 12 27 06    22  -139 10303    90    98     0 -9999 -9999
1961 12 27 09    28  -211 10293    90    82     1 -9999 -9999
1961 12 27 12   -22  -172 10326    90    72     1 -9999 -9999
1961 12 27 15   -39  -172 10307    90    82     1 -9999 -9999
1961 12 27 18   -39  -172 10307    90    82     1 -9999 -9999
1961 12 27 21   -89  -189 10277    90    62     0 -9999 -9999
1961 12 28 00  -122  -178 10322   140    21     6 -9999 -9999
1961 12 28 03   -89  -200 10353     0     0     0 -9999 -9999
1961 12 28 06   -72  -172 10338   270    82     6 -9999 -9999
1961 12 28 09   -28  -128 10333   270    51     7 -9999 -9999
1961 12 28 12   -72  -161 10364   270    10     3 -9999 -9999
1961 12 28 15  -122  -178 10379     0     0     1 -9999 -9999
1961 12 28 18  -139  -178 10372    70    10     1 -9999 -9999
1961 12 28 21  -150  -189 10371    90    31     0 -9999 -9999
1961 12 29 00  -150  -178 10392    90    41     2 -9999 -9999
1961 12 29 03  -111  -150 10421    90    31     7 -9999 -9999
1961 12 29 06   -61  -161 10394   200   108     7 -9999 -9999
1961 12 29 09   -39  -161 10391   250    31     2 -9999 -9999
1961 12 29 12   -89  -172 10414   220    10 -9999 -9999 -9999
1961 12 29 15  -122  -172 10425   140    21     0 -9999 -9999
1961 12 29 18  -100  -128 10410    90    51     2 -9999 -9999
1961 12 29 21  -111  -128 10424    90    51     9 -9999 -9999
1961 12 30 00  -150  -172 10468    70    41     1 -9999 -9999
1961 12 30 03  -122  -161 10487    90    51     0 -9999 -9999
1961 12 30 06   -72  -178 10454    90    72     0 -9999 -9999
1961 12 30 09   -72  -178 10448    90    72     0 -9999 -9999
1961 12 30 12  -122  -189 10486    90    62     0 -9999 -9999
1961 12 30 15  -150  -200 10480    90    82     0 -9999 -9999
1961 12 30 18  -172  -200 10450    90    72     0 -9999 -9999
1961 12 30 21  -189  -222 10445    90    82     0 -9999 -9999
1961 12 31 00  -189  -222 10454    90    87     0 -9999 -9999
1961 12 31 03  -161  -200 10448    90    82     0 -9999 -9999
1961 12 31 06   -89  -161 10429    90    72     0 -9999 -9999
1961 12 31 09   -72  -161 10425    90    41     0 -9999 -9999
1961 12 31 12  -122  -172 10450    90    62     0 -9999 -9999
1961 12 31 15  -150  -178 10452    90    51     0 -9999 -9999
1961 12 31 18  -172  -200 10431    90    51     0 -9999 -9999
