1990 01 01 00  -179  -225 10335    90    30     0 -9999     0
1990 01 01 12   -98 -9999 10308    70    20     1 -9999 -9999
1990 01 01 18  -111  -173 10253    90    40     0 -9999     0
1990 01 02 00   -96  -160 10248    70    40     1 -9999     0
1990 01 02 21  -168  -211 10280    90    10     0 -9999 -9999
1990 01 03 00 -9999 -9999 10325 -9999 -9999     0 -9999     0
1990 01 03 09   -40  -135 10337   290    20     1 -9999 -9999
1990 01 03 12  -126  -178 10376    90    20     0 -9999     0
1990 01 03 18  -161  -208 10343 -9999 -9999     0 -9999     0
1990 01 04 09    -7 -9999 10267    40    30     0 -9999 -9999
1990 01 04 18  -102 -9999 10273    90    60     0 -9999     0
1990 01 05 09   -22  -131 10343   270    30     0 -9999 -9999
1990 01 05 12  -116  -170 -9999 -9999 -9999     0 -9999     0
1990 01 05 18  -160 -9999 10369 -9999 -9999     0 -9999     0
1990 01 06 00 -9999 -9999 10384 -9999 -9999     9 -9999     0
1990 01 06 12  -101 -9999 10302    90    20     0 -9999     0
1990 01 06 18   -67  -151 10207    90    60     1 -9999 -9999
1990 01 06 21   -76  -166 10171    90    70     7 -9999 -9999
1990 01 07 00   -82 -9999 10190    90    90     1 -9999     0
1990 01 07 09   -35  -137 10290   270    70     7 -9999 -9999
1990 01 07 12    -8  -153 10343   270    50     8 -9999     0
1990 01 07 18   -60  -177 10335   110    10     8 -9999     0
1990 01 07 21  -118  -176 10322    90    20     7 -9999 -9999
1990 01 08 00  -150  -198 10336    90    20     2 -9999     0
1990 01 08 11   -66  -127 -9999    90    20     1 -9999     0
1990 01 08 12   -66  -127 10283 -9999 -9999     8 -9999     0
1990 01 09 09   -22  -130 10298   250    30     7 -9999 -9999
1990 01 09 12   -40  -145 10321     0     0     7 -9999     0
1990 01 09 18  -129  -179 10319    90    20     0 -9999     0
1990 01 10 09   -38  -163 10363   270    40     7 -9999 -9999
1990 01 10 21  -145  -198 10361    90    30     1 -9999 -9999
1990 01 11 06   -64  -173 10361    90    50     1 -9999     0
1990 01 11 09   -30  -134 10348    90    30     1 -9999 -9999
1990 01 11 21  -104  -203 10326    90    80     7 -9999 -9999
1990 01 12 00  -120  -203 10330    90    70     4 -9999     0
1990 01 12 09   -43  -159 10284 -9999 -9999     1 -9999 -9999
1990 01 12 12   -70  -144 10317     0     0     7 -9999     0
1990 01 12 21  -136  -195 -9999    90    20     7 -9999 -9999
1990 01 13 00  -117  -189 -9999    90    30     8 -9999     0
1990 01 13 12   -42  -144 10320     0     0     8 -9999     0
1990 01 13 18  -102  -173 10334   220    20     7 -9999     0
1990 01 13 21   -94  -193 10347   270    20     7 -9999 -9999
1990 01 14 09   -23  -158 10352   270    30     1 -9999 -9999
1990 01 14 12   -86  -158 10379   140    10     2 -9999     0
1990 01 14 18  -127  -188 10327    90    30     0 -9999     0
1990 01 15 00  -142  -193 -9999    90    20     0 -9999 -9999
1990 01 15 09 -9999 -9999 10237   270    20     7 -9999 -9999
1990 01 16 12   -74  -128 10299     0     0     8 -9999     0
1990 01 16 18  -123  -175 -9999    90    20     1 -9999     0
1990 01 16 21  -118  -129 10287   110    20     7 -9999 -9999
1990 01 17 18  -103  -202 10302    70    10     5 -9999     0
1990 01 17 21  -132  -214 10310    90    30     0 -9999 -9999
1990 01 18 09   -10 -9999 10372    90    30     1 -9999 -9999
1990 01 18 12   -72 -9999 10398    90    60     0 -9999     0
1990 01 18 18  -146  -264 10380    90    50     0 -9999     0
1990 01 18 21  -128 -9999 10367    90    60     8 -9999 -9999
1990 01 19 09   -39  -229 10390   250    40     7 -9999 -9999
1990 01 19 12   -66  -157 10400   270    30     1 -9999     0
1990 01 19 18  -151  -230 10388     0     0     0 -9999     0
1990 01 19 21  -158  -228 10361    90    20     0 -9999 -9999
1990 01 20 00  -174  -235 -9999     0     0     1 -9999     0
1990 01 20 12   -18  -141 10352   270    50     8 -9999     0
1990 01 20 18   -96 -9999 10355     0     0     8 -9999     0
1990 01 21 12   -20  -116 10421   250    30     8 -9999     0
1990 01 21 18   -56   -70 10413     0     0     8 -9999    10
1990 01 22 00 -9999 -9999 10410    40    20     8 -9999 -9999
1990 01 22 12   -29   -92 10357   320    20     0 -9999     0
1990 01 22 21 -9999 -9999 10334    90    30     0 -9999 -9999
1990 01 23 09    50  -124 -9999   200    30     2 -9999 -9999
1990 01 23 12     6   -98 10256   320    20     7 -9999     0
1990 01 23 21   -40  -129 10266   270    30     8 -9999 -9999
1990 01 24 00   -38  -170 10308 -9999 -9999 -9999 -9999     0
1990 01 24 18  -102  -169 10272   170    30     2 -9999     0
1990 01 25 09    44  -127 10286   250    30     0 -9999 -9999
1990 01 25 12   -33  -117 -9999     0     0     0 -9999     0
1990 01 25 18   -95  -159 10273    90    30     0 -9999     0
1990 01 26 00   -70 -9999 10239    90    60     0 -9999     0
1990 01 26 21   -45  -155 10132   110    30 -9999 -9999 -9999
1990 01 27 12    -4  -107 10286   270    60     7 -9999     0
1990 01 27 18   -74  -118 10291     0     0     0 -9999     0
1990 01 27 21  -105  -144 -9999    90    20     0 -9999 -9999
1990 01 28 06    -5  -201 10275    90    80     7 -9999     0
1990 01 28 12   -30  -190 10326    90    20     7 -9999     0
1990 01 28 18   -64  -189 10354 -9999 -9999     7 -9999     0
1990 01 28 21   -64  -181 10356   110    20     7 -9999 -9999
1990 01 29 00   -75  -153 -9999   180    10     8 -9999     0
1990 01 29 09    -8  -175 10415   250    50     5 -9999 -9999
1990 01 29 18  -146 -9999 10456    70    10     0 -9999     0
1990 01 29 21  -156  -216 10445    90    20     0 -9999 -9999
1990 01 30 09    -2  -186 10434 -9999 -9999     0 -9999 -9999
1990 01 30 12   -59  -205 10449    90    20     0 -9999     0
1990 01 30 21  -110 -9999 10387    90    60     0 -9999 -9999
1990 01 31 09    32  -230 10282   290    20     0 -9999 -9999
1990 01 31 12   -29  -240 10303   250    20     1 -9999     0
1990 01 31 21  -169  -249 10271     0     0     0 -9999 -9999
1990 02 01 06     6  -172 10312   230    30     1 -9999     0
1990 02 01 12   -27  -191 10342   250    30     1 -9999     0
1990 02 01 18  -133  -211 10366    90    20     0 -9999     0
1990 02 01 21  -140 -9999 10363    90    30     0 -9999 -9999
1990 02 02 12   -50  -209 10380   190    50     1 -9999     0
1990 02 02 18   -95  -212 10338    90    60     0 -9999     0
1990 02 03 18  -132  -219 10319    90    20     1 -9999     0
1990 02 03 21  -146  -225 10305     0     0     0 -9999 -9999
1990 02 04 00  -166  -231 10335     0     0     0 -9999     0
1990 02 04 06   -24  -212 10346   270    30     6 -9999     0
1990 02 04 09 -9999 -9999 10326   270    50     0 -9999 -9999
1990 02 04 12   -26  -164 10346   220    20     1 -9999     0
1990 02 04 21  -146  -214 10390    90    20     5 -9999 -9999
1990 02 05 12   -42  -161 10329     0     0     7 -9999     0
1990 02 05 18  -103  -202 10286    70    20     3 -9999     0
1990 02 05 21  -109 -9999 10276    90    40     5 -9999 -9999
1990 02 06 09    37  -150 10294   270    30     1 -9999 -9999
1990 02 06 18   -86  -193 10253    90    20     0 -9999     0
1990 02 06 21  -105  -178 10243    90    30     0 -9999 -9999
1990 02 07 12    -4  -126 10288   220    20     7 -9999     0
1990 02 07 18    31    15 10290 -9999 -9999     8 -9999    10
1990 02 07 21   -81  -199 -9999    90    30     7 -9999 -9999
1990 02 08 12    -2   -68 10317   270    30     8 -9999     0
1990 02 08 18   -20   -96 10332   270    40     8 -9999    -1
1990 02 08 21   -39   -58 10352   250    20     8 -9999 -9999
1990 02 09 00 -9999 -9999 10370   250    30     8 -9999     5
1990 02 09 09    29   -88 10328   250    60     1 -9999 -9999
1990 02 09 18   -62  -112 10369   270    10     0 -9999     0
1990 02 09 21   -92  -122 10371   290    20     0 -9999 -9999
1990 02 10 09    59  -117 10358   270    60     1 -9999 -9999
1990 02 10 12    28 -9999 10377   250    30     0 -9999     0
1990 02 10 18   -98  -164 10346    90    20     0 -9999     0
1990 02 10 21  -116  -153 10320    90    30     0 -9999 -9999
1990 02 11 12    32  -142 10283   250    30     1 -9999     0
1990 02 12 00   -84  -137 10268   220    30     0 -9999     0
1990 02 12 12     7   -71 10235   250    20     1 -9999     0
1990 02 12 18   -62  -143 10198    90    50     4 -9999     0
1990 02 12 21   -62  -131 10172    70    20     1 -9999 -9999
1990 02 13 09 -9999 -9999 10112    90    30     7 -9999 -9999
1990 02 13 21   -12  -209 10117    90   100     0 -9999 -9999
1990 02 14 12    75  -228 10139 -9999 -9999     0 -9999     0
1990 02 14 18    20  -178 10149    90    60     7 -9999     0
1990 02 14 21   -19  -148 10174   110    20     7 -9999 -9999
1990 02 15 12     8   -69 10217    90    30     2 -9999     0
1990 02 15 18   -33 -9999 10215   110    30     7 -9999     0
1990 02 15 21   -44   -75 10201    90    30     7 -9999 -9999
1990 02 16 09 -9999 -9999 -9999   270    40     1 -9999 -9999
1990 02 16 18 -9999 -9999 10180    90    20     1 -9999     0
1990 02 16 21   -80  -148 -9999    90    20     0 -9999 -9999
1990 02 17 09   102  -128 10177   270    40     1 -9999 -9999
1990 02 17 12    46   -89 -9999   180    20     0 -9999     0
1990 02 17 18   -32  -162 10153    90    40     0 -9999     0
1990 02 17 21   -40  -173 10132    90    50     0 -9999 -9999
1990 02 18 12    72  -100 10160   140    20     7 -9999     0
1990 02 18 18    -4  -143 10186   290    20     7 -9999     0
1990 02 18 21   -52  -143 10184    90    20     0 -9999 -9999
1990 02 19 12    69  -126 10141   250    20     1 -9999     0
1990 02 19 18   -27  -145 10142   270    20     0 -9999     0
1990 02 20 09    20  -153 10227   250    50     7 -9999 -9999
1990 02 20 12     0  -230 10256   270    40     8 -9999     0
1990 02 20 21   -63  -171 10298    90    50     8 -9999 -9999
1990 02 21 18  -125  -246 10420    90    50     7 -9999     0
1990 02 21 21  -139 -9999 10422    90    70     1 -9999 -9999
1990 02 22 00   -49  -258 -9999    90    90     1 -9999     0
1990 02 22 06    73 -9999 -9999    40    50     8 -9999     1
1990 02 22 09   -38  -267 10440    20    20     7 -9999 -9999
1990 02 22 12 -9999 -9999 10463    90    30     0 -9999     0
1990 02 22 18  -128  -261 10454    70    70     0 -9999     0
1990 02 22 21  -155  -275 10447    90    50     0 -9999 -9999
1990 02 23 09   -21  -250 10391    90    90     0 -9999 -9999
1990 02 23 18  -105  -255 10364    90    80     0 -9999     0
1990 02 23 21  -114  -259 10341    90   100     0 -9999 -9999
1990 02 24 09    28  -282 -9999   320    10     0 -9999 -9999
1990 02 24 12   -30  -159 10298     0     0     0 -9999     0
1990 02 24 18   -78  -255 10259    90    40     0 -9999     0
1990 02 24 21  -106  -213 10238    90    40 -9999 -9999 -9999
1990 02 25 18   -70  -241 10188   110    30     0 -9999     0
1990 02 25 21   -79  -244 10179    90    50     0 -9999 -9999
1990 02 26 18   -57  -215 10172    90    30     0 -9999     0
1990 02 26 21   -63  -177 10185     0     0     7 -9999 -9999
1990 02 27 09    92  -240 10212   270    40     0 -9999 -9999
1990 02 27 18   -66  -254 10212    90    30     2 -9999     0
1990 02 27 21   -85  -218 10243     0     0     1 -9999 -9999
1990 02 28 00    30    20 10259    20    30     8 -9999    10
1990 02 28 09    48  -198 10278   270    40     7 -9999 -9999
1990 02 28 12    14  -221 10302   220    30     0 -9999     0
1990 02 28 18   -85  -265 10270    90    30     0 -9999     0
1990 03 01 12    28  -138 10265   250    20     1 -9999     0
1990 03 01 18   -66 -9999 10257 -9999 -9999     1 -9999     0
1990 03 01 21   -71  -213 -9999 -9999 -9999 -9999 -9999 -9999
1990 03 02 09    80  -169 10244     0     0     8 -9999 -9999
1990 03 02 12    36  -152 10263     0     0     4 -9999     0
1990 03 02 18    53  -226 -9999    90    30     0 -9999     0
1990 03 02 21   -37  -220 10241    90    40     0 -9999 -9999
1990 03 03 00   -50  -217 10266    90    50     7 -9999     0
1990 03 03 09   100  -195 10214    90    60     0 -9999 -9999
1990 03 03 12    60  -185 10236    90    60     4 -9999     0
1990 03 03 18    -4  -180 10211    70    80     0 -9999     0
1990 03 03 21   -18  -146 10207    90   120     0 -9999 -9999
1990 03 04 00   -30  -190 10230    70   100     0 -9999     0
1990 03 04 09    85  -186 10214    90    80     7 -9999 -9999
1990 03 04 12    58  -174 10239    90    50     7 -9999     0
1990 03 04 18    -2  -201 10221    90    70     0 -9999     0
1990 03 04 21   -20  -229 10213    90    80     0 -9999 -9999
1990 03 05 00   -40  -218 -9999    90    60     7 -9999     0
1990 03 05 09    86  -128 10402    90    20     7 -9999 -9999
1990 03 05 12    37   -83 10229     0     0     0 -9999     0
1990 03 05 18   -40  -166 10239    90    20     4 -9999     0
1990 03 05 21   -74  -193 10244    90    10     7 -9999 -9999
1990 03 06 18   -58  -162 10311    90    30     0 -9999     0
1990 03 07 00    96  -185 10292   140    10     8 -9999     0
1990 03 07 09   104  -276 10273   270    40     8 -9999 -9999
1990 03 07 12    68  -180 10282   250    20     7 -9999     0
1990 03 07 18   -48  -222 10252    90    10     0 -9999     0
1990 03 07 21   -68  -278 10237    90    30     0 -9999 -9999
1990 03 08 00   -65  -252 10236    90    30     1 -9999     0
1990 03 08 06    90 -9999 10240   310   150     2 -9999 -9999
1990 03 08 09   127  -255 10185   270    40     7 -9999 -9999
1990 03 08 18    34  -164 10174   320    10     8 -9999     0
1990 03 08 21   -16  -222 10185     0     0     7 -9999 -9999
1990 03 09 00   -55  -192 10217     0     0     0 -9999     0
1990 03 09 09   127  -151 10175   270    40     0 -9999 -9999
1990 03 09 12    89 -9999 10201   250    20     0 -9999     0
1990 03 09 18 -9999 -9999 10213    90    30     0 -9999     0
1990 03 09 21   -14  -180 10199    90    60     8 -9999 -9999
1990 03 10 18    24  -177 10213    90    80     7 -9999     0
1990 03 10 21     8  -181 10210    90    40     7 -9999 -9999
1990 03 11 00   -22  -204 10182 -9999 -9999 -9999 -9999     0
1990 03 11 18    28  -211 10195    90    30     7 -9999     0
1990 03 11 21    31  -166 10175    90    50     8 -9999 -9999
1990 03 12 12    -1  -102 10295   290    60     7 -9999    -1
1990 03 12 18   -68  -141 10279   360    10     0 -9999     0
1990 03 12 21   -94  -151 10288     0     0     0 -9999 -9999
1990 03 13 18    -4  -207 10271    90    60     8 -9999     0
1990 03 13 21   -28  -249 10271    90    40     7 -9999 -9999
1990 03 14 00 -9999 -9999 -9999    90    30     5 -9999     0
1990 03 14 09 -9999 -9999 10231   270    40     1 -9999 -9999
1990 03 14 12   111  -138 10245   250    30     7 -9999     0
1990 03 14 21   -34   -99 10267    70    20     7 -9999 -9999
1990 03 15 12   117  -102 10263   200    20     0 -9999     0
1990 03 15 18    -8  -140 10251    90    20     0 -9999     0
1990 03 15 21    -5  -167 10230    90    40 -9999 -9999 -9999
1990 03 16 12   156   -63 10185   200    20     1 -9999     0
1990 03 16 21    38  -185 10137    90    80     1 -9999 -9999
1990 03 17 00 -9999 -9999 10154    90    40     6 -9999     0
1990 03 17 09   230  -170 10101    90    40     0 -9999 -9999
1990 03 17 18    61  -170 10103    90    40     0 -9999     0
1990 03 17 21    56  -162 10107    90    40     1 -9999 -9999
1990 03 18 00    14   -89 10152    40    20     2 -9999     0
1990 03 18 09   172  -119 10126   220    30     7 -9999 -9999
1990 03 18 12   123   -53 10153     0     0     7 -9999     0
1990 03 18 18    10 -9999 10141     0     0     0 -9999     0
1990 03 18 21    10   -96 10151     0     0     1 -9999 -9999
1990 03 19 00     5   -90 10172     0     0     7 -9999     0
1990 03 19 09   176   -56 10117   110    20     7 -9999 -9999
1990 03 19 12   140   -75 10127    90    30     7 -9999     0
1990 03 19 18    82  -106 10084    70    60     1 -9999     0
1990 03 19 21    46  -119 10072    90    60     1 -9999 -9999
1990 03 20 12   151   -98 10037    90    70     7 -9999     0
1990 03 20 18   112  -130 10032    90    60     2 -9999     0
1990 03 20 21    84   -95 10026    90    70     0 -9999 -9999
1990 03 21 21    50   -13 10550    40    60     8 -9999 -9999
1990 03 22 12    69   -18 10092    90   140     7 -9999     0
1990 03 22 18    58     3 10039    90   150     7 -9999     0
1990 03 23 12    52     9 10147    90    60     8 -9999 -9999
1990 03 23 18    33    16 10192    90    40     8 -9999     3
1990 03 23 21    32    18 10199    70    20     8 -9999 -9999
1990 03 24 00    27    10 10212     0     0     8 -9999     5
1990 03 24 12    26    11 10232    90    50     8 -9999    10
1990 03 25 12    10     5 10234    90    20     8 -9999    30
1990 03 25 18    10     2 10222    90    20     8 -9999     5
1990 03 25 21    11     6 10217     0     0     8 -9999 -9999
1990 03 26 09    70    15 10192   290    20     8 -9999 -9999
1990 03 26 12    68    15 10196   140    10     7 -9999     0
1990 03 26 18 -9999 -9999 10213    90    20     0 -9999     0
1990 03 26 21    10    -3 10197    90    30     0 -9999 -9999
1990 03 27 18    44    23 10226    40    20     1 -9999     1
1990 03 27 21 -9999 -9999 10217    90    10     2 -9999 -9999
1990 03 28 00 -9999 -9999 10173 -9999 -9999     7 -9999    -1
1990 03 28 18    48     7 10187    90    20     1 -9999     0
1990 03 28 21    24    -1 10182    90    30     0 -9999 -9999
1990 03 29 12   130   -39 -9999   220    30 -9999 -9999     0
1990 03 29 18    18   -16 10181    70    20     0 -9999     0
1990 03 29 21     8   -25 10172    90    20     0 -9999 -9999
1990 03 30 12   142   -35 -9999   270    20     1 -9999     0
1990 03 30 18 -9999 -9999 10119 -9999 -9999 -9999 -9999     0
1990 03 30 21    19   -33 10103    90    30     0 -9999 -9999
1990 03 31 00     9   -35 10110    90    20     0 -9999     0
1990 03 31 12   152   -65 10079   270    20     7 -9999     0
1990 04 01 12   124   -83 10158   270    50     7 -9999     0
1990 04 01 18    23   -56 10231    90    60     0 -9999     0
1990 04 01 21     2   -96 10229    90    50     0 -9999     0
1990 04 02 12    87  -140 10259    90    60     0 -9999     0
1990 04 02 18 -9999 -9999 10267    90   110     0 -9999     0
1990 04 02 21     0  -133 10268    90   100     0 -9999     0
1990 04 03 12   102   -70 10277   270    20     7 -9999     0
1990 04 03 18    10   -79 10275    90    20     0 -9999     0
1990 04 03 21     2  -111 10267    90    20     0 -9999     0
1990 04 04 12   147   -79 10181   220    20     1 -9999     0
1990 04 04 18    23   -56 10165    40    20     1 -9999     0
1990 04 04 21     2   -74 10145   110    10     7 -9999     0
1990 04 05 00    -7  -110 10160    90    30     7 -9999     0
1990 04 05 12   108  -131 10181   340    70     5 -9999     0
1990 04 05 18   113 -9999 -9999 -9999 -9999     7 -9999     0
1990 04 05 21   -17  -220 -9999   340    40     4 -9999     0
1990 04 06 09   110  -203 10270 -9999 -9999     0 -9999 -9999
1990 04 06 12    97  -138 10258   110    20     0 -9999     0
1990 04 06 18    18  -178 10219    90    40     0 -9999     0
1990 04 06 21     9  -200 10185    90    80     0 -9999     0
1990 04 07 00     4  -179 10184    90    80     0 -9999     0
1990 04 07 09   195  -104 10100    90    20     7 -9999 -9999
1990 04 07 12   140 -9999 10112    90    20     7 -9999     0
1990 04 07 18    72  -119 10106   220    30     1 -9999     0
1990 04 07 21     6  -147 10123   250    20     0 -9999     0
1990 04 08 00   -28  -109 10164   140    20     0 -9999     0
1990 04 08 09 -9999 -9999 10088   250    40     1 -9999 -9999
1990 04 08 18    20   -79 10089   110    20     7 -9999     0
1990 04 08 21    -4  -111 10083   110    20     6 -9999     0
1990 04 09 18    68   -67 10123    90    30     6 -9999     0
1990 04 09 21    27  -116 10158    90    30     0 -9999     0
1990 04 10 18     4  -225 10287    90    60     1 -9999     0
1990 04 10 21   -10  -223 10271    90    60     1 -9999     0
1990 04 11 12    80  -220 10230    90   150     7 -9999     0
1990 04 11 18    27 -9999 10215    90   130     0 -9999     0
1990 04 11 21     5  -231 10213    90   120     0 -9999     0
1990 04 12 12   123  -149 10183    90    30     6 -9999     0
1990 04 12 18    19  -151 10170    70    30     4 -9999     0
1990 04 12 21    29  -196 10147    90    40     8 -9999     0
1990 04 13 00    15 -9999 10178    90    40     2 -9999     0
1990 04 13 09   191  -137 10097   290    20     2 -9999 -9999
1990 04 13 12   167   -73 10103     0     0     0 -9999     0
1990 04 13 18    78  -156 10088    90    30     0 -9999     0
1990 04 13 21    36  -150 10097    90    40     1 -9999     0
1990 04 14 00 -9999 -9999 10114    90    40     7 -9999     0
1990 04 14 12   182   -86 10065   220    30     7 -9999     0
1990 04 14 18    60 -9999 10049    90    10     0 -9999     0
1990 04 15 09   214  -127 10008   270    40     7 -9999 -9999
1990 04 15 12   202   -67 10011   220    10     7 -9999     0
1990 04 15 18   108   -60 10015     0     0     7 -9999     0
1990 04 15 21    95   -51 10034     0     0     8 -9999     0
1990 04 16 12   199   -81 10030   270    20     1 -9999     0
1990 04 16 18   100   -21 10058     0     0     1 -9999     0
1990 04 16 21    60   -37 10056     0     0     0 -9999     0
1990 04 17 12   198   -73 -9999   320    90     7 -9999     0
1990 04 17 18   125   -43 10029   180    20     0 -9999     0
1990 04 17 21    77   -29 10031     0     0     7 -9999     0
1990 04 18 12   167  -100 -9999   110    70     7 -9999     0
1990 04 18 21    74  -197 10068    90    80     1 -9999     0
1990 04 19 12   180   -85 10030   110    20     7 -9999     0
1990 04 19 21    83   -93 10053   200    30     7 -9999     0
1990 04 20 12 -9999 -9999 -9999   290    30     7 -9999     0
1990 04 20 18    92   -20 10093   360    20     1 -9999     0
1990 04 21 12   162   -28 10112   340    60     8 -9999    -1
1990 04 21 18    68    23 10185    90    40     7 -9999    -1
1990 04 21 21    44    16 10199    90    20     0 -9999     0
1990 04 22 12   154   -89 -9999   290    30     7 -9999     0
1990 04 22 18    76   -36 10231    90    70     2 -9999     0
1990 04 23 12   163   -47 10182   360    30     5 -9999     0
1990 04 23 18    70    -2 10198     0     0     7 -9999     0
1990 04 24 09   190 -9999 10161   270    70     2 -9999 -9999
1990 04 24 12   170  -170 10164   290    50     0 -9999    -1
1990 04 24 18    42   -51 10197   220    10     0 -9999     0
1990 04 25 12   188   -47 10122   250    20     7 -9999     0
1990 04 25 18    64   -16 10121     0     0     0 -9999     0
1990 04 25 21    34   -62 10120    90    20     1 -9999     0
1990 04 26 12   215   -54 10091   270    20     7 -9999     0
1990 04 26 18   118   -54 10101    70    20     6 -9999     0
1990 04 26 21   103   -20 10108    70    20     0 -9999     0
1990 04 27 09 -9999 -9999 10055 -9999 -9999 -9999 -9999 -9999
1990 04 27 18   164   -71 10051    70    50     8 -9999     0
1990 04 28 12   198     2 10088   110    20     3 -9999     0
1990 04 28 18   151    14 10094 -9999 -9999     8 -9999     0
1990 04 28 21   115    19 10120   270    20     8 -9999     0
1990 04 29 18    82   -68 10153    90    20     2 -9999     0
1990 04 29 21    78   -43 10165   110    20     7 -9999     0
1990 04 30 00    80   -55 10170    90    40     7 -9999     0
1990 04 30 12   174   -12 10099   200    10     7 -9999     0
1990 04 30 18   128   -39 10105    20    50     8 -9999     0
1990 04 30 21    90   -41 10128   200    20     8 -9999     0
1990 05 01 12   104    12 10220   220    30     3 -9999    -1
1990 05 01 18    52     4 10258    70    20     3 -9999     0
1990 05 01 21    51    13 10277    90    20     8 -9999 -9999
1990 05 02 00 -9999 -9999 10294   110    30     4 -9999     5
1990 05 02 06   144   139 -9999    70    40     8 -9999 -9999
1990 05 02 12   126    -1 10262   180    30     8 -9999    -1
1990 05 02 18    59    15 10256    90    20     0 -9999     0
1990 05 02 21    35    11 10248   110    20     0 -9999     0
1990 05 03 18    50    -4 10175     0     0     0 -9999     0
1990 05 03 21    37   -66 10156    90    20     0 -9999     0
1990 05 04 12   250 -9999 -9999   250    60     7 -9999     0
1990 05 04 18   144    -3 10087   200    20     7 -9999     0
1990 05 04 21   104    15 10100     0     0     8 -9999     0
1990 05 05 12   267    14 10069   220    20     0 -9999     0
1990 05 05 21    98     1 10067     0     0     0 -9999     0
1990 05 06 09 -9999 -9999 -9999     0     0     0 -9999 -9999
1990 05 06 12   284    57 10013   220    10     0 -9999     0
1990 05 06 18   135    22 10019     0     0     7 -9999     0
1990 05 06 21   114   -26 10018    90    20     1 -9999     0
1990 05 07 12   288    31 10002   250    20     1 -9999     0
1990 05 07 18   181    14 10049    70    20     1 -9999     0
1990 05 07 21   146     9 10058    90    30     7 -9999     0
1990 05 08 12   272    41 10040 -9999 -9999     7 -9999     0
1990 05 08 18   196    11 10076   110    20     7 -9999     0
1990 05 08 21   164    34 10088    20    10     2 -9999     0
1990 05 09 12   255   100 10071     0     0     2 -9999     0
1990 05 09 18   156    16 10078 -9999 -9999     0 -9999     0
1990 05 10 12   277    53 -9999   250    10     6 -9999     0
1990 05 10 18   144    21 10057     0     0     3 -9999     0
1990 05 10 21   119     5 10067   110    20     4 -9999     0
1990 05 11 21   102    57 10135     0     0     1 -9999     0
1990 05 12 12   240    48 10110 -9999 -9999     6 -9999     0
1990 05 12 18   140    37 10096   110    10     6 -9999     0
1990 05 12 21   141     8 10084    70    20     7 -9999     0
1990 05 13 21    65    41 10160     0     0     1 -9999     0
1990 05 14 18    80    27 10155   180    10     0 -9999     0
1990 05 14 21    73   -40 10146    90    20     0 -9999     0
1990 05 15 12   246   -10 10079   140    20     0 -9999     0
1990 05 15 18   154     3 10095    90    50     0 -9999     0
1990 05 15 21   138    -4 10098    70    30     0 -9999     0
1990 05 16 12   256    72 10061   110    30     0 -9999     0
1990 05 16 18   160    -9 10069    40    30     0 -9999     0
1990 05 17 18   146     0 10074   110    10     1 -9999     0
1990 05 17 21   132    12 10097    70    20     0 -9999     0
1990 05 18 06   230   -18 10103   110    20     1 -9999     0
1990 05 18 18   135   -93 10107    90    50     0 -9999     0
1990 05 18 21   130   -95 10110    90    50     7 -9999     0
1990 05 19 18   153   -95 10092 -9999 -9999     0 -9999     0
1990 05 19 21   140  -108 10091    70    50     7 -9999     0
1990 05 20 18   150   -81 10079    90    30     3 -9999     0
1990 05 20 21   136   -65 10075    90    50     7 -9999     0
1990 05 21 12   250    18 10056   110    20     7 -9999     0
1990 05 21 18   162   -28 10075    90    20     1 -9999     0
1990 05 22 12   258   -56 10080    90    40     0 -9999     0
1990 05 22 18   158   -72 10109    90    50     0 -9999     0
1990 05 23 12   247   113 10100 -9999 -9999     7 -9999     0
1990 05 23 18   169    38 10097   110    20     7 -9999     0
1990 05 23 21   160     4 10096     0     0     0 -9999     0
1990 05 24 09   280     9 10069   220    30     7 -9999 -9999
1990 05 24 12   274    38 10068   270    20     2 -9999    -1
1990 05 24 18   180 -9999 10082   110    20     0 -9999     0
1990 05 24 21   150     3 -9999    70    20     7 -9999     0
1990 05 25 18   170    26 10044    70    10     1 -9999     0
1990 05 25 21   173    13 10055    90    40     8 -9999     0
1990 05 26 12   257 -9999 10000    90    60     7 -9999     0
1990 05 26 18   181   -64 10087   320    40     8 -9999     0
1990 05 26 21   143    25 10126   270    30     8 -9999     0
1990 05 27 00   111 -9999 10144   200    30     8 -9999    10
1990 05 27 06   152    38 10160   270    50     8 -9999     3
1990 05 27 11   143    33 -9999   250    60     1 -9999     3
1990 05 27 12   143    33 10192   250    60     1 -9999     3
1990 05 27 18    62    38 10209     0     0     0 -9999     0
1990 05 27 21    42    23 10202     0     0     0 -9999 -9999
1990 05 28 12   161 -9999 10168   270    20     6 -9999     0
1990 05 28 18    54    19 10189     0     0     0 -9999     0
1990 05 28 21    28     8 10192     0     0     0 -9999     0
1990 05 29 12   190    35 10131   250    10     6 -9999     0
1990 05 29 18   124    11 10149    90    40     0 -9999     0
1990 05 29 21   104     3 10148    90    40     0 -9999     0
1990 05 30 12   224  -108 10089    90    40     1 -9999     0
1990 05 30 18   131   -92 -9999    90    40     0 -9999     0
1990 05 30 21   110   -85 10090    90    30     0 -9999     0
1990 05 31 12   240    76 10060   220    10     7 -9999     0
1990 05 31 18   110   -12 10082   270    20     0 -9999     0
1990 06 01 12   276   128 10047     0     0     4 -9999     0
1990 06 01 18   178   -35 -9999   140    10     7 -9999     0
1990 06 01 21   170     1 10063    40    20     7 -9999     0
1990 06 02 09   295    21 10043   250    40     1 -9999 -9999
1990 06 02 12   213    -2 10046 -9999 -9999     5 -9999     0
1990 06 02 18   124    47 10057   270    10     0 -9999     0
1990 06 02 21    94    48 10055     0     0     0 -9999     0
1990 06 03 12   295    57  9989   290    10     1 -9999     0
1990 06 03 18   198    31  9985    90    10     0 -9999     0
1990 06 03 21   143    59  9994     0     0     4 -9999     0
1990 06 04 12   295    23  9942   290    40     1 -9999     0
1990 06 04 18   164    92  9952     0     0     1 -9999     0
1990 06 04 21   184    43  9955    40    20     7 -9999     0
1990 06 05 12   196    60 -9999 -9999 -9999     7 -9999    -1
1990 06 05 18   134    49 10106    90    20     0 -9999     0
1990 06 05 21   121   -57 10108    90    40     0 -9999     0
1990 06 06 00 -9999 -9999 10117   110    50     0 -9999     0
1990 06 06 12   248   -21 10060   320    30     7 -9999     0
1990 06 06 18   181   -25 -9999     0     0     5 -9999     0
1990 06 06 21   108   -26 10129   110    20     0 -9999 -9999
1990 06 07 12   259    61 10067     0     0     0 -9999     0
1990 06 07 18   126     0 10082    70    20     0 -9999     0
1990 06 07 21   128   -69 10077    90    20     0 -9999     0
1990 06 08 12   240   154 10021   250    10     7 -9999     0
1990 06 08 18   139    66 10012     0     0     7 -9999     0
1990 06 08 21   126    81 10015     0     0     8 -9999     0
1990 06 09 09   265   110 10014   220    10     8 -9999 -9999
1990 06 09 12   267    35  9999   250    30     8 -9999     0
1990 06 09 18   146    72 10019   220    20     1 -9999     0
1990 06 09 21   116    82 10026     0     0     2 -9999     0
1990 06 10 12   289    58 10003   110    60     1 -9999    -1
1990 06 10 18   213    38 10011    70    40     0 -9999     0
1990 06 10 21   202    46 10012    70    40     0 -9999     0
1990 06 11 12   301    32  9963    10    60     1 -9999     0
1990 06 11 18   216    38  9969    90    30     6 -9999     0
1990 06 11 21   231    15  9959    70    30     7 -9999     0
1990 06 12 00   210    37  9973    70    40     1 -9999     0
1990 06 12 21   224    67  9963    90    30     8 -9999     0
1990 06 13 09   299    78  9980   110    20     7 -9999 -9999
1990 06 13 12   267    80  9992    70    40     1 -9999     0
1990 06 13 21 -9999 -9999 10024    90    60     0 -9999     0
1990 06 14 09   294    73  9980    90    60     7 -9999 -9999
1990 06 14 12   291    31 -9999    90    70     7 -9999     0
1990 06 14 18   240    34  9974    90    40     5 -9999     0
1990 06 14 21 -9999 -9999 -9999    90    20     2 -9999     0
1990 06 15 12   303   115  9943   340    30     7 -9999     0
1990 06 15 21   196   106 10036     0     0     8 -9999 -9999
1990 06 16 12   264    75 10030   250    20     1 -9999     0
1990 06 16 18   199    54 10043    40    40     0 -9999     0
1990 06 16 21   146    87 10057   140    20     0 -9999 -9999
1990 06 17 12   242   139 10018     0     0     2 -9999     0
1990 06 17 18   186    17 10020   110    20     0 -9999     0
1990 06 18 18   139    81 10123     0     0     1 -9999     1
1990 06 18 21   101    78 10130     0     0     0 -9999     0
1990 06 19 00   148    78 10132     0     0     0 -9999     0
1990 06 19 18   150    65 10042     0     0     0 -9999     0
1990 06 19 21   115    72 10045     0     0     0 -9999     0
1990 06 20 12 -9999 -9999 -9999   270    30     1 -9999     0
1990 06 20 21   125    30 10032     0     0     0 -9999     0
1990 06 21 18   228    82 10007 -9999 -9999 -9999 -9999     0
1990 06 21 21   178    36 10013   110    20     1 -9999     0
1990 06 22 12   253 -9999  9983   320    30     7 -9999     0
1990 06 22 18   257    55 10015   250    60     8 -9999    -1
1990 06 22 21   178   110 10028     0     0     7 -9999     0
1990 06 23 12   244    87 -9999   270    20     7 -9999    10
1990 06 23 18   160   131 10050     0     0     1 -9999     0
1990 06 23 21   144   101 10042     0     0     1 -9999 -9999
1990 06 24 09   294   103  9999   250    40     7 -9999 -9999
1990 06 24 12   263   131  9993   290    20     7 -9999    -1
1990 06 24 18   158   109  9987     0     0     0 -9999     0
1990 06 24 21   156    69  9988    90    20     1 -9999     0
1990 06 25 12   281   114  9958   270    20     7 -9999     0
1990 06 25 18   202    88  9976     0     0     7 -9999     0
1990 06 25 21   181   -94  9979    70    20     2 -9999     0
1990 06 26 12   288    96  9966   320    30     7 -9999     0
1990 06 26 18   234    45  9981   270    20     8 -9999     0
1990 06 26 21   158    42  9992     0     0     1 -9999     0
1990 06 27 12 -9999 -9999 -9999   270    20     7 -9999     0
1990 06 27 18   196    93 -9999 -9999 -9999     1 -9999     0
1990 06 27 21   158    55  9971     0     0     0 -9999     0
1990 06 28 11   250    63 10012   290    20     7 -9999    -1
1990 06 28 12   315    17  9954   320    40     7 -9999     0
1990 06 28 18   250    63 10012   290    20     7 -9999    -1
1990 06 28 21   206   116 10021     0     0     8 -9999 -9999
1990 06 29 12   249    53 10052   270    50     1 -9999    -1
1990 06 29 18   144    69 10084     0     0     0 -9999     0
1990 06 29 21   127    45 10086    90    10     0 -9999     0
1990 06 30 00   154    59 10077    90    20     7 -9999     0
1990 06 30 12   269   112 10021   180    20     5 -9999     0
1990 06 30 18   165    87 -9999     0     0     1 -9999     0
1990 06 30 21   149    64 10025     0     0     1 -9999     0
1990 07 01 12   301   140  9997     0     0     1 -9999     0
1990 07 01 18   188    61  9925    70    10     0 -9999     0
1990 07 01 21   196   -10  9911    90    30     0 -9999     0
1990 07 02 12   272    51  9953   250    40     8 -9999     0
1990 07 02 18   215    90  9967   140    20     7 -9999    -1
1990 07 02 21   202    88  9995   270    40     7 -9999 -9999
1990 07 03 12   249   166 -9999     0     0     7 -9999     0
1990 07 03 18   193   106  9996    20    30     7 -9999     1
1990 07 03 21   171   112 10001     0     0     7 -9999 -9999
1990 07 04 18   213    65  9981    70    20     7 -9999     0
1990 07 04 21   212    79 10011     0     0     7 -9999     0
1990 07 05 00 -9999 -9999 10042 -9999 -9999     8 -9999    -1
1990 07 05 21   130    90 10066     0     0     0 -9999     0
1990 07 06 09   309    76 10029   320    20     1 -9999 -9999
1990 07 06 12   286    97 -9999   270    20     2 -9999     0
1990 07 06 18   181    54 10033 -9999 -9999     0 -9999     0
1990 07 06 21   181    54 -9999    90    30     0 -9999     0
1990 07 07 12   290   124  9974   250    20     4 -9999     0
1990 07 07 18   230   104  9996     0     0     7 -9999     0
1990 07 07 21   166    98  9989     0     0     1 -9999     0
1990 07 08 12   295   201  9949     0     0     6 -9999     0
1990 07 08 18   218    71  9931     0     0     2 -9999     0
1990 07 08 21   162   102  9973     0     0     0 -9999     0
1990 07 09 09   355   105  9916     0     0     1 -9999 -9999
1990 07 09 12 -9999 -9999  9910   200    10     1 -9999     0
1990 07 09 18   244    42  9921   110    40     1 -9999     0
1990 07 09 21   218    44  9921   110    30     4 -9999     0
1990 07 10 12   324    88  9869    70    40     8 -9999     0
1990 07 10 18   295    52  9881    70    60     8 -9999     0
1990 07 10 21   265    62  9894    70    50     8 -9999 -9999
1990 07 11 12   181   160 10023   180    20     8 -9999    30
1990 07 11 18   167   151 10031     0     0     6 -9999    -1
1990 07 11 21   156   146 10041     0     0     6 -9999 -9999
1990 07 12 12   281   147  9990   270    20     1 -9999     0
1990 07 12 18   207   110 10006   140    20     7 -9999     0
1990 07 12 21   172   128 10023     0     0     7 -9999     0
1990 07 13 00   193   144 10025     0     0     7 -9999     0
1990 07 13 09   311   100 -9999   270    30     7 -9999 -9999
1990 07 13 12   292   144  9986     0     0     2 -9999     0
1990 07 13 18   182   121  9997     0     0     0 -9999     0
1990 07 14 12   318   240 -9999   220    30     1 -9999     0
1990 07 14 18 -9999 -9999 10000    20    30     0 -9999     0
1990 07 14 21   176    74 10027 -9999 -9999     0 -9999     0
1990 07 15 00   186    93 10043     0     0     6 -9999     0
1990 07 15 09   296    96 10039   250    20     7 -9999 -9999
1990 07 15 12   277   114 10034   270    20     7 -9999     0
1990 07 15 18   190    90 10047   200    20     7 -9999     0
1990 07 15 21   158    76 10051     0     0     5 -9999     0
1990 07 16 12   280    89 10029   270    20     7 -9999     0
1990 07 16 21   178   124 10012     0     0     7 -9999     0
1990 07 17 18   177   113  9985     0     0     0 -9999     0
1990 07 18 12   306    75 -9999    90    50     7 -9999     0
1990 07 18 18   243    70  9977   220    20     8 -9999     0
1990 07 18 21   236    89  9981   220    30     8 -9999     0
1990 07 19 12 -9999 -9999 10048     0     0     8 -9999 -9999
1990 07 19 18   178   149 10067     0     0     8 -9999     1
1990 07 19 21   160   141 10006 -9999 -9999     3 -9999 -9999
1990 07 20 12   266   103 10009   220    20     7 -9999     0
1990 07 20 18   175   128 10015     0     0     1 -9999     0
1990 07 20 21   142   114 10013     0     0     0 -9999     0
1990 07 21 00   180 -9999 10015    90    20     0 -9999     0
1990 07 21 12   301   154  9951   220    10     0 -9999     0
1990 07 21 21   183    77  9950    90    20     0 -9999     0
1990 07 22 00   201    91  9963    90    40     2 -9999     0
1990 07 22 18   279    74  9918    90    30     7 -9999     0
1990 07 22 21   252    75  9926    90    30     7 -9999     0
1990 07 23 12   304   156  9953     0     0     7 -9999     0
1990 07 23 18   263    91  9971   340    40     7 -9999     0
1990 07 23 21   230   132 10009   360    50     7 -9999     0
1990 07 24 12   205   144 10073 -9999 -9999     8 -9999     1
1990 07 24 18   162   149 10099 -9999 -9999     0 -9999    -1
1990 07 24 21   148   141 10092     0     0     0 -9999 -9999
1990 07 25 12   249   117 10048   250    30     1 -9999     0
1990 07 25 18   168   127 10048   200    10     0 -9999     0
1990 07 25 21   144   127 10046 -9999 -9999     0 -9999 -9999
1990 07 26 12   283   125  9984   220    10     1 -9999     0
1990 07 26 18   167   132  9993     0     0     0 -9999     0
1990 07 26 21   194    73  9983   110    40     0 -9999     0
1990 07 27 12   259    80 10018   270    30     7 -9999     0
1990 07 27 18   167   111 10035     0     0     1 -9999     0
1990 07 27 21   130   112 10061     0     0     0 -9999     0
1990 07 28 12 -9999 -9999 10023   200    10     7 -9999     0
1990 07 28 18   182    88 10033     0     0     1 -9999     0
1990 07 28 21   195    54 10034   110    20     0 -9999     0
1990 07 29 12   287    79 10048   270    10     1 -9999     0
1990 07 29 18   156   106 -9999     0     0     0 -9999     0
1990 07 29 21   146    83 10077     0     0     0 -9999     0
1990 07 30 12   289   -25 10035     0     0     1 -9999     0
1990 07 30 18   156    86 10053   110    10     0 -9999     0
1990 07 30 21   145    64 10061    90    20     1 -9999     0
1990 07 31 12   279   103 10071   250    30     1 -9999    -1
1990 07 31 18   152   117 10082     0     0     1 -9999     0
1990 07 31 21   127    98 10082     0     0     0 -9999     0
1990 08 01 12   311   115 10027   220    30     0 -9999     0
1990 08 01 18   172   113 10029     0     0     0 -9999     0
1990 08 01 21   157    67 10025     0     0     0 -9999     0
1990 08 02 12   313   196 10003     0     0     1 -9999     0
1990 08 02 18   254    29  9987    90    20     0 -9999     0
1990 08 02 21   179    64  9999     0     0     1 -9999     0
1990 08 03 12   333   100  9972   140    20     1 -9999     0
1990 08 03 18   254    26 -9999    90    20     0 -9999     0
1990 08 03 21   260    72  9958    40    60     0 -9999     0
1990 08 04 11   331 -9999  9960    90    50     7 -9999     0
1990 08 04 18   222    88  9991     0     0     5 -9999     0
1990 08 04 21   221    32  9991   110    20     1 -9999     0
1990 08 05 12   294    69 10020   220   370     8 -9999     0
1990 08 05 21   227    60 10056   110    30     8 -9999     0
1990 08 06 12   234   138 -9999   320    30     6 -9999     0
1990 08 06 18   166   106 10096     0     0     0 -9999 -9999
1990 08 06 21   158   101 10086    90    20     1 -9999     0
1990 08 07 06   126   112 10187   300    50     7 -9999     0
1990 08 07 12   270   172 10045     0     0     5 -9999    -1
1990 08 07 18   191    81 10033   140    20     1 -9999     0
1990 08 07 21   182    75 10031   110    20     3 -9999     0
1990 08 08 12   274   164  9998     0     0     1 -9999     0
1990 08 08 18 -9999 -9999 10006     0     0     1 -9999     0
1990 08 08 21   168    29  9995    90    20     1 -9999     0
1990 08 09 12   296   113  9959   270    20     6 -9999     0
1990 08 09 18   253    55  9960    90    40     6 -9999     0
1990 08 09 21   215    69  9968   140    20     5 -9999     0
1990 08 10 00   198 -9999  9993    40    20     5 -9999     0
1990 08 10 06   314   243 10045   220    30     2 -9999     0
1990 08 10 12   182   137 -9999     0     0     7 -9999     3
1990 08 10 21   131   110 10083     0     0     7 -9999     0
1990 08 11 18   160    49 10086    90    10     2 -9999     0
1990 08 11 21   108    73 10095   360    20     1 -9999     0
1990 08 12 12   229    56 10078   270    20     2 -9999     0
1990 08 12 18   110 -9999 10101     0     0     0 -9999 -9999
1990 08 12 21   104    39 10094   110    20     0 -9999     0
1990 08 13 12   239   134 10025     0     0     7 -9999     0
1990 08 13 18   180 -9999 10007    90    30     0 -9999     0
1990 08 13 21   173   -20 10001    90    30     8 -9999     0
1990 08 14 00   199   -10 10026   190    40     7 -9999     0
1990 08 14 12 -9999 -9999 10001    90    20     1 -9999     0
1990 08 14 18   210    46 10012    90    30     0 -9999     0
1990 08 14 21   192    37 10019    90    30     0 -9999     0
1990 08 15 21   204    69 -9999     0     0     7 -9999     0
1990 08 16 12   242    97 10103   250    30     7 -9999     0
1990 08 16 18   130    93 10128     0     0     0 -9999     0
1990 08 16 21   100    68 10130     0     0     0 -9999     0
1990 08 17 18   139    65 -9999 -9999 -9999     0 -9999     0
1990 08 17 21   111    68 10062     0     0     0 -9999     0
1990 08 18 12   274   108 10017   220    20     2 -9999     0
1990 08 18 18   177    61 -9999 -9999 -9999     0 -9999     0
1990 08 18 21   140    38 10012    90    10     0 -9999     0
1990 08 19 09 -9999 -9999 10015   320    40 -9999 -9999 -9999
1990 08 19 12 -9999 -9999 10012 -9999 -9999 -9999 -9999     0
1990 08 19 21   273   249  9983    20    50     8 -9999 -9999
1990 08 20 12   270   110 10034   270    20     1 -9999     0
1990 08 20 18   183    62 10056    90    20     0 -9999     0
1990 08 20 21   129    71 10069     0     0     0 -9999     0
1990 08 21 12 -9999 -9999 10024     0     0     3 -9999     0
1990 08 21 18   178    74 10024     0     0     0 -9999     0
1990 08 21 21   138    45 10023   110    20     0 -9999     0
1990 08 22 12   301    45  9973   110    30     1 -9999     0
1990 08 22 18   219 -9999  9987    90    30     1 -9999     0
1990 08 23 12   297    12  9982    90    50     1 -9999     0
1990 08 23 21   204    35  9995    90    60     4 -9999     0
1990 08 24 12   219   143 10075     0     0     7 -9999    -1
1990 08 24 18   142   114 -9999     0     0     0 -9999     0
1990 08 24 21   170   111 10082    40    30     7 -9999     0
1990 08 25 12   238   160 10047     0     0     1 -9999     0
1990 08 25 18   183    64 10046    90    30     1 -9999     0
1990 08 25 21   168    -5 10042   110    30     0 -9999     0
1990 08 26 12   237   104 10853     0     0     7 -9999 -9999
1990 08 26 18   190    92 10056 -9999 -9999     7 -9999     0
1990 08 27 12   247    76 10119   270    30     2 -9999     0
1990 08 27 18   118    80 10145     0     0     3 -9999     0
1990 08 27 21   101    52 -9999     0     0     1 -9999     0
1990 08 28 09   298    64 10113   250    30     1 -9999 -9999
1990 08 28 12   248    62 10113   220    20     0 -9999     0
1990 08 28 18   114    69 10115 -9999 -9999 -9999 -9999     0
1990 08 28 21   104     0 10117    90    20     0 -9999     0
1990 08 29 18   189    24 10072    40    20     0 -9999     0
1990 08 29 21   174    -5 10071    70    30     0 -9999     0
1990 08 30 12   243   163 -9999 -9999 -9999     1 -9999     0
1990 08 30 18   172    18 10041    90    20     0 -9999     0
1990 08 30 21   130    26 10046     0     0     0 -9999     0
1990 08 31 12   349 -9999 -9999     0     0     7 -9999     0
1990 08 31 18   180    25 10034    70    20     7 -9999     0
1990 08 31 21   135    51 10046     0     0     2 -9999     0
1990 09 01 18   229    58 10055    70    30     7 -9999     0
1990 09 02 12   245   111 10049 -9999 -9999     5 -9999     0
1990 09 02 21   165    71 10055     0     0     0 -9999     0
1990 09 03 18 -9999 -9999 10017    70    30     0 -9999     0
1990 09 04 12   298 -9999  9954    90    40 -9999 -9999     0
1990 09 04 18   224    -3  9925    90    70     3 -9999     0
1990 09 05 12   271    62  9984   270    30     8 -9999     0
1990 09 05 18   230    97  9980    90    30     8 -9999    -1
1990 09 05 21   210    54  9998    70    30     8 -9999     0
1990 09 06 12   140   131 10148     0     0     7 -9999     5
1990 09 06 18 -9999 -9999 -9999    90    20     1 -9999     0
1990 09 06 21   101    72 10199    90    20     1 -9999     0
1990 09 07 18   131    77 10128     0     0     0 -9999     0
1990 09 07 21   103    72 10132     0     0     4 -9999     0
1990 09 08 18   135    33 10100     0     0     9 -9999     0
1990 09 08 21   110    38 10101     0     0     2 -9999     0
1990 09 09 12   270 -9999 10015    40    40     8 -9999     0
1990 09 09 21    93   -56 10099   110    20     0 -9999     0
1990 09 10 12   199    90 10110     0     0     7 -9999     0
1990 09 10 18    97    32 10095   210    20     4 -9999     0
1990 09 10 21   124   -31 10094    90    20     6 -9999     0
1990 09 11 21    89     9 10113     0     0     0 -9999     0
1990 09 12 18   134    17 10125     0     0     0 -9999     0
1990 09 12 21   100     9 10145     0     0     1 -9999     0
1990 09 13 12   198    77 10142 -9999 -9999     0 -9999     0
1990 09 13 18   152   -53 -9999   110    20     0 -9999     0
1990 09 14 21    86    -4 10153     0     0     0 -9999     0
1990 09 15 21    55    18 10211     0     0     8 -9999     0
1990 09 16 12   202 -9999 10200     0     0     0 -9999 -9999
1990 09 16 18    81    31 10191     0     0     0 -9999     0
1990 09 16 21    63    19 -9999     0     0     0 -9999     0
1990 09 17 18    86    21 10072     0     0     0 -9999     0
1990 09 17 21    80   -62 10065   110    20     0 -9999     0
1990 09 18 18   171   -32 10018 -9999 -9999     0 -9999     0
1990 09 18 21   148   -43 10004    90    40     0 -9999     0
1990 09 19 12   214 -9999 -9999   110    30     7 -9999     0
1990 09 19 18   142   -70 10087    90    50     1 -9999     0
1990 09 19 21   114  -114 10089    90    40     0 -9999     0
1990 09 20 09   256    26 10082    90    30     0 -9999 -9999
1990 09 20 21 -9999 -9999 10110    90    90     0 -9999     0
1990 09 21 18   152   -72 10123   110    20     1 -9999     0
1990 09 22 18 -9999 -9999 10120    90    20     0 -9999     0
1990 09 22 21    90   -45 10123    90    20     0 -9999     0
1990 09 23 21    86   -37 10110   110    10     0 -9999     0
1990 09 24 12   174    69 10104 -9999 -9999     7 -9999     0
1990 09 24 21    77    18 10139     0     0     1 -9999     0
1990 09 25 09   245 -9999 10154     0     0     1 -9999 -9999
1990 09 25 18    74    19 10195     0     0     0 -9999     0
1990 09 25 21    72    -5 10186   110    20     0 -9999     0
1990 09 26 00   108    73 10139   270    40     7 -9999     0
1990 09 26 21    27   -40 10181     0     0     0 -9999     0
1990 09 27 21    52    -8 10165     0     0     0 -9999     0
1990 09 28 12 -9999 -9999 10160 -9999 -9999 -9999 -9999     0
1990 09 28 18   117   -75 10153   110    40     0 -9999     0
1990 09 28 21   110   -86 10156    90    40     0 -9999     0
1990 09 29 12   146    29 10185     0     0     0 -9999     0
1990 09 29 18   127   -93 -9999    90    40     0 -9999     0
1990 09 29 21    93  -105 10175    90    40     0 -9999     0
1990 09 30 18   128   -80 10188    70    30     0 -9999     0
1990 09 30 21    85   -86 10188    90    40     0 -9999     0
1990 10 01 18    46   -34 10178     0     0     0 -9999     0
1990 10 02 00 -9999 -9999 10197   100    40 -9999 -9999     0
1990 10 02 12   144 -9999 10163 -9999 -9999     0 -9999     0
1990 10 02 18 -9999 -9999 -9999 -9999 -9999 -9999 -9999     0
1990 10 02 21    17   -85 10173     0     0     0 -9999     0
1990 10 03 12   139    41 -9999 -9999 -9999     0 -9999     0
1990 10 03 18    65   -57 -9999     0     0     0 -9999     0
1990 10 04 18 -9999 -9999 10159     0     0     7 -9999     0
1990 10 04 21    87   -36 10162     0     0     8 -9999     0
1990 10 05 18   100   -20 10188    90    30     1 -9999     0
1990 10 05 21    73   -44 10180    90    20     7 -9999     0
1990 10 06 09   252   -30 10139    70    30     0 -9999 -9999
1990 10 06 12   200   -42 10161    90    40     0 -9999     0
1990 10 06 18   130     5 10136    90    60     0 -9999     0
1990 10 06 21   104   -16 10135    90    50     0 -9999     0
1990 10 07 18   149    22 10164    90    40     7 -9999     0
1990 10 07 21   115    13 10172    90    40     1 -9999     0
1990 10 08 12   186    28 10168    70    20     1 -9999     0
1990 10 08 18   100    17 -9999    70    20     0 -9999     0
1990 10 08 21    99    -1 10159    90    20     0 -9999     0
1990 10 09 05   234 -9999 10135   180    20     0 -9999 -9999
1990 10 09 21    94    -5 -9999    90    20     0 -9999     0
1990 10 10 12   159    53 10209     0     0     4 -9999     0
1990 10 10 21    75    18 -9999 -9999 -9999     1 -9999     0
1990 10 11 09   210   -50 -9999   290    40     0 -9999 -9999
1990 10 11 12   156   -20 10070   340    10     0 -9999     0
1990 10 11 18    22   -40 10253     0     0     0 -9999     0
1990 10 11 21    17 -9999 10243     0     0     0 -9999     0
1990 10 12 00    11   -20 10263    90    10     1 -9999 -9999
1990 10 12 12   111     1 10235 -9999 -9999     0 -9999     0
1990 10 12 18    25   -43 10213     0     0     0 -9999     0
1990 10 12 21    12  -113 10204    90    10     0 -9999     0
1990 10 13 18   103  -114 10145    90    50     0 -9999     0
1990 10 13 21    82   -86 10139    90    40     0 -9999     0
1990 10 14 12   172   -78 10159 -9999 -9999     7 -9999     0
1990 10 14 21    87   -63 10181    90    70     0 -9999     0
1990 10 15 18   118   -42 10160    90    20     8 -9999     0
1990 10 15 21   105   -31 10148   140    20     7 -9999 -9999
1990 10 16 12   105    19 10170     0     0     0 -9999     0
1990 10 16 18    72    35 10187    90    30     0 -9999     0
1990 10 16 21    48 -9999 10190    70    20     0 -9999 -9999
1990 10 17 00    43    17 10238   110    30     0 -9999     0
1990 10 17 12    92    46 10211     0     0     0 -9999     0
1990 10 17 18    86     2 10169    90    50     0 -9999     0
1990 10 17 21    63   -17 10152    90    40     0 -9999 -9999
1990 10 18 12   144     3 10112    90    70     0 -9999     0
1990 10 18 18   102   -18 10091    70    80     0 -9999     0
1990 10 18 21    76   -15 10085    70    70     0 -9999 -9999
1990 10 19 09   163    24 10089     0     0     8 -9999 -9999
1990 10 19 12   123    66 10111     0     0     7 -9999     0
1990 10 19 18    81    10 10124    70    20     1 -9999     0
1990 10 19 21    58     0 10151     0     0     2 -9999 -9999
1990 10 20 00    56    14 10182     0     0     8 -9999     0
1990 10 20 12   124  -141 10241   250    50     8 -9999 -9999
1990 10 20 18    82   -69 10255   270    30     8 -9999     0
1990 10 20 21    49   -24 10245     0     0     8 -9999 -9999
1990 10 21 09   130   -53 10222     0     0     8 -9999 -9999
1990 10 21 12    55    -7 10262     0     0     7 -9999     0
1990 10 21 18    14   -40 10260     0     0     8 -9999     0
1990 10 21 21    -2   -76 10258     0     0     8 -9999 -9999
1990 10 22 09   116   -64 10276   250    30     7 -9999 -9999
1990 10 22 18    45   -51 10347   290    30     8 -9999     0
1990 10 22 21     4   -50 10381   340    20     0 -9999 -9999
1990 10 23 12    -4   -75 10415     0     0     0 -9999     0
1990 10 23 18    -2  -148 10361 -9999 -9999     0 -9999     0
1990 10 23 21   -20   -89 10342    90    40     0 -9999 -9999
1990 10 24 12    41  -100 10320     0     0     0 -9999     0
1990 10 24 21   -38  -126 10275   110    20     0 -9999 -9999
1990 10 25 00   -55  -163 10326   110    20     0 -9999     0
1990 10 25 21   -55  -185 10288    90    20     0 -9999 -9999
1990 10 26 00  -110  -178 10324    90    20     0 -9999     0
1990 10 26 18   -26   -79 10260     0     0 -9999 -9999     0
1990 10 26 21   -41  -142 10250    90    20     0 -9999 -9999
1990 10 27 12    52   -75 10250     0     0     0 -9999     0
1990 10 27 21   -35  -156 -9999     0     0     0 -9999 -9999
1990 10 28 00   -52  -176 10252     0     0     7 -9999     0
1990 10 28 12    59   -67 10226     0     0     0 -9999     0
1990 10 29 09   181   -64 10159     0     0     1 -9999 -9999
1990 10 29 12    66   -51 -9999     0     0     1 -9999     0
1990 10 29 18    -5   -92 10156     0     0     1 -9999     0
1990 10 29 21     2  -131 10151    90    20     0 -9999 -9999
1990 10 30 09   148   -40 10180 -9999 -9999     7 -9999 -9999
1990 10 30 12    55   -35 10214     0     0     1 -9999     0
1990 10 30 18    39  -108 10167    90    50     1 -9999     0
1990 10 30 21    11  -137 10150    90    40     0 -9999 -9999
1990 10 31 00    13  -139 10178   110    30     1 -9999     0
1990 10 31 18    54  -154 10180    70    70     2 -9999 -9999
1990 11 01 12    85   -90 10217   190    30 -9999 -9999     0
1990 11 01 18    21  -117 10197    90    30     1 -9999     0
1990 11 01 21     3  -103 10192    90    40     1 -9999 -9999
1990 11 02 09   170   -44 10180   250    30     1 -9999 -9999
1990 11 02 12   105   -35 10212   250    10     2 -9999     0
1990 11 02 18     3   -90 10197     0     0     1 -9999     0
1990 11 02 21   -24   -53 10196     0     0     0 -9999 -9999
1990 11 03 12    60   -45 10177     0     0     0 -9999     0
1990 11 03 18     8   -77 10141    90    10     8 -9999     0
1990 11 03 21    12   -84 10147   110    20     8 -9999 -9999
1990 11 04 00    19  -104 10194   250    20     7 -9999     0
1990 11 04 09   150  -105 10171   270    90     7 -9999 -9999
1990 11 04 12   109   -93 -9999   290    50     0 -9999     0
1990 11 04 18    12   -12 -9999     0     0     2 -9999     0
1990 11 04 21    -8   -61 10203     0     0     1 -9999 -9999
1990 11 05 12    80 -9999 10163     0     0     2 -9999     0
1990 11 05 18    21   -78 10150    90    20     8 -9999     0
1990 11 05 21     6   -61 10166     0     0     8 -9999 -9999
1990 11 06 09   148   -55 10145    90    20     7 -9999 -9999
1990 11 06 12 -9999 -9999 10163    70    20     7 -9999     0
1990 11 06 18    58    -6 10162    90    30     8 -9999     0
1990 11 06 21    50   -19 10200   340    10     7 -9999 -9999
1990 11 07 12     0    -3 10405   270    20     8 -9999    30
1990 11 07 18   -11   -12 10453   270    30     8 -9999     5
1990 11 07 21   -12 -9999 10461 -9999 -9999     8 -9999 -9999
1990 11 08 00   -22   -31 10470     0     0     7 -9999 -9999
1990 11 08 09    66 -9999 10421   180    10     0 -9999 -9999
1990 11 08 18   -34   -60 10392    90    20     0 -9999     0
1990 11 08 21   -34   -95 -9999    90    30     0 -9999 -9999
1990 11 09 12    79 -9999 10298   270    20     1 -9999     0
1990 11 09 18    -7   -21 10286     0     0 -9999 -9999     0
1990 11 09 21   -28   -34 10285     0     0     0 -9999 -9999
1990 11 10 12    33   -46 10320   250    20     0 -9999     0
1990 11 10 18   -34   -60 10310     0     0     0 -9999     0
1990 11 10 21   -49   -77 10309     0     0     0 -9999 -9999
1990 11 11 00   -58   -88 10324    90    20     0 -9999     0
1990 11 11 12    14 -9999 -9999 -9999 -9999     0 -9999     0
1990 11 11 18   -32   -43 10314     0     0     7 -9999     0
1990 11 12 12 -9999 -9999 10334     0     0     0 -9999     0
1990 11 12 18   -20  -117 10296    90    20     0 -9999     0
1990 11 12 21   -50  -124 10300    40    10     0 -9999 -9999
1990 11 13 09 -9999 -9999 10275   220    30     7 -9999 -9999
1990 11 13 12    32   -40 10310     0     0     1 -9999     0
1990 11 13 18   -12   -74 -9999    90    20     0 -9999     0
1990 11 13 21   -21   -93 10265    90    20     0 -9999 -9999
1990 11 14 09   195   -31 10172   160    20 -9999 -9999 -9999
1990 11 14 12    69   -15 10199     0     0     0 -9999     0
1990 11 14 18    22   -99 10134    90    40     0 -9999     0
1990 11 15 09    98   -21 10170     0     0     8 -9999 -9999
1990 11 15 12    65   -21 10220   290    20     7 -9999     0
1990 11 15 18     6   -21 10240     0     0     3 -9999     0
1990 11 15 21    -7   -33 10260   200    10     4 -9999 -9999
1990 11 16 12    44   -21 10279     0     0     1 -9999     0
1990 11 16 18   -20   -51 10266    90    20     0 -9999     0
1990 11 16 21   -26   -71 10251    90    20     2 -9999 -9999
1990 11 17 09   119   -40 10198    90    30     0 -9999 -9999
1990 11 17 12    52   -40 10228    70    30     0 -9999     0
1990 11 17 18   -22   -75 10220    90    20     0 -9999     0
1990 11 17 21   -31   -78 10237    90    20     1 -9999 -9999
1990 11 18 09   103   -43 10247   220    30     5 -9999 -9999
1990 11 18 12    43   -39 -9999   270    20     7 -9999     0
1990 11 18 18   -17  -117 10316    90    60     3 -9999     0
1990 11 18 21   -36  -134 10328    90    80     1 -9999 -9999
1990 11 19 09    22  -255 10352    90   120     0 -9999 -9999
1990 11 19 12   -12  -305 10388    90    70     0 -9999     0
1990 11 19 18   -51  -276 10392    90    70     0 -9999     0
1990 11 19 21   -67  -297 10398    70    70     0 -9999 -9999
1990 11 20 00 -9999 -9999 10409 -9999 -9999 -9999 -9999 -9999
1990 11 20 09    15  -203 10371    90   120     0 -9999 -9999
1990 11 20 12   -17  -279 10395    90    80     1 -9999     0
1990 11 20 21   -65  -242 10367    90    70     0 -9999 -9999
1990 11 21 00   -73  -243 10393 -9999 -9999     0 -9999     0
1990 11 21 09    42  -146 10357     0     0     2 -9999 -9999
1990 11 21 12   -24  -185 10393   250    30     1 -9999     0
1990 11 21 18   -88  -168 10388    90    10     0 -9999     0
1990 11 21 21  -102  -159 10382    90    20     0 -9999 -9999
1990 11 22 00  -113  -177 10402    90    30     0 -9999     0
1990 11 22 09    49  -148 10343   250    20     0 -9999 -9999
1990 11 22 12   -26  -117 10372     0     0     0 -9999     0
1990 11 22 21   -90  -152 10322    90    20     0 -9999 -9999
1990 11 23 09    64  -100 10299 -9999 -9999     7 -9999 -9999
1990 11 23 12     8  -101 10358 -9999 -9999     2 -9999     0
1990 11 23 18   -54  -110 10376   270    10     1 -9999     0
1990 11 23 21   -77  -108 10378     0     0     1 -9999 -9999
1990 11 24 00   -97 -9999 10398 -9999 -9999     1 -9999     0
1990 11 24 12   -81   -83 10417   270    20     7 -9999     0
1990 11 24 18   -54  -101 10372     0     0     1 -9999     0
1990 11 24 21   -68  -106 10363     0     0     0 -9999 -9999
1990 11 25 12    -6   -78 -9999     0     0     2 -9999     0
1990 11 25 18   -62  -127 10291   110    30     0 -9999     0
1990 11 25 21   -71  -144 10280    90    20     0 -9999 -9999
1990 11 26 00   -98  -151 10303    90    20     0 -9999     0
1990 11 26 12   -15   -73 10250 -9999 -9999     0 -9999     0
1990 11 26 18    67  -151 10231    90    10     0 -9999     0
1990 11 26 21   -88  -167 10237    90    20     0 -9999 -9999
1990 11 27 00   -97  -190 10283    90    20     2 -9999     0
1990 11 27 12    33  -145 10209    90    50     6 -9999     0
1990 11 27 21    -6  -121 10203    90    50     7 -9999 -9999
1990 11 28 12 -9999 -9999 10312   120    80     2 -9999 -9999
1990 11 28 18  -113  -173 -9999   270    30     8 -9999    20
1990 11 29 00   106    58 10237    40    50     7 -9999     0
1990 11 29 09   -82  -214 10575     0     0     0 -9999 -9999
1990 11 29 12  -154  -216 10628    90    30     0 -9999 -9999
1990 11 29 18  -162  -216 10569    90    40     0 -9999     0
1990 11 29 21  -163  -213 10535    70    40     0 -9999 -9999
1990 11 30 00  -160  -211 10533    90    70     0 -9999     0
1990 11 30 09   -31  -135 -9999    90    30     0 -9999 -9999
1990 11 30 12   -95  -147 10480   270    20     0 -9999     0
1990 11 30 18  -174  -193 10478     0     0     0 -9999     0
1990 12 01 00  -205  -226 -9999    90    20     0 -9999     0
1990 12 01 09   -75  -216 10480   270    20     0 -9999 -9999
1990 12 01 18  -183  -216 10455    90    30     0 -9999     0
1990 12 02 00  -197  -230 10474    90    20     0 -9999     0
1990 12 02 09 -9999 -9999 -9999   270    30     0 -9999 -9999
1990 12 02 12  -115  -162 10495     0     0     0 -9999     0
1990 12 02 18  -165  -194 10471    90    20     0 -9999     0
1990 12 02 21  -182  -211 10468    90    20     0 -9999 -9999
1990 12 03 09   -58  -156 10467   290    20     0 -9999 -9999
1990 12 03 12  -121  -159 10487     0     0     0 -9999     0
1990 12 03 18  -161  -187 10443    90    20     7 -9999     0
1990 12 03 21  -171  -200 10439    90    20     2 -9999 -9999
1990 12 04 18  -148  -181 10386    90    20     0 -9999     0
1990 12 04 21  -163  -189 10384     0     0     2 -9999 -9999
1990 12 05 09   -47  -154 10393   320    20     7 -9999 -9999
1990 12 05 18  -151  -187 10400    90    10     1 -9999     0
1990 12 05 21  -151  -190 10383    90    20     0 -9999 -9999
1990 12 06 09    74  -110 10299     0     0     1 -9999 -9999
1990 12 06 12 -9999 -9999 -9999     0     0     7 -9999     0
1990 12 06 18   -55  -170 10346   270    30     7 -9999     0
1990 12 06 21   -77  -163 10340   320    30     7 -9999 -9999
1990 12 07 00  -124  -164 10392     0     0     1 -9999     0
1990 12 07 09     0  -137 10349     0     0     0 -9999 -9999
1990 12 07 12   -66  -144 10376     0     0     0 -9999     0
1990 12 07 18  -108  -155 10320    90    30     0 -9999     0
1990 12 07 21  -120  -144 10302 -9999 -9999     0 -9999 -9999
1990 12 08 00  -120  -146 10314    90    20     1 -9999     0
1990 12 08 09    27   -69 10254   270    30     3 -9999 -9999
1990 12 08 12   -24  -108 10289     0     0     0 -9999     0
1990 12 08 21  -117  -149 10273    90    20     0 -9999 -9999
1990 12 09 00  -121  -148 10291    90    20     0 -9999     0
1990 12 09 09    27  -128 10283   270    30     7 -9999 -9999
1990 12 09 12   -26   -97 10320     0     0     7 -9999     0
1990 12 09 18   -14   -82 10274 -9999 -9999     0 -9999     0
1990 12 09 21   -28  -109 10270    90    60     0 -9999 -9999
1990 12 10 09     0  -145 10256    90   100     0 -9999 -9999
1990 12 10 18   -78  -185 10294    90   110     0 -9999     0
1990 12 10 21   -89  -208 10284    90   110     0 -9999 -9999
1990 12 11 09   -14  -140 10325   270    20     1 -9999 -9999
1990 12 11 21  -110  -154 10337    90    20     0 -9999 -9999
1990 12 12 12   -30  -117 10340     0     0     7 -9999     0
1990 12 12 18   -34  -119 10307     0     0     7 -9999     0
1990 12 12 21   -63  -123 10319     0     0     0 -9999 -9999
1990 12 13 09    21  -180 10344    90    50     2 -9999 -9999
1990 12 13 12   -36  -152 10366    90    30     1 -9999     0
1990 12 13 18   -70  -194 10335    90    40     1 -9999     0
1990 12 13 21   -67  -195 10317    90    40     6 -9999 -9999
1990 12 14 00   -65  -200 10343    90    50     8 -9999     0
1990 12 14 21   -82  -186 10308    90    30     0 -9999 -9999
1990 12 15 00  -101  -162 10343    90    30     2 -9999     0
1990 12 15 09   -18  -161 10332   250    20     7 -9999 -9999
1990 12 15 12   -71  -135 10367     0     0     7 -9999     0
1990 12 15 18  -102  -155 10374    90    30     6 -9999     0
1990 12 15 21  -115  -168 10378    90    30     2 -9999 -9999
1990 12 16 00  -114  -167 10412    90    30     0 -9999     0
1990 12 16 09     8  -141 10349    90    20     1 -9999 -9999
1990 12 16 12   -48  -163 10362    90    30     2 -9999     0
1990 12 16 18  -104  -165 10312    90    40     0 -9999     0
1990 12 17 00  -124  -169 10331    90    20     1 -9999     0
1990 12 17 18  -111  -157 10323     0     0     2 -9999     0
1990 12 17 21  -122  -171 10335   110    20     6 -9999 -9999
1990 12 18 12   -36  -166 10352   270    30     0 -9999     0
1990 12 18 18  -113  -160 10351   140    10     0 -9999     0
1990 12 18 21  -138  -171 10331   110    20     0 -9999 -9999
1990 12 19 12   -40  -141 10362   270    20     0 -9999     0
1990 12 19 21  -144  -171 10311     0     0     0 -9999 -9999
1990 12 20 00  -157  -184 10336     0     0     1 -9999     0
1990 12 20 09 -9999 -9999 10392   270    30     7 -9999 -9999
1990 12 20 12   -62  -127 10419    90    20     5 -9999     0
1990 12 20 18  -116  -142 10378    90    30     7 -9999     0
1990 12 20 21  -132  -164 10363    90    40     7 -9999 -9999
1990 12 21 00  -153  -189 -9999    90    20     0 -9999     0
1990 12 21 05    53  -151 -9999    90    20     1 -9999 -9999
1990 12 21 18  -126  -166 10367   180    30     0 -9999     0
1990 12 21 21  -156  -197 10377     0     0     0 -9999 -9999
1990 12 22 00  -167  -198 10421    90    20     0 -9999     0
1990 12 22 12   -83  -137 10405     0     0     0 -9999     0
1990 12 22 18  -133  -171 10352   110    20     0 -9999     0
1990 12 22 21  -137  -169 10326    90    20     0 -9999 -9999
1990 12 23 00  -153 -9999 10352    90    20 -9999 -9999     0
1990 12 23 09    -2  -129 10275   270    20     1 -9999 -9999
1990 12 23 12   -52  -132 10309   250    20     0 -9999     0
1990 12 23 18  -141  -171 10316   110    10     0 -9999     0
1990 12 23 21  -158  -189 10316    90    10     0 -9999 -9999
1990 12 24 00  -161  -186 10337   110    20     0 -9999     0
1990 12 24 09    45  -148 10279    90    70     0 -9999 -9999
1990 12 24 12   -21  -247 10316    90    60     0 -9999     0
1990 12 24 18   -62  -195 10266 -9999 -9999     0 -9999     0
1990 12 25 00 -9999 -9999 10235    90   110     0 -9999     0
1990 12 25 18   -96  -172 10286    90    20     3 -9999     0
1990 12 25 21  -117  -181 10296    90    20     1 -9999 -9999
1990 12 26 09   -27  -160 10218    90    10     7 -9999 -9999
1990 12 26 12   -65  -175 10295    90    20     0 -9999     0
1990 12 26 18   -60  -179 10222    90    70     1 -9999     0
1990 12 26 21   -82  -177 10201 -9999 -9999     6 -9999 -9999
1990 12 27 09    26  -176 10134    90    80     0 -9999 -9999
1990 12 27 18  -104  -165 -9999     0     0     7 -9999     0
1990 12 27 21  -112  -167 10195   110    20     7 -9999 -9999
1990 12 28 00  -118  -178 10215    90    40     1 -9999     0
1990 12 28 09  -116 -9999 -9999 -9999 -9999 -9999 -9999 -9999
1990 12 28 10 -9999 -9999 10234    90    30     7 -9999     0
1990 12 28 12   -46  -237 10234    90    30     7 -9999     0
1990 12 29 09   -38  -177 10313   270    40     8 -9999 -9999
1990 12 29 18  -121  -168 10342     0     0     8 -9999     0
1990 12 29 21  -110  -156 10367   250    10     6 -9999 -9999
1990 12 30 00  -136  -169 10398     0     0     7 -9999     0
1990 12 30 09   -41  -203 10364   250    30     8 -9999 -9999
1990 12 30 12   -54  -210 10379   250    20     7 -9999     0
1990 12 30 18  -154  -207 10397     0     0     1 -9999     0
1990 12 30 21  -176  -229 -9999    90    10     0 -9999 -9999
1990 12 31 12   -92  -197 -9999 -9999 -9999     2 -9999     0
