1998 01 01 06   -20  -157 10266     0     0     0 -9999     0
1998 01 01 09     0  -145 10263   220    10     2 -9999 -9999
1998 01 02 00  -135  -180 10299     0     0     3 -9999     0
1998 01 02 06   -46  -134 10333     0     0     7 -9999     0
1998 01 02 09   -38  -115 10351    90    20     8 -9999 -9999
1998 01 03 00  -114  -184 10460    90    50     8 -9999     0
1998 01 03 06   -99  -147 10494   110    60     8 -9999    -1
1998 01 03 09   -91  -148 10492   110    50     1 -9999 -9999
1998 01 04 00  -210  -250 10479    90    20     0 -9999     0
1998 01 04 09   -32  -138 10397   270    20     0 -9999 -9999
1998 01 05 00  -188 -9999 -9999    90    20     0 -9999     0
1998 01 05 06   -82  -178 10386   250    20     2 -9999     0
1998 01 05 09   -60  -140 10378   270    20     7 -9999 -9999
1998 01 06 00  -130  -177 10366     0     0     7 -9999     0
1998 01 06 06   -48  -156 10359   270    30     6 -9999     0
1998 01 06 09   -36  -168 10356   220    30     1 -9999 -9999
1998 01 07 00  -191  -232 10331    90    20     0 -9999     0
1998 01 07 06   -14  -137 10259    90    20     1 -9999     0
1998 01 07 09    22  -125 10223   110    20     1 -9999 -9999
1998 01 08 00  -145  -198 10231     0     0     1 -9999     0
1998 01 08 06   -57  -152 10229   200    20     8 -9999     0
1998 01 08 09   -51  -154 10249   250    20     8 -9999 -9999
1998 01 09 00   -71  -146 10297     0     0     8 -9999    -1
1998 01 09 06   -15  -140 10292   270    20     5 -9999     0
1998 01 09 09   -18  -128 10300   270    30     7 -9999 -9999
1998 01 10 00   -90  -140 10367     0     0     8 -9999     0
1998 01 10 06   -12  -107 10346   220    20     6 -9999     0
1998 01 11 00   -93  -123 10264    90    20     7 -9999     0
1998 01 11 06    21  -101 10250   270    20     1 -9999     0
1998 01 11 09    30  -117 10243   250    20     0 -9999 -9999
1998 01 12 00  -147  -181 10264    90    20     0 -9999     0
1998 01 12 06   -18   -97 10231   270    10     1 -9999     0
1998 01 12 09    14   -98 10224     0     0     7 -9999 -9999
1998 01 13 00   -63   -78 10274     0     0     8 -9999    10
1998 01 14 00  -102  -143 10296    90    20     7 -9999     0
1998 01 14 06   -82  -114 10239    90    40     0 -9999     0
1998 01 15 00  -139  -191 10183     0     0     7 -9999     0
1998 01 15 06   -80  -142 10202   270    20     7 -9999    -1
1998 01 15 09   -44   -99 10194   270    20     1 -9999 -9999
1998 01 16 00  -133  -171 10337    90    10     7 -9999     1
1998 01 16 06  -110  -172 10358     0     0     1 -9999    -1
1998 01 16 09  -104  -165 10361    90    10     0 -9999 -9999
1998 01 17 00  -217  -265 10406    70    30     0 -9999     0
1998 01 17 06  -136  -205 10420    90    60     7 -9999     0
1998 01 17 09  -129  -203 10427    90    60     0 -9999 -9999
1998 01 18 00  -208  -271 10450    90    40     0 -9999     0
1998 01 18 09  -138  -225 10441    90    40     1 -9999 -9999
1998 01 19 00  -228  -281 10452    90    10     7 -9999     0
1998 01 19 06  -107  -211 10424   270    20     7 -9999     0
1998 01 19 09  -106  -197 10419     0     0     7 -9999 -9999
1998 01 20 00  -236  -278 10420   110    20     0 -9999     0
1998 01 20 06   -74  -186 10378   250    10     0 -9999     0
1998 01 20 09   -50  -174 10357   250    20     0 -9999 -9999
1998 01 21 00  -220  -263 10396    90    10     0 -9999     0
1998 01 21 06   -74  -171 10395   250    20     0 -9999     0
1998 01 21 09   -52  -171 10390   270    20     1 -9999 -9999
1998 01 22 00  -199  -240 10386    90    20     0 -9999     0
1998 01 22 09   -50  -147 10351   220    20     7 -9999 -9999
1998 01 23 06   -67  -214 10365    90    90     0 -9999     0
1998 01 23 09   -61  -175 10362    90    90     7 -9999 -9999
1998 01 24 00  -160  -234 10383    90    40     0 -9999     0
1998 01 24 06   -83  -205 10368    90    60     1 -9999     0
1998 01 24 09   -56  -165 10379    90    30     0 -9999 -9999
1998 01 25 00  -194  -236 10415     0     0     0 -9999     0
1998 01 25 06   -66  -159 10384   250    40     1 -9999     0
1998 01 25 09   -38  -195 10372   220    40     1 -9999 -9999
1998 01 26 00  -126  -186 10371     0     0     8 -9999     0
1998 01 26 09   -15  -169 10360   270    20     0 -9999 -9999
1998 01 27 00  -135  -196 10394    90    50     0 -9999     0
1998 01 27 06   -16  -143 10383    90    70     0 -9999     0
1998 01 27 09     6  -146 10370    90    40     0 -9999 -9999
1998 01 28 00  -121  -204 10328    90    60     0 -9999     0
1998 01 28 06   -38  -163 10332   200    20     1 -9999     0
1998 01 28 09    -2  -200 10305   200    10     0 -9999 -9999
1998 01 29 00  -163  -208 10338    90    20     0 -9999     0
1998 01 29 06   -20  -165 10327   290    20     0 -9999     0
1998 01 29 09    10  -163 10302   250    10     0 -9999 -9999
1998 01 30 00  -165  -225 10381     0     0     0 -9999     0
1998 01 30 06   -33  -159 10361     0     0     7 -9999     0
1998 01 30 09   -13  -136 10336     0 -9999     6 -9999 -9999
1998 01 31 06    -5  -137 10278    90    70     1 -9999     0
1998 02 01 00  -122  -172 10308     0     0     7 -9999     0
1998 02 01 06    -4  -129 10300   250    10     0 -9999     0
1998 02 01 09    20  -137 10289   270    40     0 -9999 -9999
1998 02 02 00  -115  -169 10340    90    30     1 -9999     0
1998 02 02 06     8  -154 10345    90    60     5 -9999     0
1998 02 02 09    28  -146 10336    90    60     6 -9999     0
1998 02 03 00  -101  -158 10389    90    60     0 -9999     0
1998 02 03 06   -18  -155 10406    90   100     0 -9999     0
1998 02 03 09    -8  -152 10402    90    70     6 -9999 -9999
1998 02 04 00  -118  -176 10428    90    60     0 -9999     0
1998 02 04 06   -15  -170 10408   200    20     7 -9999     0
1998 02 04 09   -15  -155 10412   250    20     7 -9999 -9999
1998 02 05 00  -142  -195 10432   110    10     4 -9999     0
1998 02 05 06     0  -161 10389     0     0     2 -9999     0
1998 02 05 09    25  -147 10369   270    20     0 -9999 -9999
1998 02 07 00  -126  -178 10323    90    20     1 -9999     0
1998 02 07 06 -9999 -9999 10290   250    20     7 -9999     0
1998 02 07 09    33  -127 10278   250    30     7 -9999 -9999
1998 02 08 06    42   -97 10248   270    30     5 -9999     0
1998 02 08 09    63  -130 10236   250    30     7 -9999 -9999
1998 02 09 00   -44  -167 10201    90    40     6 -9999     0
1998 02 09 09    83  -142 10165   250    40     7 -9999 -9999
1998 02 10 00   -76  -147 10190     0     0     7 -9999     0
1998 02 10 06    38   -94 10173   220    30     7 -9999     0
1998 02 10 09    84  -169 10147   250    40     7 -9999 -9999
1998 02 11 00    -8  -136 10123    70    30     7 -9999     0
1998 02 11 06    63   -84 10076    90    90     8 -9999     0
1998 02 11 09    86  -112 10050    90    70     8 -9999 -9999
1998 02 12 00   -43   -59 10292   250    50     8 -9999     1
1998 02 12 06    -1   -67 10308   270    20     7 -9999    -1
1998 02 12 09     6   -72 10322   250    40     8 -9999 -9999
1998 02 13 00  -101  -156 10298    90    30     0 -9999     0
1998 02 13 06    28  -125 10216    90    80     7 -9999     0
1998 02 13 09    69  -103 10186    90    40     7 -9999 -9999
1998 02 14 00   -85  -149 10182     0     0     1 -9999     0
1998 02 14 06    40   -86 10142   340    10     7 -9999     0
1998 02 14 09    85  -115 10104   180    10     7 -9999 -9999
1998 02 15 00   -23  -142 10073    90    50     7 -9999     0
1998 02 15 09    70  -129 10140   220    50     8 -9999 -9999
1998 02 16 00   -28  -146 10114    90    50     1 -9999     0
1998 02 16 06    66  -121 10147   270    20     3 -9999     0
1998 02 16 09    88  -140 10127   270    40     7 -9999 -9999
1998 02 17 00   -15  -144 10080    90    80     0 -9999     0
1998 02 18 00    -5  -138 10111    90    40     7 -9999     0
1998 02 18 06    81   -78 10111    90    60     7 -9999     0
1998 02 18 09    85   -49 10112    90    40     7 -9999 -9999
1998 02 19 06    53   -64 10199   180    20     7 -9999     0
1998 02 19 09    73   -40 10199   110    20     7 -9999 -9999
1998 02 20 00   -45   -72 10296   110    30     6 -9999     0
1998 02 20 06    79   -57 10269   340    10     0 -9999     0
1998 02 20 09    97   -66 10253    70    10     1 -9999 -9999
1998 02 21 00   -15   -42 10209    40    90     0 -9999     0
1998 02 21 06    65   -52 10173    90   100     0 -9999     0
1998 02 21 09    81   -65 10156    90   100     0 -9999 -9999
1998 02 22 00    -3   -41 10203    90    30     3 -9999     0
1998 02 22 06    48   -92 -9999    90    50     7 -9999     0
1998 02 22 09    62 -9999 10175    90    40     7 -9999 -9999
1998 02 23 00     8 -9999 10218    90    30     7 -9999     0
1998 02 23 06    60   -42 10229   270    30     7 -9999    -1
1998 02 23 09    67   -42 10225   270    30     2 -9999 -9999
1998 02 23 21    46    28 10306 -9999 -9999 -9999 -9999 -9999
1998 02 24 00   -55   -85 10280   110    20     0 -9999     0
1998 02 24 06    69   -36 10279   140    20     0 -9999     0
1998 02 24 09    90   -54 10263     0     0     7 -9999 -9999
1998 02 25 00   -80  -121 10308     0     0     0 -9999     0
1998 02 25 06    65   -74 10277   320    20     0 -9999     0
1998 02 25 09    89  -103 10251   320    20     0 -9999 -9999
1998 02 26 00   -91  -153 10295    90    30     0 -9999     0
1998 02 26 06    82  -109 10269   270    20     1 -9999     0
1998 02 26 09   102  -144 10254   270    20     3 -9999 -9999
1998 02 27 00   -51  -136 10261   110    30     7 -9999     0
1998 02 27 09   101   -91 10218    90    30     0 -9999 -9999
1998 02 28 00   -52  -132 10248    90    20     0 -9999     0
1998 02 28 06    85   -91 10233   110    10     6 -9999     0
1998 03 01 00   -45  -149 10216    90    20     1 -9999     0
1998 03 01 06   110   -96 10200   360    10     0 -9999     0
1998 03 01 09   134  -114 10195   270    30     0 -9999 -9999
1998 03 02 00   -65  -168 10242    90    20     0 -9999     0
1998 03 02 06   119  -126 10200    90    30     7 -9999     0
1998 03 03 00    -6  -140 10120 -9999 -9999     7 -9999     0
1998 03 03 06   136  -106 10099    90    70     7 -9999     0
1998 03 04 00    17  -102 10066    90    50     0 -9999     0
1998 03 04 06   148  -102 10071    90    40     7 -9999     0
1998 03 04 09   165  -113 10072   140    40     7 -9999 -9999
1998 03 05 00    -3   -80 10112     0     0     1 -9999     0
1998 03 05 06   110   -84 10121    90    20     7 -9999     0
1998 03 05 09   131   -66 10106   140    20     1 -9999 -9999
1998 03 06 00    66   -99 10111    90    20     8 -9999     0
1998 03 06 06    98   -81 10086    90    70     8 -9999     0
1998 03 06 09   108   -69 10072    90    60     8 -9999 -9999
1998 03 07 00    36   -63 10127     0     0     8 -9999     0
1998 03 07 06    83   -61 10120     0     0     8 -9999     0
1998 03 07 09    78   -35 10126    40    20     8 -9999 -9999
1998 03 08 00    17    12 10169     0     0     8 -9999    20
1998 03 08 06    64    18 10172     0     0     7 -9999     1
1998 03 08 09    67    16 10174    90    30     7 -9999 -9999
1998 03 09 00    10    -6 10205    90    20     8 -9999     0
1998 03 09 09    84   -20 10203    90    40     7 -9999 -9999
1998 03 10 00    28   -11 10225    90    20     8 -9999     0
1998 03 10 06 -9999 -9999 10260   300    30 -9999 -9999     0
1998 03 10 09    44    28 10229   220    10     8 -9999 -9999
1998 03 11 00   -10   -17 10262     0     0     7 -9999     0
1998 03 11 09    86   -13 10214   270    20     2 -9999 -9999
1998 03 12 00   -38   -60 10211     0     0     0 -9999     0
1998 03 12 06   102   -32 -9999   320    30     1 -9999     0
1998 03 12 09   116   -54 10167   340    20     6 -9999 -9999
1998 03 13 00   -12   -45 10206    90    20     2 -9999     0
1998 03 13 06   107   -72 10176   110    40     6 -9999     0
1998 03 13 09   109   -97 10151    90    20     6 -9999 -9999
1998 03 14 00    25   -85 10179    90    50     7 -9999     0
1998 03 14 06    85   -50 10177    90    20     7 -9999     0
1998 03 14 09   105   -50 10165     0     0     8 -9999 -9999
1998 03 15 00   -42   -80 10153     0     0     2 -9999     0
1998 03 15 06   119   -60 10124   270    40     7 -9999     0
1998 03 15 09   110   -40 10133   320    40     8 -9999 -9999
1998 03 16 00   -12   -48 10152    90    20     4 -9999     0
1998 03 16 06   132    55 10127   270    20     1 -9999     0
1998 03 16 09   154   -80 10102   290    60     0 -9999 -9999
1998 03 17 09   -16  -108 10220   360    60     8 -9999 -9999
1998 03 18 00  -115  -140 10425    40    20     8 -9999     3
1998 03 18 06   -72  -199 10442   220    20     2 -9999 -9999
1998 03 18 09   -38  -205 10417   270    20     2 -9999 -9999
1998 03 19 00   -99  -221 10387    90    50     7 -9999     0
1998 03 19 06   -39  -151 10333    90    70     7 -9999     0
1998 03 19 09   -16  -156 10299    90    40     1 -9999 -9999
1998 03 20 00   -92  -206 10329    90    20     7 -9999     0
1998 03 20 06     2  -197 10333   180    20     2 -9999     0
1998 03 20 09    18  -171 10309   250    40     7 -9999 -9999
1998 03 21 00   -56  -178 10212    90    70     7 -9999     0
1998 03 21 06    40  -113 10209    90    60     7 -9999     0
1998 03 21 09    74  -133 10180    70    20     8 -9999 -9999
1998 03 22 00    -5  -151 10280   250    20     8 -9999     0
1998 03 22 06    30  -111 10295     0     0     8 -9999     0
1998 03 22 09    50   -47 10279     0     0     8 -9999 -9999
1998 03 23 09   112   -91 10177    90    60     7 -9999 -9999
1998 03 24 00   -30  -117 10239   110    20     7 -9999     0
1998 03 24 09    91   -68 10193   270    50     8 -9999 -9999
1998 03 25 00     4   -71 10219     0     0     8 -9999     0
1998 03 25 06   115   -79 10188   270    70     8 -9999     0
1998 03 25 09   140  -115 10165   270    50     7 -9999 -9999
1998 03 26 00    -4   -91 10186     0     0     7 -9999     0
1998 03 26 09   136  -135 10168   270    60     3 -9999 -9999
1998 03 27 00   -12   -96 10156    90    20     6 -9999     0
1998 03 27 09   185  -102 10125   270    60     7 -9999 -9999
1998 03 28 00    27   -61 10156    90    50     7 -9999     0
1998 03 28 06    96   -76 10157    90    70     7 -9999     0
1998 03 28 09   128   -89 10140    90    60     6 -9999 -9999
1998 03 29 00    38   -86 10208    70    60     8 -9999     0
1998 03 29 06   115   -61 10234   320    30     8 -9999     0
1998 03 29 09   136   -81 10208   270    30     1 -9999 -9999
1998 03 30 09   140 -9999 -9999     0     0     7 -9999 -9999
1998 03 31 01    21   -97 10199    90    20     7 -9999     0
1998 03 31 06   151   -90 10177   270    40     7 -9999     0
1998 03 31 09   180   -72 10146   270    20     7 -9999 -9999
1998 04 01 00    48  -117 10183    90    40     7 -9999     0
1998 04 02 06   214  -123 10075    90    50     7 -9999     0
1998 04 02 09   205  -144 10070    90    60     7 -9999 -9999
1998 04 03 00    98   -35 10119    90    30     7 -9999     0
1998 04 03 09   192   -29 10103    90    50     7 -9999 -9999
1998 04 05 00    55   -61 10207    90    30     0 -9999     0
1998 04 05 06   194   -48 10184   270    20     1 -9999     0
1998 04 05 09   210   -87 10166   270    20     1 -9999 -9999
1998 04 06 06   210   -87 10180   270    40     0 -9999     0
1998 04 07 00    22   -77 10136    90    30     0 -9999     0
1998 04 08 00    53   -76 10045    90    20     7 -9999     0
1998 04 08 06   236   -76 10010   250    20     7 -9999     0
1998 04 09 00    79   -20 10075     0     0     7 -9999     0
1998 04 09 09   174   -47 10070    90    30     7 -9999 -9999
1998 04 10 00    65   -97 10179   220    30     7 -9999     0
1998 04 10 09   158  -214 10193   270    70     1 -9999 -9999
1998 04 11 09   221  -156 10175   270    40     0 -9999 -9999
1998 04 12 00    18  -102 10175     0     0     0 -9999     0
1998 04 12 09   216  -192 10121   250    50     0 -9999 -9999
1998 04 13 00    18  -154 10163     0     0     0 -9999     0
1998 04 13 09   214   -85 10148    90    30     7 -9999 -9999
1998 04 14 00    45   -87 10221     0     0     7 -9999     0
1998 04 14 09   217  -157 10172   270    80     0 -9999 -9999
1998 04 15 06   234  -124 10186   270    60 -9999 -9999     0
1998 04 15 09   246   -98 10160   270    40     7 -9999 -9999
1998 04 16 04   252  -117 -9999 -9999 -9999 -9999 -9999     0
1998 04 16 09   270   -52 10121   270    30     0 -9999 -9999
1998 04 17 00    72   -78 10137    90    20     0 -9999     0
1998 04 17 06   274   -66 10092     0     0     0 -9999     0
1998 04 17 09   290   -70 10072   270    30     0 -9999 -9999
1998 04 18 00   101  -100 10066    90    20     0 -9999     0
1998 04 18 09   312 -9999  9992   270    40     0 -9999 -9999
1998 04 19 00   146   -97 10074    90    30     8 -9999     0
1998 04 19 06   185 -9999 10095    90    40     8 -9999     0
1998 04 19 09   225   -42 10056    90    20     8 -9999 -9999
1998 04 20 09   321   -56  9902   290    40     2 -9999 -9999
1998 04 21 00   113   -27  9963    90   100     7 -9999     0
1998 04 21 06   206   -70  9951    70   100     7 -9999     0
1998 04 21 09   212  -112  9979    90    80     7 -9999 -9999
1998 04 22 00    87  -174 10058    90    40     7 -9999     0
1998 04 22 06   104  -167 10127    70    50     8 -9999     0
1998 04 22 09    67   -78 10189   360    60     8 -9999 -9999
1998 04 23 00    18   -57 10303    90    20     1 -9999    -1
1998 04 23 09   162   -89 10193     0     0     0 -9999 -9999
1998 04 24 09   212   -90 10102   270    40     7 -9999 -9999
1998 04 25 00    76   -65 10087    90    20     7 -9999     0
1998 04 25 06   250   -15 10035   270    10     7 -9999     0
1998 04 26 00   145   -48  9953    70    20     7 -9999     0
1998 04 26 09   346    20  9905     0     0     1 -9999 -9999
1998 04 27 00   134    26 10049   220    10     0 -9999     0
1998 04 27 06   219    27 10074     0     0     7 -9999     0
1998 04 28 06   251    38 10093   250    30     0 -9999     0
1998 04 29 00   121    30 10114     0     0     7 -9999     0
1998 04 29 06   194    30 10106     0     0     8 -9999     0
1998 04 29 09   222    10 10083     0     0     8 -9999 -9999
1998 04 30 06   153    11 10161   270    50     1 -9999 -9999
1998 04 30 09   187   -59 10140   270    40     0 -9999 -9999
1998 05 01 09   244  -161 10098    90    40     0 -9999 -9999
1998 05 02 06   217   -55 -9999 -9999 -9999     8 -9999     0
1998 05 02 09   236   -25 10092   180    10     8 -9999 -9999
1998 05 03 06   285   -79  9997    90    70     7 -9999     0
1998 05 03 09   309   -83  9958    90    40     7 -9999 -9999
1998 05 04 06   208    23 10071   290    20     8 -9999     0
1998 05 04 09   220     3 10062    90    30     8 -9999 -9999
1998 05 05 00   118   -93 10140    90    30     7 -9999     0
1998 05 05 06   188   -53 10179   250    30     8 -9999     0
1998 05 05 09   186   -53 10175   250    40     8 -9999 -9999
1998 05 06 09   200   -83 10173   110    70     7 -9999 -9999
1998 05 07 09   202     9 10134    90    60     8 -9999 -9999
1998 05 08 09   195    80 10126    90    50     8 -9999 -9999
1998 05 09 09   211    -6 10138    90    20     7 -9999 -9999
1998 05 10 09   245   -38 10113 -9999 -9999     0 -9999 -9999
1998 05 11 09   277  -112 10035    90    50     7 -9999 -9999
1998 05 12 09   272    22 10018    90    30     7 -9999 -9999
1998 05 13 00   143   -18 10023    90    30     6 -9999     0
1998 05 14 09   186    37 10132   270    30     8 -9999 -9999
1998 05 15 00    90    50 10239   270    30     7 -9999    10
1998 05 15 09   203     0 -9999   270    20     0 -9999 -9999
1998 05 16 00 -9999 -9999 10119    90    20     7 -9999     0
1998 05 16 09   265   -60 10065   270    30     7 -9999 -9999
1998 05 17 00   126   -68 10062    90    20     7 -9999     0
1998 05 17 09   299    16 10016   270    20     7 -9999 -9999
1998 05 18 06   273    43 10047     0     0     1 -9999     0
1998 05 18 09   292    45 10024     0     0     7 -9999 -9999
1998 05 19 09   310   100  9945     0     0     8 -9999 -9999
1998 05 20 00   140   -70 10071    40    40     7 -9999     0
1998 05 20 09   102    28 10212   270    50     8 -9999 -9999
1998 05 21 00    38   -46 10275   290    10     0 -9999     0
1998 05 21 09   211  -103 10185   270    20     0 -9999 -9999
1998 05 23 09   198  -149 10247    90    40     0 -9999 -9999
1998 05 24 00   102 -9999 -9999    90    50     2 -9999     0
1998 05 24 09   263   -47 10120   270    20     2 -9999 -9999
1998 05 25 00    89   -82 10136     0     0     1 -9999     0
1998 05 25 06   268   -50 -9999   270    20     7 -9999     0
1998 05 25 09   282    -5 10071   270    30     7 -9999 -9999
1998 05 26 09   249    44 10054   270    40     7 -9999 -9999
1998 05 27 00 -9999 -9999 10118     0     0     2 -9999    -1
1998 05 27 06   235    40 10132    90    50     4 -9999     0
1998 05 27 09   244     8 10113    90    40     1 -9999 -9999
1998 05 29 06   273   -41 10023    90    30     1 -9999     0
1998 05 29 09   289    -5  9997    70    10     1 -9999 -9999
1998 05 30 09   292    15  9997     0     0     7 -9999 -9999
1998 05 31 00   171    81 10059     0     0     7 -9999     0
1998 05 31 09   233    33 10076   320    50     7 -9999 -9999
1998 06 01 06   268     5 10081   320    10     1 -9999     0
1998 06 01 09   282   -27 10065   250    10     1 -9999 -9999
1998 06 02 09   318    -5 10031   140    20     5 -9999 -9999
1998 06 04 00   182   -76 10046    90    40     1 -9999     0
1998 06 04 09   321   -72 10006    90    50     0 -9999 -9999
1998 06 05 09   325   -36 10000    90    50     7 -9999 -9999
1998 06 06 00   227    47 10013    70    20     7 -9999     0
1998 06 06 09   308    -5  9989    90    60     7 -9999 -9999
1998 06 07 00   205    18 10036    90    30     7 -9999     0
1998 06 08 09   312    74  9991   180    20     1 -9999 -9999
1998 06 09 00   192    52 10014    90    40     7 -9999     0
1998 06 09 09   285    73 10001    90    20     8 -9999 -9999
1998 06 10 00   183    90 10021     0     0     8 -9999     0
1998 06 10 06   239   103 10029   250    20     8 -9999    -1
1998 06 10 09   268    87 10003     0     0     5 -9999 -9999
1998 06 11 09   325    72  9978   250    20     1 -9999 -9999
1998 06 12 09   288    75 10012   140    20 -9999 -9999 -9999
1998 06 13 00   190     8  9995    90    40     6 -9999     0
1998 06 13 09   300    73  9946    90    60     6 -9999 -9999
1998 06 14 09   335   108  9967     0     0     7 -9999 -9999
1998 06 15 06   326    65 10012    20    20     1 -9999     0
1998 06 15 09   347    98  9990   270    10     7 -9999 -9999
1998 06 16 06   331    96 10018   320    20     6 -9999     0
1998 06 16 09   295    95 10015   250    20     7 -9999 -9999
1998 06 17 00   180   109 10074    90    20     1 -9999    -1
1998 06 17 06   308    80 10029   270    60     1 -9999     0
1998 06 17 09   327    67 10015   270    50     2 -9999 -9999
1998 06 18 00   180     9 10088    90    20     0 -9999     0
1998 06 18 06   305    22 10035   110    30     1 -9999     0
1998 06 18 09   323    -9 10005    90    20     1 -9999 -9999
1998 06 19 00   192    38 -9999     0     0     4 -9999     0
1998 06 19 09   338    43  9978   270    20     2 -9999 -9999
1998 06 20 00   189 -9999 10000     0     0     1 -9999     0
1998 06 20 09   354    81  9945   220    20     2 -9999 -9999
1998 06 21 00   229    93  9970    90    20     2 -9999     0
1998 06 21 09   287   106  9967   180    10     4 -9999 -9999
1998 06 22 00   190 -9999 -9999     0     0     8 -9999     0
1998 06 22 09   307    86  9998   220    20     1 -9999 -9999
1998 06 25 00   191    75 10043     0     0     0 -9999     0
1998 06 25 09   323    95 10002   220    20     3 -9999 -9999
1998 06 26 06   350 -9999 -9999 -9999 -9999     0 -9999     0
1998 06 27 06   358    86  9947     0     0     1 -9999     0
1998 06 27 09   365   111  9938   220    10     1 -9999 -9999
1998 06 28 00   237    95  9992    90    20     0 -9999     0
1998 06 29 06   284   111 -9999   110    30     7 -9999     0
1998 06 29 09   301   139 10013     0     0     7 -9999 -9999
1998 07 01 09   353    49  9911    90    20     0 -9999 -9999
1998 07 02 06   247   103 10009   250    40     8 -9999     0
1998 07 02 09   253    97 10020   270    20     8 -9999 -9999
1998 07 04 06   225   150 10066   220    20     7 -9999    10
1998 07 04 09   239    98 10065   360    70     7 -9999 -9999
1998 07 05 00   169    96 10046     0     0     0 -9999     0
1998 07 05 09   343   141  9978     0     0     2 -9999 -9999
1998 07 06 06   343    83  9961     0     0     8 -9999     0
1998 07 07 09   336    84  9946   220    20     1 -9999 -9999
1998 07 08 06   328    93  9992   290    20     6 -9999     0
1998 07 08 09   336   102  9980   220    30     5 -9999 -9999
1998 07 09 09   276   108 10018    40    50     7 -9999 -9999
1998 07 10 00   203    91 10023    90    40     6 -9999     0
1998 07 10 09   332   158  9969     0     0     7 -9999 -9999
1998 07 11 09   347    85  9910   110    30     6 -9999 -9999
1998 07 12 06   348   131  9899    90    20     5 -9999     0
1998 07 12 09   377   168  9884   220    10     6 -9999 -9999
1998 07 13 00   227   131  9979   340    40     8 -9999    -1
1998 07 13 06   203   172 10028   220    20     8 -9999    10
1998 07 13 09   230   168 10020     0     0     8 -9999 -9999
1998 07 14 09   274   123 10060   270    20     7 -9999 -9999
1998 07 15 06   285   121 10071   270    30     7 -9999     0
1998 07 15 09   303    90 10051   270    30     1 -9999 -9999
1998 07 16 09   330    87  9994   220    20     1 -9999 -9999
1998 07 17 09   357   105  9940     0     0     7 -9999 -9999
1998 07 18 00   212    70  9998 -9999 -9999 -9999 -9999     0
1998 07 18 06   359    96  9954     0     0     1 -9999     0
1998 07 18 09   373   129  9931   250    20     1 -9999 -9999
1998 07 19 09   371   119  9920     0     0     7 -9999 -9999
1998 07 20 09   360    90  9921    90    20     3 -9999 -9999
1998 07 21 09   239   167 10028   140    20     1 -9999 -9999
1998 07 22 09   312   116 10015   270    20     1 -9999 -9999
1998 07 23 09   329   152  9962     0     0     7 -9999 -9999
1998 07 24 00   214    69 10001    90    30     2 -9999     0
1998 07 24 06   292 -9999  9986     0     0     8 -9999     0
1998 07 24 09   272   160  9995     0     0     8 -9999 -9999
1998 07 25 06   246   139 10038   250    30     7 -9999    -1
1998 07 25 09   278   143 10020   250    20     2 -9999 -9999
1998 07 26 06   300   107 10012    70    10     1 -9999     0
1998 07 26 09   316    89  9991     0     0     1 -9999 -9999
1998 07 27 09   353   116  9958   220    20     3 -9999 -9999
1998 07 28 09   383   139  9933   270    20     1 -9999 -9999
1998 07 29 09   324   114  9978   340    50     6 -9999 -9999
1998 07 30 09   309   102 10006   290    40     6 -9999 -9999
1998 07 31 09   324   114 10004   250    30     2 -9999 -9999
1998 08 01 00   200   138 10036     0     0     5 -9999     0
1998 08 01 06   314    93 10006     0     0     2 -9999     0
1998 08 01 09   328   127  9983   220    10     2 -9999 -9999
1998 08 02 00    28 -9999 -9999 -9999 -9999 -9999 -9999     0
1998 08 03 00   200   107 10067   110    10     5 -9999     0
1998 08 03 09   302   110 10016   250    20     2 -9999 -9999
1998 08 04 09   316   115 10031   220    10     1 -9999 -9999
1998 08 05 09   315    82  9997   340    20     1 -9999 -9999
1998 08 06 00 -9999 -9999 10020 -9999 -9999     0 -9999     0
1998 08 06 09   318   126  9986    90    10     7 -9999 -9999
1998 08 07 00   210    73 10015    90    30     1 -9999     0
1998 08 07 06   302    58 10009    90    60     7 -9999     0
1998 08 07 09   312    37  9993    90    60     7 -9999 -9999
1998 08 08 09   335    98  9991   110   810     2 -9999 -9999
1998 08 09 06   311   117 -9999    90    50     7 -9999     0
1998 08 10 09 -9999 -9999 -9999   320    30     7 -9999 -9999
1998 08 11 09   228 -9999 -9999   320    10     5 -9999 -9999
1998 08 12 09   314   149  9998     0     0     7 -9999 -9999
1998 08 13 06   190   175 10075     0     0     8 -9999    30
1998 08 13 09   201   146 10070   110    70     8 -9999 -9999
1998 08 14 09   285   134 10047     0     0     1 -9999 -9999
1998 08 15 09   272   126 10063   340    30     3 -9999 -9999
1998 08 17 09   328   118 10001    90    20     1 -9999 -9999
1998 08 18 00   200   117 10049     0     0     7 -9999     0
1998 08 18 09   303   109 10024    90    30     7 -9999 -9999
1998 08 19 09   282   112 10058    90    30     6 -9999 -9999
1998 08 20 09   330   107 10021     0     0     2 -9999 -9999
1998 08 21 00   191    66 10037    90    40     0 -9999     0
1998 08 21 06   319    78 -9999    90    40     0 -9999     0
1998 08 21 09   332    98  9968    70    20     3 -9999 -9999
1998 08 22 09   240   103 10091   270    60     8 -9999 -9999
1998 08 23 09   270   108 10212     0     0     0 -9999 -9999
1998 08 24 09   292    51 10061    90    30     2 -9999 -9999
1998 08 25 09   303    87 10046   140    10     7 -9999 -9999
1998 08 26 09 -9999 -9999 10061   220    20     7 -9999 -9999
1998 08 27 00   178    87 10109   110    20     1 -9999     0
1998 08 27 09   315   101 10065   220    10     5 -9999 -9999
1998 08 28 00   180    57 10123    90    20     0 -9999     0
1998 08 28 09   317    87 10067     0     0     1 -9999 -9999
1998 08 29 09   314    85 10062     0     0     7 -9999 -9999
1998 08 30 09   342    66 10034     0     0     2 -9999 -9999
1998 08 31 09   339    27 10014     0     0     1 -9999 -9999
1998 09 01 09   308    85 10054   190    20     6 -9999 -9999
1998 09 02 09   298    67 10092   250    20     7 -9999 -9999
1998 09 04 09 -9999 -9999 10072   290    20     0 -9999 -9999
1998 09 05 09   339    74 10052   250    20     0 -9999 -9999
1998 09 06 03   270    57 10075     0     0     0 -9999 -9999
1998 09 06 09   346     1 10033     0     0     0 -9999 -9999
1998 09 07 09   347    51 10004     0     0     1 -9999 -9999
1998 09 09 09   330    64 -9999    90    20     1 -9999 -9999
1998 09 10 00 -9999 -9999 10053 -9999 -9999     7 -9999     0
1998 09 10 09   283    69 10044    90    20     7 -9999 -9999
1998 09 11 09   282    44 10025    90    60     6 -9999 -9999
1998 09 12 09   286    80 10068   110    20     7 -9999 -9999
1998 09 13 09   262   -48 10046    90    90     0 -9999 -9999
1998 09 14 06   248    52  9992    90   120     7 -9999     0
1998 09 14 09   253    58  9986    70   100     7 -9999 -9999
1998 09 15 09   149   130 10062    40    10     8 -9999 -9999
1998 09 16 09   244    38 10098   270    40     3 -9999 -9999
1998 09 17 00    69   -29 10183    70    50     1 -9999     0
1998 09 17 09   187   -24 10151    90    70     1 -9999 -9999
1998 09 18 09   120   -22 10327   270    60     5 -9999 -9999
1998 09 18 10   132   105 10240   280    20     6 -9999 -9999
1998 09 19 00   -10   -36 10390     0     0     0 -9999     0
1998 09 19 06   160   -30 -9999    90    30     0 -9999     0
1998 09 19 09   194   -49 10276    90    20     0 -9999 -9999
1998 09 20 00    42 -9999 10214 -9999 -9999     2 -9999     0
1998 09 20 09   217   -24 10140   220    20     7 -9999 -9999
1998 09 21 09   204   -32 10125   270    20     7 -9999 -9999
1998 09 22 06   228    19 10124   250    20     0 -9999     0
1998 09 22 09   255     6 10100   250    20     0 -9999 -9999
1998 09 22 18   120    88 -9999    10    10     1 -9999     0
1998 09 23 09   269    28 10107   220    20     3 -9999 -9999
1998 09 24 09   268    -8 10161   270    30     2 -9999 -9999
1998 09 25 00 -9999 -9999 10217   110    20     0 -9999     0
1998 09 25 09   286    14 10164     0     0     0 -9999 -9999
1998 09 26 00    54   -30 10245     0     0     0 -9999     0
1998 09 27 00    88   -38 10194    90    20     0 -9999     0
1998 09 27 09   314    15 10101     0     0     0 -9999 -9999
1998 09 28 06   297   -18 10085     0     0     0 -9999     0
1998 09 28 09   327    48 10064     0     0     0 -9999 -9999
1998 09 29 00   126     6 10140    70    30     2 -9999     0
1998 09 29 09   263    23 10092   110    30     1 -9999 -9999
1998 09 30 09   208    19 10182    90    30     7 -9999 -9999
1998 10 01 00    80  -120 10260    70    20     6 -9999     0
1998 10 01 09   232    18 10185     0     0     2 -9999 -9999
1998 10 02 00    16   -58 10240     0     0     0 -9999     0
1998 10 02 06   232   -19 -9999   270    20     0 -9999     0
1998 10 02 09   243    45 10182   270    20     0 -9999 -9999
1998 10 03 06   248    -6 10147   250    10     0 -9999     0
1998 10 03 09   259     7 10116   200    10     0 -9999 -9999
1998 10 04 00    27   -40 10172     0     0     0 -9999     0
1998 10 04 06   244     1 10137   290    30     0 -9999     0
1998 10 04 09   259     3 10125   250    30     0 -9999 -9999
1998 10 05 00    40   -26 -9999     0     0     1 -9999     0
1998 10 05 06   248    16 10149     0     0     0 -9999     0
1998 10 05 09   251     4 10135   270    20     0 -9999 -9999
1998 10 06 00    62 -9999 10164    90    10     0 -9999     0
1998 10 06 06 -9999 -9999 10117     0     0     0 -9999     0
1998 10 06 09   277    31 10094     0     0     0 -9999 -9999
1998 10 07 00    68   -37 10172     0     0     0 -9999     0
1998 10 07 06   261   -20 10123   110    40     2 -9999     0
1998 10 07 09   263    48 10105     0     0     7 -9999 -9999
1998 10 08 00    35     0 10199     0     0     0 -9999     0
1998 10 08 09   250   -26 10160   270    30     0 -9999 -9999
1998 10 09 00    61   -32 10181   110    20     2 -9999     0
1998 10 09 06   241     2 -9999     0     0     0 -9999     0
1998 10 09 09   265   -14 10109     0     0     0 -9999 -9999
1998 10 10 00    72   -64 10140    90    20     0 -9999     0
1998 10 10 09   253   -88 10059   110    70     1 -9999 -9999
1998 10 11 06   178   -24 10145   140    30     7 -9999     0
1998 10 11 09   179   -22 10156   340    20     7 -9999 -9999
1998 10 12 00    51   -49 10272     0     0     4 -9999     0
1998 10 12 06   109   -57 10296   270    40     3 -9999     0
1998 10 12 09    99   -78 10320   270    50     1 -9999 -9999
1998 10 13 00   -53   -82 10408     0     0     2 -9999     0
1998 10 13 06   139  -117 10335   270    30     2 -9999     0
1998 10 13 09   156  -123 10310   220    20     5 -9999 -9999
1998 10 14 06   165   -87 10206   270    20     0 -9999     0
1998 10 14 09   180   -72 10179   270    30     0 -9999 -9999
1998 10 15 00   -15   -77 10216     0     0     7 -9999     0
1998 10 15 06   150   -29 10193   270    40     7 -9999     0
1998 10 15 09   168   -10 10192   270    30     1 -9999 -9999
1998 10 16 09   152   -51 10295   270    40     0 -9999 -9999
1998 10 17 00   -14  -105 10280   110    10     0 -9999     0
1998 10 17 06   168   -37 10224     0     0     0 -9999     0
1998 10 17 09   190   -48 10194   270    20     0 -9999 -9999
1998 10 18 00   -13   -83 10268    90    10     0 -9999     0
1998 10 18 06   170   -45 10224   180    10     0 -9999     0
1998 10 18 09   176   -49 10208   180    20     0 -9999 -9999
1998 10 19 00   -24   -81 10259     0     0     0 -9999     0
1998 10 19 06   169   -62 10235   250    20     0 -9999     0
1998 10 19 09   178   -64 10229   270    40     0 -9999 -9999
1998 10 20 00   -19   -92 10284     0     0     0 -9999     0
1998 10 20 06   178   -45 10244   270    20     0 -9999     0
1998 10 20 09   183   -42 10232   270    20     0 -9999 -9999
1998 10 21 09   175   -71 10228    90    30     0 -9999 -9999
1998 10 22 00    21 -9999 10238    90    20     0 -9999     0
1998 10 22 06   180   -58 10199    70    10     0 -9999     0
1998 10 22 09   205   -58 10174   270    10     0 -9999 -9999
1998 10 23 00    43   -53 10209     0     0     7 -9999     0
1998 10 23 09   177   -60 10157   270    30     1 -9999 -9999
1998 10 24 09   135   -52 10294   250    20     0 -9999 -9999
1998 10 25 06   125   -59 10292    90    50     0 -9999     0
1998 10 25 09   143   -86 10264   110    30     0 -9999 -9999
1998 10 26 00    -9   -73 10253    90    30     0 -9999     0
1998 10 26 06   115  -113 10238   200    10     0 -9999     0
1998 10 26 09   149   -70 10221   250    20     1 -9999 -9999
1998 10 27 00   -42  -144 10271    90    10     1 -9999     0
1998 10 27 06   120   -64 10243     0     0     4 -9999     0
1998 10 27 09   130   -44 10236   250    20     7 -9999 -9999
1998 10 28 06   117   -91 10258   250    30     7 -9999     0
1998 10 28 09   134   -71 10246   250    30     1 -9999 -9999
1998 10 29 00   -45  -111 10260     0     0     0 -9999     0
1998 10 29 06   147   -35 10226   250    20     0 -9999     0
1998 10 29 09   162   -58 10210   220    20     0 -9999 -9999
1998 10 30 00   -29   -88 10345     0     0     0 -9999     0
1998 10 31 00   -48   -88 10305     0     0     0 -9999     0
1998 10 31 06   147   -62 10310   270    30     0 -9999     0
1998 10 31 09   151   -87 10290   270    60     1 -9999 -9999
1998 11 01 00 -9999 -9999 10303     0     0     6 -9999     0
1998 11 01 06   154   -74 10275   270    40     7 -9999     0
1998 11 01 09   170   -80 10269   270    40     6 -9999 -9999
1998 11 02 00   -44  -109 10259    90    20     0 -9999     0
1998 11 02 06   156   -63 10213   250    10     0 -9999     0
1998 11 02 09   176   -78 10196   250    20     0 -9999 -9999
1998 11 03 00   -45  -126 10246     0     0     0 -9999     0
1998 11 03 09   163   -71 10227   220    30     1 -9999 -9999
1998 11 04 00   -35  -121 10289    90    10     0 -9999     0
1998 11 04 06   149   -39 10253   250    20     0 -9999     0
1998 11 04 09   166   -21 10242   220    20     0 -9999 -9999
1998 11 05 06   179   -62 10261    90    20     0 -9999     0
1998 11 05 09   192   -53 10241     0     0     0 -9999 -9999
1998 11 06 00   -30  -113 10313   110    20     6 -9999     0
1998 11 06 06   131   -79 10292   270    40     7 -9999     0
1998 11 07 06   144   -78 10252   270    20     0 -9999     0
1998 11 07 09   176   -79 10228   270    20     0 -9999 -9999
1998 11 08 06   137   -74 10242   250    10     0 -9999     0
1998 11 08 09   166   -74 10236   270    20     0 -9999 -9999
1998 11 09 00 -9999 -9999 10282    90    20     0 -9999     0
1998 11 09 09   155   -87 10244   270    20     0 -9999 -9999
1998 11 10 00   -50  -141 10313    90    10     0 -9999     0
1998 11 10 09   146   -73 10282   250    30     1 -9999 -9999
1998 11 11 00   -54  -136 10331    90    20     0 -9999     0
1998 11 11 09   166   -45 10240     0     0     0 -9999 -9999
1998 11 12 06   145   -90 10269     0     0     7 -9999     0
1998 11 13 00   -23  -131 10171     0     0     7 -9999     0
1998 11 13 06   125  -115 10178   250    30     7 -9999     0
1998 11 13 09   141   -83 10162   270    30     0 -9999 -9999
1998 11 14 06    90   -34 10163    90    60     7 -9999     0
1998 11 14 09   100   -64 10192    90    30     7 -9999 -9999
1998 11 16 09    45  -174 10304   110    30     0 -9999 -9999
1998 11 17 00   -53  -140 10315   110    10     7 -9999     0
1998 11 17 09    63   -82 10254   220    20     1 -9999 -9999
1998 11 18 06    60  -108 10269   270    20     0 -9999     0
1998 11 18 09    80   -91 10258   270    20     0 -9999 -9999
1998 11 19 00   -78  -134 10336   110    10     1 -9999     0
1998 11 19 06    45   -70 10321   270    40     7 -9999     0
1998 11 19 09    72   -84 10304   250    30     1 -9999 -9999
1998 11 20 00   -84  -132 10381     0     0     6 -9999     0
1998 11 20 06    54  -112 10372   270    40     5 -9999     0
1998 11 20 09    72   -95 10367   250    50     1 -9999 -9999
1998 11 21 00   -72  -142 10369    90    20     0 -9999     0
1998 11 21 06   111   -90 10314     0     0     0 -9999     0
1998 11 22 00   -80  -155 10359   110    10     0 -9999     0
1998 11 22 09    85  -114 10328   270    30     1 -9999 -9999
1998 11 23 00   -48  -137 10285    90    30     0 -9999     0
1998 11 23 09   141   -55 10211     0     0     8 -9999 -9999
1998 11 24 00   -69  -149 10245    70    10     0 -9999     0
1998 11 24 06    70  -100 10222     0     0     0 -9999     0
1998 11 24 09   105   -72 10203     0     0     0 -9999 -9999
1998 11 25 00   -65  -126 10274     0     0     1 -9999     0
1998 11 25 06    38  -100 10251     0     0     7 -9999     0
1998 11 25 09    46  -105 10250     0     0     8 -9999 -9999
1998 11 26 00   -90  -152 10363    90    10     0 -9999     0
1998 11 26 06    30  -117 10370   290    40     0 -9999     0
1998 11 26 09    52   -94 10349   270    30     0 -9999 -9999
1998 11 27 00   -55 -9999 10298    70    20     0 -9999     0
1998 11 27 06 -9999 -9999 10271   200    20     2 -9999     0
1998 11 27 09    52  -114 10262   250    20     6 -9999 -9999
1998 11 28 00  -105  -160 10238   110    20     0 -9999     0
1998 11 29 00   -83  -187 10235     0     0     7 -9999     0
1998 11 29 09    87  -111 10164     0     0     1 -9999 -9999
1998 11 30 00   -44  -141 10198    90    40     2 -9999     0
1998 11 30 09    41  -120 10212    90    70     7 -9999 -9999
1998 12 01 09   -15  -123 10361    90    50     8 -9999 -9999
1998 12 02 00   -53  -119 10399    90    30     8 -9999     0
1998 12 02 06   -10   -57 10399   250    20     5 -9999     3
1998 12 02 09    -3   -40 10372   270    10     1 -9999 -9999
1998 12 03 00  -106  -131 10315     0     0     7 -9999     0
1998 12 03 06     1   -80 10297   250    30     5 -9999     0
1998 12 03 09    16   -87 10297   270    40     7 -9999 -9999
1998 12 04 06    22   -67 10371   250    30     6 -9999     0
1998 12 04 09    39   -72 -9999   250    10     1 -9999 -9999
1998 12 05 09    -3 -9999 10384   250    40     8 -9999 -9999
1998 12 06 00  -108  -145 10430     0     0     0 -9999     0
1998 12 06 09    56  -113 10384     0     0     0 -9999 -9999
1998 12 07 00   -79  -159 10337    90    40     0 -9999     0
1998 12 07 06    10  -130 10327   110    30     2 -9999     0
1998 12 07 09    32  -136 10334   250    20     6 -9999 -9999
1998 12 08 00   -84  -149 10393    90    60     1 -9999     0
1998 12 08 06    11  -170 10374    90    70     1 -9999     0
1998 12 08 09    25  -147 10359    90    40     1 -9999 -9999
1998 12 09 00  -102  -177 10443   110    10     0 -9999     0
1998 12 09 09     5  -149 10422   200    20     4 -9999 -9999
1998 12 10 06    -8  -116 10473   270    20     7 -9999     0
1998 12 10 09    10  -151 10456   250    10     5 -9999 -9999
1998 12 11 00  -141  -206 10417     0     0     0 -9999     0
1998 12 11 09    36  -127 10347   220    20     7 -9999 -9999
1998 12 11 18    46   -19 10328   320    30     0 -9999     0
1998 12 12 09     3   -71 10364   270    10     6 -9999 -9999
1998 12 13 00  -131  -166 10454    90    10     0 -9999     0
1998 12 13 09    49  -130 10441   250    10     0 -9999 -9999
1998 12 15 09    15  -124 10330   250    20     1 -9999 -9999
1998 12 16 09     2  -115 10312   250    20     7 -9999 -9999
1998 12 17 00   -90  -151 10267    90    20     7 -9999     0
1998 12 17 06    16  -111 10272   250    10     7 -9999     0
1998 12 17 09    19  -133 10268   220    10     8 -9999 -9999
1998 12 18 06    32  -120 10313   200    10     5 -9999     0
1998 12 18 09    44  -121 10306   270    30     1 -9999 -9999
1998 12 19 00  -100  -180 10278    90    20     1 -9999     0
1998 12 19 06    56  -116 10224     0     0     2 -9999     0
1998 12 20 00   -23  -143 10149    90    30     6 -9999     0
1998 12 20 06    90  -116 10152    90    30     7 -9999     0
1998 12 20 09    91  -114 10166   220    20     7 -9999 -9999
1998 12 21 00   -28  -136 10279     0     0     7 -9999     0
1998 12 21 06    45  -113 10292    90    30     8 -9999     0
1998 12 21 09    42  -120 -9999   250    40     7 -9999 -9999
1998 12 22 00   -45   -55 10336     0     0     7 -9999     0
1998 12 22 06    31   -60 10288    70    20     0 -9999     0
1998 12 22 09    67   -50 10268     0     0     0 -9999 -9999
1998 12 23 09   -48   -76 10362   250    20     8 -9999 -9999
1998 12 24 00   -68   -88 10375   290    20     8 -9999 -9999
1998 12 24 06   -59   -82 10386   270    30     8 -9999 -9999
1998 12 24 09   -44   -75 10392   250    20     7 -9999 -9999
1998 12 25 00   -64   -88 10385     0     0     8 -9999 -9999
1998 12 25 09    22  -124 10292   140    10     0 -9999 -9999
1998 12 26 00  -139  -172 10351     0     0     2 -9999     0
1998 12 26 06   -25   -86 10340   270    20     7 -9999     0
1998 12 26 09   -30   -84 10351   270    20     7 -9999 -9999
1998 12 27 00  -167 -9999 10419     0     0     8 -9999     1
1998 12 27 06   -27   -81 10418   250    10     7 -9999    -1
1998 12 27 09   -25   -95 10423     0     0     5 -9999 -9999
1998 12 28 00  -104  -173 10384    90    30     0 -9999     0
1998 12 28 09   -10  -114 10338   220    20     7 -9999 -9999
1998 12 29 00   -69   -90 10429   250    40     7 -9999    30
1998 12 29 06   -58   -80 10422     0     0     8 -9999    -1
1998 12 29 09   -45  -113 10393    90    10     0 -9999 -9999
1998 12 30 00  -109  -169 10315    90    30     0 -9999 -9999
1998 12 31 09   -57   -87 10474   290    30     4 -9999 -9999
