1997 01 01 00   -82  -200 10308 -9999 -9999     0 -9999     0
1997 01 01 06    32  -141 10216    90    70     2 -9999     0
1997 01 01 09    58  -149 10193    90    50     7 -9999 -9999
1997 01 01 12     9  -150 10226    90    50     7 -9999     0
1997 01 01 18   -21  -167 10219   250    30     6 -9999     0
1997 01 01 21   -24  -167 10249   250    40     8 -9999 -9999
1997 01 02 00   -46  -188 10288   290    20     7 -9999     0
1997 01 02 06   -46   -59 10335   270    20     8 -9999     5
1997 01 02 09   -28   -66 10326     0     0     7 -9999 -9999
1997 01 02 12   -54   -79 10343     0     0     7 -9999     1
1997 01 02 18  -116  -125 10339    90    30     0 -9999     0
1997 01 02 21  -124  -138 10322    70    20     0 -9999 -9999
1997 01 03 00  -135  -152 10321    90    20     0 -9999     0
1997 01 03 06     2  -100 -9999   320    10     0 -9999     0
1997 01 03 09    30  -111 10292   270    20     0 -9999 -9999
1997 01 03 12   -54  -200 10340     0     0     0 -9999     0
1997 01 03 18   -64  -160 10349    90    50     0 -9999     0
1997 01 03 21   -92  -197 10343    90    70     0 -9999 -9999
1997 01 04 00  -105  -199 10359    90    80     0 -9999     0
1997 01 04 06   -26  -157 10296    90   140     1 -9999     0
1997 01 04 09   -27  -153 10291    90   140     1 -9999 -9999
1997 01 04 12   -54  -190 10303    70    80     0 -9999     0
1997 01 04 18   -93  -226 10261    70    70     0 -9999     0
1997 01 04 21  -115  -196 10267    90    70     0 -9999 -9999
1997 01 05 00  -124  -186 10304    90    70     0 -9999     0
1997 01 05 06   -38  -155 10293    70    20     2 -9999     0
1997 01 05 09   -13  -155 10290     0     0     0 -9999 -9999
1997 01 05 12   -54  -175 10323    90    30     0 -9999     0
1997 01 05 18   -94  -210 10315    90    40     0 -9999     0
1997 01 05 21  -101  -185 10314    90    60     0 -9999 -9999
1997 01 06 00  -111  -192 10346    90    50     4 -9999     0
1997 01 06 06   -24  -175 10331   110    20     6 -9999     0
1997 01 06 09     4  -181 10325     0     0     7 -9999 -9999
1997 01 06 12   -46  -159 10370   220    10     7 -9999     0
1997 01 06 18   -96  -181 10372     0     0     7 -9999     0
1997 01 07 00  -127  -201 10383    70    20     1 -9999     0
1997 01 07 06     7  -150 10344     0     0     2 -9999     0
1997 01 07 09    33  -186 10342   270    20     1 -9999 -9999
1997 01 07 12   -58  -155 10372     0     0     0 -9999     0
1997 01 07 18  -101  -200 10349   110    20     0 -9999     0
1997 01 07 21  -126  -200 10352     0     0     0 -9999 -9999
1997 01 08 00  -131  -207 10392     0     0     1 -9999     0
1997 01 08 06   -28  -178 10371   250    10     7 -9999     0
1997 01 08 09   -24  -168 10377   270    10     7 -9999 -9999
1997 01 08 12   -16  -200 10403     0     0     7 -9999     0
1997 01 08 18  -131  -223 10382    90    20     0 -9999     0
1997 01 08 21  -149  -228 10378   110    30     0 -9999 -9999
1997 01 09 00  -154  -222 10386    90    20     0 -9999     0
1997 01 09 06    31  -158 10334     0     0     7 -9999     0
1997 01 09 09    39  -183 10329   270    20     3 -9999 -9999
1997 01 09 12   -26  -188 10362   290    20     0 -9999     0
1997 01 09 18  -117  -215 10349     0     0     0 -9999     0
1997 01 09 21  -139  -225 10348   250    10     0 -9999 -9999
1997 01 10 06    20  -144 10309     0     0     6 -9999     0
1997 01 10 09    46  -134 10292     0     0     7 -9999 -9999
1997 01 10 12   -12  -136 10327     0     0     7 -9999     0
1997 01 10 18   -80  -174 10309     0     0     2 -9999     0
1997 01 10 21 -9999 -9999 10311 -9999 -9999     0 -9999 -9999
1997 01 11 00  -151  -225 10324   220    10     0 -9999     0
1997 01 11 06     7  -156 10256     0     0     1 -9999     0
1997 01 11 09    39  -148 10236   220    30     6 -9999 -9999
1997 01 11 12   -16  -155 10270   270    30     0 -9999     0
1997 01 11 18  -119  -207 10249     0     0     0 -9999     0
1997 01 11 21  -136  -218 10256     0     0     0 -9999 -9999
1997 01 12 00  -141  -216 10296     0     0     7 -9999     0
1997 01 12 06    -9  -147 10308   110    50     7 -9999     0
1997 01 12 09    10  -135 10309    90    50     7 -9999 -9999
1997 01 12 12   -24  -167 10327    90    40     2 -9999     0
1997 01 12 18   -64  -296 10288    90    50     0 -9999     0
1997 01 12 21   -67  -292 10284    70    80     1 -9999 -9999
1997 01 13 00   -76  -296 10296    90    70     7 -9999     0
1997 01 13 06   -31  -261 10291    90   100     7 -9999     0
1997 01 13 09   -18  -279 10292    90    60     7 -9999 -9999
1997 01 13 12   -48  -234 10318    70    50     0 -9999     0
1997 01 13 18  -120  -244 10321    90    40     0 -9999     0
1997 01 13 21  -137  -244 10320    90    40     0 -9999 -9999
1997 01 14 00  -127  -235 10313    90    50     0 -9999     0
1997 01 14 06   -24  -221 10296    90    50     0 -9999     0
1997 01 14 09    13  -178 10277     0     0     2 -9999 -9999
1997 01 14 12   -71  -204 10303     0     0     0 -9999     0
1997 01 14 18  -112  -240 10262    90    20     0 -9999     0
1997 01 14 21  -105  -230 10230    90    40     0 -9999 -9999
1997 01 15 09    -4  -155 10255   250    50     0 -9999 -9999
1997 01 15 12   -30  -199 10293   250    40     7 -9999     0
1997 01 15 18  -101  -220 10302   250    50     5 -9999     0
1997 01 15 21  -121  -221 10312     0     0     7 -9999 -9999
1997 01 16 00  -134  -233 10324    90    20     1 -9999     0
1997 01 16 06   -20  -158 10309    40    30     0 -9999     0
1997 01 16 09     0  -160 10311    70    30     1 -9999 -9999
1997 01 16 18   -95  -232 10328    90    40     0 -9999     0
1997 01 16 21  -117  -254 10330    90    30     0 -9999 -9999
1997 01 17 00  -120  -257 10342    70    40     0 -9999     0
1997 01 17 06   -14  -209 10305    90    40     6 -9999     0
1997 01 17 09    24  -154 10286     0     0     1 -9999 -9999
1997 01 17 12   -60  -188 10315     0     0     0 -9999     0
1997 01 17 18  -110  -228 10289    70    20     0 -9999     0
1997 01 17 21  -106  -228 10258    90    20     0 -9999 -9999
1997 01 18 00  -108  -230 10263    90    20     0 -9999     0
1997 01 18 06    47  -202 10218    90    30     1 -9999     0
1997 01 18 09    89  -180 10188     0     0     1 -9999 -9999
1997 01 18 12   -31  -210 10209   250    10     0 -9999     0
1997 01 18 18  -102  -241 10145   110    20     0 -9999     0
1997 01 18 21   -76  -218 10102    70    50     0 -9999 -9999
1997 01 19 00   -60  -244 10115    90    60     0 -9999     0
1997 01 19 06 -9999 -9999 -9999    70    90     6 -9999     0
1997 01 19 09    78  -300 10024    90    80     3 -9999 -9999
1997 01 19 12    25 -9999 10090    90    50     2 -9999     0
1997 01 19 18   -82  -218 10119   220    20     7 -9999     0
1997 01 19 21   -82  -210 10164   250    20     7 -9999 -9999
1997 01 20 00   -73  -199 10228   290    30     7 -9999     0
1997 01 20 06   -27  -220 10287   270    40     7 -9999     0
1997 01 20 09    10  -175 10299   270    60     7 -9999 -9999
1997 01 20 12   -36  -181 10331   220    50     7 -9999     0
1997 01 20 21  -102  -204 10367     0     0     8 -9999 -9999
1997 01 21 00   -92  -182 10379     0     0     8 -9999     0
1997 01 21 06   -15  -161 10362     0     0     7 -9999     0
1997 01 21 09    -8  -152 10351     0     0     7 -9999 -9999
1997 01 21 21  -107 -9999 10355    70    40     0 -9999 -9999
1997 01 22 00  -114  -232 -9999    90    40     1 -9999     0
1997 01 22 06   -24  -168 10351    90    50     1 -9999     0
1997 01 22 09    -6  -147 10335    90    20     6 -9999 -9999
1997 01 22 12   -52  -204 10352    70    20     7 -9999     0
1997 01 23 00  -163  -262 10354    90    20     0 -9999     0
1997 01 23 06   -11  -158 10316    70    20     0 -9999     0
1997 01 23 09    26  -181 10301     0     0     0 -9999 -9999
1997 01 23 12   -57  -239 10328     0     0     0 -9999     0
1997 01 23 18  -132  -251 10295    90    20     0 -9999     0
1997 01 23 21  -155  -260 10288    90    10     0 -9999 -9999
1997 01 24 00  -167  -261 10321   110    10     0 -9999     0
1997 01 24 06   -21  -222 10309   250    20     0 -9999     0
1997 01 24 09    -2  -199 10300   290    40     2 -9999 -9999
1997 01 24 12   -52  -203 10338   270    20     0 -9999     0
1997 01 24 21  -169  -265 10340   140    10     7 -9999 -9999
1997 01 25 00  -187  -277 10376     0     0     0 -9999     0
1997 01 25 06   -32  -157 10382   250    40     0 -9999     0
1997 01 25 09    -5  -174 10365   250    40     6 -9999 -9999
1997 01 25 12   -60  -188 10387   250    10     0 -9999     0
1997 01 25 18  -149  -244 10369   140    20     0 -9999     0
1997 01 25 21  -173  -252 10366     0     0     7 -9999 -9999
1997 01 26 00  -171  -246 10394     0     0     7 -9999     0
1997 01 26 06   -31  -204 10398   270    40     0 -9999     0
1997 01 26 09    14  -217 10383   250    60     1 -9999 -9999
1997 01 26 12   -27  -202 10398   250    30     0 -9999     0
1997 01 27 00  -167  -245 10325    90    20     0 -9999     0
1997 01 27 06    35  -187 10264     0     0     0 -9999     0
1997 01 27 09    76  -191 10231     0     0     0 -9999 -9999
1997 01 27 12   -41  -273 10256     0     0     0 -9999     0
1997 01 27 18   -95  -283 10216    90    30     0 -9999     0
1997 01 27 21  -127  -291 10242   270    30     0 -9999 -9999
1997 01 28 00  -153  -280 10308   250    10     0 -9999     0
1997 01 28 06   -28  -185 10292   270    70     0 -9999     0
1997 01 28 09     8  -177 10279   250    30     7 -9999 -9999
1997 01 28 12   -49  -164 10294     0     0     2 -9999     0
1997 01 28 18  -105  -227 10236    90    20     4 -9999     0
1997 01 28 21  -112  -224 10218    90    30     7 -9999 -9999
1997 01 29 00  -131  -236 10240    90    30     7 -9999     0
1997 01 29 06    20  -171 10209     0     0     1 -9999     0
1997 01 29 09    40  -134 10203   250    30     7 -9999 -9999
1997 01 29 12   -40  -198 10238     0     0     6 -9999     0
1997 01 29 21   -77  -227 10185    70    50     0 -9999 -9999
1997 01 30 00   -71  -203 10204    90    40     0 -9999     0
1997 01 30 06    45  -163 10189    90    70     0 -9999     0
1997 01 30 09    60  -192 10176   110    70     0 -9999 -9999
1997 01 30 12    16  -246 10198    90    50     0 -9999     0
1997 01 30 18   -70  -230 10191    70    40     0 -9999     0
1997 01 31 00  -100  -203 10201    90    60     0 -9999     0
1997 01 31 09    21  -174 10211   180    20     7 -9999 -9999
1997 01 31 12   -42  -194 10249     0     0     7 -9999     0
1997 01 31 18   -68  -196 10222    70    30     0 -9999     0
1997 01 31 21   -80  -205 10222   110    20     0 -9999 -9999
1997 02 01 00   -98  -208 10251    90    30     0 -9999     0
1997 02 01 06    17  -144 10220    90    40     2 -9999     0
1997 02 01 09    48  -134 10197    90    30     1 -9999 -9999
1997 02 01 12    -2  -182 10227    90    30     2 -9999     0
1997 02 01 18   -72  -197 10210    90    40     0 -9999     0
1997 02 01 21   -89  -216 10202    70    30     0 -9999 -9999
1997 02 02 00  -101  -206 10219    90    40     0 -9999     0
1997 02 02 06    20  -124 10211    90    30     1 -9999     0
1997 02 02 09    57  -119 10197     0     0     1 -9999 -9999
1997 02 02 12 -9999 -9999 10234 -9999 -9999     0 -9999     0
1997 02 02 18   -86  -197 10221    90    20     0 -9999     0
1997 02 02 21  -101  -206 10218    90    30     0 -9999 -9999
1997 02 03 00  -108  -209 10255    90    30     2 -9999     0
1997 02 03 06    42  -157 10223    90    40     1 -9999     0
1997 02 03 09    60  -255 10210    70    50     1 -9999 -9999
1997 02 03 12     0  -177 10242    90    30     0 -9999     0
1997 02 03 18   -77  -183 10222    90    60     0 -9999     0
1997 02 04 00  -104  -206 10262   110    10     2 -9999     0
1997 02 04 06    20  -150 10255   160    20     7 -9999     0
1997 02 04 09    30  -161 10255   250    20     7 -9999 -9999
1997 02 04 12   -25  -249 10288     0     0     0 -9999     0
1997 02 04 18  -114  -232 10287   160    20     0 -9999     0
1997 02 04 21  -137  -247 10292   110    20     0 -9999 -9999
1997 02 05 00  -148  -246 10314    90    20     0 -9999     0
1997 02 05 06    15  -173 10290   320    20     1 -9999     0
1997 02 05 09    39  -172 10279   270    40     0 -9999 -9999
1997 02 05 12   -30  -231 10310     0     0     0 -9999     0
1997 02 05 18  -120  -241 10291   110    20     0 -9999     0
1997 02 05 21  -141  -251 10280    90    20     0 -9999 -9999
1997 02 06 00  -150  -245 10300   110    20     0 -9999     0
1997 02 06 09    57  -168 10240   270    40     0 -9999 -9999
1997 02 06 12   -22  -213 10265     0     0     0 -9999     0
1997 02 06 18  -118  -245 10239   110    20     0 -9999     0
1997 02 06 21  -147  -262 10234   110    20     0 -9999 -9999
1997 02 07 00  -167  -274 10262   110    30     0 -9999     0
1997 02 07 06    14  -183 10245   270    30     2 -9999     0
1997 02 07 09    37  -187 10230   250    60     2 -9999 -9999
1997 02 07 12    -8  -180 10252   220    20     1 -9999     0
1997 02 07 18  -120  -247 10229     0     0     0 -9999     0
1997 02 07 21  -142  -260 10230     0     0     0 -9999 -9999
1997 02 08 00  -139  -246 10258   110    20     7 -9999     0
1997 02 08 06    12  -169 10257     0     0     1 -9999     0
1997 02 08 09    30  -144 10250   250    40     2 -9999 -9999
1997 02 08 12   -18  -167 10279   250    20     0 -9999     0
1997 02 08 18  -122  -245 10279   110    30     0 -9999     0
1997 02 09 00  -128  -248 10288    90    40     0 -9999     0
1997 02 09 06    20  -158 10278     0     0     0 -9999     0
1997 02 09 09    35  -119 10270     0     0     0 -9999 -9999
1997 02 09 12   -43  -217 10299     0     0     0 -9999     0
1997 02 09 18   -91  -222 10268    90    30     0 -9999     0
1997 02 09 21   -88  -206 10255    90    40     0 -9999 -9999
1997 02 10 00  -108  -230 10298    90    60     0 -9999     0
1997 02 10 09    49  -201 10245    70    60     1 -9999 -9999
1997 02 10 12    -6  -175 10284    70    20     0 -9999     0
1997 02 10 18   -90  -220 10284    90    40     0 -9999     0
1997 02 10 21  -112  -230 10277    90    30     0 -9999 -9999
1997 02 11 00  -132  -240 10310    90    30     7 -9999     0
1997 02 11 06     6  -192 10282   220    10     0 -9999     0
1997 02 11 09    57  -196 10252   220    10     0 -9999 -9999
1997 02 11 12   -34  -210 10280     0     0     1 -9999     0
1997 02 11 18   -57  -246 10255    90    20     0 -9999     0
1997 02 12 00  -141  -256 10332     0     0     0 -9999     0
1997 02 12 06    12  -207 10317   270    20     0 -9999     0
1997 02 12 09    38  -196 10310   250    40     2 -9999 -9999
1997 02 12 12   -30  -231 10336     0     0     5 -9999     0
1997 02 12 18   -98  -253 10310    90    20     0 -9999     0
1997 02 12 21  -131  -267 10311    90    20     0 -9999 -9999
1997 02 13 00  -150  -274 10353   110    20     0 -9999     0
1997 02 13 09    45  -192 10305   270    40     1 -9999 -9999
1997 02 13 12     3  -179 10336   250    40     1 -9999     0
1997 02 13 18  -104  -239 10324     0     0     0 -9999     0
1997 02 13 21  -132  -258 10317     0     0     0 -9999 -9999
1997 02 14 00  -139  -255 10345     0     0     1 -9999     0
1997 02 14 06    15  -174 10334     0     0     0 -9999     0
1997 02 14 09    36  -184 10324     0     0     0 -9999 -9999
1997 02 14 12   -26  -207 10342    90    20     0 -9999     0
1997 02 14 18   -64  -216 10307    90    40     0 -9999     0
1997 02 14 21  -103  -253 10305    90    50     0 -9999 -9999
1997 02 15 00  -112  -278 10323    90    40     0 -9999     0
1997 02 15 09    64  -172 10267   290    20     0 -9999 -9999
1997 02 15 12   -16  -253 10304     0     0     1 -9999     0
1997 02 15 18  -102  -279 10299     0     0     0 -9999     0
1997 02 15 21  -124  -293 10281    90    20     0 -9999 -9999
1997 02 16 00  -132  -283 10329   110    20     1 -9999     0
1997 02 16 06    42  -184 10301   250    30     1 -9999     0
1997 02 16 09    64  -200 10278   220    30     7 -9999 -9999
1997 02 16 12    -1  -217 10319     0     0     0 -9999     0
1997 02 16 18  -102  -269 10302     0     0     0 -9999     0
1997 02 16 21  -114  -259 10300    90    10     0 -9999 -9999
1997 02 17 00  -124  -264 10325    90    20     1 -9999     0
1997 02 17 06    42  -159 10302   320    20     0 -9999     0
1997 02 17 09    68  -206 10285   250    20     0 -9999 -9999
1997 02 17 12   -12  -253 10320     0     0     0 -9999     0
1997 02 17 18  -102  -274 10301    90    20     0 -9999     0
1997 02 18 00  -131  -270 10334    90    20     0 -9999     0
1997 02 18 06    53  -174 10299    90    10     0 -9999     0
1997 02 18 09    68  -230 10277     0     0     2 -9999 -9999
1997 02 18 12    10  -224 10309   250    20     1 -9999     0
1997 02 18 18   -68  -226 10279    70    20     0 -9999     0
1997 02 18 21  -117  -262 10289   110    20     0 -9999 -9999
1997 02 19 00  -138  -270 10330    90    20     0 -9999     0
1997 02 19 06    35  -198 10310   250    20     0 -9999     0
1997 02 19 09    62  -189 10311   270    30     1 -9999 -9999
1997 02 19 12   -19  -240 10351     0     0     1 -9999     0
1997 02 19 18   -88  -262 10327    90    20     2 -9999     0
1997 02 19 21  -102  -257 10320   110    30     1 -9999 -9999
1997 02 20 00  -112  -254 10339    90    20     2 -9999     0
1997 02 20 06    60 -9999 10284    70    20     1 -9999     0
1997 02 20 09    80  -187 10259   110    30     2 -9999 -9999
1997 02 20 12    25  -224 10282    90    30     6 -9999     0
1997 02 20 18   -20  -256 10226    70    50     1 -9999     0
1997 02 20 21   -60  -261 10224    90    30     0 -9999 -9999
1997 02 21 00   -80  -255 10272    90    20     1 -9999     0
1997 02 21 06    57  -219 10254   220    20     0 -9999     0
1997 02 21 09    92  -223 -9999   270    40     0 -9999 -9999
1997 02 21 12    18  -256 10266     0     0     0 -9999     0
1997 02 21 18   -88  -291 10247    90    30     0 -9999     0
1997 02 21 21  -117 -9999 10238    90    20     2 -9999 -9999
1997 02 22 00  -126  -282 10261   110    20     1 -9999     0
1997 02 22 06    57  -206 10236   250    20     7 -9999     0
1997 02 22 09    84  -212 10230   250    30     7 -9999 -9999
1997 02 22 12    34  -234 10260   250    20     7 -9999     0
1997 02 22 18   -40  -231 10276   250    20     8 -9999     0
1997 02 22 21   -72  -238 10279     0     0     5 -9999 -9999
1997 02 23 00  -104  -233 10302     0     0     3 -9999     0
1997 02 23 06    30  -195 10269     0     0     7 -9999     0
1997 02 23 09    58  -150 10247     0     0     2 -9999 -9999
1997 02 23 12    -6  -224 -9999     0     0     1 -9999     0
1997 02 23 18   -84  -236 10247    90    30     0 -9999     0
1997 02 24 00  -120  -254 10264    70    20     0 -9999     0
1997 02 24 06    62  -177 10231    70    30     0 -9999     0
1997 02 24 09    79  -211 10219     0     0     0 -9999 -9999
1997 02 24 18   -49  -247 10177    90    40     2 -9999     0
1997 02 24 21   -24  -242 10151    90    80     7 -9999 -9999
1997 02 25 00   -36  -226 10176    90    70     2 -9999     0
1997 02 25 06    98 -9999 -9999   190    60     7 -9999 -9999
1997 02 25 09    68  -192 10191   250    20     8 -9999 -9999
1997 02 25 12    22  -222 10218     0     0     8 -9999     0
1997 02 25 18   -32  -215 10244   250    10     8 -9999     0
1997 02 25 21   -52  -222 10262   270    20     7 -9999 -9999
1997 02 26 00   -76  -227 10296     0     0     7 -9999     0
1997 02 26 06    44  -177 10289   270    50     8 -9999     0
1997 02 26 09    55   -88 10292   270    60     7 -9999 -9999
1997 02 26 12    28   -92 10327   250    40     7 -9999     0
1997 02 26 21   -57  -101 10342     0     0     4 -9999 -9999
1997 02 27 00   -86  -152 10364     0     0     5 -9999     0
1997 02 27 06    46  -136 10335   290    20     1 -9999     0
1997 02 27 09    65  -180 10327   250    60     1 -9999 -9999
1997 02 27 12    20  -159 10351   270    30     0 -9999     0
1997 02 27 18   -83  -188 10345     0     0     0 -9999     0
1997 02 28 00  -120  -210 10336    90    20     1 -9999     0
1997 02 28 06    62  -163 10308   270    40     0 -9999     0
1997 02 28 09    79  -204 10301   270    70     1 -9999 -9999
1997 02 28 12    38  -163 10327   270    30     0 -9999     0
1997 02 28 18   -40  -175 10334    90    30     0 -9999     0
1997 02 28 21   -65  -200 10333    90    50     0 -9999 -9999
1997 03 01 00   -94  -241 10350    90    50     0 -9999     0
1997 03 01 06    52  -202 10303    70    60     0 -9999     0
1997 03 01 09    66  -184 10285    70    40     0 -9999 -9999
1997 03 01 12    24  -217 10305    90    50     0 -9999     0
1997 03 01 18   -48  -234 10282    70    60     0 -9999     0
1997 03 01 21   -68  -231 10271    90    60     0 -9999 -9999
1997 03 02 00   -88  -261 10297    90    60     0 -9999     0
1997 03 02 06    56  -205 10258    90    90     0 -9999     0
1997 03 02 09    81  -157 10232    90    70     0 -9999 -9999
1997 03 02 12 -9999 -9999 10255    90    60     0 -9999     0
1997 03 02 18   -46  -321 10230    90    60     0 -9999     0
1997 03 02 21   -51  -330 10214    90    70     0 -9999 -9999
1997 03 03 00   -60  -277 10238   110    60     0 -9999     0
1997 03 03 06    73  -261 10255   250    40     0 -9999     0
1997 03 03 09    80  -265 10237   250    30     0 -9999 -9999
1997 03 03 12    30  -270 10256   220    10     0 -9999     0
1997 03 03 18   -81  -376 10247     0     0     0 -9999     0
1997 03 03 21   -84  -312 10247   110    30     2 -9999 -9999
1997 03 04 00  -102 -9999 10283     0     0     0 -9999     0
1997 03 04 06    70  -233 10269   250    80     6 -9999     0
1997 03 04 09    90  -187 10253   250    70     7 -9999 -9999
1997 03 04 18   -32  -164 10256     0     0     7 -9999     0
1997 03 04 21   -31  -193 10240     0     0     0 -9999 -9999
1997 03 05 00   -76  -189 10250     0     0     2 -9999     0
1997 03 05 06    88  -143 10214     0     0     7 -9999     0
1997 03 05 09   117   -74 10190   270    40     1 -9999 -9999
1997 03 05 12    80  -124 10220   250    20     2 -9999     0
1997 03 05 18   -34  -135 10218     0     0     2 -9999     0
1997 03 06 00   -60  -187 10246    90    30     1 -9999     0
1997 03 06 06   108  -126 10228    40    30     0 -9999     0
1997 03 06 09   136  -109 10208     0     0     3 -9999 -9999
1997 03 06 12    60  -119 10224     0     0     2 -9999     0
1997 03 06 18    30  -160 10188    90    20     1 -9999     0
1997 03 07 00   -20  -164 10224    70    30     1 -9999     0
1997 03 07 06   144  -138 10185   110    10     0 -9999     0
1997 03 07 09   173  -147 10164   270    10     1 -9999 -9999
1997 03 07 12   108   -95 10172     0     0     7 -9999     0
1997 03 07 18     0  -222 10152    90    30     0 -9999     0
1997 03 08 00   -26  -187 10169   110    20     7 -9999     0
1997 03 08 06   155  -170 10152   270    30     1 -9999     0
1997 03 08 09   194  -142 10125   250    40     2 -9999 -9999
1997 03 08 12   114   -85 10149   250    20     6 -9999     0
1997 03 08 18     4  -158 10125     0     0     0 -9999     0
1997 03 08 21    -6  -187 10111   110    20     0 -9999 -9999
1997 03 09 00    -4  -178 10146    90    20     7 -9999     0
1997 03 09 06   150  -206 10151   110    70     5 -9999     0
1997 03 09 09   164  -212 10144   110    60     2 -9999 -9999
1997 03 09 12   125  -166 10157    90    50     1 -9999     0
1997 03 09 18    38  -153 10161    90    30     2 -9999     0
1997 03 09 21    -2  -117 10166     0     0     0 -9999 -9999
1997 03 10 00   -14  -189 10185    90    20     5 -9999     0
1997 03 10 06   140  -136 10146   140    20     7 -9999     0
1997 03 10 09   170   -82 10129   160    10     7 -9999 -9999
1997 03 10 12   120   -42 10131     0     0     7 -9999     0
1997 03 10 18    52  -157 10091    90    50     0 -9999     0
1997 03 10 21    28  -156 10079    90    50     1 -9999 -9999
1997 03 11 00    17  -189 10089    90    40     0 -9999     0
1997 03 11 06   182  -124 10052    70    60     5 -9999     0
1997 03 11 09   200  -130 10033    90    60     7 -9999 -9999
1997 03 11 12   132   -59 10084    90    20     7 -9999     0
1997 03 12 00    32   -78 10183   160    40     7 -9999     0
1997 03 12 06    82   -87 10188    70    20     7 -9999     0
1997 03 12 09   115  -100 10166    90    20     7 -9999 -9999
1997 03 12 12    88   -57 10185     0     0     8 -9999     0
1997 03 12 21    32   -69 10176    90    20     8 -9999 -9999
1997 03 13 00    36  -120 10208     0     0     8 -9999     0
1997 03 13 06    87   -32 10213     0     0     8 -9999     0
1997 03 13 09   113   -36 10190   290    20     1 -9999 -9999
1997 03 13 18    14   -65 10195     0     0     0 -9999     0
1997 03 13 21    10   -70 10186    70    20     0 -9999 -9999
1997 03 14 00    -4   -71 10201    90    30     2 -9999     0
1997 03 14 06   136   -61 10183   270    20     0 -9999     0
1997 03 14 09   150   -77 10163   250    20     0 -9999 -9999
1997 03 14 12   110   -66 10185   220    20     0 -9999     0
1997 03 14 18 -9999 -9999 10173    90    20     1 -9999     0
1997 03 14 21   -20  -137 10167    90    20     0 -9999 -9999
1997 03 15 00   -12  -146 10178    90    20     0 -9999     0
1997 03 15 06   170   -99 10124    90    50     0 -9999     0
1997 03 15 09   195  -129 10102    40    20     0 -9999 -9999
1997 03 15 12   146  -121 10107    90    30     1 -9999     0
1997 03 15 18    80  -122 10077    70    70     0 -9999     0
1997 03 16 00    25   -89 10144     0     0     7 -9999     0
1997 03 16 06   112   -81 10153   160    40     7 -9999     0
1997 03 16 09   132   -60 10130    90    30     8 -9999 -9999
1997 03 16 12   122   -63 10139    90    30     1 -9999     0
1997 03 16 18    54   -93 10141    90    40     1 -9999     0
1997 03 16 21    32   -86 10134    90    50     0 -9999 -9999
1997 03 17 00    25   -89 10167    70    50     0 -9999     0
1997 03 17 06   160   -67 10140    70    90     6 -9999     0
1997 03 17 09   168   -62 10127    90    90     7 -9999 -9999
1997 03 17 12   144   -36 10132    90    80     7 -9999     0
1997 03 17 18    69   -57 10122    90    50     5 -9999     0
1997 03 17 21    48   -60 10132    90    20     3 -9999 -9999
1997 03 18 00    36   -59 10135    90    70     7 -9999     0
1997 03 18 06    88   -34 10140    90   100     8 -9999     0
1997 03 18 09   132   -39 10115    90    90     7 -9999 -9999
1997 03 18 12   104   -22 10125    90    60     1 -9999     0
1997 03 18 21    22   -76 10119    70    30     2 -9999 -9999
1997 03 19 00    18   -83 10137    90    40     7 -9999     0
1997 03 19 06   143   -54 10104    90    30     2 -9999     0
1997 03 19 09   171   -58 10085   180    30     0 -9999 -9999
1997 03 19 12   123   -32 10091     0     0     0 -9999     0
1997 03 19 18    51   -63 10080    90    50     0 -9999     0
1997 03 20 00    26   -48 10104    90    80     1 -9999     0
1997 03 20 06   146   -27 10070    90   110     7 -9999     0
1997 03 20 09   162   -70 10044    90   100     6 -9999 -9999
1997 03 20 12   130   -87 10059    90    90     7 -9999     0
1997 03 20 18    80   -71 10074    90    80     1 -9999     0
1997 03 20 21    62   -53 10080    90    60     7 -9999 -9999
1997 03 21 00    41   -63 10111    90    60     7 -9999     0
1997 03 21 06   128   -68 10103    90   100     7 -9999     0
1997 03 21 09   132   -78 10103    90    70     8 -9999 -9999
1997 03 21 12   123   -61 10118    90    70     8 -9999     0
1997 03 21 18    62  -108 10124    90    70     2 -9999     0
1997 03 21 21    42  -117 10124    90    70     3 -9999 -9999
1997 03 22 00    31   -84 10137    90    60     2 -9999     0
1997 03 22 06   150   -32 10114    90    60     7 -9999     0
1997 03 22 09   145   -26 10114    90    60     2 -9999 -9999
1997 03 22 12   114   -23 10131    90    50     7 -9999     0
1997 03 22 18    64   -22 10114    90    70     0 -9999     0
1997 03 23 00    24   -37 10140    90    50     0 -9999     0
1997 03 23 06   131   -22 10115    90    50     0 -9999     0
1997 03 23 09   164   -52 10089    90    30     0 -9999 -9999
1997 03 23 12   133   -45 10112    90    40     2 -9999     0
1997 03 23 18    38   -52 10137    90    50     0 -9999     0
1997 03 24 00     4   -56 10160    90    50     1 -9999     0
1997 03 24 06   131   -33 10143    90    90     3 -9999     0
1997 03 24 09   152   -62 10135    90    60     7 -9999 -9999
1997 03 24 12   120   -50 10166   110    40     7 -9999     0
1997 03 24 21    47   -43 10174    70    50     6 -9999 -9999
1997 03 25 00 -9999 -9999 10197    90    30     7 -9999     0
1997 03 25 06   144   -45 10188    90    50     0 -9999     0
1997 03 25 09   172   -73 10171    90    30     0 -9999 -9999
1997 03 25 12   133   -63 10192    90    30     1 -9999     0
1997 03 25 18    63  -118 10198    90    40     0 -9999     0
1997 03 25 21    24  -147 10198    90    40     0 -9999 -9999
1997 03 26 00     8  -120 10219    90    30     0 -9999     0
1997 03 26 06   184   -83 10159    90    70     1 -9999     0
1997 03 26 09   187  -139 10140    90    50     1 -9999 -9999
1997 03 26 12   148  -131 10159    90    50     1 -9999     0
1997 03 26 18    72  -132 10145    70    60     7 -9999     0
1997 03 26 21    70  -229 10129    90    80     1 -9999 -9999
1997 03 27 00    66  -135 10168    70    50     7 -9999     0
1997 03 27 06   155  -129 10159    90    80     7 -9999     0
1997 03 27 09   178  -113 10141    90    70     1 -9999 -9999
1997 03 27 12   147  -101 10157    70    40     1 -9999     0
1997 03 28 00    56  -163 10170    90    40     6 -9999     0
1997 03 28 06   176  -128 10167    90    80     0 -9999     0
1997 03 28 09   185  -111 10162    90    40     0 -9999 -9999
1997 03 28 12   150   -77 10178    90    20     0 -9999     0
1997 03 28 18    68  -194 10175    90    40     0 -9999     0
1997 03 29 00    58  -183 10184    70    50     0 -9999     0
1997 03 29 06   201  -109 10123    90   100     1 -9999     0
1997 03 29 09   225  -117 10086    90    80     1 -9999 -9999
1997 03 29 12   186  -126 10092    70    60     1 -9999     0
1997 03 29 18   112  -139 10082    90    50     1 -9999     0
1997 03 29 21    78  -157 10103    90    30     0 -9999 -9999
1997 03 30 00    34 -9999 10139   220    10     7 -9999     0
1997 03 30 09   200  -125 10089   250    60     7 -9999 -9999
1997 03 30 12   159  -127 10105   250    30     7 -9999     0
1997 03 30 18   122  -109 10078   250    50     2 -9999     0
1997 03 30 21    84   -91 10076   290    20     8 -9999 -9999
1997 03 31 00    80   -80 10104     0     0     6 -9999     0
1997 03 31 06   193  -107 10047   270    40     0 -9999     0
1997 03 31 09   210  -107 10032   270    30     2 -9999 -9999
1997 03 31 12   168   -92 10068   290    40     2 -9999     0
1997 04 01 00    49   -26 10096    70    30     1 -9999     0
1997 04 01 06   138   -10 10128   360    50     6 -9999    -1
1997 04 01 09   150   -40 10114   270    40     7 -9999 -9999
1997 04 01 12   112   -26 10157    70    50     7 -9999    -1
1997 04 01 21    32   -62 10192    90    40     0 -9999 -9999
1997 04 02 00    18   -25 10221    70    30     1 -9999     0
1997 04 02 06   121   -41 10209    90    50     0 -9999     0
1997 04 02 09   140   -81 10192    90    40     0 -9999 -9999
1997 04 02 12   115  -119 10207   110    40     0 -9999     0
1997 04 02 18    30  -116 10213    70    50     0 -9999     0
1997 04 02 21    16   -55 10199    90    80     0 -9999 -9999
1997 04 03 00     9   -57 -9999    90    70     0 -9999     0
1997 04 03 06   148   -72 10173    90    60     0 -9999     0
1997 04 03 09   187  -116 10143    90    50     0 -9999 -9999
1997 04 03 12   151  -101 10158    90    50     0 -9999     0
1997 04 03 18    65  -137 10136    90    60     0 -9999     0
1997 04 03 21    35  -146 10128    90    60     0 -9999 -9999
1997 04 04 00    42  -172 10140    90    90     0 -9999     0
1997 04 04 06   179 -9999 10085    90   140     0 -9999     0
1997 04 04 09   198  -266 10059    90   100     0 -9999 -9999
1997 04 04 12   172  -223 10060    90    80     1 -9999     0
1997 04 04 18   110  -198 10050    90    80     0 -9999     0
1997 04 05 00    48  -134 10106     0     0     0 -9999     0
1997 04 05 06   160  -117 10081   290    30     7 -9999     0
1997 04 05 09   187   -77 10061   270    30     7 -9999 -9999
1997 04 05 12   172   -61 10079   220    10     5 -9999     0
1997 04 05 18   103   -27 10111   140    30     0 -9999     0
1997 04 05 21    62   -28 10115    40    30     0 -9999 -9999
1997 04 06 00    51   -95 10151    90    20     7 -9999     0
1997 04 06 06   136  -108 10149    90    70     0 -9999     0
1997 04 06 09   161   -79 10131    40    30     7 -9999 -9999
1997 04 06 12   136   -91 10150    90    40     7 -9999     0
1997 04 06 18    62  -187 10177    90    50     7 -9999     0
1997 04 06 21    47  -151 10175    70    30     1 -9999 -9999
1997 04 07 00    30  -153 10206    90    30     1 -9999     0
1997 04 07 06   105  -165 10191 -9999 -9999     3 -9999     0
1997 04 07 09   119  -156 10178    90    70     7 -9999 -9999
1997 04 07 12   103  -164 10193    70    60     8 -9999     0
1997 04 07 18    49  -169 10211    70    90     0 -9999     0
1997 04 08 00 -9999 -9999 -9999    90    80     7 -9999     0
1997 04 08 06    60   -70 10251    90   100     7 -9999     0
1997 04 08 09    80   -55 10238    90    60     2 -9999 -9999
1997 04 08 12    54   -72 10259    90    60     0 -9999     0
1997 04 08 18    14  -100 10257    70    50     0 -9999     0
1997 04 08 21    -1  -151 10244    70    40     0 -9999 -9999
1997 04 09 00   -12  -176 10263    90    50     0 -9999     0
1997 04 09 06   108  -126 10211    90    80     0 -9999     0
1997 04 09 09   126   -95 10190    90    60     0 -9999 -9999
1997 04 09 12    96  -155 10210    90    60     2 -9999     0
1997 04 09 21     3  -149 10222    70    30     0 -9999 -9999
1997 04 10 00     0  -160 10239    70    50     7 -9999     0
1997 04 10 06   148  -140 -9999    40    30     7 -9999     0
1997 04 10 09   164  -120 10185   220    20     7 -9999 -9999
1997 04 10 12   142   -92 10185     0     0     7 -9999     0
1997 04 10 18    64  -115 10172    70    20     0 -9999     0
1997 04 11 00    39  -166 10181    70    30     0 -9999     0
1997 04 11 06   165   -80 10137    20    20     7 -9999     0
1997 04 11 09   199   -47 10110   250    20     0 -9999 -9999
1997 04 11 12   175   -79 10120   220    30     6 -9999     0
1997 04 11 18    48   -45 10134     0     0     7 -9999     0
1997 04 11 21    37  -101 10117   110    20     2 -9999 -9999
1997 04 12 06   195  -138 10116   290    40     7 -9999     0
1997 04 12 09   205  -164 10108   270    40     0 -9999 -9999
1997 04 12 12   159   -96 10136    90    30     0 -9999     0
1997 04 12 18    72   -65 10157    70    30     0 -9999     0
1997 04 12 21    25   -68 10170    90    20     0 -9999 -9999
1997 04 13 00    25   -77 10200    90    30     0 -9999     0
1997 04 13 06   198  -136 10160    70    20     0 -9999     0
1997 04 13 09   212  -134 10154    90    30     0 -9999 -9999
1997 04 13 12   184   -72 10157     0     0     0 -9999     0
1997 04 13 18    69  -121 10147    90    20     0 -9999     0
1997 04 13 21    44  -145 10150   110    30     0 -9999 -9999
1997 04 14 00    40  -148 10175    90    20     3 -9999     0
1997 04 14 06   214  -184 10160    70    40     2 -9999     0
1997 04 14 09   207   -78 10161   110    60     1 -9999 -9999
1997 04 14 18   100   -83 10141    70    60     0 -9999     0
1997 04 15 00    76   -94 10155    70    50     0 -9999     0
1997 04 15 06   190  -161 10117    90   100     1 -9999     0
1997 04 15 09   204  -133 10105    90    70     0 -9999 -9999
1997 04 15 12   179  -109 10120    90    50     0 -9999     0
1997 04 15 18    85  -144 10132    90    50     0 -9999     0
1997 04 15 21    75  -159 10122    90    40     0 -9999 -9999
1997 04 16 00    80  -152 10145    70    40     1 -9999     0
1997 04 16 06   203  -199 10111    90    90     0 -9999     0
1997 04 16 09   217  -225 10090    90    90     0 -9999 -9999
1997 04 16 12   192  -180 10099    90    50     1 -9999     0
1997 04 16 18   110  -162 10096    90    50     0 -9999     0
1997 04 17 00    75  -166 10109    90    40 -9999 -9999     0
1997 04 17 06   229 -9999 10069    90    80     0 -9999     0
1997 04 17 09   238  -195 10055    90    90     0 -9999 -9999
1997 04 17 12   204  -232 10074    90    50     2 -9999     0
1997 04 17 18    96  -189 10087    90    40     1 -9999     0
1997 04 17 21    94  -187 10089    70    50     0 -9999 -9999
1997 04 18 00    71  -155 10115    90    30     7 -9999     0
1997 04 18 06   248  -139 10077    90    50     1 -9999     0
1997 04 18 09   262  -124 10053    90    30     1 -9999 -9999
1997 04 18 12   231  -149 10071    90    30     7 -9999     0
1997 04 19 00   105 -9999 10099    90    30     7 -9999     0
1997 04 19 09   265   -72 10062   140    30     7 -9999 -9999
1997 04 19 12   227  -118 10088    90    40     7 -9999     0
1997 04 19 18   140   -70 10090    90    40     0 -9999     0
1997 04 19 21   114   -81 10092    90    40     7 -9999 -9999
1997 04 20 00   107   -63 10103    70    50     7 -9999     0
1997 04 20 06   203   -78 10101    90    30     8 -9999     0
1997 04 20 09   226   -40 10089    90    20     7 -9999 -9999
1997 04 20 18   125   -76 10115    90    30     0 -9999     0
1997 04 20 21   106  -117 10120    90    30     1 -9999 -9999
1997 04 21 00    92   -76 10153    40    20     7 -9999     0
1997 04 21 06   217   -50 -9999   270    30     6 -9999     0
1997 04 21 09   206    -1 10131   320    50     7 -9999 -9999
1997 04 21 12   191    24 10158   200    30     7 -9999    -1
1997 04 21 18   113    45 10173   110    20     6 -9999    -1
1997 04 22 00   101    42 10210    40    40     0 -9999     0
1997 04 22 06   204     5 10200     0     0     2 -9999     0
1997 04 22 09   206    -5 10194    90    20     5 -9999 -9999
1997 04 22 12   176   -10 10213    90    60 -9999 -9999    -1
1997 04 22 18    99    37 10243    90    20     0 -9999     0
1997 04 23 00    70    20 10267    70    40     0 -9999     0
1997 04 23 06   200   -19 10245    90    40     0 -9999     0
1997 04 23 09   212    -8 10224    90    30     0 -9999 -9999
1997 04 23 12   192   -49 10231    90    30     0 -9999     0
1997 04 23 18   103   -25 10229    70    20     0 -9999     0
1997 04 23 21    85   -72 10213    40    30     0 -9999 -9999
1997 04 24 00    97   -62 10213    70    40     7 -9999     0
1997 04 24 09   247   -43 10145    70    10     1 -9999 -9999
1997 04 24 12   212   -23 10139   220    10     2 -9999     0
1997 04 24 18    82    -7 10143     0     0     1 -9999     0
1997 04 24 21    89  -102 10128     0     0     7 -9999 -9999
1997 04 25 00    91  -103 -9999    90    30     7 -9999     0
1997 04 25 06   248   -30 10117   320    30     3 -9999     0
1997 04 25 09   263   -41 10094   270    20     1 -9999 -9999
1997 04 25 12   223    22 10098     0     0     1 -9999     0
1997 04 25 21    86   -48 10105    90    20     2 -9999 -9999
1997 04 26 00    94   -54 10133    40    10     7 -9999     0
1997 04 26 06   263   -47 10109   270    20     7 -9999     0
1997 04 26 09   261   -33 10095   250    40     7 -9999 -9999
1997 04 26 12   241    13 10101   290    30     7 -9999     0
1997 04 26 18   174     5 10103    70    20     7 -9999     0
1997 04 26 21   146     6 10107    70    20     3 -9999 -9999
1997 04 27 00   117    37 10133     0     0     1 -9999     0
1997 04 27 06   247   -20 10103   270    70     4 -9999     0
1997 04 27 09   252   -16 10091   290    40     7 -9999 -9999
1997 04 27 12   230   -31 10106   360    30     7 -9999     0
1997 04 27 18   151    47 10135     0     0     7 -9999     0
1997 04 27 21   111    32 10154    70    30     0 -9999 -9999
1997 04 28 00   108    28 10176     0     0     0 -9999     0
1997 04 28 06   247    10 10139     0     0     0 -9999     0
1997 04 28 09   260   -10 10115   250    30     2 -9999 -9999
1997 04 28 12   227    19 10120     0     0     2 -9999     0
1997 04 28 18   117   -44 10121    90    20     0 -9999     0
1997 04 28 21   118   -87 10110    90    30     0 -9999 -9999
1997 04 29 06   295   -24 10071    90    10     1 -9999     0
1997 04 29 09   308   -33 10040   290    20     0 -9999 -9999
1997 04 29 12   279    65 10030     0     0     0 -9999     0
1997 04 29 18   169   -49 10017    90    30     0 -9999     0
1997 04 29 21   120   -71 10025    90    20     0 -9999 -9999
1997 04 30 00   123   -52 10044    90    30     1 -9999     0
1997 04 30 09   324   -33 10001   220    30     7 -9999 -9999
1997 04 30 12   286   -38 10018   290    30     7 -9999     0
1997 04 30 18   162    -9 10028     0     0     1 -9999     0
1997 05 01 00   124   -55 10070     0     0     0 -9999     0
1997 05 01 09   332    -2 10014   320    20     1 -9999 -9999
1997 05 01 12   292    29 10018   220    10     1 -9999     0
1997 05 01 18   175     1 10022     0     0     0 -9999     0
1997 05 01 21   124    14 10035     0     0     0 -9999 -9999
1997 05 02 06   316    39  9992     0     0     0 -9999     0
1997 05 02 09   332     3  9969   320    20     1 -9999 -9999
1997 05 02 12   302    40  9966     0     0     1 -9999     0
1997 05 02 18   193    10  9984     0     0     0 -9999     0
1997 05 02 21   147    23  9998     0     0     0 -9999 -9999
1997 05 03 06   328    45  9975   140    20     1 -9999     0
1997 05 03 09   329    47  9962    90    20     1 -9999 -9999
1997 05 03 12   304    31  9962    90    20     0 -9999     0
1997 05 03 18   210     5  9966    90    30     0 -9999     0
1997 05 03 21   199     1  9961    90    50     0 -9999 -9999
1997 05 04 00   193 -9999  9980    70    30     0 -9999     0
1997 05 04 09   332    41  9925    90    60     1 -9999 -9999
1997 05 04 12   310     5  9929    90    50     1 -9999     0
1997 05 04 18   220    53  9947    90    50     0 -9999     0
1997 05 05 00   194     8  9978    90    60     1 -9999     0
1997 05 05 06   295    29  9964    90    70     1 -9999     0
1997 05 05 09   319    40  9945   110    40     1 -9999 -9999
1997 05 05 12   291    38  9953    90    40     7 -9999     0
1997 05 05 18   167    54 10030     0     0     0 -9999     0
1997 05 06 00 -9999 -9999 10077    40    30     7 -9999     0
1997 05 06 06   202    59 10108   110    50     8 -9999    -1
1997 05 06 09   226    67 10089    40    30     7 -9999 -9999
1997 05 06 12   215    85 10080     0     0     7 -9999     0
1997 05 06 18   153    20 10091    70    30     0 -9999     0
1997 05 06 21   133    10 10089    70    50     0 -9999 -9999
1997 05 07 00   136    24 10089    70    50     0 -9999     0
1997 05 07 09   290   -36 10009    90    70     0 -9999 -9999
1997 05 07 12   271  -106 10003    90   120     6 -9999     0
1997 05 07 18   187   -35  9998    70    60     0 -9999     0
1997 05 07 21   173   -32  9993    90    70     0 -9999 -9999
1997 05 08 00   156   -27 -9999    90    90     0 -9999     0
1997 05 08 06   280  -103  9946    90   120     7 -9999     0
1997 05 08 09   295   -90  9909    90   120     6 -9999 -9999
1997 05 08 12   282 -9999  9910    90    90     7 -9999     0
1997 05 09 00   188   -58  9957    90    50     8 -9999     0
1997 05 09 06   280    -8  9938 -9999 -9999     0 -9999     0
1997 05 09 09   292   -19  9916    70    50     2 -9999 -9999
1997 05 09 12   272   -36  9929    70    50     0 -9999     0
1997 05 09 18   191    -6  9944    90    30     0 -9999     0
1997 05 09 21   115    18  9960     0     0     0 -9999 -9999
1997 05 10 00 -9999 -9999  9976    90    30     7 -9999     0
1997 05 10 06   235    26  9971   250    40     7 -9999     0
1997 05 10 09   217     5  9986   250    80     8 -9999 -9999
1997 05 10 12   178    25 10005   250    60     8 -9999     0
1997 05 10 18   168    32 10015     0     0     8 -9999    -1
1997 05 11 09   120   102 10080   270    30     8 -9999 -9999
1997 05 11 12   137    83 10079     0     0     7 -9999 -9999
1997 05 11 18   105    92 10092     0     0     6 -9999     0
1997 05 11 21   101    90 10087     0     0     6 -9999 -9999
1997 05 12 00   106    93 10085     0     0     1 -9999     0
1997 05 12 06   227    71 10036     0     0     0 -9999     0
1997 05 12 09   262    29 10001   270    40     1 -9999 -9999
1997 05 12 12 -9999 -9999 10011   220    40     7 -9999     0
1997 05 12 18   160 -9999 10030    20    30     7 -9999     1
1997 05 13 00   137    91 10067   290    20     7 -9999    -1
1997 05 13 06   222    50 10060   270    40     8 -9999     0
1997 05 13 09   216    22 10074   270    50     8 -9999 -9999
1997 05 13 12   196     5 10102   270    30     8 -9999     0
1997 05 13 18   122    -4 10159   320    20     8 -9999     0
1997 05 13 21   104   -37 10189   220    30     8 -9999 -9999
1997 05 14 00    95   -38 10221   250    30     8 -9999    -1
1997 05 14 06   166   -90 10217   270    30     7 -9999     0
1997 05 14 09   191   -87 10196   270    30     1 -9999 -9999
1997 05 14 12   173  -112 10204   270    40     0 -9999     0
1997 05 15 00   -82 -9999 10222    90    20     0 -9999     0
1997 05 15 06   211   -43 -9999   360    30     0 -9999     0
1997 05 15 09   241   -60 10159   180    30     1 -9999 -9999
1997 05 16 00   109   -51 10137    90    10     0 -9999     0
1997 05 16 06   261   -33 10101   290    20     2 -9999     0
1997 05 16 09   277   -61 10076   250    20     1 -9999 -9999
1997 05 17 00   126   -78 10092   110    30     0 -9999     0
1997 05 17 09   286   -83 10035    90    30     0 -9999 -9999
1997 05 18 00   156  -117 10062    70    40     1 -9999     0
1997 05 18 06   272  -120 10038    90   120     0 -9999     0
1997 05 18 09   273  -149 10022    90   120     0 -9999 -9999
1997 05 19 09   251  -141 10026    90    80     7 -9999 -9999
1997 05 20 00   168   -82 10068    90    20     8 -9999     0
1997 05 20 06   220   -20 10066     0     0     8 -9999     0
1997 05 20 09   214   -17 10068   220    20     8 -9999 -9999
1997 05 21 00   126    42 10090   110    20     7 -9999     0
1997 05 21 09   264     0 10065   290    60     1 -9999 -9999
1997 05 22 00   125    43 10125     0     0     1 -9999     0
1997 05 22 09   287 -9999 10076   250    40     3 -9999 -9999
1997 05 23 00   148    60 10127     0     0     1 -9999     0
1997 05 24 09   270    30 -9999   320    70     7 -9999 -9999
1997 05 25 00   136    26 10108     0     0     0 -9999     0
1997 05 25 06   277    -2 10076   110 -9999 -9999 -9999     0
1997 05 25 09   295     2 10059     0     0     1 -9999 -9999
1997 05 26 00   162     1 10077   110    20     1 -9999     0
1997 05 26 06   278 -9999 10074     0     0     1 -9999     0
1997 05 26 09   292    18 10057     0     0     4 -9999 -9999
1997 05 27 00   163   -81 10129    90    40     0 -9999     0
1997 05 27 06   274   -26 -9999   200    30     0 -9999     0
1997 05 27 09   294   -13 10078    40    20     1 -9999 -9999
1997 05 28 00   158   -67 10078    90    30     1 -9999     0
1997 05 28 06   287    35 10051     0     0     7 -9999     0
1997 05 29 00   180   -35 10092    90    20     2 -9999     0
1997 05 30 09   300    26 10004   320    20     6 -9999 -9999
1997 05 31 06   293    13 10029   250    30     1 -9999     0
1997 05 31 09   268    60 10028    70    30     7 -9999 -9999
1997 06 01 00   172     5 10041    90    30     0 -9999     0
1997 06 02 09   299    56 10009   220    20     7 -9999 -9999
1997 06 03 00   162    23 10018    90    10     0 -9999     0
1997 06 03 09   339    39  9962   220    20     1 -9999 -9999
1997 06 04 06   335    53  9938   250    40     7 -9999     0
1997 06 04 09   324    11  9946   270    40     8 -9999 -9999
1997 06 05 00   180    19 10012    90    40     0 -9999     0
1997 06 05 06   274    30  9970   100 -9999 -9999 -9999     0
1997 06 05 09   290    22  9951    90    90     2 -9999 -9999
1997 06 06 06   194    77 10124   270    30     7 -9999     0
1997 06 06 09   216    59 10115   270    30     5 -9999 -9999
1997 06 07 00   141   -43 10169    90    40     1 -9999     0
1997 06 07 06   227    -2 10140    90    60     1 -9999     0
1997 06 07 09   242   -12 10124    90    20     3 -9999 -9999
1997 06 08 09   186     9 10181   250    50     7 -9999 -9999
1997 06 09 00   120    48 10221     0     0     6 -9999     0
1997 06 09 06   223    21 10167     0     0     1 -9999     0
1997 06 09 09   248     5 10141     0     0     1 -9999 -9999
1997 06 10 00   132   -28 10095    90    20     0 -9999     0
1997 06 10 06   264   -16 10069   200    20     0 -9999     0
1997 06 10 09   284    -8 10047   200    20     0 -9999 -9999
1997 06 11 00   135   -18 -9999   110    20 -9999 -9999     0
1997 06 11 06   292    -8 10016   220    20     3 -9999     0
1997 06 11 09   305    15 10001   250    20     6 -9999 -9999
1997 06 12 00   144   -13 10021    90    20     1 -9999     0
1997 06 12 09   326    50  9990   250    20     0 -9999 -9999
1997 06 13 00   199    67 10009    70    30     7 -9999     0
1997 06 27 09   330   146  9946   220    20     6 -9999 -9999
1997 06 28 09   353   152  9854    90    20     2 -9999 -9999
1997 07 04 09   344   105  9979     0     0     4 -9999 -9999
1997 07 05 09   350   118  9963     0     0     2 -9999 -9999
1997 07 07 09   335    82  9981   360    30     6 -9999 -9999
1997 07 11 09   348    77  9873    90    60     7 -9999 -9999
1997 07 12 09   281   135  9956   220    20     8 -9999 -9999
1997 07 13 09   326    96  9965   270    30     1 -9999 -9999
1997 07 15 09   264   107 10010   270    20     7 -9999 -9999
1997 07 16 09   218    89 10033   320    60     7 -9999 -9999
1997 07 17 09   275    97 10034   290    40     6 -9999 -9999
1997 07 18 09   312    89 10024   250    20     5 -9999 -9999
1997 07 19 09   352    65  9981   290    40     7 -9999 -9999
1997 07 20 09   351   102  9960   270    30     6 -9999 -9999
1997 07 21 00   229    74  9962   110    40     4 -9999     0
1997 07 21 06   350   118  9936    90    30     1 -9999     0
1997 07 21 09   323   123  9918   180    20     1 -9999 -9999
1997 07 22 00   245    38  9927    70    40     7 -9999     0
1997 07 22 09   355   135  9921   110    30     4 -9999 -9999
1997 07 23 06   198   170 10089     0     0     8 -9999    70
1997 07 23 09   219   173 10079     0     0     7 -9999 -9999
1997 07 24 00   174   132 10083    40    20     2 -9999     0
1997 07 24 06   283   141 10052    70    20     1 -9999     0
1997 07 24 09   305   143 10032   110    30     1 -9999 -9999
1997 07 25 00   190   117 10055    90    20     0 -9999     0
1997 07 25 09   334   108 10020     0     0     1 -9999 -9999
1997 07 26 00   208    82 10034    90    40     0 -9999     0
1997 07 26 06   328   134  9990    90    20     1 -9999     0
1997 07 26 09   346   152  9980   270    20     1 -9999 -9999
1997 07 27 00   203    93 10051    90    20     1 -9999     0
1997 07 27 06   290 -9999 10027   220   120     7 -9999     0
1997 07 27 09   326   124 10000   270    20     1 -9999 -9999
1997 07 28 00   190    76 10030    90    20     0 -9999     0
1997 07 28 06   299   108  9995    70    20     7 -9999     0
1997 07 28 09   291   181  9986     0     0     7 -9999 -9999
1997 07 29 00   195   109 10023    90    20     2 -9999     0
1997 07 29 06   310   133  9983   220    10     1 -9999     0
1997 07 29 09   330   117  9969     0     0     3 -9999 -9999
1997 07 30 00 -9999 -9999 10006    90    20     0 -9999     0
1997 07 30 06   322    81 -9999     0     0     1 -9999     0
1997 07 31 00   182    84 10014    90    40     0 -9999     0
1997 07 31 06   334   101  9974     0     0     0 -9999     0
1997 07 31 09   340   119  9962     0     0     0 -9999 -9999
1997 08 01 00   216    77  9960    90    60     7 -9999     0
1997 08 01 06   313    50  9925    90    60     8 -9999     0
1997 08 01 09   334    24  9915    90    60     7 -9999 -9999
1997 08 02 00   238    47  9932    90    40     0 -9999     0
1997 08 02 06   315   105  9895    90    70     7 -9999     0
1997 08 02 09   323   116  9879   110    70     8 -9999 -9999
1997 08 03 00   256    46  9906    90    50     7 -9999     0
1997 08 03 09   289   128  9898    90    60     7 -9999 -9999
1997 08 04 00   181   165  9978 -9999 -9999     8 -9999    20
1997 08 04 06   190   171  9991     0     0     8 -9999    20
1997 08 05 00   168   158 10046   270    30     8 -9999 -9999
1997 08 05 09   213   173 10052   250    20     3 -9999 -9999
1997 08 06 06   258   178 10068   250    20     6 -9999     0
1997 08 06 09   259   147 10059   200    20     7 -9999 -9999
1997 08 07 06   286   147 10085   270    30     1 -9999     0
1997 08 07 09   295   151 10070     0     0     2 -9999 -9999
1997 08 08 00   174   128 10107     0     0     1 -9999     5
1997 08 08 06   316   100 10091     0     0     1 -9999     0
1997 08 08 09   327   151 10070   200    20     2 -9999 -9999
1997 08 09 00   181   106 10095     0     0     1 -9999     0
1997 08 09 06   324   129 10068   270    20     1 -9999     0
1997 08 09 09   344   117 10027   250    20     2 -9999 -9999
1997 08 10 00   202   121 10032    40    10     6 -9999     0
1997 08 10 06   352   114  9997     0     0     1 -9999     0
1997 08 10 09   350   147  9975     0     0     1 -9999 -9999
1997 08 11 00   222    76  9982    40    30     0 -9999     0
1997 08 11 01   286 -9999  9986     0     0     7 -9999 -9999
1997 08 11 06   298 -9999 -9999   250    20     6 -9999     0
1997 08 11 09   286   133  9986     0     0     7 -9999 -9999
1997 08 12 00   189    61  9994    90    30     7 -9999     0
1997 08 12 06   192   140 10027     0     0     7 -9999    -1
1997 08 12 09   260    92 10000     0     0     1 -9999 -9999
1997 08 13 00   166    65 10027    90    40     7 -9999     0
1997 08 13 06   248    76 10010    90    60     7 -9999     0
1997 08 13 09   264    78 10009    90    50     6 -9999 -9999
1997 08 14 06   179    65 10169   180    20     8 -9999    -1
1997 08 15 00   103    54 10190    90    20     0 -9999     0
1997 08 15 06   257    39 10158     0     0     0 -9999     0
1997 08 15 09   275    57 10139     0     0     0 -9999 -9999
1997 08 16 00   123    40 10168    90    20     1 -9999     0
1997 08 16 06   292    64 10132   220    20     0 -9999     0
1997 08 16 09   301    58 10114   220    10     0 -9999 -9999
1997 08 17 09   321    64 10076     0     0     1 -9999 -9999
1997 08 18 00   138    66 10074   110    20     1 -9999     0
1997 08 18 06   307   161 10055     0     0     7 -9999     0
1997 08 18 09   320    79 10035   360    30     6 -9999 -9999
1997 08 19 00   150    85 10081     0     0     6 -9999     0
1997 08 19 06   279   136 10086     0     0     7 -9999     0
1997 08 19 09   297   144 10067   220    20     7 -9999 -9999
1997 08 20 00   140   114 10131     0     0     1 -9999     0
1997 08 20 06   297   118 10090   220    10     1 -9999     0
1997 08 20 09   309    89 10079   220    20     1 -9999 -9999
1997 08 21 06   327   125 10065   270    10     0 -9999     0
1997 08 21 09   338    97 10045   200    20     0 -9999 -9999
1997 08 22 00   146    58 10058     0     0     0 -9999     0
1997 08 22 06   350   103 10009     0     0     0 -9999     0
1997 08 22 09   367   124  9982     0     0     0 -9999 -9999
1997 08 23 00   188    11  9990    90    20     4 -9999     0
1997 08 23 06   347    90  9965   140    20     1 -9999     0
1997 08 23 09   383   154  9944     0     0     1 -9999 -9999
1997 08 24 00   201    65 10026    70    20     6 -9999     0
1997 08 24 06   306    79  9988    90    50     1 -9999     0
1997 08 24 09   323    74  9973   110    30     2 -9999 -9999
1997 08 25 00   218    23  9992    90    40     7 -9999     0
1997 08 25 06   301    28  9976    70    80     2 -9999     0
1997 08 25 09   305    36  9964    90    70     3 -9999 -9999
1997 08 26 00   145    61 10051     0     0     0 -9999     0
1997 08 26 09   294    55 10042   320    30     1 -9999 -9999
1997 08 27 00 -9999 -9999 10129 -9999 -9999     6 -9999     0
1997 08 27 06   263    76 10077    90    30     7 -9999     0
1997 08 27 09   268    36 10037    90    50     7 -9999 -9999
1997 08 28 00   182   -14  9988    90    30     7 -9999     0
1997 08 28 06   276    33  9986   270    40     7 -9999     0
1997 08 28 09   292    82  9985   270    40     7 -9999 -9999
1997 08 29 00   149    97 10067     0     0     8 -9999     0
1997 08 29 06   209   146 10086     0     0     8 -9999    -1
1997 08 29 09   222   145 10069     0     0     8 -9999 -9999
1997 08 30 06   237    52 10080    90    50     4 -9999     0
1997 08 30 09   249   116 10081     0     0     8 -9999 -9999
1997 08 31 00    78    22 10209     0     0     0 -9999     0
1997 08 31 06   216   -22 10170   110    30     0 -9999     0
1997 08 31 09   236   -17 10150    90    30     1 -9999 -9999
1997 09 01 00   112   -46 10168    90    40     2 -9999     0
1997 09 01 06   262    23 10128     0     0     0 -9999     0
1997 09 01 09   281    38 10107     0     0     0 -9999 -9999
1997 09 02 00    84     8 10180     0     0     0 -9999     0
1997 09 02 09   279    93 10125   220    30     0 -9999 -9999
1997 09 03 06   292    68 10072     0     0     0 -9999     0
1997 09 03 09   314    60 10046     0     0     0 -9999 -9999
1997 09 04 00    93    45 10103     0     0     0 -9999     0
1997 09 04 06   317    82 10067   270    40     0 -9999     0
1997 09 04 09   321    36 10045     0     0     0 -9999 -9999
1997 09 05 06   323    49 10054    90    20     0 -9999     0
1997 09 06 00   148     9 10079   110    20     0 -9999     0
1997 09 06 09   342    83 10014     0     0     0 -9999 -9999
1997 09 07 00   176 -9999 10076    90    40     0 -9999     0
1997 09 07 06   284    15 10039    90    70     0 -9999     0
1997 09 07 09   306     9 10014    90    80     0 -9999 -9999
1997 09 08 00   162     1 10070 -9999 -9999     2 -9999     0
1997 09 08 06   268    16 10051    90    80     1 -9999     0
1997 09 08 09   272   -21 10046    90    50     0 -9999 -9999
1997 09 09 00   144     6 10126    40    30     1 -9999     0
1997 09 09 06   238   -33 10094    90    80     1 -9999     0
1997 09 09 09   251   -18 10085   110    70     6 -9999 -9999
1997 09 10 00   156   -44 10117    90    30     1 -9999     0
1997 09 10 06   241     1 10111    90    60     1 -9999     0
1997 09 10 09   251     5 10097   110    60     2 -9999 -9999
1997 09 11 00   133 -9999 10156 -9999 -9999     7 -9999     0
1997 09 11 06   235     3 10132    90    30     1 -9999     0
1997 09 11 09   254    40 10112     0     0     1 -9999 -9999
1997 09 12 00   122   -24 10157    90    30     0 -9999     0
1997 09 12 06   250    39 10125    90    30     0 -9999     0
1997 09 12 09   266    50 10103   220    10     1 -9999 -9999
1997 09 13 00   122    28 10138    70    30     7 -9999     0
1997 09 13 06   256    56 10096    90    20     1 -9999     0
1997 09 13 09   274    35 10085   270    40     1 -9999 -9999
1997 09 14 00   136    49 10132    90    50     1 -9999     0
1997 09 14 09   254    55 10109   250    30     1 -9999 -9999
1997 09 15 00    52    -5 10211     0     0     0 -9999     0
1997 09 15 09   242    33 10163     0     0     0 -9999 -9999
1997 09 16 06   171    -4 10179    90    30     7 -9999     0
1997 09 16 09   189    -6 10186    90    50     8 -9999 -9999
1997 09 17 00    72    22 10253    90    40     0 -9999     0
1997 09 17 09   211   -26 10201    70    30     0 -9999 -9999
1997 09 19 00    78    27 10211   140    10     7 -9999     0
1997 09 19 06   217   -13 10200   110    20     0 -9999     0
1997 09 20 00    88   -80 10226    90    40     0 -9999     0
1997 09 20 06   220   -26 10193    90    40     0 -9999     0
1997 09 20 09   239   -23 10168    40    40     0 -9999 -9999
1997 09 21 00    69   -71 10196    90    30     0 -9999     0
1997 09 21 06   240   -25 10146     0     0     0 -9999     0
1997 09 21 09   259    -4 10123     0     0     0 -9999 -9999
1997 09 22 00    82   -77 10178    90    20     0 -9999     0
1997 09 22 06   243   -39 10135    90    20     1 -9999     0
1997 09 22 09   251   -27 10118     0     0     1 -9999 -9999
1997 09 23 06   214   -27 10190    90    30     0 -9999     0
1997 09 23 09   223   -36 10187    90    20     0 -9999 -9999
1997 09 24 00    70   -28 10267    90    50     0 -9999     0
1997 09 24 06   201    -9 10236   140    60     0 -9999     0
1997 09 24 09   213   -48 10220    90    30     0 -9999 -9999
1997 09 25 00    52   -51 10263    90    40     0 -9999     0
1997 09 25 06   218   -31 10216    70    50     0 -9999     0
1997 09 25 09   228   -52 10201    90    40     0 -9999 -9999
1997 09 26 00    60   -35 10227    90    20     1 -9999     0
1997 09 26 09   238     6 10172    90    20     1 -9999 -9999
1997 09 27 00    78   -51 10191    90    20 -9999 -9999     0
1997 09 27 06   240   -12 10136    90    10     0 -9999     0
1997 09 27 09   250     2 10124     0     0     0 -9999 -9999
1997 09 28 00    25   -64 10184   110    20     0 -9999     0
1997 09 28 06   240   -29 10149   250    20     0 -9999     0
1997 09 28 09   246   -36 10131   250    20     0 -9999 -9999
1997 09 29 00    33   -49 10185   110    10     0 -9999     0
1997 09 29 06   245   -25 10134   250    20     0 -9999     0
1997 09 29 09   253   -10 10114   250    20     1 -9999 -9999
1997 09 30 00    25   -32 10171   140    20     1 -9999     0
1997 09 30 09   247   -28 10099   250    60     1 -9999 -9999
1997 10 01 00    96    -2 10131    90    20     2 -9999     0
1997 10 01 06   244     1 10096   270    20     0 -9999     0
1997 10 01 09   256   -10 10080   270    50     1 -9999 -9999
1997 10 02 00    94    20 10226    90    40     7 -9999     0
1997 10 02 06   166    52 10229    90    60     0 -9999     0
1997 10 02 09   168    31 10220    90    50     0 -9999 -9999
1997 10 03 00    39   -24 10281    90    60     0 -9999     0
1997 10 03 06   142   -12 10269    90    50     0 -9999     0
1997 10 03 09   159   -13 10266    90    40     0 -9999 -9999
1997 10 04 00    42   -84 10273 -9999 -9999 -9999 -9999     0
1997 10 04 06   179   -30 10218    90    30     0 -9999     0
1997 10 04 09   207   -53 10193     0     0     0 -9999 -9999
1997 10 05 00    10   -71 10246    90    20     0 -9999     0
1997 10 05 06   209   -22 10196   250    20     0 -9999     0
1997 10 05 09   225   -18 10180   320    20     2 -9999 -9999
1997 10 06 00    56   -91 10237    90    20     0 -9999     0
1997 10 06 06   225   -36 10194    70    30     0 -9999     0
1997 10 06 09   243    -2 10173     0     0     0 -9999 -9999
1997 10 07 00    63   -78 10236    70    20     0 -9999     0
1997 10 07 06   228   -79 10196    90    40     0 -9999     0
1997 10 07 09   229   -93 10188    90    40     0 -9999 -9999
1997 10 08 00    46   -90 10233    90    20     0 -9999     0
1997 10 08 06   227   -23 10190     0     0     0 -9999     0
1997 10 08 09   236   -49 10177     0     0     1 -9999 -9999
1997 10 09 00    24   -92 10252    90    20     1 -9999     0
1997 10 09 09   243   -23 10189     0     0     0 -9999 -9999
1997 10 10 09   241   -40 10167     0     0     0 -9999 -9999
1997 10 11 00    20   -81 10259     0     0     0 -9999     0
1997 10 12 00    17   -50 10241     0     0     0 -9999     0
1997 10 12 06   218    -3 10200   360    20     0 -9999     0
1997 10 12 09   228   -12 10186     0     0     0 -9999 -9999
1997 10 13 00     7   -71 10238   110    20     1 -9999     0
1997 10 13 06   219   -24 10188   250    30     0 -9999     0
1997 10 13 09   218   -39 10178   250    30     0 -9999 -9999
1997 10 15 00    37   -33 10234     0     0     0 -9999     0
1997 10 15 06   182   -13 10210    70    30     1 -9999     0
1997 10 15 09   193   -13 10206     0     0     0 -9999 -9999
1997 10 16 00    19   -58 -9999    90    20     0 -9999     0
1997 10 16 06   196   -31 10222     0     0     0 -9999     0
1997 10 16 09   202   -57 10214     0     0     0 -9999 -9999
1997 10 17 06   176   -64 10251   250    20     4 -9999     0
1997 10 17 09   196   -62 10230   250    20     2 -9999 -9999
1997 10 18 00    10   -38 10275     0     0     1 -9999     0
1997 10 18 06   191   -38 10237   270    50     6 -9999     0
1997 10 18 09   203   -54 10229   270    60     5 -9999 -9999
1997 10 19 00    -4   -71 10276     0     0     1 -9999     0
1997 10 19 06   205   -40 10225   270    40     1 -9999     0
1997 10 19 09   218   -64 10202   250    40     1 -9999 -9999
1997 10 20 00    14   -81 10201    90    20     0 -9999     0
1997 10 20 06   219   -41 10158   270    20     0 -9999     0
1997 10 20 09   225   -63 10139   270    30     0 -9999 -9999
1997 10 21 00    -6  -111 10187     0     0     0 -9999     0
1997 10 21 06   180   -72 10166   270    30     1 -9999     0
1997 10 21 09 -9999 -9999 10148 -9999 -9999     2 -9999 -9999
1997 10 22 09   204   -32 10168     0     0     1 -9999 -9999
1997 10 23 00    48   -46 10217    90    30     0 -9999     0
1997 10 23 06 -9999 -9999 10189   110    20     0 -9999     0
1997 10 23 09   188   -67 10176    70    30     0 -9999 -9999
1997 10 24 00    11  -147 10282    90    80     6 -9999     0
1997 10 24 09    88  -188 10286    90   100     6 -9999 -9999
1997 10 25 00   -10  -219 10331    90    70     0 -9999     0
1997 10 25 06    92  -216 10316    90    90     0 -9999     0
1997 10 25 09   105  -239 10310    90    80     0 -9999 -9999
1997 10 26 00    -2  -202 10333    90    50     0 -9999     0
1997 10 26 09   110  -209 10286    90    70     0 -9999 -9999
1997 10 27 00   -17  -220 10293    90    70     0 -9999     0
1997 10 27 06   102  -256 10272    90   110     0 -9999     0
1997 10 27 09   116  -278 10271    90    80     0 -9999 -9999
1997 10 28 00   -14  -222 10328    90    60     0 -9999     0
1997 10 28 06   115  -176 10307    90    40     0 -9999     0
1997 10 28 09   132  -154 10296    90    50     0 -9999 -9999
1997 10 29 00   -27  -176 10340    90    30     0 -9999     0
1997 10 29 06   117  -143 -9999    90    60     0 -9999     0
1997 10 30 00   -26  -145 10344    90    40     0 -9999     0
1997 10 30 06   122  -127 10307    90    60     0 -9999     0
1997 10 30 09   132  -153 10289    90    40     0 -9999 -9999
1997 10 31 00   -38  -150 10347    90    30     0 -9999     0
1997 10 31 06   121  -124 10314   270    30     0 -9999     0
1997 10 31 09   146  -114 10292   270    30     0 -9999 -9999
1997 11 01 00   -45  -195 10319    90    20     0 -9999     0
1997 11 02 00   -38  -178 10301    90    20     0 -9999     0
1997 11 02 06   144  -113 10271    70    10     0 -9999     0
1997 11 02 09   166   -69 10256     0     0     0 -9999 -9999
1997 11 03 00     2  -139 10296    90    30     1 -9999     0
1997 11 03 06   156  -136 10253    90    30     0 -9999     0
1997 11 03 09   176  -124 10250    50    40     0 -9999 -9999
1997 11 04 06   107  -112 10291   250    40     7 -9999     0
1997 11 04 09   136   -93 10276   250    20     7 -9999 -9999
1997 11 05 00   -24  -161 10320   110    20     6 -9999     0
1997 11 05 09   143   -86 10276   250    30     1 -9999 -9999
1997 11 06 00   -45  -171 10317    90    20     1 -9999     0
1997 11 06 06   152   -74 10261    90    20     1 -9999     0
1997 11 06 09   178   -69 10241     0     0     1 -9999 -9999
1997 11 07 00   -33  -159 10268    90    20     6 -9999     0
1997 11 07 06   156  -101 10222    70    20     1 -9999     0
1997 11 07 09   178   -68 10204    90    20     0 -9999 -9999
1997 11 08 00    14  -120 10207    90    40     1 -9999     0
1997 11 08 06   147  -151 10190    90    90     7 -9999     0
1997 11 08 09   138  -122 10194    90    70     7 -9999 -9999
1997 11 09 09    88  -104 10187    90    60     7 -9999 -9999
1997 11 10 00   -28   -95 10269 -9999 -9999     7 -9999     0
1997 11 10 06    24   -48 10294   250    20     8 -9999    -1
1997 11 10 09    16    -5 10309   250    20     8 -9999 -9999
1997 11 11 06    40  -125 10352   250    20     3 -9999     0
1997 11 11 09    57  -135 10339   270    40     6 -9999 -9999
1997 11 12 00   -90  -135 10385     0     0     1 -9999     0
1997 11 12 06    56  -124 10342   270    30     1 -9999     0
1997 11 12 09    76  -152 10330   270    40     1 -9999 -9999
1997 11 13 00   -75  -141 10290     0     0     0 -9999     0
1997 11 13 06    80   -99 10208   250    20     7 -9999     0
1997 11 13 09    92   -75 10177   270    20     7 -9999 -9999
1997 11 14 00   -65  -125 10192     0     0     7 -9999     0
1997 11 14 06    36  -114 10199    90    90     7 -9999     0
1997 11 14 09    15  -123 10237    90    40     7 -9999 -9999
1997 11 15 00  -105  -125 10515    90    30     8 -9999    10
1997 11 15 06   -75  -120 10559   220    20     7 -9999     1
1997 11 15 09   -68  -143 10549   270    40     0 -9999 -9999
1997 11 16 00  -149  -185 10454    70    10     0 -9999     0
1997 11 16 06   -62  -163 10442     0     0     0 -9999     0
1997 11 16 09   -62  -132 10425     0     0     1 -9999 -9999
1997 11 17 00  -156  -186 10421     0     0     7 -9999     0
1997 11 17 06   -56  -188 10393   290    30     7 -9999     0
1997 11 18 00  -180  -205 10388     0     0     0 -9999     0
1997 11 19 00  -154  -181 10295     0     0     0 -9999     0
1997 11 19 09   -12  -111 10291   250    40     7 -9999 -9999
1997 11 20 00  -124  -156 10284     0     0     0 -9999     0
1997 11 20 06    29  -147 10235    90    30     2 -9999     0
1997 11 20 09    56  -116 10222     0     0     3 -9999 -9999
1997 11 21 00  -110  -133 10289     0     0     0 -9999     0
1997 11 21 09    32  -112 10286   270    20     1 -9999 -9999
1997 11 22 00  -116  -142 10318     0     0     0 -9999     0
1997 11 22 09    72   -78 10245   220    20     0 -9999 -9999
1997 11 23 00  -101  -137 10207   110    20     0 -9999     0
1997 11 23 09    79   -91 10122   220    20     0 -9999 -9999
1997 11 24 00   -47  -118 10116    20    20     6 -9999     0
1997 11 24 06   -12  -111 10185     0     0     8 -9999     0
1997 11 24 09   -30  -115 10221   270    40     8 -9999 -9999
1997 11 25 00  -166  -194 10367    70    20     0 -9999     0
1997 11 25 06   -31  -176 -9999    90    30     1 -9999     0
1997 11 25 09    -7  -130 10311     0     0     0 -9999 -9999
1997 11 26 00  -153  -189 10319     0     0     0 -9999     0
1997 11 26 06     7  -146 10291     0     0     2 -9999 -9999
1997 11 26 09    11  -165 10294   270    30     0 -9999 -9999
1997 11 27 00  -163  -195 10349    90    20     0 -9999     0
1997 11 27 06   -12  -123 10331   270    30     7 -9999     0
1997 11 27 09   -24  -140 10354   270    30     7 -9999 -9999
1997 11 28 00  -159  -192 10386    90    10     0 -9999     0
1997 11 28 06    -7  -130 10339    40    20     6 -9999     0
1997 11 28 09    12  -144 10332   250    20     7 -9999 -9999
1997 11 29 06   -13  -136 10339   290    20     0 -9999     0
1997 11 29 09   -14   -78 10336   220    20     0 -9999 -9999
1997 11 30 00  -145  -176 10423   110    30     0 -9999     0
1997 11 30 06   -30  -148 10472    90    30     1 -9999     0
1997 11 30 09   -46  -135 10515    90    40     0 -9999 -9999
1997 12 01 00  -137  -167 10455    90    50     0 -9999     0
1997 12 01 06   -49  -152 10414    90    50 -9999 -9999     0
1997 12 01 09   -41  -163 10410   250    30     2 -9999 -9999
1997 12 02 00  -184 -9999 10435     0     0     0 -9999     0
1997 12 02 06   -25  -149 10347     0     0     0 -9999     0
1997 12 02 09     7  -172 10305    90    20     0 -9999 -9999
1997 12 03 00  -155  -202 10323     0     0     1 -9999     0
1997 12 03 06   -30  -182 10288   270    30     0 -9999     0
1997 12 03 09   -22  -130 10281   270    30     2 -9999 -9999
1997 12 04 00  -149  -190 10302    90    20     1 -9999     0
1997 12 04 06    -4  -144 10257   110    20     0 -9999     0
1997 12 04 09    22  -151 10235   110    10     0 -9999 -9999
1997 12 05 00  -123  -175 10325     0     0     7 -9999     0
1997 12 05 06   -46  -140 10342    90    20     7 -9999     0
1997 12 05 09   -20  -166 10342   250    20     2 -9999 -9999
1997 12 06 00   -97  -139 10448   220    20     7 -9999     0
1997 12 06 06   -47  -147 10470   250    30     1 -9999     0
1997 12 06 09   -37  -155 10480   250    40     0 -9999 -9999
1997 12 07 06   -45  -165 10503     0     0     0 -9999     0
1997 12 07 09   -36  -221 10494   220    30     0 -9999 -9999
1997 12 08 00  -207  -259 10476   160    10     0 -9999     0
1997 12 08 06   -37  -188 10426     0     0     0 -9999     0
1997 12 08 09   -13  -198 10415   250    20     0 -9999 -9999
1997 12 09 06   -42  -189 10437   110    60     0 -9999     0
1997 12 09 09   -36  -191 10439    90    60     0 -9999 -9999
1997 12 10 06   -53  -159 10408   160    20     7 -9999     0
1997 12 10 09   -34  -213 10388   250    20     5 -9999 -9999
1997 12 11 06   -35  -195 10345    90    20     1 -9999     0
1997 12 11 09    -9  -168 10334   180    20     2 -9999 -9999
1997 12 12 00  -178  -224 10346   110    20     0 -9999     0
1997 12 12 06   -35  -170 10321   270    20     2 -9999     0
1997 12 12 09   -26  -157 10316   270    30     1 -9999 -9999
1997 12 13 00  -123  -187 10334   110    20     7 -9999     0
1997 12 13 06   -10  -155 10278   110    20     0 -9999     0
1997 12 13 09    31 -9999 10261     0     0     0 -9999 -9999
1997 12 14 00  -142  -186 10321     0     0     7 -9999     0
1997 12 14 06   -33  -117 10298   250    30     1 -9999     0
1997 12 14 09   -38  -162 10308   270    30     6 -9999 -9999
1997 12 15 00  -154  -207 10364   110    20     7 -9999     0
1997 12 15 06   -12  -136 10326   340    10     1 -9999     0
1997 12 15 09     0  -143 10326   270    30     7 -9999 -9999
1997 12 16 00  -158  -203 10338    90    20     0 -9999     0
1997 12 16 06     7  -140 10282     0     0     0 -9999     0
1997 12 17 00  -152  -188 10341   110    20     0 -9999     0
1997 12 17 06     6  -131 10249    90    20     0 -9999     0
1997 12 17 09    44  -125 10225   200    20     1 -9999 -9999
1997 12 18 00  -109  -178 10207   110    20     0 -9999     0
1997 12 18 06     4  -171 10224   180    20     6 -9999     0
1997 12 18 09    34  -135 10207   250    10     6 -9999 -9999
1997 12 19 00  -137  -190 10286     0     0     0 -9999     0
1997 12 19 06   -45  -143 10303    70    20     1 -9999     0
1997 12 19 09   -22  -124 10284    40    10     7 -9999 -9999
1997 12 20 00   -88  -132 10313    90    50     0 -9999     0
1997 12 20 09    44  -139 10282    90    30     7 -9999 -9999
1997 12 21 00  -141  -171 10334    90    20     2 -9999     0
1997 12 21 06   -10  -103 10330   250    20     1 -9999     0
1997 12 21 09   -12  -141 10342   270    20     4 -9999 -9999
1997 12 22 00   -95  -141 10316    70    50     1 -9999     0
1997 12 22 06    26  -130 10259    90    50     0 -9999     0
1997 12 22 09    30  -145 10231    90    60     0 -9999 -9999
1997 12 23 00   -75  -158 10199    90    40     0 -9999     0
1997 12 23 06   -42  -170 10242   270    60     1 -9999     0
1997 12 23 09   -27  -139 10251   270    50     2 -9999 -9999
1997 12 24 00  -135  -170 10275     0     0     1 -9999     0
1997 12 24 06     5  -138 10268   250    30     6 -9999     0
1997 12 24 09   -10  -149 -9999   250    60     3 -9999 -9999
1997 12 25 00   -95  -147 10359     0     0     7 -9999    -1
1997 12 25 09   -13  -119 10315     0     0     0 -9999 -9999
1997 12 26 00  -143  -171 10352   110    20     0 -9999     0
1997 12 26 06   -21  -107 10336   220    20     2 -9999     0
1997 12 26 09   -22  -131 10347   200    20     7 -9999 -9999
1997 12 27 00  -149  -179 10372    90    20     0 -9999     0
1997 12 27 06    -6  -134 10313    90    50     0 -9999     0
1997 12 28 00  -156  -212 10344     0     0     0 -9999     0
1997 12 28 06   -48  -149 10331   270    20     1 -9999     0
1997 12 28 09   -25  -149 -9999 -9999 -9999     0 -9999 -9999
1997 12 29 00  -167  -219 10369    90    20     0 -9999     0
1997 12 29 06   -15  -168 10324   270    20     0 -9999     0
1997 12 29 09   -16  -163 10329   290    20     6 -9999 -9999
1997 12 30 00  -139  -169 10420     0     0     7 -9999     0
1997 12 30 09   -62   -85 10425   270    20     8 -9999 -9999
1997 12 31 00   -96  -107 10389     0     0     8 -9999    -1
1997 12 31 09   -23  -116 10311     0     0     0 -9999 -9999
