1989 01 01 00  -146  -170 10312    90    20     0 -9999     0
1989 01 01 06     7  -139 10249    90    30     6 -9999     0
1989 01 01 09    43  -154 10227    70    30     5 -9999 -9999
1989 01 01 12    -4  -136 10242    90    50     7 -9999     0
1989 01 01 18   -48  -155 10199    90    70     6 -9999     0
1989 01 02 00   -54  -153 10206    70    60     1 -9999     0
1989 01 02 06   -49  -145 10305   250    40     7 -9999     0
1989 01 02 09   -31  -142 10304   270    30     8 -9999 -9999
1989 01 02 12   -82  -129 10340     0     0     1 -9999     0
1989 01 02 21 -9999 -9999 10328    70    20     6 -9999 -9999
1989 01 03 00   -97  -175 10346    90    30     7 -9999     0
1989 01 03 06    -3  -146 10306    90    40     2 -9999     0
1989 01 03 09    21  -148 10277    90    50     1 -9999 -9999
1989 01 03 12   -27  -152 10286    70    50     0 -9999     0
1989 01 03 18   -74  -177 10237    90    80     0 -9999     0
1989 01 03 21   -90  -177 10222    90    90     0 -9999 -9999
1989 01 04 00   -99  -171 10241    90    70     0 -9999     0
1989 01 04 06   -22  -148 10221   140    40     0 -9999     0
1989 01 04 09    10  -145 10203    90    40     0 -9999 -9999
1989 01 04 12   -40  -140 10227    90    40     0 -9999     0
1989 01 04 21  -103  -154 -9999    90    40     0 -9999 -9999
1989 01 05 00  -111  -148 10214    70    30     0 -9999     0
1989 01 05 06    -2  -124 10162    90    70     2 -9999     0
1989 01 05 09   -39  -154 10189   250    30     7 -9999 -9999
1989 01 05 12   -66  -137 10201     0     0     7 -9999     0
1989 01 05 18   -74  -138 10136    90    80     7 -9999     0
1989 01 05 21   -94  -139 10134    90    40     1 -9999 -9999
1989 01 06 00   -79  -115 10137    90    90     8 -9999     0
1989 01 06 06   -25   -93 10109    90   120     1 -9999    -1
1989 01 06 09   -35  -100 10112    70   110     0 -9999 -9999
1989 01 06 18   -45   -84 -9999    90    80     7 -9999     0
1989 01 06 21   -58  -115 10188   270    50     8 -9999 -9999
1989 01 07 00   -64  -100 10231   250    80     8 -9999     1
1989 01 07 02   -12  -103 10236   290    20     7 -9999     3
1989 01 07 06   -12  -103 10236   290    20     7 -9999     3
1989 01 07 09    -2  -117 10235   270    30     7 -9999 -9999
1989 01 07 12   -36  -122 10259   200    10     7 -9999     0
1989 01 07 18   -88 -9999 10262     0     0     7 -9999     0
1989 01 07 21  -110  -141 10260    90    20     2 -9999 -9999
1989 01 08 00   -92  -137 10265    70    30     7 -9999     0
1989 01 08 06   -11  -109 10231    70    80     7 -9999     0
1989 01 08 09    -4  -125 10225    90    80     7 -9999 -9999
1989 01 08 12   -24  -122 10229    90    90     7 -9999     0
1989 01 08 18 -9999 -9999 10246    90    50     8 -9999     0
1989 01 08 21   -64  -159 10268    90    40     8 -9999 -9999
1989 01 09 00   -73  -149 10299    90    40     8 -9999     0
1989 01 09 06   -38  -126 10309   220    30     8 -9999     0
1989 01 09 09   -40  -129 10330   220    30     8 -9999 -9999
1989 01 09 12   -57   -79 10312   110    20     8 -9999     1
1989 01 09 18   -72   -93 10356     0     0     7 -9999    10
1989 01 10 00  -102  -124 10366    90    10     8 -9999     3
1989 01 10 06   -78  -145 10366    70    50     2 -9999 -9999
1989 01 10 09   -67  -134 10369    70    20     7 -9999 -9999
1989 01 10 12   -92  -132 10403    90    20     8 -9999    -1
1989 01 10 18  -116  -147 10414    90    20     7 -9999 -9999
1989 01 10 21  -165  -200 10431    70    20     4 -9999 -9999
1989 01 11 00  -164  -201 -9999    90    20     4 -9999     3
1989 01 11 06  -105  -166 10450    90    30     0 -9999 -9999
1989 01 11 09   -83  -111 10453    90    20     0 -9999 -9999
1989 01 11 12 -9999 -9999 -9999    90    10     0 -9999     0
1989 01 11 18  -185  -217 10481    90    20     0 -9999     0
1989 01 12 00 -9999 -9999 10507    90    30     0 -9999     0
1989 01 12 06  -104  -177 10476    70    30     0 -9999     0
1989 01 12 09   -60  -153 10454     0     0     0 -9999 -9999
1989 01 12 12  -130  -177 10480     0     0     0 -9999     0
1989 01 12 18  -183  -219 10430    90    30     0 -9999     0
1989 01 12 21  -185  -223 10402    90    40     0 -9999 -9999
1989 01 13 00  -201  -242 10412    90    20     0 -9999     0
1989 01 13 06   -93  -162 10381    90    40     0 -9999     0
1989 01 13 09   -57  -160 10358    90    30     0 -9999 -9999
1989 01 13 12  -131  -196 10381    90    20     0 -9999     0
1989 01 13 18  -166  -216 10353    90    30     0 -9999     0
1989 01 13 21  -195  -251 10352    90    20     0 -9999 -9999
1989 01 14 00  -213  -256 10390    90    20     0 -9999     0
1989 01 14 06   -86  -202 10378   220    20     0 -9999     0
1989 01 14 09   -73  -169 10385   250    20     0 -9999 -9999
1989 01 14 12  -131  -198 10429     0     0     0 -9999     0
1989 01 14 18  -198 -9999 10412    90    20     0 -9999     0
1989 01 15 00  -214  -254 10436    90    20     5 -9999     0
1989 01 15 06   -76  -168 10402     0     0     2 -9999     0
1989 01 15 09   -46  -146 10385   220    30     1 -9999 -9999
1989 01 15 12  -114  -178 10404   320    20     1 -9999     0
1989 01 15 18  -191 -9999 10362    90    10     0 -9999     0
1989 01 16 00  -193  -228 10341    90    30     0 -9999     0
1989 01 16 06   -49  -145 10315    90    50     1 -9999     0
1989 01 16 09   -20  -144 10307    90    30     1 -9999 -9999
1989 01 16 12   -87  -136 10373   220    20     1 -9999 -9999
1989 01 16 18  -153  -211 10392     0     0     0 -9999     0
1989 01 17 00  -213  -247 10441    90    20     0 -9999     0
1989 01 17 06   -58  -162 10394     0     0     0 -9999     0
1989 01 17 09   -40  -153 10378     0     0     0 -9999 -9999
1989 01 17 12  -105 -9999 10397    90    20     0 -9999     0
1989 01 17 21  -128  -195 10285    70    30     1 -9999 -9999
1989 01 18 00  -149  -204 10301    70    50     7 -9999     0
1989 01 18 06   -46  -145 10263    90    50     7 -9999     0
1989 01 18 09    -8  -127 10238    70    30     7 -9999 -9999
1989 01 18 12   -87  -147 10276    90    20     1 -9999     0
1989 01 18 18  -129  -194 10253    90    30     0 -9999     0
1989 01 18 21  -138  -201 10232    90    20     0 -9999 -9999
1989 01 19 00  -142  -209 10254    90    30     0 -9999     0
1989 01 19 06   -28  -154 10232    70    60     0 -9999     0
1989 01 19 09   -10  -131 10231   250    30     0 -9999 -9999
1989 01 19 12   -88  -132 10288     0     0     0 -9999     0
1989 01 19 18  -152  -198 10290    90    40     0 -9999     0
1989 01 19 21  -177  -220 10306   110    20     0 -9999 -9999
1989 01 20 00  -197  -231 10365     0     0     0 -9999     0
1989 01 20 06   -61  -182 10356   220    30     0 -9999     0
1989 01 20 09   -47  -161 10361   270    40     2 -9999 -9999
1989 01 20 12  -104  -181 -9999     0     0     6 -9999     0
1989 01 20 21  -188  -231 -9999 -9999 -9999 -9999 -9999 -9999
1989 01 20 23 -9999 -9999 10293 -9999 -9999     0 -9999 -9999
1989 01 21 00  -181  -224 10411    90    20     7 -9999     0
1989 01 21 06   -43  -182 10394   270    20     7 -9999     0
1989 01 21 09   -14  -182 10369   270    20     1 -9999 -9999
1989 01 21 12   -79  -153 10390     0     0     3 -9999     0
1989 01 21 18  -153  -204 10340 -9999 -9999     1 -9999 -9999
1989 01 21 21  -150  -200 10310    90    20     0 -9999 -9999
1989 01 22 00  -141  -200 10306    90    30     2 -9999     0
1989 01 22 06    -1  -154 10273    90    60     7 -9999     0
1989 01 22 09    11  -134 10268   220    40     7 -9999 -9999
1989 01 22 12   -42  -132 10306   250    20     7 -9999     0
1989 01 22 21 -9999 -9999 10343     0     0     8 -9999 -9999
1989 01 23 00  -143  -194 10368     0     0     3 -9999     0
1989 01 23 06   -12  -178 10354   250    40     0 -9999     0
1989 01 23 09     4  -168 10324   270    40     0 -9999 -9999
1989 01 23 12   -47  -160 10329     0     0     1 -9999     0
1989 01 23 18  -147  -200 10301   140    10     0 -9999     0
1989 01 24 00  -176  -213 10331   110    20     1 -9999     0
1989 01 24 06   -33  -166 10318   160    10     7 -9999     0
1989 01 24 07 -9999 -9999 10356   240    30     4 -9999     0
1989 01 24 09   -29  -171 10315   220    20     7 -9999 -9999
1989 01 24 12   -74  -139 10348     0     0     7 -9999     0
1989 01 24 18  -134  -189 10335    70    10     0 -9999     0
1989 01 24 21  -141  -180 10334    70    30     0 -9999 -9999
1989 01 25 00  -145  -191 10363    70    40     0 -9999     0
1989 01 25 06   -41  -155 10356    70    50     1 -9999     0
1989 01 25 09   -30  -174 10355    90    50     0 -9999 -9999
1989 01 25 12   -76  -148 10374    70    60     0 -9999     0
1989 01 25 21  -124  -227 10321    90    80     0 -9999 -9999
1989 01 26 00  -124  -230 10339    70   130     2 -9999     0
1989 01 26 06   -54  -219 10344    90   100     7 -9999     0
1989 01 26 09   -38  -195 10345    90    80     7 -9999 -9999
1989 01 26 12   -69  -209 10361    70    50     7 -9999     0
1989 01 26 18  -109  -216 10343    70    70     7 -9999     0
1989 01 26 21  -140  -222 10335    70    50     1 -9999 -9999
1989 01 27 00  -157  -223 10348    90    50     0 -9999     0
1989 01 27 06   -57  -207 10315    90    70     0 -9999     0
1989 01 27 09   -34  -201 10306    90    70     0 -9999 -9999
1989 01 27 12   -85  -191 10327    70    40     0 -9999     0
1989 01 27 18  -131  -211 10296    90    70     1 -9999     0
1989 01 27 21  -159 -9999 10290    90    60     1 -9999 -9999
1989 01 28 00  -157  -221 10319    90    50     7 -9999     0
1989 01 28 09   -44  -192 10356   270    40     1 -9999 -9999
1989 01 28 12   -89  -184 10384     0     0     7 -9999     0
1989 01 28 18  -137  -219 10358   110    20     4 -9999     0
1989 01 28 21  -165  -232 10346     0     0     1 -9999 -9999
1989 01 29 00  -167  -230 10368     0     0     7 -9999     0
1989 01 29 06   -25  -194 10310    70    30     7 -9999     0
1989 01 29 09     7  -202 10283   110    40     7 -9999 -9999
1989 01 29 12   -31  -202 10298    90    40     7 -9999     0
1989 01 29 18   -63  -179 10338   270    30     7 -9999     0
1989 01 29 21   -83  -224 10364   250    50     8 -9999 -9999
1989 01 30 00   -91  -166 10414   270    50     8 -9999     0
1989 01 30 06   -32  -151 10400   270    40     1 -9999    -1
1989 01 30 09   -14  -201 10386   270    50     0 -9999 -9999
1989 01 30 12   -60  -181 10397     0     0     0 -9999     0
1989 01 30 18  -141  -251 10399   270    30     0 -9999     0
1989 01 30 21  -143  -210 10390    70    50     0 -9999 -9999
1989 01 31 00  -145  -209 10394    90    50     0 -9999     0
1989 01 31 06   -35  -187 10363    90    90     0 -9999     0
1989 01 31 09   -10  -188 10325    90    90     0 -9999 -9999
1989 01 31 12   -56   -96 -9999    90    80     0 -9999     0
1989 01 31 18  -114  -210 10302    90    70     0 -9999     0
1989 02 01 09 -9999 -9999 10354     0     0     7 -9999 -9999
1989 02 01 12   -62  -202 10380    90    20     8 -9999     0
1989 02 01 18  -143  -232 10400    90    40 -9999 -9999     0
1989 02 01 21  -153  -229 10394    90    30     0 -9999 -9999
1989 02 02 00  -149  -221 10385    90    40     7 -9999     0
1989 02 02 18   -95  -221 10302    70    30     0 -9999     0
1989 02 02 21  -132  -217 10316    90    20     0 -9999 -9999
1989 02 03 00  -151  -223 10344    90    30     1 -9999     0
1989 02 03 09    18  -170 10278   110    20     1 -9999 -9999
1989 02 03 12   -44  -191 10282    90    20     1 -9999     0
1989 02 03 18   -93  -216 10229    90    60     0 -9999     0
1989 02 03 21  -101  -211 10217    90    70     0 -9999 -9999
1989 02 04 09   -14  -218 10277   250    30     2 -9999 -9999
1989 02 04 12   -40 -9999 10309   290    20     2 -9999     0
1989 02 04 18  -108  -209 10308   110    10     8 -9999     0
1989 02 04 21  -106  -200 10323    90    10     8 -9999 -9999
1989 02 05 00  -112  -198 10347    90    20     7 -9999     0
1989 02 05 09    -4  -156 10317   270    50     7 -9999 -9999
1989 02 05 12   -36  -168 10332     0     0     7 -9999     0
1989 02 05 18  -122  -205 10323    70    20     7 -9999     0
1989 02 05 21  -124  -196 10312    90    30     8 -9999 -9999
1989 02 06 00  -103  -180 10314    90    30     7 -9999     0
1989 02 06 09    29  -171 10271    70    30     0 -9999 -9999
1989 02 06 18   -80  -226 10286    90    30     0 -9999     0
1989 02 07 00  -125  -212 10321    70    40     0 -9999     0
1989 02 07 18  -101  -206 10329   110    20     4 -9999     0
1989 02 07 21  -114  -205 -9999 -9999 -9999 -9999 -9999 -9999
1989 02 08 12   -25  -170 -9999   220    20     1 -9999     0
1989 02 08 18  -111  -210 10351    90    30     0 -9999     0
1989 02 09 09    19  -185 10347   270    30     7 -9999 -9999
1989 02 09 12   -28  -185 10373   220    20     7 -9999     0
1989 02 09 18   -74 -9999 10368   220    20     7 -9999     0
1989 02 09 21  -126  -198 10377     0     0     7 -9999 -9999
1989 02 10 00  -150  -212 10399     0     0     7 -9999     0
1989 02 10 12   -70 -9999 10349 -9999 -9999     0 -9999     0
1989 02 10 18  -118  -213 10310    90    30     0 -9999     0
1989 02 10 21  -115  -198 10286   110    10     0 -9999 -9999
1989 02 11 00 -9999 -9999 10306    90    30     0 -9999     0
1989 02 11 09    55  -240 10242   250    30     0 -9999 -9999
1989 02 11 12     1  -211 10278   270    30     0 -9999     0
1989 02 11 18   -91  -203 10253     0     0     0 -9999     0
1989 02 11 21  -145  -241 10260    90    20     0 -9999 -9999
1989 02 12 09    52 -9999 10227   290    30     1 -9999 -9999
1989 02 12 12   -26  -231 10253     0     0     1 -9999     0
1989 02 12 18  -118  -227 10216   110    20     0 -9999     0
1989 02 13 00  -134  -221 10203    90    30     0 -9999     0
1989 02 13 21   -30  -147 10882   250    20     7 -9999 -9999
1989 02 14 09    42  -155 -9999    90    30     7 -9999 -9999
1989 02 14 12     3  -168 10300   110    30     7 -9999     0
1989 02 15 12     4  -159 10225 -9999 -9999     4 -9999     0
1989 02 15 16   -62  -131 10212    90    60     0 -9999 -9999
1989 02 15 18 -9999 -9999 10219 -9999 -9999     2 -9999     0
1989 02 15 21   -60 -9999 10212    90    60 -9999 -9999 -9999
1989 02 16 00   -63  -103 10242    90    40     0 -9999     0
1989 02 17 09    18  -106 10190    90    70     1 -9999 -9999
1989 02 17 21   -91  -187 -9999 -9999 -9999 -9999 -9999 -9999
1989 02 18 18  -134  -293 10380     0     0     0 -9999 -9999
1989 02 18 21  -160  -271 10383     0     0     0 -9999 -9999
1989 02 19 18  -106  -298 -9999    90    70     0 -9999     0
1989 02 19 21  -121  -286 10344    90    50     0 -9999 -9999
1989 02 20 09    -5  -277 10300    90    70     7 -9999 -9999
1989 02 20 12 -9999 -9999 10325    70    60     2 -9999     0
1989 02 20 18   -92  -260 10309    90    70     0 -9999     0
1989 02 20 21  -104  -267 -9999    70    80     0 -9999 -9999
1989 02 21 00  -133  -269 10346    90    50     0 -9999     0
1989 02 21 09    27  -205 10282     0     0     0 -9999 -9999
1989 02 21 12   -34  -275 10304   180    10     0 -9999     0
1989 02 21 21  -121  -241 10282    90    40     0 -9999 -9999
1989 02 22 12   -19  -220 10295     0     0     1 -9999     0
1989 02 22 18  -100  -275 10291    90    20     7 -9999     0
1989 02 23 12    11 -9999 -9999   220    20     7 -9999     0
1989 02 23 18  -109  -263 -9999    70    20     1 -9999     0
1989 02 23 21  -131  -257 10241    90    20     0 -9999 -9999
1989 02 24 09   102  -242 10132   110    50     8 -9999 -9999
1989 02 24 18    37  -229 -9999    40    50     8 -9999     0
1989 02 25 00   -16  -170 10203 -9999 -9999 -9999 -9999     0
1989 02 25 12    45  -284 10208     0     0     7 -9999     0
1989 02 25 18 -9999 -9999 10194    90    20     8 -9999     0
1989 02 26 09    84  -173 10250   270    30     8 -9999 -9999
1989 02 26 21   -38  -156 -9999    70    60     0 -9999 -9999
1989 02 27 12    30  -160 10248    90    40     4 -9999     0
1989 02 27 18 -9999 -9999 10202 -9999 -9999     0 -9999     0
1989 02 27 21   -34  -209 10175    90    70     1 -9999 -9999
1989 02 28 00   -63  -221 10193    90    60     1 -9999     0
1989 02 28 12    30  -121 10221   250    10     8 -9999     0
1989 02 28 21   -64  -181 10262     0     0     7 -9999 -9999
1989 03 01 00   -49  -186 10215   270    30     8 -9999     0
1989 03 01 12    22  -114 10208 -9999 -9999     7 -9999     0
1989 03 01 18   -12  -167 10203    90    60     7 -9999     0
1989 03 01 21   -28  -168 10211   110    80     8 -9999 -9999
1989 03 02 12   -14  -111 10356    90    60     7 -9999     0
1989 03 02 18   -64  -239 -9999   110    60     7 -9999     0
1989 03 02 21   -72  -283 10406    90    50     7 -9999 -9999
1989 03 03 12   -35  -158 10442    90   100     7 -9999     0
1989 03 03 18   -70 -9999 10428    90   100     5 -9999     0
1989 03 03 21   -79  -141 10418    90    70     7 -9999 -9999
1989 03 04 00   -88  -143 10430    90    50     6 -9999     0
1989 03 04 12    -9  -156 10371    90    40     7 -9999     0
1989 03 04 18   -72  -175 10363    90    30     7 -9999     0
1989 03 04 21   -60  -153 10367    90    20     8 -9999 -9999
1989 03 05 00   -82  -165 10383    40    10     4 -9999     0
1989 03 05 09    15  -108 10363   250    40     7 -9999 -9999
1989 03 05 12    -6  -125 10383   270    20     7 -9999     0
1989 03 05 18 -9999 -9999 10384   220    20     8 -9999     0
1989 03 05 21   -78  -146 10390     0     0     6 -9999 -9999
1989 03 06 09    24  -190 10398   270    40     7 -9999 -9999
1989 03 06 12    -3  -170 10422   250    40     8 -9999     0
1989 03 06 18 -9999 -9999 10405    70    10     8 -9999     0
1989 03 07 00 -9999 -9999 -9999 -9999 -9999 -9999 -9999     0
1989 03 07 12   -11  -141 10391     0     0     0 -9999     0
1989 03 07 18  -102  -224 10366   110    10     0 -9999     0
1989 03 07 21  -116  -225 -9999     0     0     0 -9999 -9999
1989 03 08 12    -6  -220 10355   220    10     0 -9999     0
1989 03 08 18   -99 -9999 10306    90    20     0 -9999     0
1989 03 09 00  -140  -244 -9999    90    30     1 -9999     0
1989 03 09 09 -9999 -9999 10246   120    30 -9999 -9999 -9999
1989 03 09 11    32  -230 10260   220    30     2 -9999     0
1989 03 09 18   -94 -9999 10269     0     0     0 -9999     0
1989 03 10 00  -101  -244 10310     0     0     7 -9999     0
1989 03 10 09    66  -241 10277   220    30     7 -9999 -9999
1989 03 10 18   -96  -273 10288   110    10     1 -9999     0
1989 03 10 21  -128  -279 10285     0     0     0 -9999 -9999
1989 03 11 00  -134  -263 10318     0     0     0 -9999     0
1989 03 11 09    82 -9999 10251   250    70     7 -9999 -9999
1989 03 11 12    51 -9999 10253   270    40     7 -9999     0
1989 03 11 18   -46  -216 10233     0     0     7 -9999     0
1989 03 11 21   -32  -195 10221   290    20     7 -9999 -9999
1989 03 12 09   100  -206 10213   290    80     1 -9999 -9999
1989 03 12 12    54  -197 10246   270    30     7 -9999     0
1989 03 12 21   -87  -233 10263   110    20     0 -9999 -9999
1989 03 13 00  -110  -235 10283     0     0     0 -9999     0
1989 03 13 18   -58  -219 10229    40    20     0 -9999     0
1989 03 13 21   -84  -181 10226    90    20     0 -9999 -9999
1989 03 15 00   -56  -248 10250    90    50     0 -9999     0
1989 03 15 12    74  -281 10215    70    60     1 -9999     0
1989 03 15 18   -24  -210 10203    90    30     7 -9999     0
1989 03 15 21   -28  -222 10192    90    30     7 -9999 -9999
1989 03 16 00   -45  -212 10210    70   130     4 -9999     0
1989 03 16 12    83  -149 10186 -9999 -9999     7 -9999     0
1989 03 16 17   -42  -203 10173    90    20     4 -9999     0
1989 03 16 21   -32  -213 10159    90    30     2 -9999 -9999
1989 03 17 12   125  -146 10089   250    30     7 -9999     0
1989 03 17 18    26  -116 10076    70    50     3 -9999     0
1989 03 17 21     2   -81 10093    90    50     6 -9999 -9999
1989 03 18 12    40   -74 10235    90    10     0 -9999     0
1989 03 18 18    -8   -97 10243    90    50     0 -9999     0
1989 03 18 21   -30  -112 10237    90    50     0 -9999 -9999
1989 03 19 12    84  -133 10205    90    50     7 -9999     0
1989 03 19 18    26  -179 10177    90    50     8 -9999     0
1989 03 19 21 -9999 -9999 10161    90    90     7 -9999 -9999
1989 03 20 12   113   -99 10175   200    10     7 -9999     0
1989 03 20 18    21  -106 10169    90    30     2 -9999     0
1989 03 21 12   137   -45 10149     0     0     1 -9999     0
1989 03 21 18    56  -140 10123    70    40     2 -9999     0
1989 03 22 00   182   -92 10078   270    20     0 -9999 -9999
1989 03 22 18    20  -118 10091    70    50     0 -9999     0
1989 03 23 00    17  -142 10134    90    50     7 -9999     0
1989 03 23 12   146   -27 10117   250    20     2 -9999     0
1989 03 23 18    29   -87 10123    90    20     0 -9999     0
1989 03 24 00    -2   -75 10167   100    10     1 -9999     0
1989 03 24 12   136   -56 10174    40    20     1 -9999     0
1989 03 24 18    36   -31 10201    90    40     5 -9999     0
1989 03 24 21    24   -44 10197    90    40     7 -9999 -9999
1989 03 25 18    49  -154 10208    70    50     1 -9999     0
1989 03 25 21     4  -153 10212    90    30     1 -9999 -9999
1989 03 26 00    -3  -163 10243    90    50     1 -9999     0
1989 03 26 21    27  -147 10210    90    70     0 -9999 -9999
1989 03 27 00    11   -90 10224    70    60     1 -9999     0
1989 03 27 09   186   -83 10160   320    20     2 -9999 -9999
1989 03 27 12   152   -67 10159   270    10     1 -9999     0
1989 03 27 21    -9  -147 10152    70    20     0 -9999 -9999
1989 03 28 00   -30 -9999 10176 -9999 -9999 -9999 -9999     0
1989 03 28 12   170   -76 10124   290    20     1 -9999 -9999
1989 03 28 18    31   -75 10122     0     0     0 -9999     0
1989 03 28 21    22  -104 10126    90    20     0 -9999 -9999
1989 03 29 12   140  -245 10200   110    50     0 -9999     0
1989 03 29 18    40  -219 10165    90    50     0 -9999     0
1989 03 29 21    12  -238 10146    90    60     0 -9999 -9999
1989 03 30 00     4  -182 10146    90    90     1 -9999     0
1989 03 31 12 -9999 -9999 10049     0     0     0 -9999     0
1989 04 01 00    24  -144 10022 -9999 -9999 -9999 -9999     0
1989 04 01 09   217  -138 10000    90    70     0 -9999 -9999
1989 04 01 12   183  -106 10038    70    50     0 -9999     0
1989 04 01 18    80  -128 10047    90    50     0 -9999     0
1989 04 01 21    74  -138 10045    90    60     0 -9999 -9999
1989 04 02 21    59  -132 10075    90    50     0 -9999 -9999
1989 04 04 18    97   -80 -9999 -9999 -9999     6 -9999 -9999
1989 04 04 21    49   -55 10159     0     0     0 -9999 -9999
1989 04 05 09   136 -9999 10222   270    40     8 -9999 -9999
1989 04 05 12   120   -30 -9999   250    30     8 -9999     0
1989 04 05 18    40   -43 10234   160    10     2 -9999     0
1989 04 05 21    20   -83 10229    90    30     0 -9999 -9999
1989 04 06 00    56    50 10050   160    50     7 -9999     3
1989 04 06 09   170  -136 -9999   110    30     1 -9999 -9999
1989 04 06 21    29  -155 10181 -9999 -9999     0 -9999 -9999
1989 04 07 12   155   -60 10196     0     0     3 -9999     0
1989 04 07 21     6  -135 10179    90    20     1 -9999 -9999
1989 04 08 00     6  -120 -9999    90    20     1 -9999     0
1989 04 08 12   174  -111 10099   110    30     2 -9999     0
1989 04 08 21    50  -178 -9999    60   420     0 -9999 -9999
1989 04 09 12   178  -103 10047   110    30     7 -9999     0
1989 04 09 18   134  -171 10019    70    60     1 -9999     0
1989 04 09 21    90  -130 10031    90    50     0 -9999 -9999
1989 04 10 09 -9999 -9999 10040   110    50     8 -9999 -9999
1989 04 10 11   176   -71 10080   270    50     8 -9999 -9999
1989 04 10 12   176   -71 10080   270    50     8 -9999     0
1989 04 10 18   104   -52 10100     0     0     8 -9999     0
1989 04 10 21   104   -48 10106    20    20     8 -9999 -9999
1989 04 11 00    85 -9999 10136   140    30     8 -9999     0
1989 04 11 09    52    34 10182   220    20     8 -9999 -9999
1989 04 11 18    80    17 10247   110    20     8 -9999    30
1989 04 12 12   115     1 10198     0     0     7 -9999 -9999
1989 04 12 18    56     9 10195    90    40     0 -9999     0
1989 04 12 21    22   -30 10200    90    30     0 -9999 -9999
1989 04 13 00    25   -68 -9999 -9999 -9999     0 -9999     0
1989 04 13 09   116   -31 10223   270    30     8 -9999 -9999
1989 04 13 12   106   -45 10231   220    20     7 -9999     0
1989 04 13 18 -9999 -9999 10239   200    20     6 -9999     0
1989 04 13 21    29   -37 10255   270    20     7 -9999 -9999
1989 04 14 12   113  -125 10227 -9999 -9999 -9999 -9999     0
1989 04 15 12   157  -120 10106   270    50     7 -9999     0
1989 04 16 00    41   -44 10110     0     0     7 -9999     0
1989 04 16 09   181  -100 10053   270    40     7 -9999 -9999
1989 04 16 12   162   -60 10055   250    30     7 -9999     0
1989 04 16 21    47   -39 10051     0     0     7 -9999 -9999
1989 04 17 12   180   -55 10040   220    20     7 -9999     0
1989 04 17 18 -9999 -9999 10054    90    30     7 -9999     0
1989 04 17 21    66   -53 10050    70    20     7 -9999 -9999
1989 04 18 12   206   -17 10028   160    20     7 -9999     0
1989 04 18 21    90   -87 10015    90    40     2 -9999 -9999
1989 04 19 09   155   -95 10105   250    80     8 -9999 -9999
1989 04 19 12   142   -48 10146   290    80     8 -9999     0
1989 04 19 21    80    27 10170 -9999 -9999     8 -9999 -9999
1989 04 20 09   146   -63 -9999 -9999 -9999 -9999 -9999 -9999
1989 04 20 12   130  -103 -9999   340    40     8 -9999     0
1989 04 20 18    40   -36 10287     0     0     5 -9999     0
1989 04 20 21    30   -50 10283    70    10     8 -9999 -9999
1989 04 21 12   129  -132 -9999   270    20     7 -9999     0
1989 04 21 18    63   -92 10228   250    20     7 -9999 -9999
1989 04 21 21    44   -44 10208     0     0     8 -9999 -9999
1989 04 22 12    63  -120 10178   290    20     1 -9999     0
1989 04 22 18    40   -47 10129     0     0     0 -9999     0
1989 04 22 21    24   -18 10126    90    10     8 -9999 -9999
1989 04 23 12   171  -122 10128   250    50     2 -9999     0
1989 04 24 09   228  -120 -9999   290    40     1 -9999 -9999
1989 04 24 18   104   -88 10074    90    40     0 -9999     0
1989 04 24 21    77   -72 10065    90    50     0 -9999 -9999
1989 04 25 12   195   -82 10039    90    60     7 -9999     0
1989 04 25 18 -9999 -9999 10053 -9999 -9999     7 -9999     0
1989 04 25 21    96 -9999 10069    90    40     8 -9999 -9999
1989 04 26 12   188    17 10078     0     0     7 -9999     0
1989 04 26 18   113   -51 10083    90    20     6 -9999     0
1989 04 26 21   112   -70 10086    90    30     8 -9999 -9999
1989 04 27 12   166   -44 10146   250    50     7 -9999     0
1989 04 27 18    97   -40 -9999    90    20     7 -9999     0
1989 04 27 21    72   -88 10170    90    50     7 -9999 -9999
1989 04 28 09   197   -53 10138   220    20     7 -9999 -9999
1989 04 28 12   188   -77 10148   250    30     7 -9999     0
1989 04 28 18    85  -106 -9999   360    20     1 -9999     0
1989 04 28 21    54   -99 10172     0     0     2 -9999 -9999
1989 04 29 12   205   -66 10113     0     0     4 -9999     0
1989 04 29 18    54   -58 -9999 -9999 -9999     1 -9999     0
1989 04 30 00 -9999 -9999 10182 -9999 -9999 -9999 -9999     0
1989 04 30 09   271   -79 -9999 -9999 -9999     6 -9999 -9999
1989 04 30 18   122   -96 -9999 -9999 -9999     2 -9999     0
1989 04 30 21   120  -163  9960    90    60     0 -9999 -9999
1989 05 01 12   155   145 -9999    40    20     8 -9999 -9999
1989 05 02 12   260   -57  9964    90    80     7 -9999     0
1989 05 03 12   253   -74  9996    90    70     1 -9999     0
1989 05 03 18   162  -100  9985    90    50     7 -9999     0
1989 05 03 21 -9999 -9999  9977    90    50     7 -9999 -9999
1989 05 04 12 -9999 -9999  9992    90    40     7 -9999     0
1989 05 04 21   127    -8 -9999     0     0     7 -9999 -9999
1989 05 05 12   220   -11 10081   250    20     7 -9999     0
1989 05 05 18   148   -53 10104    90    30     1 -9999     0
1989 05 06 09   252 -9999 -9999   220    20     1 -9999 -9999
1989 05 06 12   220     6 10091   220    20     7 -9999     0
1989 05 06 18   162   -80 10096    70    20     7 -9999     0
1989 05 06 21   110   -80 10098    70    30     1 -9999 -9999
1989 05 07 00   108   -53 10117    90    30     5 -9999     0
1989 05 07 12   224   -41 10094   270    30     4 -9999     0
1989 05 07 18   134   -85 10099   360    20     0 -9999     0
1989 05 08 12   218   -20 10048   250    20     7 -9999     0
1989 05 08 18   107    27 10050     0     0     7 -9999     0
1989 05 08 21    80    17 10043     0     0     6 -9999 -9999
1989 05 09 12   225    23 10014   320    20     7 -9999     0
1989 05 09 21   128    29 10012    70    40     1 -9999 -9999
1989 05 10 12   220   -50 10049   360    30     7 -9999     0
1989 05 11 21    82   -98 10198    90    20     0 -9999 -9999
1989 05 12 00    97   -76 10212    90    20     1 -9999     0
1989 05 12 18   130 -9999 10047    90    80     7 -9999     0
1989 05 12 21   116   -98 -9999    90    60     7 -9999 -9999
1989 05 13 12   211  -128 10117    90    50     7 -9999     0
1989 05 13 18   140   -79 10122    70    40     7 -9999     0
1989 05 13 21   135   -93 10118    70    50     7 -9999 -9999
1989 05 14 12   280   -22 10074   180    30     8 -9999 -9999
1989 05 14 18   100   -21 -9999     0     0     8 -9999     0
1989 05 14 21    60 -9999 10098    90    10     7 -9999 -9999
1989 05 17 18   142     3 10098     0     0     6 -9999     0
1989 05 17 21   102    34 10106    90    10     2 -9999 -9999
1989 05 18 18   121    70 10169    70    50     2 -9999     0
1989 05 18 21   107    63 10171    70    40     4 -9999 -9999
1989 05 19 12   236    20 10116   110    30     7 -9999     0
1989 05 19 21   140    23 10144    90    50     7 -9999 -9999
1989 05 20 00   134    14 10155    90    60     7 -9999     0
1989 05 20 18   181     0 10120   270    30     3 -9999     0
1989 05 20 21   128    39 10127     0     0     7 -9999 -9999
1989 05 21 09 -9999 -9999 10078 -9999 -9999 -9999 -9999 -9999
1989 05 21 12   254   -11 10077   290    20     2 -9999     0
1989 05 21 18   146    27 10099    90    20     0 -9999     0
1989 05 21 21   137    16 10089    90    20     1 -9999 -9999
1989 05 22 09   283    20 10062   340    10     2 -9999 -9999
1989 05 22 18   173    -7 10081    90    20     1 -9999     0
1989 05 22 21   154 -9999 10083    90    50     0 -9999 -9999
1989 05 23 21   178   -15 10041    90    90     7 -9999 -9999
1989 05 24 18   235   -86  9970    90    90     8 -9999     0
1989 05 24 21   205   -75  9986    70    60     8 -9999 -9999
1989 05 25 12   261   -31 10007    90    30     8 -9999     0
1989 05 25 18   177    -3 10046   110    10     7 -9999     0
1989 05 25 21   204   -27 10047    90    50     7 -9999 -9999
1989 05 26 12   265    10 10046   110    30     8 -9999     0
1989 05 26 18   156    -7 10093    90    20     6 -9999     0
1989 05 26 21   134   -36 -9999    90    20     1 -9999 -9999
1989 05 28 00   157   -26 10091    90    30     7 -9999     0
1989 05 28 12   243   144 10043     0     0     8 -9999     0
1989 05 28 21   173    42 10057 -9999 -9999     8 -9999 -9999
1989 05 29 12   242   152 10070     0     0     7 -9999     0
1989 05 30 21   131   -63 10123    70    30     0 -9999 -9999
1989 05 31 18   174   -82 10056    90    30     0 -9999     0
1989 06 01 12   279    42 10002   200    20     7 -9999     0
1989 06 01 18   211   -19 -9999 -9999 -9999     1 -9999     0
1989 06 01 21   140    32 10023   140    20     0 -9999 -9999
1989 06 02 12   296    56  9977   270    30     7 -9999     0
1989 06 03 00   167    52 -9999    70    40     7 -9999     0
1989 06 03 12   154   112 10131   250    30     7 -9999 -9999
1989 06 03 18    96    86 10118    40    10     0 -9999     0
1989 06 03 21    94    82 -9999    90    20     1 -9999 -9999
1989 06 04 12   242    -2 10046    90    30     7 -9999     0
1989 06 04 18   181    -6 10053   110    20     8 -9999     0
1989 06 05 12   248    43 10010   110    20     3 -9999     0
1989 06 06 12   156    61 10122   200    60     8 -9999    -1
1989 06 06 21    82 -9999 10128     0     0     1 -9999 -9999
1989 06 07 18   146  -107 10090   110    10     1 -9999     0
1989 06 07 21   118    23 10090 -9999 -9999 -9999 -9999     0
1989 06 08 18   109 -9999 10071     0     0     0 -9999     0
1989 06 08 21   103   -10 -9999 -9999 -9999     0 -9999 -9999
1989 06 09 12   269    98  9956     0     0     7 -9999     0
1989 06 09 18   172    19  9950     0     0     1 -9999     0
1989 06 09 21   141    17  9960     0     0     7 -9999 -9999
1989 06 10 12   279    40  9962   320    20     7 -9999     0
1989 06 10 21   146    13 -9999 -9999 -9999     1 -9999 -9999
1989 06 11 18   234   -56 -9999    20    60     8 -9999     0
1989 06 12 18   175    40 10062    20    20     1 -9999     0
1989 06 12 21 -9999 -9999 10067    40    20     0 -9999 -9999
1989 06 13 12   267   117 10022     0     0     1 -9999     0
1989 06 13 21   163 -9999 10008 -9999 -9999     0 -9999 -9999
1989 06 14 12   271   -71  9977    90    20     8 -9999     0
1989 06 14 18   215 -9999  9980    90    20     7 -9999     0
1989 06 15 12   288     3  9952    90    60     7 -9999     0
1989 06 15 18   256   -25  9942    90    60     8 -9999     0
1989 06 16 12   252    56 10003   180    40     8 -9999    -1
1989 06 16 18   173   138 10025   340    20     8 -9999    -1
1989 06 17 12 -9999 -9999  9998 -9999 -9999 -9999 -9999     0
1989 06 17 21   184   121 10012     0     0     8 -9999 -9999
1989 06 18 00   178   149 -9999     0     0     7 -9999     0
1989 06 18 09   293   137  9976   250    20     7 -9999 -9999
1989 06 18 12   279    89  9983     0     0     7 -9999    -1
1989 06 19 12   229   123 10005    20    50     8 -9999     0
1989 06 19 21   180   158 10817     0     0     7 -9999 -9999
1989 06 20 12   229   155 10000   270    30     2 -9999    -1
1989 06 21 12   241   140 10041   160    20     7 -9999     0
1989 06 21 18   156   120 10048 -9999 -9999 -9999 -9999     0
1989 06 22 12    25 -9999 -9999   360    60     7 -9999     0
1989 06 22 21   168 -9999 10890   220    20     7 -9999 -9999
1989 06 23 09   230   114 -9999 -9999 -9999     7 -9999 -9999
1989 06 23 12   251    80 10069   220    40     1 -9999     0
1989 06 24 12   267    52 10055   270    20     7 -9999     0
1989 06 24 18 -9999 -9999 -9999 -9999 -9999 -9999 -9999     0
1989 06 24 21   118    58 -9999     0     0     1 -9999 -9999
1989 06 25 18   179    82 10071     0     0     7 -9999     0
1989 06 25 21   171    67 10073     0     0     7 -9999 -9999
1989 06 26 12 -9999 -9999 10066   290    10     9 -9999     0
1989 06 26 18   177   113 10078     0     0 -9999 -9999     0
1989 06 27 18   192    62 -9999     0     0     2 -9999     0
1989 06 28 12   268   141  9997     0     0     2 -9999     0
1989 06 28 18   100    36  9990 -9999 -9999 -9999 -9999     0
1989 06 29 12   269   158  9953     0     0     2 -9999     0
1989 06 29 18 -9999 -9999  9910 -9999 -9999 -9999 -9999     0
1989 06 30 12   308   109  9898   270    30     7 -9999     0
1989 06 30 18   208   117 -9999   270    50     0 -9999     0
1989 06 30 21 -9999 -9999  9973   250    30     8 -9999 -9999
1989 07 01 12   243   154 10004     0     0     7 -9999     0
1989 07 01 21   172   117 10022    70    30     7 -9999 -9999
1989 07 02 12   275    73  9981   140    20     1 -9999     0
1989 07 02 18   204   104  9982    70    20     0 -9999     0
1989 07 02 21   194   102  9979    40    40     1 -9999 -9999
1989 07 03 21 -9999 -9999  9999 -9999 -9999     8 -9999 -9999
1989 07 04 12   230   111 10044   270    30     7 -9999     0
1989 07 05 18 -9999 -9999 -9999   360    40     0 -9999     0
1989 07 06 12   273    99 10011   250    20     6 -9999     0
1989 07 06 21 -9999 -9999 -9999   270    10     0 -9999 -9999
1989 07 07 12   269 -9999 10017   220    10     7 -9999     0
1989 07 07 21   209 -9999 10023 -9999 -9999     6 -9999     0
1989 07 08 12   312   102  9991   320    20     6 -9999     0
1989 07 09 18 -9999 -9999 10114 -9999 -9999     0 -9999 -9999
1989 07 11 12   254    89 10075   290    20     7 -9999    -1
1989 07 11 21   148 -9999 10086     0     0     2 -9999 -9999
1989 07 12 12 -9999 -9999 10006     0     0     1 -9999     0
1989 07 13 12   299   206  9945     0     0     1 -9999     0
1989 07 14 12   298   102  9961   250    30     7 -9999     0
1989 07 14 21   226   119  9984   340    20     8 -9999 -9999
1989 07 15 12   281   151  9990   270    10     7 -9999     0
1989 07 15 18   214 -9999 10010     0     0     7 -9999     0
1989 07 15 21   180   141 10015     0     0     1 -9999 -9999
1989 07 16 00   205 -9999 10023    90    10     2 -9999     0
1989 07 16 12   300   150  9974   250    10     6 -9999     0
1989 07 17 12   285 -9999 -9999     0     0     2 -9999     0
1989 07 18 12   311   204  9935     0     0     1 -9999     0
1989 07 18 21   236    68  9931    70    50     7 -9999 -9999
1989 07 19 18   263   130  9966    40    20     8 -9999    -1
1989 07 20 21   214   168 10018     0     0     7 -9999 -9999
1989 07 21 18 -9999 -9999 10109     0     0     8 -9999     3
1989 07 22 11   245   170 10072     0     0     7 -9999     0
1989 07 22 18   177   148 10063     0     0     2 -9999     0
1989 07 23 12   309    65  9994    90    40     0 -9999     0
1989 07 23 18   248    27 10005    70    30     1 -9999     0
1989 07 23 21 -9999 -9999 10005   110    40     7 -9999 -9999
1989 07 24 12   308    78  9880 -9999 -9999     1 -9999     0
1989 07 25 12   291 -9999 10034    70    80     2 -9999     0
1989 07 25 18   225    73 10056    90    40     7 -9999     0
1989 07 26 21   140    37 10092    90    30     0 -9999 -9999
1989 07 27 18 -9999 -9999 10037    90    30     0 -9999     0
1989 07 28 12   289   194  9986     0     0     6 -9999     0
1989 07 29 12   298   210  9945     0     0     7 -9999     0
1989 07 31 12   331     7  9852    90    70     7 -9999     0
1989 07 31 18   253    72  9895 -9999 -9999     1 -9999     0
1989 07 31 21   190   103  9924     0     0     7 -9999 -9999
1989 08 01 12   252    64  9978   250    20     7 -9999     0
1989 08 01 21   182    79 -9999    70    20 -9999 -9999 -9999
1989 08 02 12   216   100 -9999 -9999 -9999     8 -9999     0
1989 08 02 21 -9999 -9999 10110   270    50     8 -9999 -9999
1989 08 04 12   243   142 10082     0     0     1 -9999     0
1989 08 05 12   280    50 -9999   110    40     0 -9999     0
1989 08 06 12   303     7  9987 -9999 -9999     1 -9999     0
1989 08 06 18   243     8 -9999 -9999 -9999     0 -9999     0
1989 08 06 21 -9999 -9999 -9999    90    40     0 -9999 -9999
1989 08 07 18   267    22  9994   220    30     8 -9999     0
1989 08 08 18   194    63 10024   360    20     0 -9999     0
1989 08 08 19   181    94 -9999   180    20     0 -9999 -9999
1989 08 08 21   171    94 10031   180    20     0 -9999 -9999
1989 08 09 12 -9999 -9999 10020   270    40     1 -9999     0
1989 08 09 21   132   107 10058     0     0     0 -9999 -9999
1989 08 10 18   184    80 10057     0     0     7 -9999     0
1989 08 11 21   135    61  9998   110    10     0 -9999 -9999
1989 08 12 12   274   184  9533     0     0     1 -9999     0
1989 08 12 18   211    85  9934 -9999 -9999     8 -9999     0
1989 08 12 21   190  -105  9944   140    10     8 -9999 -9999
1989 08 14 12   246   112 10055   200    20     1 -9999     0
1989 08 14 21   165    -8 10076    90    30     0 -9999 -9999
1989 08 15 18   120    67 10067     0     0     0 -9999     0
1989 08 16 12 -9999 -9999 10033     0     0     6 -9999     0
1989 08 16 18   138   102 10048 -9999 -9999     7 -9999     0
1989 08 17 12   269   204 10080 -9999 -9999     8 -9999     0
1989 08 17 18   241    44 10082    20    50     8 -9999     0
1989 08 17 21   218    72 10100   290    20     8 -9999 -9999
1989 08 18 12   261 -9999 10106   320    20     1 -9999     0
1989 08 18 18   135    27 10134    90    10     0 -9999     0
1989 08 18 21   112    55 10125   110    20     0 -9999 -9999
1989 08 19 12   249 -9999 10069   200    10     0 -9999     0
1989 08 19 18   132    93 10060     0     0     0 -9999     0
1989 08 20 12   264 -9999  9986   110    20     0 -9999     0
1989 08 21 21   197 -9999 10036    90    40     0 -9999 -9999
1989 08 22 18   216    40 10034 -9999 -9999     8 -9999     0
1989 08 22 21   200    34 10026   110    40     1 -9999 -9999
1989 08 23 12   246   164 10012   140    10     7 -9999     0
1989 08 24 18   218    68 10004 -9999 -9999 -9999 -9999     0
1989 08 24 21   203    73 10015    90    20     0 -9999 -9999
1989 08 25 12 -9999 -9999 -9999 -9999 -9999     8 -9999    -1
1989 08 25 18   211   120 10047     0     0     8 -9999     0
1989 08 26 00   186   122 10062    70    40     0 -9999     0
1989 08 26 18   211    62 -9999    90    40     0 -9999     0
1989 08 26 21   184    73 10014    70    40     0 -9999 -9999
1989 08 28 12   281 -9999 -9999 -9999 -9999 -9999 -9999     0
1989 08 28 21   234    87  9920    70    40     8 -9999 -9999
1989 08 29 00   219   100  9986    90    20     8 -9999    -1
1989 08 29 12   210   133 10039    90    20     8 -9999    -1
1989 08 30 12   200   140 -9999 -9999 -9999     1 -9999     0
1989 08 30 18   162   119 10111    70    40     0 -9999     0
1989 08 30 21   146   109 10106    70    20 -9999 -9999 -9999
1989 08 31 21   220    85 10046    70    40     7 -9999 -9999
1989 09 01 18   216    84 10049    90    40     1 -9999     0
1989 09 01 21   200    78 10049    70    40     7 -9999 -9999
1989 09 02 06   276   243 10080    70    30     7 -9999    -1
1989 09 02 09 -9999 -9999 10061   250    20     7 -9999 -9999
1989 09 02 21   175   139 10088   250    20     8 -9999 -9999
1989 09 03 12   238    67 -9999   270    20     1 -9999    -1
1989 09 03 18   151    67 10080   110    20     0 -9999     0
1989 09 03 21   104    73 10083     0     0     0 -9999 -9999
1989 09 04 12   217   147 10027     0     0     0 -9999     0
1989 09 04 21   154    31 10008 -9999 -9999     0 -9999 -9999
1989 09 05 12   266    52  9978    90    40     1 -9999     0
1989 09 06 12   249 -9999 -9999   110    40     8 -9999     0
1989 09 06 18   180   124 -9999   160    10     8 -9999 -9999
1989 09 06 21   162   135 10072    40    20     8 -9999 -9999
1989 09 07 18 -9999 -9999 -9999    70    50     0 -9999     0
1989 09 07 21   118   108 10124    90    30     0 -9999 -9999
1989 09 08 12   187 -9999 10130     0     0 -9999 -9999     0
1989 09 08 18   127    79 -9999   270    20     1 -9999     0
1989 09 09 21    62    49 10190 -9999 -9999 -9999 -9999 -9999
1989 09 10 12   198    35 10181 -9999 -9999     1 -9999     0
1989 09 10 21    70    15 10182    90    20     0 -9999 -9999
1989 09 11 18    69    34 10133     0     0     0 -9999     0
1989 09 12 18    82    24 10105     0     0     0 -9999     0
1989 09 12 21    50    22 10106     0     0     0 -9999 -9999
1989 09 13 18    94     1 10120    90    20     0 -9999     0
1989 09 13 21   133   -26 10110    90    50     0 -9999 -9999
1989 09 14 12   184    72 10124   180    20     1 -9999     0
1989 09 14 18 -9999 -9999 10138 -9999 -9999 -9999 -9999     0
1989 09 14 21    87     9 10141   110    10     0 -9999 -9999
1989 09 15 12   214    53 10138   250    10     1 -9999     0
1989 09 16 12   250 -9999 -9999 -9999 -9999     1 -9999     0
1989 09 16 18 -9999 -9999 10123     0     0     2 -9999     0
1989 09 16 21    87    40 10119     0     0     1 -9999 -9999
1989 09 17 12   218    75 10115     0     0     1 -9999     0
1989 09 17 18 -9999 -9999 10094    90    30     0 -9999     0
1989 09 17 21   156   -77 -9999    70    60     0 -9999 -9999
1989 09 18 12   226    42 10063   140    10     0 -9999     0
1989 09 18 18   161   -37 10097    90    50     0 -9999     0
1989 09 19 12   257     8 10057   360    50     7 -9999     0
1989 09 19 18   157    26 -9999    70    20     5 -9999     0
1989 09 19 21 -9999 -9999 10000     0     0     1 -9999 -9999
1989 09 20 12 -9999 -9999 10068     0     0     0 -9999     0
1989 09 20 18   103    14 -9999    90    20     0 -9999     0
1989 09 20 21   104   -21 10026    90    20     1 -9999 -9999
1989 09 21 12   203    98 10021   200    20     7 -9999     0
1989 09 21 18   120    50 10076     0     0     1 -9999     0
1989 09 21 21   110     6 10073    90    20     4 -9999 -9999
1989 09 22 00    84    -7 10140    90    20     6 -9999     0
1989 09 22 18   113   -78 10135    90    30     1 -9999     0
1989 09 22 21    95   -65 10134    70    40     6 -9999 -9999
1989 09 23 09   205   -25 10091    90    70     0 -9999 -9999
1989 09 23 12   178   -71 -9999    90    60     1 -9999     0
1989 09 23 21    96   -76 10116    90    40     1 -9999 -9999
1989 09 24 00   106  -111 10128    90    50     7 -9999     0
1989 09 24 12   160     3 10147     0     0     8 -9999    -1
1989 09 24 18    92    18 10156     0     0     7 -9999     0
1989 09 24 21    74    22 10161     0     0     8 -9999 -9999
1989 09 25 06   310   232 10117     0     0     7 -9999     0
1989 09 25 12   125    57 -9999   200    10     7 -9999     0
1989 09 25 18    60    16 10181   200    20     7 -9999     0
1989 09 25 21    77    23 10182   200    20     7 -9999 -9999
1989 09 26 12   116    17 10211     0     0     0 -9999     0
1989 09 26 18    59   -60 10195    70    20     0 -9999     0
1989 09 26 21    62   -79 10190    90    30     0 -9999 -9999
1989 09 27 12   137 -9999 10151     0     0     0 -9999     0
1989 09 27 18    65   -15 10140    90    10     0 -9999     0
1989 09 28 12   142    64 10137     0     0     5 -9999     0
1989 09 28 18 -9999 -9999 10122 -9999 -9999     1 -9999     0
1989 09 29 12   156    71 10147     0     0     1 -9999     0
1989 09 29 18    99    11 10150     0     0     0 -9999     0
1989 09 29 21   102   -33 10128    90    20     0 -9999 -9999
1989 09 30 09   250    68 10102     0     0     7 -9999 -9999
1989 09 30 12   172    82 10128     0     0     7 -9999     0
1989 09 30 18   155    17 10117    70    30     0 -9999     0
1989 09 30 21   127    10 10125   110    20     0 -9999 -9999
1989 10 01 09   280    54 10115     0     0     0 -9999 -9999
1989 10 01 18   183   130 10199    40    40     0 -9999     0
1989 10 02 21   117   -48 10126    90    40     0 -9999 -9999
1989 10 03 12   197    16 10154    70    20     7 -9999     0
1989 10 03 18    92 -9999 10170     0     0     0 -9999     0
1989 10 04 12   143    68 10209     0     0     0 -9999     0
1989 10 04 18   130    49 10193    90    60     0 -9999     0
1989 10 04 21   106    46 10187    90    40     0 -9999 -9999
1989 10 05 12 -9999 -9999 10179   110    20     1 -9999     0
1989 10 05 18   129    24 10172    90    30     0 -9999     0
1989 10 05 21    98    18 10173    90    30     0 -9999 -9999
1989 10 06 18    88    10 10179    90    20     0 -9999     0
1989 10 07 09 -9999 -9999 10168   220    20     1 -9999 -9999
1989 10 07 12   144    47 -9999     0     0     1 -9999     0
1989 10 07 21    54   -20 10180    90    20     0 -9999 -9999
1989 10 08 09   252   -13 10135   250    30     1 -9999 -9999
1989 10 08 12   176 -9999 10158   250    20     5 -9999     0
1989 10 09 09   230   -24 10162   270    50     1 -9999 -9999
1989 10 09 18    63    -8 10179    70    10     0 -9999     0
1989 10 10 00    68   -40 -9999    90    40     0 -9999     0
1989 10 10 12   162    13 10120    90    20     1 -9999     0
1989 10 10 18   116   -38 10096    70    30     0 -9999     0
1989 10 11 00    74   -57 10129    70    40     0 -9999     0
1989 10 11 18    96   -50 10074   110    30     1 -9999     0
1989 10 11 21    92   -61 10065    90    40     1 -9999 -9999
1989 10 12 12   206   127 10209    40    30     2 -9999     0
1989 10 12 18   128   -59 10062   110    40     0 -9999     0
1989 10 12 21    98   -24 10078    70    20     1 -9999 -9999
1989 10 13 12   100    32 10194     0     0     5 -9999     0
1989 10 13 18    69   -36 10204    90    30     0 -9999     0
1989 10 13 21    63   -56 10214   110    30     1 -9999 -9999
1989 10 14 09   158   -22 10230    90    40     7 -9999 -9999
1989 10 14 12   120   -40 -9999 -9999 -9999     7 -9999     0
1989 10 14 18    70   -53 10284    90    30     7 -9999     0
1989 10 15 12   174   -22 10306    70    40     7 -9999     0
1989 10 15 18    94   -44 10296 -9999 -9999     8 -9999     0
1989 10 16 00    47    36 10344   110    30     8 -9999 -9999
1989 10 16 12    77    40 10313    90    30     7 -9999     0
1989 10 16 18    23    10 10320     0     0     6 -9999     0
1989 10 16 21    24    19 10307     0     0     7 -9999 -9999
1989 10 17 00    10 -9999 10319     0     0     6 -9999     0
1989 10 17 09   142   -46 -9999   270    40     7 -9999 -9999
1989 10 17 12    97     5 10299   290    10     7 -9999     0
1989 10 17 18    41 -9999 -9999     0     0     6 -9999     0
1989 10 18 00     4    -4 10319     0     0     1 -9999     0
1989 10 18 12    70     9 10293     0     0     0 -9999     0
1989 10 18 18     6   -16 10266     0     0     0 -9999     0
1989 10 18 21   -15   -20 10252     0     0 -9999 -9999 -9999
1989 10 19 12   122   -47 10246   250    30     0 -9999     0
1989 10 19 18     2   -32 10254     0     0     0 -9999     0
1989 10 19 21   -18   -29 10255     0     0     0 -9999 -9999
1989 10 20 12    92 -9999 10292   200    20     0 -9999     0
1989 10 20 21   -14   -51 10282   110    20     0 -9999 -9999
1989 10 21 12   282    -1 10287 -9999 -9999     1 -9999     0
1989 10 21 18    20   -46 10228    90    20 -9999 -9999     0
1989 10 22 00    19   -73 10217   110    20     1 -9999     0
1989 10 22 09   208   -74 10146   270    20     7 -9999 -9999
1989 10 22 12   152   -36 10170   250    20     8 -9999     0
1989 10 22 21    34   -27 10186   110    20     7 -9999 -9999
1989 10 23 09   187   -50 10170   270    30     2 -9999 -9999
1989 10 23 18    20   -39 10169     0     0     0 -9999     0
1989 10 24 00    -4   -45 10220     0     0     1 -9999     0
1989 10 24 09   185   -29 10168   200    20     1 -9999 -9999
1989 10 24 12    82    29 10205     0     0     0 -9999     0
1989 10 24 18    78   -67 10156    70    40     0 -9999     0
1989 10 24 20    36   -56 10159   110    20     0 -9999 -9999
1989 10 24 21    43   -56 -9999   110    20     0 -9999 -9999
1989 10 25 09   173   -34 10179   110    20     2 -9999 -9999
1989 10 25 12    74    11 10217     0     0     1 -9999     0
1989 10 25 18    16   -44 10226   140    10     0 -9999     0
1989 10 25 21     6   -27 10230     0     0     7 -9999 -9999
1989 10 26 12    94   -15 10274   320    20     0 -9999     0
1989 10 26 18    16   -62 10256    90    20     0 -9999     0
1989 10 26 21    21 -9999 -9999     0     0     2 -9999 -9999
1989 10 27 00    12 -9999 10253    90    30     0 -9999     0
1989 10 27 12   112   -16 10170    90    20     0 -9999     0
1989 10 27 18    73   -95 10129    90    20     0 -9999     0
1989 10 27 21    31   -44 10136   110    20     0 -9999 -9999
1989 10 28 09   187   -69 10166   270    30     5 -9999 -9999
1989 10 28 18    62   -47 -9999   250    50     8 -9999     0
1989 10 28 21    58   -97 10249   270    80     8 -9999 -9999
1989 10 29 00    45   -98 10290   250    30     8 -9999     0
1989 10 29 09   118   -51 10250   270    40     0 -9999 -9999
1989 10 29 12    30   -17 10264     0     0     0 -9999     0
1989 10 29 18 -9999 -9999 10217    70    50     0 -9999     0
1989 10 29 21    26   -71 10191    70    40     0 -9999 -9999
1989 10 30 09   146   -88 10202   270    60     2 -9999 -9999
1989 10 30 12    89   -78 10254   270    40     0 -9999     0
1989 10 30 18   -12   -55 10265   110    20     1 -9999     0
1989 10 30 21   -22   -39 -9999    90    20     1 -9999 -9999
1989 10 31 09   167   -50 10202     0     0     0 -9999 -9999
1989 10 31 12    50   -17 10231     0     0     0 -9999     0
1989 10 31 18     4   -97 10180    90    20     0 -9999     0
1989 10 31 21    -2  -127 10146    90    30     0 -9999 -9999
1989 11 01 09   232   -90 10062    90    20     0 -9999 -9999
1989 11 01 12   104   -28 10099    70    20     0 -9999     0
1989 11 01 18    80   -80 10111   140    40     0 -9999     0
1989 11 01 21    28   -52 10123    70    60     1 -9999 -9999
1989 11 02 00    14   -61 10174    90    60     1 -9999     0
1989 11 02 09   116  -103 10162    90    60     3 -9999 -9999
1989 11 02 12    70  -152 10158    90    40     2 -9999     0
1989 11 02 18    -8  -133 10232    90    30     0 -9999     0
1989 11 02 21   -19  -155 -9999    40    20     1 -9999 -9999
1989 11 03 21 -9999 -9999 10275     0     0     0 -9999 -9999
1989 11 04 00 -9999 -9999 10296    90    60     7 -9999     0
1989 11 04 12    17   -99 10284   220    20     0 -9999     0
1989 11 04 21   -56  -158 10261   110    20     0 -9999 -9999
1989 11 05 09    88   -89 10236   270    30     1 -9999 -9999
1989 11 05 12    16   -62 10271     0     0     0 -9999     0
1989 11 05 18   -15  -115 10263    90    20     1 -9999     0
1989 11 05 21   -52  -133 10281    90    20     0 -9999 -9999
1989 11 06 00   -65  -137 10328    90    20     1 -9999     0
1989 11 06 12     2   -96 10346   200    10     1 -9999     0
1989 11 06 18   -33  -153 10332    70    60     0 -9999     0
1989 11 06 21   -48  -186 10329    70    70     0 -9999 -9999
1989 11 07 00   -63  -187 10357    90    50     1 -9999     0
1989 11 07 12    -2  -123 10334    90    20     0 -9999     0
1989 11 07 18   -21  -168 10293    90    30     3 -9999     0
1989 11 08 09    86   -94 10284     0     0     0 -9999 -9999
1989 11 08 12    -6   -62 10312   140    10     0 -9999     0
1989 11 09 12    35  -112 10303   250    30     8 -9999     0
1989 11 10 12     3   -90 10281   270    20     1 -9999     0
1989 11 10 21 -9999 -9999 10302 -9999 -9999     7 -9999 -9999
1989 11 11 12   -17   -66 10338     0     0     7 -9999     0
1989 11 11 18   -49  -158 10304    90    40     6 -9999     0
1989 11 11 21    14   -91 10344     0     0     8 -9999     0
1989 11 12 00 -9999 -9999 10323    70    60     6 -9999     0
1989 11 12 18 -9999 -9999 10326 -9999 -9999     7 -9999     0
1989 11 12 21   -68  -147 10328    90    20     0 -9999 -9999
1989 11 13 12    26  -144 10339   250    30     1 -9999     0
1989 11 13 18 -9999 -9999 -9999     0     0     0 -9999     0
1989 11 13 21   -84  -143 10316   110    20     0 -9999 -9999
1989 11 14 18   -35   -96 10327   270    10     6 -9999 -9999
1989 11 15 00   -90  -139 -9999     0     0     1 -9999 -9999
1989 11 15 09    48   -87 10340   270    60     1 -9999 -9999
1989 11 15 12    19   -78 10362   250    20     0 -9999     0
1989 11 15 18   -59   -78 10351     0     0     0 -9999     0
1989 11 15 21   -76  -102 10345     0     0     0 -9999 -9999
1989 11 16 00   -86  -119 10361     0     0     0 -9999     0
1989 11 16 09    89  -135 10321   270    30     0 -9999 -9999
1989 11 16 12     8   -82 10352   220    20     0 -9999     0
1989 11 16 18   -30  -123 10321 -9999 -9999     5 -9999     0
1989 11 17 00   -50  -150 10344    90    50     0 -9999     0
1989 11 17 09 -9999 -9999 -9999 -9999 -9999     0 -9999 -9999
1989 11 17 18 -9999 -9999 10301    90    50     0 -9999     0
1989 11 17 21   -60  -215 -9999    90    60     7 -9999 -9999
1989 11 18 00   -79  -214 10308    90    70     0 -9999     0
1989 11 18 12   -13  -206 10287    90    80     0 -9999     0
1989 11 18 18   -43  -198 10277    90    70     1 -9999     0
1989 11 18 21 -9999 -9999 10305 -9999 -9999     1 -9999 -9999
1989 11 19 00 -9999 -9999 10335 -9999 -9999     7 -9999     0
1989 11 19 09    36  -161 10313   270    30 -9999 -9999 -9999
1989 11 19 12    17  -152 10338   270    20     7 -9999     0
1989 11 19 21   -37  -108 -9999    90    10     7 -9999 -9999
1989 11 20 12    -6   -86 10304     0     0     1 -9999     0
1989 11 20 18   -54  -130 10293    90    20     0 -9999     0
1989 11 20 21   -70 -9999 10291    90    20     0 -9999 -9999
1989 11 21 09    79  -135 10292   250    30     7 -9999 -9999
1989 11 21 12     0   -95 10334     0     0     1 -9999     0
1989 11 21 18   -75  -159 10322    90    20     0 -9999     0
1989 11 21 21   -88  -174 10317    70    10     0 -9999 -9999
1989 11 22 00   -90  -178 10341 -9999 -9999     7 -9999     0
1989 11 22 12    -3  -104 10306 -9999 -9999     7 -9999     0
1989 11 22 21   -16  -143 10229    90    70     0 -9999 -9999
1989 11 23 00   -25  -136 10254    90    90     0 -9999 -9999
1989 11 23 09    84  -154 10195    90   120     0 -9999 -9999
1989 11 23 12    26  -130 10277   220    50     1 -9999     0
1989 11 23 18   -24  -112 10295   200    10     0 -9999     0
1989 11 23 21   -56   -99 10309     0     0     0 -9999 -9999
1989 11 24 00   -72  -154 10335   110    20     7 -9999     0
1989 11 24 06    27  -112 -9999   270    20     7 -9999     0
1989 11 24 09    33   -96 10337   320    30     7 -9999 -9999
1989 11 24 12   -22   -79 10378     0     0     1 -9999     0
1989 11 24 18   -76  -121 10356    90    20     0 -9999     0
1989 11 24 21   -92  -149 10354    90    20     0 -9999 -9999
1989 11 25 09    56  -144 10358   270    40     0 -9999 -9999
1989 11 25 12   -17   -98 10397     0     0     0 -9999     0
1989 11 25 21   -56  -173 10375    90    50     0 -9999 -9999
1989 11 26 09    38  -237 10403    90    50     7 -9999 -9999
1989 11 26 12   -16  -199 10438    90    50     1 -9999     0
1989 11 26 21   -85  -231 10433    90    60     0 -9999 -9999
1989 11 27 00   -89  -220 -9999 -9999 -9999     1 -9999     0
1989 11 27 18   -76  -240 10403    90    50     0 -9999     0
1989 11 28 09    13  -217 10405   270    30     7 -9999 -9999
1989 11 28 12   -60  -141 10438     0     0     0 -9999     0
1989 11 28 18  -114  -180 10421 -9999 -9999     0 -9999     0
1989 11 28 21  -115  -181 10412   190    20     0 -9999 -9999
1989 11 29 00  -120  -184 -9999    90    20     1 -9999     0
1989 11 29 12   -15  -137 10436   250    10     2 -9999     0
1989 11 29 18   -88  -208 10412    90    30     0 -9999     0
1989 11 29 21   109  -156 10417   110    30     0 -9999 -9999
1989 11 30 09    45  -138 10416   250    30     7 -9999 -9999
1989 11 30 12   -28  -110 10448     0     0     1 -9999     0
1989 11 30 18   -91  -160 10417    90    20     0 -9999     0
1989 11 30 21  -105  -166 10415    40    10     0 -9999 -9999
1989 12 01 12   -23   -98 10371   250    20     0 -9999     0
1989 12 01 18   -81  -163 -9999    10    20     0 -9999     0
1989 12 02 00  -120 -9999 10278    90    20     0 -9999     0
1989 12 02 09    64  -128 10286   270    40     0 -9999 -9999
1989 12 02 12    13  -128 10316   250    30     0 -9999     0
1989 12 02 18   -85  -144 10302     0     0     0 -9999     0
1989 12 02 21  -104  -155 10295   110    30     0 -9999 -9999
1989 12 03 00  -106  -154 10306    90    30     0 -9999     0
1989 12 03 06    60   -97 -9999     0     0     0 -9999     0
1989 12 03 09    87  -102 10253   270    20     0 -9999 -9999
1989 12 03 18   -88  -148 10260     0     0     0 -9999     0
1989 12 04 00  -113 -9999 10297    70    10     1 -9999 -9999
1989 12 04 06    55  -102 10243   180    10     1 -9999     0
1989 12 04 09    82   -86 10220   270    20     7 -9999 -9999
1989 12 04 12   -17   -93 10262     0     0     0 -9999     0
1989 12 05 00   -50  -113 10280     0     0     7 -9999     0
1989 12 05 06    24  -112 10276   270    30     7 -9999     0
1989 12 05 09    53  -101 10270   270    40     1 -9999 -9999
1989 12 05 12   -35   -88 10291     0     0     6 -9999     0
1989 12 05 18   -30 -9999 10240    70    40     1 -9999     0
1989 12 05 21   -41  -121 10211    90    40     3 -9999 -9999
1989 12 06 00    90  -118 10217 -9999 -9999     9 -9999     0
1989 12 06 06    50  -121 10209   170    50 -9999 -9999     0
1989 12 06 09   109   -93 10198    60    20     1 -9999 -9999
1989 12 06 12    17  -114 10290    70    20     7 -9999     0
1989 12 06 18   -21  -123 10245    90    40     2 -9999     0
1989 12 06 21    -3  -105 10220    90    50     2 -9999 -9999
1989 12 07 09    90  -151 10193    90   100     1 -9999 -9999
1989 12 07 12    39  -119 10212    70    80     0 -9999     0
1989 12 07 18    -5  -111 10190    90   110     0 -9999     0
1989 12 07 21   -25  -108 10189    90   100     0 -9999 -9999
1989 12 08 00   -39  -111 10248 -9999 -9999     0 -9999     0
1989 12 08 06    40  -101 10220    40    20     3 -9999     0
1989 12 08 09    53   -96 10215   360    20     7 -9999 -9999
1989 12 08 12     0  -108 10230    40    20     0 -9999     0
1989 12 08 18   -29  -120 10186    90    60     1 -9999     0
1989 12 08 21   -33  -111 -9999    70   100     7 -9999 -9999
1989 12 09 00   -52  -117 10237   270    40     3 -9999     0
1989 12 09 09    35   -87 10262     0     0     7 -9999 -9999
1989 12 09 12     5  -100 10295   270    20     4 -9999     0
1989 12 09 18   -74  -123 10323     0     0     1 -9999     0
1989 12 09 21   -98  -140 10336    90    20     0 -9999 -9999
1989 12 10 00  -100  -148 10366    90    20     0 -9999     0
1989 12 10 06    40   -79 10345     0     0     0 -9999     0
1989 12 10 09    56   -77 10337     0     0     0 -9999 -9999
1989 12 10 12   -30   -85 10364     0     0     0 -9999     0
1989 12 10 18   -44 -9999 10321    90    30     0 -9999     0
1989 12 10 21   -41  -100 10314    90    40     0 -9999 -9999
1989 12 11 09    51 -9999 10337   200    30     0 -9999 -9999
1989 12 11 21   -91  -142 10393    90    20     0 -9999 -9999
1989 12 12 12    -1   -83 10412    90    20     0 -9999     0
1989 12 13 00   -74  -118 10398    90    50     0 -9999     0
1989 12 13 12   -39   -98 10408     0     0     0 -9999     0
1989 12 13 18   -97  -150 10392   110    20     2 -9999     0
1989 12 13 21  -112  -154 10376    90    20     0 -9999 -9999
1989 12 14 00  -116  -151 10386    90    20     0 -9999     0
1989 12 14 06    31  -104 10346   220    20     1 -9999     0
1989 12 14 09    42  -114 10390   270    40     0 -9999 -9999
1989 12 14 12   -44  -105 10371     0     0     0 -9999     0
1989 12 14 18   -87  -156 10333    90    20     2 -9999     0
1989 12 15 06    30   -87 10334     0     0     0 -9999     0
1989 12 15 12   -40  -108 10347     0     0     0 -9999     0
1989 12 15 21  -112  -168 10313    90    20     1 -9999 -9999
1989 12 16 00 -9999 -9999 10355    90    10     1 -9999     0
1989 12 16 12   -49  -128 10325     0     0     1 -9999     0
1989 12 16 18   -79 -9999 10275     0     0     7 -9999     0
1989 12 16 21   -88  -148 10264    90    10     7 -9999 -9999
1989 12 17 00  -112  -159 10280   110    20     2 -9999     0
1989 12 17 09    30  -111 10295   270    30     1 -9999 -9999
1989 12 17 18   -76  -142 10285 -9999 -9999 -9999 -9999     0
1989 12 18 21   -62 -9999 10270    90    50     0 -9999 -9999
1989 12 19 00   -64 -9999 10298    90    40     0 -9999     0
1989 12 19 09    55  -125 10274   220    30     7 -9999 -9999
1989 12 19 12   -24 -9999 10322   250    20     7 -9999     0
1989 12 19 18   -74  -139 10327     0     0     7 -9999     0
1989 12 19 21   -88  -161 10321    90    30     0 -9999 -9999
1989 12 20 00   -87 -9999 10345    90    20     7 -9999     0
1989 12 20 06    19  -122 10324    90    20     7 -9999     0
1989 12 20 18   -30   -50 -9999   270    30     8 -9999    -1
1989 12 20 21   -36   -47 10328   270    20     8 -9999 -9999
1989 12 21 09   -22   -46 -9999    40    20     1 -9999 -9999
1989 12 21 12   -99  -120 10382    90    20     0 -9999 -9999
1989 12 22 09   -48  -118 10302    90    30     5 -9999 -9999
1989 12 22 12  -104 -9999 10319    90    20     1 -9999     0
1989 12 22 18  -152  -199 10314 -9999 -9999     0 -9999     0
1989 12 23 18  -108  -149 -9999    90    30     0 -9999     0
1989 12 24 00   -78  -105 10312   110    30     7 -9999     0
1989 12 24 06   -38   -75 -9999    90    20     1 -9999     0
1989 12 24 18  -106  -163 10316    70    30     0 -9999     0
1989 12 25 09   -52  -117 10348    90    30     0 -9999 -9999
1989 12 25 18  -180  -218 10357    90    20     0 -9999     0
1989 12 25 21  -168  -217 10338   110    20     0 -9999 -9999
1989 12 26 12  -130  -189 10359   110    20     0 -9999     0
1989 12 26 18 -9999 -9999 10340 -9999 -9999 -9999 -9999     0
1989 12 27 00 -9999 -9999 10361    90    30     1 -9999     0
1989 12 27 09   -52  -100 10327 -9999 -9999 -9999 -9999 -9999
1989 12 27 18  -141  -187 10339     0     0     6 -9999     0
1989 12 27 21  -153  -199 10339    90    20     1 -9999 -9999
1989 12 28 09   -68  -110 10339    90    30     3 -9999 -9999
1989 12 28 12  -123  -181 -9999    90    10     6 -9999     0
1989 12 28 21  -136  -188 10341   140    20     4 -9999 -9999
1989 12 29 12  -115  -173 10355    40    20     0 -9999     0
1989 12 29 18  -168  -210 10329    90    20     0 -9999     0
1989 12 29 21  -146  -199 10304    90    30     7 -9999 -9999
1989 12 30 00  -143  -193 10327     0     0     7 -9999     0
1989 12 30 12  -130  -182 10357    90    20     1 -9999     0
1989 12 30 18  -190  -191 10318 -9999 -9999     4 -9999     0
1989 12 30 21  -124  -178 10316     0     0     8 -9999 -9999
1989 12 31 00  -123  -172 -9999     0     0     6 -9999     0
1989 12 31 09   -48  -142 10300    90    40     2 -9999 -9999
1989 12 31 12  -113  -171 10321    90    20     1 -9999     0
1989 12 31 18  -134  -188 10303   160    20     0 -9999     0
1989 12 31 21  -167  -210 10312   110    20     0 -9999 -9999
