1999 01 01 09     1   -90 10400   250    30     0 -9999 -9999
1999 01 02 09   -55  -102 10288   270    20     7 -9999 -9999
1999 01 03 00   -98  -145 10206   160    20     7 -9999 -9999
1999 01 03 06   -65  -115 10245   250    50     7 -9999 -9999
1999 01 03 09   -49   -89 10298   270    50     8 -9999 -9999
1999 01 04 06   -30   -86 10311     0     0     8 -9999 -9999
1999 01 04 09   -25   -95 10317   250    20     8 -9999 -9999
1999 01 05 00   -84  -112 10402   290    10     8 -9999 -9999
1999 01 05 09 -9999 -9999 10416     0     0     1 -9999 -9999
1999 01 06 00  -207  -249 10455    90    30     4 -9999 -9999
1999 01 06 06   -97  -162 10431    90    40     6 -9999 -9999
1999 01 06 09   -77  -156 10429    90    20     4 -9999 -9999
1999 01 07 00  -184 -9999 10416    90    30     2 -9999 -9999
1999 01 07 06   -96  -174 10380    90    60     7 -9999 -9999
1999 01 07 09   -81  -162 10367    90    40     7 -9999 -9999
1999 01 08 00  -194  -243 10389    90    30     1 -9999 -9999
1999 01 08 06   -97  -169 10390     0     0     7 -9999 -9999
1999 01 08 09  -105  -182 10405   250    20     7 -9999 -9999
1999 01 09 00  -179  -220 10442     0     0     7 -9999 -9999
1999 01 09 06   -68  -154 10431   220    20     0 -9999 -9999
1999 01 09 09   -43  -141 10426   270    20     0 -9999 -9999
1999 01 11 00  -139  -202 10377    90    50     1 -9999 -9999
1999 01 11 09   -49  -145 10380    90    30     4 -9999 -9999
1999 01 12 00  -155  -227 10382    90    50     0 -9999 -9999
1999 01 12 06  -100  -196 10374    90    80     0 -9999 -9999
1999 01 12 09   -79  -166 10373    90    40     0 -9999 -9999
1999 01 13 00  -191  -253 10471    90    40     1 -9999 -9999
1999 01 13 06  -102  -209 10473    90    50     0 -9999 -9999
1999 01 13 09   -83  -181 10474    90    40     0 -9999 -9999
1999 01 14 00  -202  -263 10485    90    40     0 -9999 -9999
1999 01 14 06   -87  -205 10443    90    70     0 -9999 -9999
1999 01 14 09   -59  -171 10438    90    30     0 -9999 -9999
1999 01 15 00  -212  -262 10473    90    20     0 -9999 -9999
1999 01 15 09   -49  -165 10426   270    20     7 -9999 -9999
1999 01 16 00  -105  -131 10426   290    10     8 -9999 -9999
1999 01 16 06   -70  -130 10396    90    20     1 -9999 -9999
1999 01 17 00  -177  -206 10386     0     0     0 -9999 -9999
1999 01 17 06   -61  -136 10350   220    40     7 -9999 -9999
1999 01 17 09   -49  -128 10346   270    30     7 -9999 -9999
1999 01 18 00  -141  -171 10333     0     0     7 -9999 -9999
1999 01 19 00  -185  -223 10469    90    20     0 -9999 -9999
1999 01 19 09   -31  -150 10410    70    30     0 -9999 -9999
1999 01 20 00  -196  -240 10364    90    30     1 -9999 -9999
1999 01 20 06   -61  -167 10338   160    20     7 -9999 -9999
1999 01 20 09   -39  -188 10325   250    20     7 -9999 -9999
1999 01 21 00  -182  -228 10306    90    10     0 -9999 -9999
1999 01 21 09    22  -166 10238   290    30     1 -9999 -9999
1999 01 23 09    15  -154 10251   270    30     7 -9999 -9999
1999 01 24 00   -75  -101 10402   320    20     1 -9999 -9999
1999 01 24 06   -24  -103 10365     0     0     0 -9999 -9999
1999 01 24 09    16  -111 10323    90    10     0 -9999 -9999
1999 01 25 06    20  -124 10257   250    30     1 -9999 -9999
1999 01 25 09    32  -146 10249   270    30     1 -9999 -9999
1999 01 26 00  -111  -147 10301   110    10     6 -9999 -9999
1999 01 27 06    24 -9999 10262     0 -9999     0 -9999 -9999
1999 01 27 09    66  -116 10247   200    10     0 -9999 -9999
1999 01 28 00  -121  -173 10317    90    30     0 -9999 -9999
1999 01 28 06    42   -98 10274    90    60     7 -9999 -9999
1999 01 28 09    75  -119 10251    90    30     7 -9999 -9999
1999 01 29 00  -139  -169 10320   110    20     0 -9999 -9999
1999 01 29 09 -9999 -9999 10281 -9999 -9999     1 -9999 -9999
1999 01 30 00  -147  -183 10278    90    20     0 -9999 -9999
1999 01 30 09    39  -125 10234   270    30     0 -9999 -9999
1999 01 31 00  -133  -169 10280   110    10     6 -9999 -9999
1999 01 31 06    18  -141 10269   220    20     1 -9999 -9999
1999 01 31 09    35  -122 10281   270    40     1 -9999 -9999
1999 02 01 06   -22  -180 10434   110    20     0 -9999 -9999
1999 02 02 00  -111  -218 10401    90    50     0 -9999 -9999
1999 02 02 06    13  -201 -9999    90    90     0 -9999 -9999
1999 02 02 09    31  -144 10347    90    50     0 -9999 -9999
1999 02 03 00  -150  -207 10406    90    20     7 -9999 -9999
1999 02 03 06    -5  -175 10390    90    10     7 -9999 -9999
1999 02 03 09    20  -183 10381   250    20     1 -9999 -9999
1999 02 04 00  -146  -210 10388    90    20     7 -9999 -9999
1999 02 04 06 -9999 -9999 10346     0     0     5 -9999 -9999
1999 02 04 09    28  -193 10327     0     0     1 -9999 -9999
1999 02 05 06 -9999 -9999 10296   140    20     0 -9999 -9999
1999 02 05 09    62  -188 10290   250    20     0 -9999 -9999
1999 02 06 06    41  -158 10287    90    70     0 -9999 -9999
1999 02 06 09    70  -178 10277    90    50     2 -9999 -9999
1999 02 07 06    26  -163 10215    90    70     7 -9999 -9999
1999 02 08 09    38  -162 10278   250    30     7 -9999 -9999
1999 02 09 00   -54  -168 10330    90    20     7 -9999 -9999
1999 02 09 06    27  -163 10327    70    40     8 -9999 -9999
1999 02 09 09    31  -167 10320    90    20     8 -9999 -9999
1999 02 10 00   -64  -159 10324    90    30     1 -9999 -9999
1999 02 10 06    52   -63 10318    90    70     6 -9999 -9999
1999 02 10 09    74   -67 10312    90    40     1 -9999 -9999
1999 02 11 09    75   -93 10340     0     0     1 -9999 -9999
1999 02 12 00  -101  -152 10381     0     0     2 -9999 -9999
1999 02 12 09   116  -100 10305   250    20     0 -9999 -9999
1999 02 14 00   -61  -191 10338    90    40     0 -9999 -9999
1999 02 14 09    88  -130 10274    90    20     7 -9999 -9999
1999 02 15 09    80  -146 10267   270    80     8 -9999 -9999
1999 02 16 06    68  -118 -9999   320    20     2 -9999 -9999
1999 02 16 09    87  -125 -9999   270    30     2 -9999 -9999
1999 02 18 09   -40  -192 10428    90   100     0 -9999 -9999
1999 02 19 00  -144  -275 10428    90    80     0 -9999 -9999
1999 02 19 09    -6  -194 10366    90    80     0 -9999 -9999
1999 02 20 09 -9999 -9999 -9999   250    20     7 -9999 -9999
1999 02 21 00  -104  -214 10282     0     0     1 -9999 -9999
1999 02 21 06    43  -155 10254     0     0     0 -9999 -9999
1999 02 21 09    80  -177 10224   250    40     0 -9999 -9999
1999 02 23 00   -10  -176 10118    70    40     4 -9999 -9999
1999 02 23 09   138  -236 10112    90    70     7 -9999 -9999
1999 02 24 00   -28  -185 10248     0     0     7 -9999 -9999
1999 02 24 06    40  -172 10247   250    10     8 -9999 -9999
1999 02 24 09    60  -108 10238     0     0     8 -9999 -9999
1999 02 25 06    77  -255 10250     0     0     7 -9999 -9999
1999 02 25 09 -9999 -9999 10224   250 -9999     9 -9999 -9999
1999 02 26 09    82  -156 10294    90    70     7 -9999 -9999
1999 02 27 06    56  -151 10331     0     0     7 -9999 -9999
1999 02 27 09    78  -139 10313   270    70     8 -9999 -9999
1999 02 28 09   138  -136 10199   220    20     0 -9999 -9999
1999 03 01 00   -83  -165 10242     0     0     0 -9999 -9999
1999 03 01 06 -9999 -9999 10221   270    40     0 -9999 -9999
1999 03 01 09   110 -9999 10202   270    30     0 -9999 -9999
1999 03 05 00   -53   -82 10157     0     0     1 -9999 -9999
1999 03 05 06    94  -130 10121   270    30     1 -9999 -9999
1999 03 05 09   124  -151 10121   270    40     6 -9999 -9999
1999 03 06 09 -9999 -9999 10153    90    90     7 -9999 -9999
1999 03 07 06    15   -46 10207   270    30     7 -9999 -9999
1999 03 07 09    65   -64 10170   270    20     6 -9999 -9999
1999 03 08 00   -63   -86 10186   110    10     6 -9999 -9999
1999 03 08 09    89  -107 10164   250    30     7 -9999 -9999
1999 03 09 09    88  -150 10209   290    20     7 -9999 -9999
1999 03 10 06   105   -86 10194     0     0     1 -9999 -9999
1999 03 10 09   124   -82 10156   270    40     0 -9999 -9999
1999 03 11 00   -78  -157 10154    90    10     0 -9999 -9999
1999 03 11 09   142   -74 10095   270    40     0 -9999 -9999
1999 03 12 00    -3  -118 10128    70    50     7 -9999 -9999
1999 03 12 09   103   -66 10116    40    30     1 -9999 -9999
1999 03 13 09    93  -183 10180    90    20     7 -9999 -9999
1999 03 14 00   -63  -117 10170    90    20     0 -9999 -9999
1999 03 15 00 -9999 -9999 10066     0     0     8 -9999 -9999
1999 03 15 06 -9999 -9999 -9999   250    20     7 -9999 -9999
1999 03 15 09   128  -104 10076   290    20     7 -9999 -9999
1999 03 16 00    60  -115 10074 -9999 -9999     7 -9999 -9999
1999 03 16 09    97  -113 10026    90    50     8 -9999 -9999
1999 03 17 00   -18  -166 10127    90    60     7 -9999 -9999
1999 03 17 09    66  -139 10100   110    80     7 -9999 -9999
1999 03 18 09    71  -104 10169    70    30     1 -9999 -9999
1999 03 19 00   -39  -127 10217    90    30     7 -9999 -9999
1999 03 19 06   114   -91 10177   220    30     0 -9999 -9999
1999 03 19 09   138  -198 10155   270    40     1 -9999 -9999
1999 03 20 06    44  -121 10274    70    70     0 -9999 -9999
1999 03 21 00   -42 -9999 10205    90    80     5 -9999 -9999
1999 03 21 09   110   -24 10148    90    60     0 -9999 -9999
1999 03 22 00   -54  -198 10174    90    20     2 -9999 -9999
1999 03 22 09   132  -193 10127   270    40     7 -9999 -9999
1999 03 24 06    84  -119 10141    90    50     7 -9999 -9999
1999 03 24 09   102  -156 10122    90    30     7 -9999 -9999
1999 03 25 00     1  -152 10200    70    30     7 -9999 -9999
1999 03 25 06    71  -165 10225   270    20     1 -9999 -9999
1999 03 25 09    98  -166 10223   270    30     7 -9999 -9999
1999 03 26 09   104  -179 10246   250    20     0 -9999 -9999
1999 04 03 00   -17   -80 10269    90    20     6 -9999 -9999
1999 04 03 06   142  -112 -9999   250    30     6 -9999 -9999
1999 04 03 09   154  -160 10242   250    60     7 -9999 -9999
1999 04 04 09   202  -121 10184   250    50     0 -9999 -9999
1999 04 05 00    25   -81 10181    90    20     0 -9999 -9999
1999 04 05 09   234  -104 10085   290    20     2 -9999 -9999
1999 04 06 00 -9999 -9999 10097    70    20     2 -9999 -9999
1999 04 07 00    63   -72 10107    90    30     1 -9999 -9999
1999 04 07 09   216  -102 10086   290    50     7 -9999 -9999
1999 04 09 09   218   -81 10028   250    20     8 -9999 -9999
1999 04 10 09   216   -65 10018   250    70     7 -9999 -9999
1999 04 11 06   186  -127 10119    90    20     1 -9999 -9999
1999 04 11 09   208  -150 10104    90    20     7 -9999 -9999
1999 04 12 09   218   -95 10085    90    60     7 -9999 -9999
1999 04 13 09   228   -87 10106   340    20     0 -9999 -9999
1999 04 14 09   230  -105 10069    90    70     5 -9999 -9999
1999 04 15 00    74  -154 10107    90    40     1 -9999 -9999
1999 04 15 09   249   -83 10057    90    20     7 -9999 -9999
1999 04 16 00    54   -62 10126     0     0     7 -9999 -9999
1999 04 17 00    85   -15 10132     0     0     2 -9999 -9999
1999 04 17 09   244   -35 10078   270    40     5 -9999 -9999
1999 04 18 09   248   -48 -9999   250    50     2 -9999 -9999
1999 04 19 09   264  -101 10063   270    20     1 -9999 -9999
1999 04 20 09   314   -66  9989   270    40     7 -9999 -9999
1999 04 21 09   280   -22 10016     0     0     7 -9999 -9999
1999 04 22 00   133  -102 10026    90    30     6 -9999 -9999
1999 04 22 06   242   -93 10011    70    50     7 -9999 -9999
1999 04 22 09   260   -81 10010    90    50     7 -9999 -9999
1999 04 23 09   252   -75  9949    90   100     7 -9999 -9999
1999 04 24 09    64   -90 10253   270    20     9 -9999 -9999
1999 04 25 09   115  -115 10300   250    30     8 -9999 -9999
1999 04 26 00     4  -152 10364     0     0     0 -9999 -9999
1999 04 26 06   130   -77 10304   340    20     0 -9999 -9999
1999 04 27 09   173  -159 10227   270    30     8 -9999 -9999
1999 04 28 00    33   -81 10225     0     0     8 -9999 -9999
1999 04 28 09   202  -183 10153   290    30     7 -9999 -9999
1999 04 29 00    52  -114 10168     0     0     7 -9999 -9999
1999 04 29 09   238  -104 10110   320    30     7 -9999 -9999
1999 05 01 09   223   -44 10111     0     0     7 -9999 -9999
1999 05 02 09   192   -11 10197   140    30     2 -9999 -9999
1999 05 03 09   230   -51 10174   220    20     1 -9999 -9999
1999 05 04 09   256   -57 10114   270    10     2 -9999 -9999
1999 05 05 09   282   -40 10049   200    20     0 -9999 -9999
1999 05 06 00    98   -25 10102     0     0     0 -9999 -9999
1999 05 06 09   282   -41 10069   270    20     7 -9999 -9999
1999 05 09 09   321   -81 10052    90    60     0 -9999 -9999
1999 05 10 09   318   -47  9998    90    60     3 -9999 -9999
1999 05 11 09   333   -35  9965    70    40     2 -9999 -9999
1999 05 13 09   320    28  9949    70    60     1 -9999 -9999
1999 05 14 09   318    20  9921   110    60     7 -9999 -9999
1999 05 17 09   209    42 10147   320    30     7 -9999 -9999
1999 05 18 09   269    47 10108   270    20     1 -9999 -9999
1999 05 19 09   275    13 10061   270    10     7 -9999 -9999
1999 05 21 09   239    16 10092     0     0     6 -9999 -9999
1999 05 22 06   260    -2 10081   220    20     2 -9999 -9999
1999 05 23 09   272    18 10030   320    20     7 -9999 -9999
1999 05 24 09   229     3 10069    90    60     1 -9999 -9999
1999 05 25 06   210   -22 -9999    70    90     1 -9999 -9999
1999 05 25 09   227   -25 10085    70    90     0 -9999 -9999
1999 05 27 09   303   -10 10012    90    20     8 -9999 -9999
1999 05 28 09   272     7 10047 -9999 -9999     7 -9999 -9999
1999 05 29 09   204    40 10093   340    30     7 -9999 -9999
1999 05 30 09   244   -22 10089   270    40     2 -9999 -9999
1999 05 31 09   268   -32 10091   250    50     1 -9999 -9999
1999 06 01 09   282   -17 10053     0     0     7 -9999 -9999
1999 06 02 09   304   -16 10031     0     0     7 -9999 -9999
1999 06 03 09   315   -57  9981    40    20     6 -9999 -9999
1999 06 04 09   318   -41  9973    90    70     5 -9999 -9999
1999 06 05 09   256    15 10076   110    30     7 -9999 -9999
1999 06 06 09   286    19 10081    90    40     7 -9999 -9999
1999 06 07 06   317    22 10077   290    20     6 -9999 -9999
1999 06 08 09   346 -9999 -9999 -9999 -9999     1 -9999 -9999
1999 06 10 09   378    21  9933   180    10     7 -9999 -9999
1999 06 11 09   342    43  9901    90    50     2 -9999 -9999
1999 06 12 09   325    45  9949   200    10     1 -9999 -9999
1999 06 13 09   267   104  9991   110    20     7 -9999 -9999
1999 06 14 09   251    87 10051    90    20     8 -9999 -9999
1999 06 15 09   293    50 10042   250    40     1 -9999 -9999
1999 06 16 09   316   -11 10032     0     0     0 -9999 -9999
1999 06 17 09   363   -11  9927    70    20     0 -9999 -9999
1999 06 19 09   302    39 10032   200    20     0 -9999 -9999
1999 06 20 09   307     8 10004     0     0     0 -9999 -9999
1999 06 22 09   299   -54  9975    90    80     6 -9999 -9999
1999 06 23 09   312    -3  9963   110    40     1 -9999 -9999
1999 06 25 09   358    47  9925   270    20     1 -9999 -9999
1999 06 26 09   374    80  9920   290    20     1 -9999 -9999
1999 06 27 01   351   103  9924     0     0     7 -9999 -9999
1999 06 27 09   383    68  9904     0     0     7 -9999 -9999
1999 06 29 09   356   128  9926     0     0     7 -9999 -9999
1999 06 30 09   195   141 10057   270    10     7 -9999 -9999
1999 07 02 09   327    56  9939   250    20     4 -9999 -9999
1999 07 05 00   200    73 10051   220    40     7 -9999 -9999
1999 07 05 09   250   111 10070   160    10     6 -9999 -9999
1999 07 07 06   323    33 10014   140    10     1 -9999 -9999
1999 07 07 09   335    76  9990   140    20     1 -9999 -9999
1999 07 08 09   358    59  9954     0     0     2 -9999 -9999
1999 07 09 09   290    94  9995   270    30     7 -9999 -9999
1999 07 10 09   292   100  9999     0 -9999     1 -9999 -9999
1999 07 11 09   299    54  9936 -9999 -9999     0 -9999 -9999
1999 07 13 00   222    51  9948    90    40     7 -9999 -9999
1999 07 13 09   323   101  9926    70    40     7 -9999 -9999
1999 07 14 06   190   171 10063   250    30     8 -9999 -9999
1999 07 14 09 -9999 -9999 -9999 -9999 -9999     8 -9999 -9999
1999 07 15 00   176   168 -9999   340    10     8 -9999 -9999
1999 07 15 09   248   177 10068   220    20     7 -9999 -9999
1999 07 15 12   251   225 10044    20    30     8 -9999 -9999
1999 07 16 09   299   130 10045     0     0     2 -9999 -9999
1999 07 17 00   189   134 10050     0     0     1 -9999 -9999
1999 07 17 06   338 -9999 10019     0     0     1 -9999 -9999
1999 07 17 09   347   136  9989     0     0     4 -9999 -9999
1999 07 18 09   333   114  9970    90    20     6 -9999 -9999
1999 07 19 09   347    85  9923    90    50     0 -9999 -9999
1999 07 21 09   364    69  9910    90    50     0 -9999 -9999
1999 07 22 06   342    76  9923    90    70     1 -9999 -9999
1999 07 22 09   350    77  9909    90    80     1 -9999 -9999
1999 07 23 09   346   135  9936     0     0     2 -9999 -9999
1999 07 24 09   359   158  9915 -9999 -9999     1 -9999 -9999
1999 07 25 09   370   160  9919     0     0     1 -9999 -9999
1999 07 26 00   264   154  9940    90    20     6 -9999 -9999
1999 07 26 09   372   157  9896   140    20     2 -9999 -9999
1999 07 27 09   327   159  9981   250    30     1 -9999 -9999
1999 07 28 09   357   151  9946    90    40     0 -9999 -9999
1999 07 29 09   379    89  9924   110    50     0 -9999 -9999
1999 07 30 09   381   140  9910    90    60     0 -9999 -9999
1999 07 31 09   373   150  9897   110    90     1 -9999 -9999
1999 08 01 09   373   127  9899    70    80     0 -9999 -9999
1999 08 02 09   367   118  9871    90    80     0 -9999 -9999
1999 08 03 09   362   173  9890   220    20     7 -9999 -9999
1999 08 07 09   348   108  9936   270    20     1 -9999 -9999
1999 08 10 06   324    49 10001    90    10     0 -9999 -9999
1999 08 11 00   186    37 10013     0     0     2 -9999 -9999
1999 08 11 09   313    84  9983   270    30     8 -9999 -9999
1999 08 12 09   283    98  9960    70    70     0 -9999 -9999
1999 08 13 09   280   111  9871 -9999 -9999     8 -9999 -9999
1999 08 14 09   216   117 10024   270    40     8 -9999 -9999
1999 08 15 06   241   118 -9999     0     0     7 -9999 -9999
1999 08 15 09   238   142 10105     0     0     8 -9999 -9999
1999 08 16 09   197   145 10169     0     0     8 -9999 -9999
1999 08 17 00   146   129 10174     0     0     1 -9999 -9999
1999 08 17 09   304    83 10102     0     0     1 -9999 -9999
1999 08 18 09   309    29 10075    90    20     1 -9999 -9999
1999 08 19 09   324    20 10066    90    40     0 -9999 -9999
1999 08 20 09   333    27 10041   110    20     1 -9999 -9999
1999 08 21 09   333   114 10015     0     0     7 -9999 -9999
1999 08 22 09   306    41 10022   340    70     6 -9999 -9999
1999 08 23 09   258    71 10058   250    20     7 -9999 -9999
1999 08 25 09   298    62 10045    90    20     2 -9999 -9999
1999 08 26 09   319    78 10022     0     0     1 -9999 -9999
1999 08 28 09   357    66  9991     0     0     1 -9999 -9999
1999 08 29 09   300   115  9880     0     0     7 -9999 -9999
1999 08 30 09   360    63  9974     0     0     4 -9999 -9999
1999 08 31 09   364    74  9987     0     0 -9999 -9999 -9999
1999 09 01 09   352    43  9979     0     0     1 -9999 -9999
1999 09 02 09   352    65  9959   110    20     7 -9999 -9999
1999 09 03 09   320    60  9957    70    30 -9999 -9999 -9999
1999 09 04 09   266   132 10068     0     0     2 -9999 -9999
1999 09 05 00   146   127 10096     0     0     1 -9999 -9999
1999 09 06 00   173    79 10018    90    30     0 -9999 -9999
1999 09 06 09   322    29  9937    90    40     1 -9999 -9999
1999 09 07 09 -9999 -9999 -9999   270    20     8 -9999 -9999
1999 09 08 09   293    76 10532 -9999 -9999 -9999 -9999 -9999
1999 09 09 09   250   107 10074     0     0     8 -9999 -9999
1999 09 10 09   257    24 10097    90    30     7 -9999 -9999
1999 09 12 09   278    26 10083   270    20     7 -9999 -9999
1999 09 13 00    78   -15 10134   110    10     0 -9999 -9999
1999 09 14 09   308    -6 10062   270    30     1 -9999 -9999
1999 09 15 09   299    23 10050     0     0     1 -9999 -9999
1999 09 16 09   243    73 10057   270    30     7 -9999 -9999
1999 09 17 00   120    58 10097     0     0     2 -9999     0
1999 09 17 06   214    74 10104   250    20     6 -9999     7
1999 09 17 09   208    87 10083   270    20     7 -9999 -9999
1999 09 19 09   256   -20 10126   160    20     6 -9999 -9999
1999 09 20 09 -9999 -9999 10173    90    30     0 -9999 -9999
1999 09 23 00   121    16 10138    90    20     1 -9999 -9999
1999 09 24 06   288     1 -9999    90    30     0 -9999 -9999
1999 09 24 09   303    10 10016     0     0     1 -9999 -9999
1999 09 25 09   249    41 10063     0     0     7 -9999 -9999
1999 09 26 00   110   -16 10108    90    30     0 -9999 -9999
1999 09 26 06   221   -25 10046    70    80     7 -9999 -9999
1999 09 26 09   233   -44 10019    70    70     7 -9999 -9999
1999 09 27 09   203    16 10185   270    30     1 -9999 -9999
1999 09 28 09   191    -6 10216     0     0     7 -9999 -9999
1999 09 30 06   231   -16 10120   280    30 -9999 -9999     0
1999 10 01 06   210   -81 10158 -9999 -9999 -9999 -9999     0
1999 10 01 09   221   -60 10149    90    30     7 -9999 -9999
1999 10 03 09   222    22 10160   250    20     7 -9999 -9999
1999 10 05 00    48 -9999 10239     0     0     0 -9999     0
1999 10 05 09   232     4 10159     0     0     0 -9999 -9999
1999 10 06 00    49   -34 10203    90    10     2 -9999     0
1999 10 06 09   249     4 10144   270    10     0 -9999 -9999
1999 10 09 09   176    -6 10172   270    20     1 -9999 -9999
1999 10 10 00     5    -8 10283     0     0     0 -9999     0
1999 10 10 09   189   -42 10222   270    20     0 -9999 -9999
1999 10 11 09   199   -63 10161 -9999 -9999     2 -9999 -9999
1999 10 12 00     2   -86 10205   110    10     1 -9999     0
1999 10 12 06   185   -60 -9999   200    10     5 -9999     0
1999 10 12 09   179   -46 10189   200    20     7 -9999 -9999
1999 10 13 00    46   -72 10252    90    50     1 -9999     0
1999 10 13 09   165 -9999 10210    80    40     0 -9999 -9999
1999 10 14 00    33   -91 10274    90    40     0 -9999     0
1999 10 14 06   164   -80 10248    90    30     7 -9999     0
1999 10 14 09   176   -46 10240    90    20     7 -9999 -9999
1999 10 15 09   201   -41 10262   290    30     0 -9999 -9999
1999 10 16 00    49  -142 10316    90    40     0 -9999     0
1999 10 16 09   163 -9999 -9999    90    60     0 -9999 -9999
1999 10 17 06   163   -77 10241     0     0     0 -9999     0
1999 10 17 09   182   -69 10220     0     0     0 -9999 -9999
1999 10 18 06   164   -64 10251   270    10     6 -9999     0
1999 10 19 09   199 -9999 10229     0   800 -9999 -9999 -9999
1999 10 21 06   198   -77 10189   250    10     1 -9999 -9999
1999 10 22 00 -9999 -9999 10240    90    10     0 -9999     0
1999 10 22 06   197   -64 10184     0     0     0 -9999     0
1999 10 31 00 -9999 -9999 10377    90    30     0 -9999     0
1999 11 06 00     5   -28 -9999    90    40     5 -9999     0
1999 11 07 06    10   -68 10259     0     0     1 -9999     0
1999 11 13 06    59  -135 -9999    70    50     1 -9999     0
1999 11 14 00    -6  -153 10238    90    50     7 -9999     0
1999 11 15 00   -19  -131 10338    70    10     7 -9999     0
1999 11 15 09    75  -104 10342   270    60     4 -9999 -9999
1999 11 17 06    78  -102 10310    90    20     0 -9999     0
1999 11 19 00   -79  -125 10321    90    10     1 -9999     0
1999 12 02 00   -80  -149 10488     0     0     7 -9999     0
1999 12 06 00  -145  -178 10420     0     0     1 -9999     0
1999 12 09 00  -139  -162 10344     0     0     0 -9999     0
1999 12 11 00  -136  -172 10381   110    20     1 -9999     0
1999 12 11 06    33  -105 10323     0     0     0 -9999     0
1999 12 11 09    59   -85 10305     0     0     1 -9999 -9999
1999 12 12 00   -93  -139 10442     0     0     2 -9999     0
1999 12 12 09    27  -124 10424   270    50     0 -9999 -9999
1999 12 13 00  -132  -159 -9999     0     0     1 -9999 -9999
1999 12 13 09    24  -129 10381   270    20     1 -9999 -9999
1999 12 14 00  -129  -166 10338    90    10     2 -9999     0
1999 12 14 06  -150 -9999 10321   270    30     1 -9999     0
1999 12 14 09    34  -122 10293   270    40     0 -9999 -9999
1999 12 15 06 -9999 -9999 10324   270    20     7 -9999     0
1999 12 29 00  -148  -214 10270     0     0     2 -9999     0
