1957 06 29 00   172   122 10028    90    21     3 -9999 -9999
1957 06 29 06   278   111 10005   290    21     8 -9999 -9999
1957 06 30 00   189    78 10036     0     0     6 -9999 -9999
1957 07 01 00   172    22 10014    70    31     1 -9999 -9999
1957 07 01 06   322    28  9991    70    21     3 -9999 -9999
1957 07 01 09   328    61  9982    30    41     0 -9999 -9999
1957 07 01 12   328   111  9966     0     0     6 -9999 -9999
1957 07 01 18   172    50  9986     0     0     1 -9999 -9999
1957 07 01 21   178   -11  9988    90    41     1 -9999 -9999
1957 07 02 03   300    61  9992     0     0     1 -9999 -9999
1957 07 02 06   339    89 -9999     0     0     1 -9999 -9999
1957 07 02 09   350    61  9951     0     0     1 -9999 -9999
1957 07 02 18   239    22  9939    90    41     0 -9999 -9999
1957 07 02 21   189    22  9957    70    41     0 -9999 -9999
1957 07 03 00   211    28  9967    90    51     0 -9999 -9999
1957 07 03 03 -9999 -9999  9971   110    31     1 -9999 -9999
1957 07 03 06   350    78  9939     0     0     1 -9999 -9999
1957 07 03 09   361    78  9927     0     0     2 -9999 -9999
1957 07 03 18   261    39  9934    90    31     0 -9999 -9999
1957 07 03 21   189    61  9967    90    21     0 -9999 -9999
1957 07 04 00 -9999 -9999  9985    90    31     0 -9999 -9999
1957 07 04 06   350    72  9949    70    31     5 -9999 -9999
1957 07 04 12   322   150  9936     0     0     7 -9999 -9999
1957 07 04 21   211    61  9997     0     0     2 -9999 -9999
1957 07 05 00   211    61 10015    90    21     8 -9999 -9999
1957 07 05 03   278    50 10003    90    51     8 -9999 -9999
1957 07 05 06   300    61 10007    90    21     8 -9999 -9999
1957 07 05 12   278   111 10005     0     0     7 -9999 -9999
1957 07 05 18   250    78 10003   360    21     4 -9999     6
1957 07 05 21   228    78 10007    40    10     6 -9999 -9999
1957 07 06 00   222    89 10037     0     0     8 -9999     6
1957 07 06 03   250   122 10050     0     0     7 -9999 -9999
1957 07 06 06   272   111 10020   290    31     2 -9999     6
1957 07 06 09   300   122  9997   250    10     3 -9999 -9999
1957 07 06 12   272    78 10004   290    21     2 -9999 -9999
1957 07 06 18   211    61 10027     0     0     2 -9999 -9999
1957 07 06 21   161    78 10042     0     0     3 -9999 -9999
1957 07 07 00   178   100 10051     0     0     4 -9999 -9999
1957 07 07 03   261    72 10033     0     0     2 -9999 -9999
1957 07 07 06   289    78 10008     0     0     1 -9999 -9999
1957 07 07 09   311    61  9995   250    21     1 -9999 -9999
1957 07 07 12   300    78  9984   220    21     1 -9999 -9999
1957 07 07 18   222    28  9998    90    51     0 -9999 -9999
1957 07 07 21   200    39 10001    70    51     1 -9999 -9999
1957 07 08 00   211    78 10008    90    51     1 -9999 -9999
1957 07 08 03   278    61 10002    90    82     1 -9999 -9999
1957 07 08 06   322    50  9978   290    21     7 -9999 -9999
1957 07 08 09   322    22  9967   270    21     8 -9999 -9999
1957 07 08 12   300    89  9974   340    72     8 -9999 -9999
1957 07 08 21 -9999 -9999 -9999   320    51 -9999 -9999 -9999
1957 07 09 00   178   122 10050   270    31     7 -9999     6
1957 07 09 03   222   100 10037   250    31     1 -9999 -9999
1957 07 09 06   250   122 10012   290    31     1 -9999     3
1957 07 09 09   278   100  9996   290    21     7 -9999 -9999
1957 07 09 18   222    50 10026   320    62     8 -9999     6
1957 07 09 21   172    72 10030     0     0     2 -9999 -9999
1957 07 10 03   239    89 10040   270    21     0 -9999 -9999
1957 07 10 06   278    61 10012   320    21     1 -9999 -9999
1957 07 10 09   300    28 10002   250    31     1 -9999 -9999
1957 07 10 18   222    11 10020    20    41     1 -9999 -9999
1957 07 10 21   161    11 10030    90    41     2 -9999 -9999
1957 07 11 00   189    50 10032    70    41     1 -9999 -9999
1957 07 11 03   272    50 10022    90    21     1 -9999 -9999
1957 07 11 06   300    39  9994   250    31     1 -9999 -9999
1957 07 11 09   322    78  9981   220    10     2 -9999 -9999
1957 07 11 12   300    89  9974   270    10     1 -9999 -9999
1957 07 11 18   211    11  9998    90    41     0 -9999 -9999
1957 07 11 21   161    22 10015    70    21     0 -9999 -9999
1957 07 12 00   189    22 10025    70    31     2 -9999 -9999
1957 07 12 03   278    50 10017    90    51     4 -9999 -9999
1957 07 12 06   322    61  9991   200    10     6 -9999 -9999
1957 07 12 12   311    78 -9999     0     0     1 -9999 -9999
1957 07 12 18   200    28  9978    90    21     0 -9999 -9999
1957 07 12 21   172    11  9975    90    31     1 -9999 -9999
1957 07 13 00   178    22  9983    90    62     1 -9999 -9999
1957 07 13 06   328    78  9944     0     0     2 -9999 -9999
1957 07 13 09   350   100  9926   200    21     5 -9999 -9999
1957 07 13 12   322   100  9920   340    31     3 -9999 -9999
1957 07 13 21   189    72 -9999     0     0     5 -9999 -9999
1957 07 14 00   222    28  9957    70    41     2 -9999 -9999
1957 07 14 03   300    61  9946    90    51     1 -9999 -9999
1957 07 14 06   328    78  9931     0     0     3 -9999 -9999
1957 07 14 09   339   111  9922   270    10     7 -9999 -9999
1957 07 14 12   311    50  9932   340    82     8 -9999     6
1957 07 14 18   200    89  9975     0     0     2 -9999 -9999
1957 07 14 21   211    61  9978    90    31     3 -9999 -9999
1957 07 15 00   211    61  9996    90    31     6 -9999 -9999
1957 07 15 03   261    61  9999    90    51     6 -9999 -9999
1957 07 15 06   261   100 10030   320    41     8 -9999     6
1957 07 15 09   278   100  9998   220    31     2 -9999 -9999
1957 07 15 18   228    89 10001    70    41     8 -9999 -9999
1957 07 15 21   189   122 10026     0     0     8 -9999 -9999
1957 07 16 03   311   139 10050     0     0     6 -9999 -9999
1957 07 16 06   272   100 10024   200    10     3 -9999     6
1957 07 16 09   289    78 10006   270    21     3 -9999 -9999
1957 07 16 12   261    89 10024    90    72     7 -9999     6
1957 07 16 18   222    78 10030    90    82     8 -9999     6
1957 07 17 00   200    78 10052    70    41     7 -9999     6
1957 07 17 03   250   100 10046    90    51     3 -9999 -9999
1957 07 17 06   278   100 10020   360    21     5 -9999     6
1957 07 17 12   278   100 10007   320    21     7 -9999 -9999
1957 07 17 18   211    78 10001    70    41     7 -9999 -9999
1957 07 17 21   172    89 10005     0     0     7 -9999 -9999
1957 07 18 00   178   100 -9999    70    10     1 -9999 -9999
1957 07 18 03   272   100  9994     0     0     1 -9999 -9999
1957 07 18 06   311    78  9967    90    21     1 -9999 -9999
1957 07 18 09   328    72  9946   270    21     5 -9999 -9999
1957 07 18 12   289   100  9946   220    21     3 -9999 -9999
1957 07 18 21   161    72  9942    40    21     3 -9999 -9999
1957 07 19 00   189    50  9961     0     0     3 -9999 -9999
1957 07 19 03   289    50  9944     0     0     2 -9999 -9999
1957 07 19 06   339    89  9920     0     0     1 -9999 -9999
1957 07 19 09   350 -9999  9898   220    31     1 -9999 -9999
1957 07 19 12   328    89  9887   200    21     1 -9999 -9999
1957 07 19 21   228    11  9902    70    51     1 -9999 -9999
1957 07 20 03   300    39  9947    90    72     8 -9999 -9999
1957 07 20 06   328    50  9927    90    51     7 -9999 -9999
1957 07 20 09   350 -9999  9895    90    72     1 -9999 -9999
1957 07 20 12   339    28  9896    90    82     7 -9999 -9999
1957 07 20 18   300    39  9903    90    51     7 -9999     6
1957 07 20 21   272    61  9898    70    82     3 -9999 -9999
1957 07 21 00   261    78  9924    90    72     1 -9999     6
1957 07 21 03   311    78  9938    90    82     1 -9999 -9999
1957 07 21 06   322   111  9945   290    72     2 -9999 -9999
1957 07 21 09   278   100  9963   250    82     9 -9999 -9999
1957 07 21 12   250   100  9972   220    98     9 -9999 -9999
1957 07 21 18   178   161 10027   250    21     8 -9999     6
1957 07 21 21   189   139 10037   270    31     8 -9999 -9999
1957 07 22 00   178   139 10059   270    21 -9999 -9999     6
1957 07 22 03   222   150 10055   270    10     7 -9999 -9999
1957 07 22 09   289   150 10003     0     0     6 -9999 -9999
1957 07 22 12   289   139  9996    90    31     5 -9999 -9999
1957 07 22 18   250   128 10003    90    41     7 -9999 -9999
1957 07 22 21   228   139 10007    70    21     7 -9999 -9999
1957 07 23 00 -9999 -9999 -9999    70    21 -9999 -9999 -9999
1957 07 23 06   300   139 10002     0     0     8 -9999 -9999
1957 07 23 09   272   139 10005   290    31     8 -9999 -9999
1957 07 23 12   261    89 10012   360    82     8 -9999     6
1957 07 23 18   211   139 10024     0     0     8 -9999     6
1957 07 23 21   200   150 10042     0     0     8 -9999 -9999
1957 07 24 00   200   161 10064     0     0     7 -9999     6
1957 07 24 03   239   150 10071   270    21     7 -9999 -9999
1957 07 24 06   278   139 10062   220    21     8 -9999 -9999
1957 07 24 09   289   128 10042   220    21     7 -9999 -9999
1957 07 24 12   272   100 10057   270    72     7 -9999 -9999
1957 07 24 18   189   122 10069     0     0     5 -9999     6
1957 07 25 00   189   100 10087    20    21     3 -9999 -9999
1957 07 25 03   261   100 10079    20    21     1 -9999 -9999
1957 07 25 06   289   100 10075     0     0     1 -9999 -9999
1957 07 25 09   311    89 10052   200    21     1 -9999 -9999
1957 07 25 12   300    89 10038     0     0     1 -9999 -9999
1957 07 25 18   222   -11 10050    90    51     2 -9999 -9999
1957 07 25 21   222   -22 10046    90    41     7 -9999 -9999
1957 07 26 03   278     0 10058    90    82     2 -9999 -9999
1957 07 26 06   322    11 10029    90    72     5 -9999 -9999
1957 07 26 09   328     0 10003    90    82     6 -9999 -9999
1957 07 26 12   300   -11 10031    20    41 -9999 -9999 -9999
1957 07 26 18   261   -50 10006    90    51     7 -9999 -9999
1957 07 26 21   250   -28 10014    90    31     7 -9999 -9999
1957 07 27 09   350    50  9975   270    31     2 -9999 -9999
1957 07 27 12   211   111  9987     0     0     7 -9999 -9999
1957 07 27 18   239    72 10016     0     0     5 -9999 -9999
1957 07 27 21   211    72 10024     0     0     7 -9999 -9999
1957 07 28 00   311    78 10043 -9999    41     7 -9999 -9999
1957 07 28 03   272    61 10037   110    51     3 -9999 -9999
1957 07 28 06   311    78 10019     0     0     2 -9999 -9999
1957 07 28 09 -9999 -9999 10009   220    31     6 -9999 -9999
1957 07 28 12   278    89 10010   150    21     8 -9999 -9999
1957 07 28 18   200    11 10035     0     0     1 -9999 -9999
1957 07 28 21   172    39 10038     0     0     6 -9999 -9999
1957 07 29 00   200    72 10052    90    31     6 -9999 -9999
1957 07 29 06   311    39 10031   220    31     6 -9999 -9999
1957 07 29 09   322    39 10017   320    21     6 -9999 -9999
1957 07 29 12   311    22 10008    40    72     3 -9999 -9999
1957 07 29 18   222    11 10016    70    41     1 -9999 -9999
1957 07 29 21   200 -9999 10008    90    41     1 -9999 -9999
1957 07 30 00   211    22 10016    90    51     1 -9999 -9999
1957 07 30 03   200    39 10001    90    72     1 -9999 -9999
1957 07 30 06   328    39  9982    90    62     2 -9999 -9999
1957 07 30 09   328    28  9958    90    31     1 -9999 -9999
1957 07 30 12   322     0  9943    90    21     1 -9999 -9999
1957 07 30 18   239   -50  9943    90    82     2 -9999 -9999
1957 07 30 21   222   -22  9946    90    51     3 -9999 -9999
1957 07 31 00   222    22  9966   110    41     8 -9999 -9999
1957 07 31 03   278    39  9960   110    98     6 -9999 -9999
1957 07 31 06   322    39 -9999    90    72     8 -9999 -9999
1957 07 31 09   339    39  9932    90    51     8 -9999 -9999
1957 07 31 12   328    22 -9999    90    51     7 -9999 -9999
1957 07 31 18   250    11  9953    90    41     3 -9999 -9999
1957 07 31 21   228   100  9973   220    72     8 -9999 -9999
1957 08 01 03   228   111 10027   270    72     8 -9999 -9999
1957 08 01 06   261   100 10022   270    62     8 -9999 -9999
1957 08 01 09   272    89 10012   220    51     8 -9999 -9999
1957 08 01 12   261   100 10020   220    62     8 -9999 -9999
1957 08 01 18   189   139 10075   220    51     8 -9999    10
1957 08 01 21   172    50 10080   250    10     8 -9999 -9999
1957 08 02 00   172   139 10092   250    21     8 -9999    10
1957 08 02 03   178   150 10125   250    62     8 -9999 -9999
1957 08 02 06   139   128 10171   350    51     8 -9999    20
1957 08 02 09   172   139 10166   220    51     7 -9999 -9999
1957 08 02 12   178   139 10168   220    31     8 -9999     6
1957 08 02 18   128   122 10194     0     0     2 -9999     6
1957 08 02 21   122   111 10173   140    62     0 -9999 -9999
1957 08 03 03   211   111 10156     0     0     0 -9999 -9999
1957 08 03 06   272   111 10126   250    21     0 -9999 -9999
1957 08 03 09   289   111 10095   220    21     1 -9999 -9999
1957 08 03 12   272    89 10085   220    31     1 -9999 -9999
1957 08 03 18   161   111 10092     0     0     0 -9999 -9999
1957 08 04 00   139    89 10097     0     0     0 -9999 -9999
1957 08 04 06   300    89 10065   220    31     1 -9999 -9999
1957 08 04 12   200    61 10028   200    31     1 -9999 -9999
1957 08 04 18   200    61 10016     0     0     0 -9999 -9999
1957 08 04 21   161    28 10015    90    21     0 -9999 -9999
1957 08 05 03   278    50 10020     0     0     1 -9999 -9999
1957 08 05 06   328    39  9996     0     0     1 -9999 -9999
1957 08 05 09   339    28  9981   200    10     1 -9999 -9999
1957 08 05 12   311    72  9972     0     0     1 -9999 -9999
1957 08 05 18   239    22  9979    90    51     1 -9999 -9999
1957 08 05 21 -9999 -9999 -9999    90    31     1 -9999 -9999
1957 08 06 00   211    61 10001    90    41     1 -9999 -9999
1957 08 06 06   328    39  9968    70    62     1 -9999 -9999
1957 08 06 09   328    28  9950   110    62     7 -9999 -9999
1957 08 06 21   239    61  9968    70    21     8 -9999 -9999
1957 08 07 00   211   111 10001     0     0     8 -9999 -9999
1957 08 07 03   261    78 10012    70    41     7 -9999 -9999
1957 08 07 06   278    78 10003    70    21     6 -9999 -9999
1957 08 07 09   278    72 10003   290    72     8 -9999 -9999
1957 08 07 12   239    89 10031   250    62     8 -9999     6
1957 08 07 18   178   128 10059     0     0     7 -9999     6
1957 08 07 21   172   122 10070   220    10     7 -9999 -9999
1957 08 08 00   150   128 10116   290    31     7 -9999     5
1957 08 08 03   189   139 10130   250    31     7 -9999 -9999
1957 08 08 06   239    89 10108   250    31     2 -9999     6
1957 08 08 09 -9999 -9999 10080   290    21     2 -9999 -9999
1957 08 08 12   272    72 10084   250    31     1 -9999 -9999
1957 08 08 18   150    78 10107     0     0     0 -9999 -9999
1957 08 08 21   139    50 10095     0     0     0 -9999 -9999
1957 08 09 00   150    61 10096   110    21     0 -9999 -9999
1957 08 09 09   322    39 10048   250    10     1 -9999 -9999
1957 08 09 18   178    61 10042     0     0     0 -9999 -9999
1957 08 09 21   161    39 10044     0     0     0 -9999 -9999
1957 08 10 06   339    61 10035   180    10     0 -9999 -9999
1957 08 10 09   361    50 10012     0     0     1 -9999 -9999
1957 08 10 18   239    11 10010    90    31     3 -9999 -9999
1957 08 11 06   361    50 10094    90    41     1 -9999 -9999
1957 08 11 09   372 -9999  9974     0     0     5 -9999 -9999
1957 08 11 12   328 -9999  9982    40    82     4 -9999 -9999
1957 08 11 18   272    61  9984   110    41     1 -9999 -9999
1957 08 11 21   200    72 10015     0     0     2 -9999 -9999
1957 08 12 00   211    78 10042   140    21     7 -9999 -9999
1957 08 12 03   261    89 10048   200    21     6 -9999 -9999
1957 08 12 06   300    78 10037   270    31     7 -9999 -9999
1957 08 12 09   289   111 10050     0     0     7 -9999 -9999
1957 08 12 18   200    89 10043    90    31     1 -9999 -9999
1957 08 12 21   178    89 10050    90    41     1 -9999 -9999
1957 08 13 00   178   100 10069    90    51     6 -9999 -9999
1957 08 13 03   250    89 10065    90    21     1 -9999 -9999
1957 08 13 06   311    39 10042   200    21     1 -9999 -9999
1957 08 13 09   322 -9999 10020   250    21     1 -9999 -9999
1957 08 13 12   289    89 10013     0     0     1 -9999 -9999
1957 08 13 18   228   -28 10013    70    72     1 -9999 -9999
1957 08 13 21   178   -11 10027   110    41     0 -9999 -9999
1957 08 14 00   178    11 10038    90    21     1 -9999 -9999
1957 08 14 03   272     0 10027    90    82     0 -9999 -9999
1957 08 14 06   322    11 10003    70    10     1 -9999 -9999
1957 08 14 09   339    50  9996   200    21     1 -9999 -9999
1957 08 14 12   311    72 10000   200    10     1 -9999 -9999
1957 08 14 21   189    11 10021    90    21     7 -9999 -9999
1957 08 15 00   172    50 10046     0     0 -9999 -9999 -9999
1957 08 15 03   300    22 10042    90    31     7 -9999 -9999
1957 08 15 06   289    39 10037   220    31     7 -9999 -9999
1957 08 15 09   322    22 10027   220    31     7 -9999 -9999
1957 08 15 12   322     0 10037   320    72     6 -9999 -9999
1957 08 15 21   189    28 10070   340    31     1 -9999 -9999
1957 08 16 00   178    28 -9999     0     0 -9999 -9999 -9999
1957 08 16 03   272    72 10080     0     0     1 -9999 -9999
1957 08 16 06   322    50 10061   250    21     1 -9999 -9999
1957 08 16 09   339    61 10041   340    41     2 -9999 -9999
1957 08 16 12   300    78 10047   220    21     1 -9999 -9999
1957 08 16 18   228    28 10046    30    21     0 -9999 -9999
1957 08 16 21   189     0 10042    90    41     0 -9999 -9999
1957 08 17 00   211    11 10051    90    41     0 -9999 -9999
1957 08 17 06   350    28 10002    90    51     0 -9999 -9999
1957 08 17 09   350    28  9987    70    41     1 -9999 -9999
1957 08 17 12   328 -9999  9979    90    41     1 -9999 -9999
1957 08 17 21   211   -11  9973    90    72     0 -9999 -9999
1957 08 18 00   222     0  9978    90    72     2 -9999 -9999
1957 08 18 03   289    22  9988    90    98     6 -9999 -9999
1957 08 18 06   339    28 -9999    70    98     2 -9999 -9999
1957 08 18 09   350    28  9956   110    82     0 -9999 -9999
1957 08 18 18   250     0  9964    90    41     8 -9999 -9999
1957 08 18 21   239    61  9974    70    41     2 -9999 -9999
1957 08 19 00   222    72  9997    90    41     6 -9999 -9999
1957 08 19 03   261    78 10012   110    62     7 -9999 -9999
1957 08 19 06   289    50  9992    90    72     7 -9999 -9999
1957 08 19 09   311    61  9973   110    31     7 -9999 -9999
1957 08 19 12   311    50  9970    90    31     1 -9999 -9999
1957 08 19 21   200    28  9992    90    51     0 -9999 -9999
1957 08 20 00   189    28 10010    90    41     1 -9999 -9999
1957 08 20 03   178    11  9995    90    72     0 -9999 -9999
1957 08 20 06   311    22  9970    90    82     1 -9999 -9999
1957 08 20 09   322    50  9955   120    41     7 -9999 -9999
1957 08 20 12   311    61  9952    90    31     1 -9999 -9999
1957 08 20 18   239    11  9960    90    41     2 -9999 -9999
1957 08 21 00   178    61 10032     0     0     7 -9999 -9999
1957 08 21 03   272    28 -9999   140    41     7 -9999 -9999
1957 08 21 06   300    61 10018     0     0     8 -9999 -9999
1957 08 21 09   311    39 10011     0     0     7 -9999 -9999
1957 08 21 12   261 -9999 10023     0     0     7 -9999 -9999
1957 08 21 18   250    39 10028    40    31     8 -9999 -9999
1957 08 21 21   228    50 10034    90    51     8 -9999 -9999
1957 08 22 03   239    39 10080    90    72     7 -9999 -9999
1957 08 22 06   278    72 10057    40    41     6 -9999 -9999
1957 08 22 09   289    72 10037   340    21     2 -9999 -9999
1957 08 22 12   261   111 -9999     0     0 -9999 -9999 -9999
1957 08 22 18   222    50 10057    40    41     1 -9999 -9999
1957 08 22 21   189    50 10074    90    41     7 -9999 -9999
1957 08 23 00   189    50 10091    90    41     4 -9999 -9999
1957 08 23 03   250    28 10082    90    82     2 -9999 -9999
1957 08 23 06   278    61 10053    70    51 -9999 -9999 -9999
1957 08 23 09   311    28 10025   110    51     2 -9999 -9999
1957 08 23 12   289    28 10020    90    51     1 -9999 -9999
1957 08 23 21   211   -28 10035    90    62     1 -9999 -9999
1957 08 24 00   189   -39 10044    90    62     7 -9999 -9999
1957 08 24 03   250    22 10044    90    41     7 -9999 -9999
1957 08 24 06   289    78 10032     0     0     8 -9999 -9999
1957 08 24 09   311    61 10003   250    31     7 -9999 -9999
1957 08 24 12   278    72 10010   250    21     7 -9999 -9999
1957 08 24 18   239    28 10006   340    41     6 -9999 -9999
1957 08 24 21   189    22 10020   340    10     3 -9999 -9999
1957 08 25 00   161    39 10051     0     0     7 -9999 -9999
1957 08 25 03   200    72 10071   320    10     8 -9999 -9999
1957 08 25 06   239    61 10063    20    31     8 -9999     6
1957 08 25 09   239    89 10069   360    21     8 -9999 -9999
1957 08 25 12   222   150 10075     0     0     7 -9999     6
1957 08 25 18   150    89 10083     0     0     7 -9999 -9999
1957 08 25 21   139    61 10086     0     0     2 -9999 -9999
1957 08 26 00   150    50 10087    70    41     1 -9999 -9999
1957 08 26 06   272    50 10040    90    10     7 -9999 -9999
1957 08 26 12   261    39 10008    90    21     7 -9999 -9999
1957 08 26 18   222    11  9991    90    31     7 -9999 -9999
1957 08 26 21   200    11  9987    90    31     8 -9999 -9999
1957 08 27 00   189     0 10013    90    31     7 -9999 -9999
1957 08 27 03   250    50 -9999    90    51     7 -9999 -9999
1957 08 27 06   311   111 10005     0     0     7 -9999 -9999
1957 08 27 09   311    89  9992   200    31     7 -9999 -9999
1957 08 27 12   272    78  9999     0     0     3 -9999 -9999
1957 08 27 18   222 -9999 10001    90    62     7 -9999 -9999
1957 08 27 21   189    50 10005    90    51     1 -9999 -9999
1957 08 28 00   189    39 10042    90    62     6 -9999 -9999
1957 08 28 03   211    39 10075   110    62     7 -9999 -9999
1957 08 28 06   222    50 10063    90    51     7 -9999     6
1957 08 28 09   200   100 10071    90    41     8 -9999 -9999
1957 08 28 12 -9999 -9999 -9999    70    51     7 -9999     6
1957 08 28 18   178    50 10092    90    51     8 -9999     6
1957 08 28 21   172    28 10105    90    41 -9999 -9999 -9999
1957 08 29 03   189   -22 10127    90    98     7 -9999 -9999
1957 08 29 06   222   -22 10101    90    72     7 -9999 -9999
1957 08 29 09   222   -50 10092   110    98 -9999 -9999 -9999
1957 08 29 12   211   -39 10097    90    82     1 -9999 -9999
1957 08 29 18   150   -11 10120    90    41     3 -9999 -9999
1957 08 29 21   150   -61 10122    70    51     4 -9999 -9999
1957 08 30 00   161  -111 10136    70    82     7 -9999 -9999
1957 08 30 03   200  -111 10135   110    82     7 -9999 -9999
1957 08 30 06   211 -9999 10139    90    82     8 -9999 -9999
1957 08 30 09   178    50 10154   110    51     8 -9999 -9999
1957 08 30 12   150   122 10180    90    41     8 -9999     6
1957 08 30 18   139   122 10174    90    31     7 -9999     6
1957 08 30 21   128   111 10184    70    41     7 -9999 -9999
1957 08 31 00   122   100 10199    70    41     3 -9999 -9999
1957 08 31 03   161   100 -9999    90    62     7 -9999 -9999
1957 08 31 06   178   100 10171    90    72     7 -9999 -9999
1957 08 31 12   172    89 10150    90    72     6 -9999 -9999
1957 08 31 18   122    89 10146    90    62     1 -9999 -9999
1957 08 31 21   122    78 10149    90    62     0 -9999 -9999
1957 09 01 00   122    78 10154    90    51     1 -9999 -9999
1957 09 01 03   172   100 10145    90    87     3 -9999 -9999
1957 09 01 06   211   100 10115    90    72     7 -9999 -9999
1957 09 01 12   211    89 10085    90    51     7 -9999 -9999
1957 09 01 21   172    78 10070    70    51     2 -9999 -9999
1957 09 02 00   161    78 10085    90    41     4 -9999 -9999
1957 09 02 03   211   111 10076    90    72     6 -9999 -9999
1957 09 02 06   261   100 10051    90    41     4 -9999 -9999
1957 09 02 09   272   100 10047     0     0     7 -9999 -9999
1957 09 02 12   228    50 10071   340    31     7 -9999 -9999
1957 09 02 18   139    22 10151   270    41     8 -9999     6
1957 09 02 21   128   -22 10157   320    51     8 -9999 -9999
1957 09 03 00   100    11 10184     0     0     7 -9999     6
1957 09 03 03   150   -11 10195   250    31     6 -9999 -9999
1957 09 03 06   200   -28 10171   250    62     2 -9999 -9999
1957 09 03 09   222   -39 10146   220    72     1 -9999 -9999
1957 09 03 12   200   -39 10170   290    41     1 -9999 -9999
1957 09 03 18   100     0 10206     0     0     5 -9999 -9999
1957 09 03 21    89   -28 10212    20    31     0 -9999 -9999
1957 09 04 00    78   -11 10235    90    41     1 -9999 -9999
1957 09 04 03   172    78 10215    90    31     1 -9999 -9999
1957 09 04 06   211   -11 10195   110    10     1 -9999 -9999
1957 09 04 09   239   -28 10156     0     0     1 -9999 -9999
1957 09 04 12   211    22 10160     0     0     1 -9999 -9999
1957 09 04 18   128   -28 10160    70    41     0 -9999 -9999
1957 09 04 21    89   -39 10167    90    41     0 -9999 -9999
1957 09 05 00    78   -22 10185    90    21     1 -9999 -9999
1957 09 05 03   278    11 10180   110    10     0 -9999 -9999
1957 09 05 06   250   -22 10132     0     0     4 -9999 -9999
1957 09 05 09   250   -39 10120   220    10     6 -9999 -9999
1957 09 05 12   222   -22 10128   220    21     6 -9999 -9999
1957 09 05 21   100     0 10144     0     0     7 -9999 -9999
1957 09 06 00   100   -61 10170     0     0     6 -9999 -9999
1957 09 06 03   222   -39 10156   110    51     3 -9999 -9999
1957 09 06 06   250   -11 10144     0     0     1 -9999 -9999
1957 09 06 12   228    28 10121     0     0     1 -9999 -9999
1957 09 06 18   150   -39 10122    90    41     0 -9999 -9999
1957 09 06 21   122   -50 10127    90    72     1 -9999 -9999
1957 09 07 03   200     0 10153    90    82     1 -9999 -9999
1957 09 07 06   261   -22 10111    90    41     5 -9999 -9999
1957 09 07 09   272   -11 10092   110    31     5 -9999 -9999
1957 09 07 12   239   -28 10109    90    41     7 -9999 -9999
1957 09 07 18 -9999     0 10109    90    21     8 -9999 -9999
1957 09 07 21   172   -39 10120    90    72     8 -9999 -9999
1957 09 08 00   128   -28 10152    90    82     1 -9999 -9999
1957 09 08 03   211     0 10142    90    82     1 -9999 -9999
1957 09 08 06   261   -28 10118    90   118     5 -9999 -9999
1957 09 08 09   261   -39 10100    90    98     6 -9999 -9999
1957 09 08 12   239   -39 10113    90    82     7 -9999 -9999
1957 09 08 18   178   -78 10118    70    72     0 -9999 -9999
1957 09 08 21   161   -22 10119    90    51     0 -9999 -9999
1957 09 09 03   200    28 10122    90    98     0 -9999 -9999
1957 09 09 06   250    39 10086    90    72     1 -9999 -9999
1957 09 09 09   272    39 10062   110    51     1 -9999 -9999
1957 09 09 12   239    28 10070    90    41     5 -9999 -9999
1957 09 09 18   189   -61 10087    90    51     7 -9999 -9999
1957 09 09 21   172   -61 10086    90    62     7 -9999 -9999
1957 09 10 00   161   -50 10105    90    62     7 -9999 -9999
1957 09 10 03   228   -39 10095    90    82     7 -9999 -9999
1957 09 10 06   272    22 10075    90    98     7 -9999 -9999
1957 09 10 09   272    28 10057    90    82     4 -9999 -9999
1957 09 10 12   250    28 10068    90    51     7 -9999 -9999
1957 09 10 18   222    11 10072    90    51     8 -9999 -9999
1957 09 10 21   200   -11 10075    90    51     7 -9999 -9999
1957 09 11 00   178    28 10102    90    62     7 -9999 -9999
1957 09 11 03   211    72 10118    90    87     5 -9999 -9999
1957 09 11 06   239    50 10103    90    82     0 -9999 -9999
1957 09 11 09   239    72 10093   110    98     1 -9999 -9999
1957 09 11 12   172    72 10112    90    82     1 -9999 -9999
1957 09 11 18   161    61 10127    90    72     7 -9999 -9999
1957 09 11 21   150    72 10131    90    51     3 -9999 -9999
1957 09 12 00   122    78 10151    90    62     6 -9999 -9999
1957 09 12 03   178   100 10155    90    98     7 -9999 -9999
1957 09 12 06   228    89 10135    70    62     8 -9999 -9999
1957 09 12 09 -9999 -9999 10114    70    31     7 -9999 -9999
1957 09 12 12   222    78 10129   110    21     3 -9999 -9999
1957 09 12 18   150    61 10127    90    41     1 -9999 -9999
1957 09 12 21   128    50 10121    90    41     1 -9999 -9999
1957 09 13 00   122    61 10138    90    51     1 -9999 -9999
1957 09 13 06   278    39 10084    90    10     2 -9999 -9999
1957 09 13 09   278    39 10067     0     0     4 -9999 -9999
1957 09 13 12   228    61 10079   250    21     2 -9999 -9999
1957 09 13 18   172    11 10080    40    31     0 -9999 -9999
1957 09 13 21   139    11 10084    70    41     0 -9999 -9999
1957 09 14 00   139     0 10110    90    51     1 -9999 -9999
1957 09 14 03   228    22 10097    90    82     1 -9999 -9999
1957 09 14 09   278   -11 10042    90    87     1 -9999 -9999
1957 09 14 18   178   -61 10082    90    72     7 -9999 -9999
1957 09 14 21   172   -50 10087    90    72     7 -9999 -9999
1957 09 15 00   161   -39 10111    90    51     7 -9999 -9999
1957 09 15 09   261   -11 10096    90    72     7 -9999 -9999
1957 09 15 12 -9999 -9999 10111    70    62     7 -9999 -9999
1957 09 15 18   189   -28 10129    70    51     7 -9999 -9999
1957 09 15 21   128   -11 10135   110    10     4 -9999 -9999
1957 09 16 00   128   -28 10158    90    62     3 -9999 -9999
1957 09 16 03   128   -50 -9999    90    87     1 -9999 -9999
1957 09 16 06   272     0 10123    90    82     3 -9999 -9999
1957 09 16 12   239    39 10124    90    51     2 -9999 -9999
1957 09 16 18   172    61 10130    90    62     5 -9999 -9999
1957 09 16 21   150    50 10141    70    31     3 -9999 -9999
1957 09 17 00   139    50 10162    90    41     8 -9999 -9999
1957 09 17 09   239    78 10131   220    21     8 -9999 -9999
1957 09 17 18   139   100 10186     0     0     1 -9999     3
1957 09 17 21   111    89 10179    70    21     3 -9999 -9999
1957 09 18 00   100    72 10200    70    31     2 -9999 -9999
1957 09 18 09   228    22 10139     0     0     2 -9999 -9999
1957 09 18 12   200    28 10148     0     0     2 -9999 -9999
1957 09 18 18   150     0 10156   110    21     1 -9999 -9999
1957 09 18 21   122    22 10157   110    21     3 -9999 -9999
1957 09 19 00   122 -9999 10179    90    21     3 -9999 -9999
1957 09 19 06 -9999 -9999 10174   320    21     2 -9999 -9999
1957 09 19 09   239     0 10161   270    62     4 -9999 -9999
1957 09 19 12   200    22 10177   220    21     6 -9999     6
1957 09 19 18   111    11 10199     0     0     0 -9999 -9999
1957 09 19 21    61    22 10190     0     0     0 -9999 -9999
1957 09 20 03   172    39 10184     0     0     0 -9999 -9999
1957 09 20 06   222   -11 10167   270    31     0 -9999 -9999
1957 09 20 09   239   -28 10146   270    51     0 -9999 -9999
1957 09 20 12   200    11 10157   260    21     0 -9999 -9999
1957 09 20 18   111   -11 10153     0     0     0 -9999 -9999
1957 09 21 00    50   -50 10181    90    21     0 -9999 -9999
1957 09 21 06   239   -28 10138   250    31     0 -9999 -9999
1957 09 21 12   211   -11 10133   250    31     0 -9999 -9999
1957 09 21 18    89     0 10134     0     0     0 -9999 -9999
1957 09 21 21    78   -50 10133     0     0     0 -9999 -9999
1957 09 22 00    72   -61 10165   110    21     3 -9999 -9999
1957 09 22 03   200   -39 10173   110    31     1 -9999 -9999
1957 09 22 06   228   -28 10158    90    62     6 -9999 -9999
1957 09 22 09   239   -28 10145    90    62     3 -9999 -9999
1957 09 22 18   111   -28 10187    90    98     0 -9999 -9999
1957 09 22 21    78  -139 10196    90    98     0 -9999 -9999
1957 09 23 00    61  -100 10232   190    98     4 -9999 -9999
1957 09 23 03   100   -50 10241    90   139     0 -9999 -9999
1957 09 23 06   161   -61 10221    90   118     9 -9999 -9999
1957 09 23 09   178   -50 10210    90    98     9 -9999 -9999
1957 09 23 21    72  -189 10247    90    98     0 -9999 -9999
1957 09 24 03   122  -100 10241    90   118     0 -9999 -9999
1957 09 24 06   178   -61 10215    90    98     0 -9999 -9999
1957 09 24 09   200   -89 10192   110    98     0 -9999 -9999
1957 09 24 12   161  -100 10210    90    82     0 -9999 -9999
1957 09 24 18    61  -111 10208    90    31     0 -9999 -9999
1957 09 24 21    39  -128 10204    90    41     0 -9999 -9999
1957 09 25 00    39  -122 10221    90    41     1 -9999 -9999
1957 09 25 03   128   -89 10215    90    21     1 -9999 -9999
1957 09 25 06   200   -61 10185     0     0     1 -9999 -9999
1957 09 25 09   222  -122 10162   220    41     1 -9999 -9999
1957 09 25 18    50   -61 10189     0     0     0 -9999 -9999
1957 09 25 21    28   -89 10185     0     0     0 -9999 -9999
1957 09 26 03   161   -89 10192     0     0     0 -9999 -9999
1957 09 26 09   228   -89 10137   250    51     0 -9999 -9999
1957 09 26 12   178   -61 10153   250    31     0 -9999 -9999
1957 09 26 18    61   -28 10144     0     0     0 -9999 -9999
1957 09 26 21    39   -50 10140     0     0     0 -9999 -9999
1957 09 27 00    28   -89 10165     0     0     1 -9999 -9999
1957 09 27 03   150   -72 10163   110    10     0 -9999 -9999
1957 09 27 06   222   -89 10140   250    41     1 -9999 -9999
1957 09 27 09   239   -78 10119   250    72     1 -9999 -9999
1957 09 27 12   178   -39 10149   290    31     1 -9999 -9999
1957 09 27 18   122   -78 10164    90    51     1 -9999 -9999
1957 09 27 21    78   -89 10171    90    72     0 -9999 -9999
1957 09 28 00    50 -9999 10200    90    51     0 -9999 -9999
1957 09 28 03 -9999 -9999 -9999   110    98     0 -9999 -9999
1957 09 28 06   200   -78 10171    90    51     0 -9999 -9999
1957 09 28 12   172   -61 10190    90    41     3 -9999 -9999
1957 09 28 21    61  -111 10211    90    31     0 -9999 -9999
1957 09 29 00    28   -78 10270   110    21     1 -9999 -9999
1957 09 29 03   139   -89 10276    90    82     0 -9999 -9999
1957 09 29 06   178   -78 10251    90    82     0 -9999 -9999
1957 09 29 09   189  -122 10237    90    82     0 -9999 -9999
1957 09 29 18   100 -9999 10226    90    82     0 -9999 -9999
1957 09 29 21    72   -89 10219    90    82     0 -9999 -9999
1957 09 30 03   128   -61 10232    90   118     0 -9999 -9999
1957 09 30 06   189   -72 10204   110    98     0 -9999 -9999
1957 09 30 09   200   -78 10196    90    82     0 -9999 -9999
1957 09 30 12   172   -89 10215    90    62     0 -9999 -9999
1957 09 30 18    89  -122 10203    90    72     0 -9999 -9999
1957 09 30 21    61  -122 10199    90    72     0 -9999 -9999
1957 10 01 00    50  -122 10218    90    82     0 -9999 -9999
1957 10 01 06   189   -61 10196   250    51     1 -9999 -9999
1957 10 01 09   222   -50 10170   270    41     1 -9999 -9999
1957 10 01 12   161   -39 10191   250    21     0 -9999 -9999
1957 10 01 18    39   -39 10208     0     0     0 -9999 -9999
1957 10 01 21    11   -50 10211     0     0     0 -9999 -9999
1957 10 02 00    28   -89 10226   160    21     3 -9999 -9999
1957 10 02 03   139   -61 10213     0     0     1 -9999 -9999
1957 10 02 06   200   -50 10201   250    51     1 -9999 -9999
1957 10 02 18    50   -39 10204     0     0     0 -9999 -9999
1957 10 02 21    28   -72 10199     0     0     0 -9999 -9999
1957 10 03 00    22   -89 10228    70    21     0 -9999 -9999
1957 10 03 03   139   -50 10227     0     0     0 -9999 -9999
1957 10 03 09   228   -72 10187   270    82     1 -9999 -9999
1957 10 03 12   178   -22 10213   290    31     2 -9999 -9999
1957 10 03 18   111   -72 10213    20    21     2 -9999 -9999
1957 10 03 21    89   -78 10222    90    72     2 -9999 -9999
1957 10 04 00    72  -100 10256    90    62     3 -9999 -9999
1957 10 04 03   122  -122 10277    90   118     5 -9999 -9999
1957 10 04 06   172  -111 10255    90    98     0 -9999 -9999
1957 10 04 09   178  -111 10245    90    82     0 -9999 -9999
1957 10 04 12   150  -100 10265    90    62     0 -9999 -9999
1957 10 04 18    78  -122 10261    90    72     0 -9999 -9999
1957 10 04 21    61  -128 10255    90    82     0 -9999 -9999
1957 10 05 00    11  -100 10274    90    72     0 -9999 -9999
1957 10 05 03   111   -89 10260    90    82     0 -9999 -9999
1957 10 05 06   189   -39 10211    90    72     1 -9999 -9999
1957 10 05 09   211   -61 10194   110    31     1 -9999 -9999
1957 10 05 12   161   -61 10216   110    21     1 -9999 -9999
1957 10 05 18    28  -100 10214    90    21     1 -9999 -9999
1957 10 05 21    28  -128 10209    90    41     0 -9999 -9999
1957 10 06 00     0  -150 10234    90    31     1 -9999 -9999
1957 10 06 03   122  -122 10229    90    21     0 -9999 -9999
1957 10 06 06   211   -89 10203   200    21     0 -9999 -9999
1957 10 06 09   228  -111 10176   250    41     0 -9999 -9999
1957 10 06 12   161   -72 10208   250    21     1 -9999 -9999
1957 10 06 18    39  -128 10208     0     0     1 -9999 -9999
1957 10 07 00    11  -128 10230   110    21     2 -9999 -9999
1957 10 07 03   139 -9999 10225   110    21     2 -9999 -9999
1957 10 07 06   111   -72 10200     0     0     5 -9999 -9999
1957 10 07 09   228   -89 10178     0     0     2 -9999 -9999
1957 10 07 12   172   -61 10195   180    10     1 -9999 -9999
1957 10 07 21    22  -122 10191     0     0     7 -9999 -9999
1957 10 08 00    11  -128 10215   140    10     2 -9999 -9999
1957 10 08 03   128  -122 10218     0     0     1 -9999 -9999
1957 10 08 06   200  -128 10180   290    51     1 -9999 -9999
1957 10 08 12   150   -61 10184   250    10     0 -9999 -9999
1957 10 08 18    39  -139 10175   110    21     0 -9999 -9999
1957 10 08 21    39  -139 10172   110    21     0 -9999 -9999
1957 10 09 00    11  -122 10210     0     0     0 -9999 -9999
1957 10 09 03   139   -72 10216   110    10     0 -9999 -9999
1957 10 09 06   228   -50 10184   220    10     1 -9999 -9999
1957 10 09 09   239   -72 10167   270    41     1 -9999 -9999
1957 10 09 12   172   -50 10203   270    21     1 -9999 -9999
1957 10 09 18    61   -89 10193   180    10     1 -9999 -9999
1957 10 09 21    39  -122 10191   110    21     0 -9999 -9999
1957 10 10 00    61  -122 10215    90    31     1 -9999 -9999
1957 10 10 03   178   -78 10203    90    41     0 -9999 -9999
1957 10 10 06   250   -39 10181    90    21     0 -9999 -9999
1957 10 10 09   261   -50 10171     0     0     0 -9999 -9999
1957 10 10 12   161     0 10201     0     0     0 -9999 -9999
1957 10 10 18    78   -89 10191    90    31     0 -9999 -9999
1957 10 10 21    72  -128 10191    90    41     0 -9999 -9999
1957 10 11 00    61  -128 10220    90    51     0 -9999 -9999
1957 10 11 03   172  -122 10209    90    41     0 -9999 -9999
1957 10 11 09   272   -28 10146     0     0     0 -9999 -9999
1957 10 11 12   211   -78 10173    90    51     0 -9999 -9999
1957 10 11 18   128  -122 10143    90    51     0 -9999 -9999
1957 10 11 21 -9999 -9999 -9999    90    41     0 -9999 -9999
1957 10 12 03   178  -100 10161    90    51     0 -9999 -9999
1957 10 12 06   250   -50 10121     0     0     0 -9999 -9999
1957 10 12 09   272 -9999 10109     0     0     0 -9999 -9999
1957 10 12 12   200   -22 10122     0     0     0 -9999 -9999
1957 10 12 18    89  -122 10107    90    31     0 -9999 -9999
1957 10 12 21    50  -111 10112    90    21     0 -9999 -9999
1957 10 13 00    22  -122 10147    90    21     1 -9999 -9999
1957 10 13 03   150   -61 10139     0     0     6 -9999 -9999
1957 10 13 09   239   -28 10109   220    31     6 -9999 -9999
1957 10 13 12   172   -22 10141   220    31     3 -9999 -9999
1957 10 13 18    72   -28 10167    90    31     0 -9999 -9999
1957 10 13 21    39   -50 10186    90    31     0 -9999 -9999
1957 10 14 03    89  -111 10233    70    51     1 -9999 -9999
1957 10 14 09   139   -39 10233   140    10     8 -9999 -9999
1957 10 14 12   128   -28 10243     0     0     7 -9999 -9999
1957 10 14 18    50  -139 10258    70    82     8 -9999 -9999
1957 10 14 21    22  -189 10296    90    51     8 -9999 -9999
1957 10 15 00    22  -200 10327    90    98     7 -9999 -9999
1957 10 15 03    39  -161 10348    90   118     3 -9999 -9999
1957 10 15 06    78  -239 -9999    90    98     3 -9999 -9999
1957 10 15 09    78  -228 10348   110    98 -9999 -9999 -9999
1957 10 15 12    50  -239 10371    90    62     7 -9999 -9999
1957 10 15 18    22  -228 10359    90   118     8 -9999 -9999
1957 10 15 21     0  -228 10348    90   139     8 -9999 -9999
1957 10 16 00   -11  -228 10374    90   118     4 -9999 -9999
1957 10 16 03    28  -200 10374    90   139     5 -9999 -9999
1957 10 16 06    89  -272 10334   110    98     0 -9999 -9999
1957 10 16 09   100  -278 10316    90    82     2 -9999 -9999
1957 10 16 12    61  -278 10341    90    51     2 -9999 -9999
1957 10 16 18   -22  -278 10323    90    62     0 -9999 -9999
1957 10 16 21   -28  -272 10310    90    51     0 -9999 -9999
1957 10 17 00   -39  -250 10333    70    51     1 -9999 -9999
1957 10 17 03    39  -239 10327    70    31     0 -9999 -9999
1957 10 17 06   111  -161 10296     0     0     0 -9999 -9999
1957 10 17 09   128  -172 10270   250    41     1 -9999 -9999
1957 10 17 12    89  -161 10296     0     0     1 -9999 -9999
1957 10 17 18     0  -139 10293     0     0     0 -9999 -9999
1957 10 17 21   -28  -189 10291     0     0     0 -9999 -9999
1957 10 18 00   -28  -178 10307   110    31     1 -9999 -9999
1957 10 18 03    61  -189 10313    90    10     8 -9999 -9999
1957 10 18 06   111  -161 10277   180    10     8 -9999 -9999
1957 10 18 09   122  -122 10261   270    31     8 -9999 -9999
1957 10 18 12    89  -128 10278   270    21     8 -9999 -9999
1957 10 18 18    39  -172 10236     0     0     8 -9999 -9999
1957 10 18 21    28  -200 10231    90    31     3 -9999 -9999
1957 10 19 00    22  -161 10237    90    31     8 -9999 -9999
1957 10 19 03 -9999 -9999 10220    90    21     1 -9999 -9999
1957 10 19 09   161   -39 10157   270    21     1 -9999 -9999
1957 10 19 12   100   -28 10176     0     0     0 -9999 -9999
1957 10 19 18    50   -89 10140    70    51     0 -9999 -9999
1957 10 19 21    22  -122 10136    90    72     0 -9999 -9999
1957 10 20 00    50  -100 10167    70    82     3 -9999 -9999
1957 10 20 03   122  -111 10168    90    98     7 -9999 -9999
1957 10 20 06   172   -78 10191    90    51     7 -9999 -9999
1957 10 20 09   122   -72 10233   220    87     9 -9999 -9999
1957 10 20 12    89   -50 10256   220    21     8 -9999 -9999
1957 10 20 18    39   -78 10255   250    51     0 -9999 -9999
1957 10 20 21 -9999 -9999 -9999     0     0     0 -9999 -9999
1957 10 21 00   -22   -89 10318     0     0     8 -9999 -9999
1957 10 21 03    39   -89 10325    90    21     7 -9999 -9999
1957 10 21 06   100 -9999 10287     0     0     0 -9999 -9999
1957 10 21 09   122   -61 10279   250    21     1 -9999 -9999
1957 10 21 12    50   -39 10311     0     0     1 -9999 -9999
1957 10 21 18    22  -100 10288    70    41     2 -9999 -9999
1957 10 21 21     0  -100 10291    70    41     3 -9999 -9999
1957 10 22 00   -22  -111 10339    90    31     7 -9999 -9999
1957 10 22 09   111   -78 10316   150    51     7 -9999 -9999
1957 10 22 12    72   -72 10327   250    31     1 -9999 -9999
1957 10 22 18   -11  -128 10301    20    41     0 -9999 -9999
1957 10 22 21   -28  -139 10287    20    41     0 -9999 -9999
1957 10 23 00   -61  -161 10316    40    31     1 -9999 -9999
1957 10 23 03    39  -128 10309    70    21     1 -9999 -9999
1957 10 23 06   100  -100 10266     0     0     1 -9999 -9999
1957 10 23 09   128   -89 10242   250    41     1 -9999 -9999
1957 10 23 18     0   -89 10239     0     0     0 -9999 -9999
1957 10 23 21   -50   -89 -9999     0     0     0 -9999 -9999
1957 10 24 03    39  -111 10265     0     0     5 -9999 -9999
1957 10 24 06   100   -78 10231   270    51     6 -9999 -9999
1957 10 24 09   111   -89 10224   250    62     7 -9999 -9999
1957 10 24 12    78   -89 10242   150    31     1 -9999 -9999
1957 10 24 18   -28  -111 10241     0     0     0 -9999 -9999
1957 10 24 21   -39  -128 10238    90    21     0 -9999 -9999
1957 10 25 03    61  -100 10261    90    62     6 -9999 -9999
1957 10 25 06   100   -89 10249    90    51     7 -9999 -9999
1957 10 25 12    72   -89 10306    70    72     8 -9999 -9999
1957 10 25 18    22   -89 10349    40    21     8 -9999 -9999
1957 10 25 21    11  -161 10369     0     0     8 -9999 -9999
1957 10 26 00     0     0 10408   220    41     8 -9999    10
1957 10 26 06    28   -22 10422   250    62     8 -9999    10
1957 10 26 09    50   -61 10407   240    51     8 -9999 -9999
1957 10 26 12    22   -61 10440   250    21     5 -9999 -9999
1957 10 26 18   -39   -61 10421     0     0     0 -9999 -9999
1957 10 26 21   -50   -78 10393    70    41     0 -9999 -9999
1957 10 27 00   -61   -89 10390    70    51     0 -9999 -9999
1957 10 27 03     0   -72 10381    90    62     0 -9999 -9999
1957 10 27 06    78   -72 10336    70    41     0 -9999 -9999
1957 10 27 09   111  -111 10306    70    21     1 -9999 -9999
1957 10 27 12    39   -89 10323    70    21     1 -9999 -9999
1957 10 27 18     0  -161 10271    70    51     1 -9999 -9999
1957 10 27 21   -39  -100 10298    70    31     1 -9999 -9999
1957 10 28 00   -61  -100 10333     0     0     2 -9999 -9999
1957 10 28 03   -28  -111 10349     0     0     3 -9999 -9999
1957 10 28 06    72  -111 10307   250    21     1 -9999 -9999
1957 10 28 09    89  -122 10298   250    41     1 -9999 -9999
1957 10 28 12    50  -111 10322     0     0     0 -9999 -9999
1957 10 28 21   -61   -89 10309     0     0     0 -9999 -9999
1957 10 29 00   -72  -100 10328    90    21     1 -9999 -9999
1957 10 29 03    22   -72 10332    90    31     2 -9999 -9999
1957 10 29 06    89   -72 10298   220    21     2 -9999 -9999
1957 10 29 09   100   -78 10288   270    41     4 -9999 -9999
1957 10 29 12    61   -78 10311     0     0     1 -9999 -9999
1957 10 29 18   -28   -72 10281     0     0     0 -9999 -9999
1957 10 29 21   -61   -89 10278     0     0     0 -9999 -9999
1957 10 30 00   -61   -89 10289     0     0     1 -9999 -9999
1957 10 30 03    28   -78 10292     0     0     1 -9999 -9999
1957 10 30 06   100   -72 10255   270    31     1 -9999 -9999
1957 10 30 09   122  -100 10236   270    51     1 -9999 -9999
1957 10 30 12    61   -89 10251     0     0     0 -9999 -9999
1957 10 30 18     0  -100 10204    90    21     0 -9999 -9999
1957 10 30 21   -11  -100 10192    90    31     1 -9999 -9999
1957 10 31 00   -28  -111 10216    90    21     3 -9999 -9999
1957 10 31 03    50   -89 10228    90    31     0 -9999 -9999
1957 10 31 21    11   -72 10274   270    51     7 -9999 -9999
1957 11 01 00   -28  -111 10324   220    41     1 -9999 -9999
1957 11 01 03    11   -61 10335   330    31     1 -9999 -9999
1957 11 01 06    61  -161 10308   270    41     1 -9999 -9999
1957 11 01 09    72  -222 10301   270    41     1 -9999 -9999
1957 11 01 12    11  -178 10334     0     0     1 -9999 -9999
1957 11 01 18   -61  -161 10328     0     0     6 -9999 -9999
1957 11 02 00  -100  -172 10350     0     0     7 -9999 -9999
1957 11 02 03     0  -161 10346     0     0     6 -9999 -9999
1957 11 02 09    72  -161 10329   250    41     7 -9999 -9999
1957 11 02 12    22  -161 10356   250    10     0 -9999 -9999
1957 11 02 21   -72  -161 10317    90    21     0 -9999 -9999
1957 11 03 00   -78  -189 10340    90    21     0 -9999 -9999
1957 11 03 03    22 -9999 10333    90    21     0 -9999 -9999
1957 11 03 06    89  -128 10293   320    21     0 -9999 -9999
1957 11 03 09   100  -122 10278   250    41     0 -9999 -9999
1957 11 03 12 -9999 -9999 10324     0     0     0 -9999 -9999
1957 11 03 18   -28  -172 10305     0     0     1 -9999 -9999
1957 11 03 21   -78  -161 10309     0     0     1 -9999 -9999
1957 11 04 00   -89  -189 10343    70    21     2 -9999 -9999
1957 11 04 03    11  -172 10343   220    21     6 -9999 -9999
1957 11 04 06    61  -128 10311   270    51     5 -9999 -9999
1957 11 04 09    89  -111 10303   250    51     2 -9999 -9999
1957 11 04 12    39  -111 10320   250    31     1 -9999 -9999
1957 11 04 21   -72  -122 10298     0     0     0 -9999 -9999
1957 11 05 00   -78  -122 10320     0     0     1 -9999 -9999
1957 11 05 03     0  -122 10324     0     0     1 -9999 -9999
1957 11 05 06    78  -100 10286   250    51     1 -9999 -9999
1957 11 05 09   100  -100 10267   250    72     1 -9999 -9999
1957 11 05 12    50  -111 10296   250    31     1 -9999 -9999
1957 11 05 18   -50  -122 10258     0     0     0 -9999 -9999
1957 11 05 21   -78  -161 10252    40    31     0 -9999 -9999
1957 11 06 00   -78  -161 10260    70    31     1 -9999 -9999
1957 11 06 03    22  -122 10263    70    21     0 -9999 -9999
1957 11 06 06 -9999 -9999 10226   270    31     0 -9999 -9999
1957 11 06 09   111  -100 10207   270    31     0 -9999 -9999
1957 11 06 12    50   -89 10211     0     0     0 -9999 -9999
1957 11 07 00   -78  -150 10212   110    31     1 -9999 -9999
1957 11 07 03    22  -122 10202   110    31     1 -9999 -9999
1957 11 07 09   128   -89 10153     0     0     8 -9999 -9999
1957 11 07 12    61  -100 10198   270    10     8 -9999 -9999
1957 11 07 18    11  -100 10193   270    31     8 -9999 -9999
1957 11 07 21 -9999 -9999 -9999     0     0     8 -9999 -9999
1957 11 08 00   -11   -78 10238     0     0     8 -9999 -9999
1957 11 08 03    39  -111 10237     0     0     5 -9999 -9999
1957 11 08 06    89   -89 10215   270    21     7 -9999 -9999
1957 11 08 09   100  -100 10209   270    31     7 -9999 -9999
1957 11 08 12    61   -89 10231   270    10     7 -9999 -9999
1957 11 08 21     0   -72 10242     0     0     8 -9999 -9999
1957 11 09 00   -11   -89 10262     0     0     8 -9999 -9999
1957 11 09 03    28   -89 10283   290    41     8 -9999 -9999
1957 11 09 06    78   -61 10260   270    62     7 -9999     6
1957 11 09 09    78   -78 10251   250    72     6 -9999 -9999
1957 11 09 12    39   -28 10282     0     0     8 -9999     6
1957 11 09 18 -9999 -9999 -9999   250    10 -9999 -9999     6
1957 11 09 21   -11   -72 10350   250    31     7 -9999 -9999
1957 11 10 00   -28   -89 10375   250    21     7 -9999 -9999
1957 11 10 03     0   -78 10386   250    31     7 -9999 -9999
1957 11 10 06    61  -111 10357   270    62     3 -9999 -9999
1957 11 10 09    78  -122 10337   290    62     2 -9999 -9999
1957 11 10 12     0  -111 10346     0     0     1 -9999 -9999
1957 11 10 21   -50  -122 10313     0     0     8 -9999 -9999
1957 11 11 00   -50  -100 10343     0     0     8 -9999 -9999
1957 11 11 03   -11  -122 10361     0     0     7 -9999 -9999
1957 11 11 06    61  -111 10334   270    21     2 -9999 -9999
1957 11 11 09    78  -128 10320   270    51     1 -9999 -9999
1957 11 11 12    28  -122 10325   270    21     0 -9999 -9999
1957 11 11 18   -72  -150 10279    90    10     0 -9999 -9999
1957 11 11 21   -61  -150 10249    90    10     0 -9999 -9999
1957 11 12 00   -61 -9999 10256    90    41     1 -9999 -9999
1957 11 12 06   100  -100 10219     0     0     1 -9999 -9999
1957 11 12 09   122  -128 10201   220    21     1 -9999 -9999
1957 11 12 12    61  -128 10212     0     0     0 -9999 -9999
1957 11 12 18   -61  -178 10211    90    21     1 -9999 -9999
1957 11 12 21   -72  -189 10203    90    21     1 -9999 -9999
1957 11 13 00   -78  -178 10236    90    21     1 -9999 -9999
1957 11 13 06    50  -150 10237   220    31     4 -9999 -9999
1957 11 13 09    61  -122 10226   220    31     3 -9999 -9999
1957 11 13 18   -28  -139 10214    90    41     0 -9999 -9999
1957 11 13 21   -28  -128 10183    70    62     6 -9999 -9999
1957 11 14 00   -28  -150 10221    90    51     3 -9999 -9999
1957 11 14 03   -39  -128 10311   270    41     5 -9999 -9999
1957 11 14 06    39   -89 10271   270    41     9 -9999 -9999
1957 11 14 09    78  -122 10254   270    31     6 -9999 -9999
1957 11 14 12    28  -111 10270     0     0     1 -9999 -9999
1957 11 15 03    11  -122 10328     0     0     2 -9999 -9999
1957 11 15 06    72   -89 10318     0     0     2 -9999 -9999
1957 11 15 12    61  -100 10323     0     0     0 -9999 -9999
1957 11 15 18   -39  -128 10314    90    21     0 -9999 -9999
1957 11 15 21   -61  -139 10292    90    41     0 -9999 -9999
1957 11 16 00   -61  -128 10304    90    31     7 -9999 -9999
1957 11 16 09   161   -78 10220   250    21     1 -9999 -9999
1957 11 16 12    61   -78 10227     0     0     1 -9999 -9999
1957 11 16 18   -11  -139 10158    90    21     1 -9999 -9999
1957 11 16 21   -11  -161 10131    90    41     2 -9999 -9999
1957 11 17 00     0  -139 10153    90    31     1 -9999 -9999
1957 11 17 03    61  -128 10173    90    21     1 -9999 -9999
1957 11 17 06    89  -161 10180   250    62     1 -9999 -9999
1957 11 17 09   100   -89 10201   270    41     7 -9999 -9999
1957 11 17 12    72   -89 10252   220    72     7 -9999 -9999
1957 11 17 18    11   -89 10291     0     0     7 -9999 -9999
1957 11 17 21   -28  -128 10301    90    21     1 -9999 -9999
1957 11 18 00   -39  -122 10317    90    51     0 -9999 -9999
1957 11 18 03    11   -89 10329    90    82     2 -9999 -9999
1957 11 18 09   100  -111 10288    90    62     0 -9999 -9999
1957 11 18 12    39  -122 10307    90    82     0 -9999 -9999
1957 11 18 18     0  -161 10283    90    82     0 -9999 -9999
1957 11 18 21   -28  -139 10280    90    72     0 -9999 -9999
1957 11 19 00   -39  -139 10296    90    82     1 -9999 -9999
1957 11 19 03    22  -122 10282    90    98     0 -9999 -9999
1957 11 19 06   100  -150 10231    70    72     0 -9999 -9999
1957 11 19 09   122  -139 10214    90    82     0 -9999 -9999
1957 11 19 12    50  -150 10224    90    82     0 -9999 -9999
1957 11 19 18     0  -122 10205    90    21     0 -9999 -9999
1957 11 20 00   -50  -128 10220    90    21     0 -9999 -9999
1957 11 20 03    11  -111 10202    90    31     0 -9999 -9999
1957 11 20 06    78  -122 10167   270    21     1 -9999 -9999
1957 11 20 09    89   -78 10160   270    10     2 -9999 -9999
1957 11 20 18     0  -122 10141    90    82     1 -9999 -9999
1957 11 20 21   -11  -128 10160    90    31     3 -9999 -9999
1957 11 21 00   -28  -139 10186    90    41     7 -9999 -9999
1957 11 21 03   -11  -128 10208    90    21     8 -9999 -9999
1957 11 21 06    28  -122 10201     0     0     7 -9999 -9999
1957 11 21 09    11  -128 10220   290    51     8 -9999 -9999
1957 11 21 12    11  -100 10278   270    51     8 -9999 -9999
1957 11 21 18   -50  -100 10298   270    21     1 -9999 -9999
1957 11 21 21   -72  -111 10310     0     0     1 -9999 -9999
1957 11 22 00   -72  -111 10311    90    31     6 -9999 -9999
1957 11 22 03   -11  -100 10306    90    21     2 -9999 -9999
1957 11 22 06    50   -78 10270     0     0     1 -9999 -9999
1957 11 22 09    78  -100 10246    90    21     0 -9999 -9999
1957 11 22 12    39  -122 10245    90    72     0 -9999 -9999
1957 11 22 18   -11  -122 10208    90    10     0 -9999 -9999
1957 11 22 21 -9999  -128 10191    90   118     0 -9999 -9999
1957 11 23 00   -39  -128 10226    90    98     0 -9999 -9999
1957 11 23 03    22  -100 -9999    90   118     1 -9999 -9999
1957 11 23 06    61  -150 10219    90   139     9 -9999 -9999
1957 11 23 09    61  -150 10211    90   118     0 -9999 -9999
1957 11 23 12    22  -150 10254    90    62     1 -9999 -9999
1957 11 23 18   -22  -128 10215    90    82     0 -9999 -9999
1957 11 23 21   -39  -122 10234    90    82     0 -9999 -9999
1957 11 24 00   -39  -122 -9999    90    62     1 -9999 -9999
1957 11 24 03   -22  -122 10228    90    41     0 -9999 -9999
1957 11 24 09    11  -100 10334   270    31     8 -9999 -9999
1957 11 24 12   -11  -111 10360     0     0     8 -9999 -9999
1957 11 24 18   -50  -139 10339    90    41     0 -9999 -9999
1957 11 25 06    39   -89 10254    90   118     7 -9999 -9999
1957 11 25 09    39   -78 10250    90   201     7 -9999 -9999
1957 11 25 12    22   -89 10303    90    72     7 -9999 -9999
1957 11 25 21   -50   -89 10288    90    72     1 -9999 -9999
1957 11 26 00   -39  -100 10323    90    51     2 -9999 -9999
1957 11 26 03   -11   -89 10337   110   118     7 -9999 -9999
1957 11 26 09    22   -89 10337    90    82     8 -9999 -9999
1957 11 26 12   -11   -89 10360    90    82     4 -9999 -9999
1957 11 26 18   -28  -100 10329    90    82     3 -9999 -9999
1957 11 26 21   -39  -100 10335    90    72     7 -9999 -9999
1957 11 27 00   -39  -122 10357    90    62     5 -9999 -9999
1957 11 27 03 -9999 -9999 10371    90    72     2 -9999 -9999
1957 11 27 06    11  -111 10355    90    21     2 -9999 -9999
1957 11 27 09    28   -89 10355     0     0     1 -9999 -9999
1957 11 27 12   -22 -9999 10404     0     0     0 -9999 -9999
1957 11 27 18   -72  -161 10368    90    72     0 -9999 -9999
1957 11 27 21   -78  -172 10356    90    72     0 -9999 -9999
1957 11 28 00   -89  -161 10383    90    72     1 -9999 -9999
1957 11 28 03   -50  -139 10385    90    82     1 -9999 -9999
1957 11 28 06    22  -128 10366    90    21     7 -9999 -9999
1957 11 28 09    39   -89 10364   220    21     2 -9999 -9999
1957 11 28 12   -11  -122 10418     0     0     0 -9999 -9999
1957 11 28 18   -78  -139 10400    90    21     0 -9999 -9999
1957 11 28 21   -89  -150 10406    90    31     0 -9999 -9999
1957 11 29 00   -89  -139 10402    90    51     0 -9999 -9999
1957 11 29 03   -39  -128 10409    90    82     0 -9999 -9999
1957 11 29 06    50   -89 10361    90    51     0 -9999 -9999
1957 11 29 09    61  -100 10348   110    31     0 -9999 -9999
1957 11 29 18  -100  -139 10412     0     0     0 -9999 -9999
1957 11 29 21  -111 -9999 10410     0     0     0 -9999 -9999
1957 11 30 00  -128  -161 10444    90    21     1 -9999 -9999
1957 11 30 03   -72  -122 10441    90    31     1 -9999 -9999
1957 11 30 06     0  -122 10403    90    21     1 -9999 -9999
1957 11 30 09    28   -89 10377     0     0     3 -9999 -9999
1957 11 30 12   -28  -128 10397     0     0     8 -9999 -9999
1957 11 30 18   -39  -122 10342    90    62     7 -9999 -9999
1957 12 01 00   -72  -128 10377    90    41     2 -9999 -9999
1957 12 01 03   -50  -122 10405    90    21     3 -9999 -9999
1957 12 01 06    11  -111 10346   200    10     6 -9999 -9999
1957 12 01 12   -39  -100 10372     0     0     3 -9999 -9999
1957 12 01 18  -100  -161 10371     0     0     7 -9999 -9999
1957 12 01 21  -100 -9999 10372     0     0     1 -9999 -9999
1957 12 02 03   -61  -128 10343     0     0     1 -9999 -9999
1957 12 02 06    11   -89 10363   250    41     1 -9999 -9999
1957 12 02 09    28   -78 10336   250    31     1 -9999 -9999
1957 12 02 12   -28  -111 10355     0     0     0 -9999 -9999
1957 12 02 18   -78  -139 10330    90    31     0 -9999 -9999
1957 12 02 21   -89  -139 10313    90    41     0 -9999 -9999
1957 12 03 00  -100  -150 10332    90    41     1 -9999 -9999
1957 12 03 03   -50  -128 10335    90    51     1 -9999 -9999
1957 12 03 12   -11  -122 10304    90    72     0 -9999 -9999
1957 12 03 18   -39  -122 10257    90    98     2 -9999 -9999
1957 12 03 21   -72  -139 10262    90    51     5 -9999 -9999
1957 12 04 00   -72  -139 10299    90    51     6 -9999 -9999
1957 12 04 03   -50  -128 10315    90    31     2 -9999 -9999
1957 12 04 06     0  -111 10284     0     0     1 -9999 -9999
1957 12 04 09    22  -100 10272     0     0     2 -9999 -9999
1957 12 04 18   -61  -139 10287     0     0     2 -9999 -9999
1957 12 04 21   -89  -139 10305     0     0     6 -9999 -9999
1957 12 05 00   -78  -139 10331   220    21     7 -9999 -9999
1957 12 05 03   -61  -128 10337   220    10     8 -9999 -9999
1957 12 05 06     0  -122 10309   270    62     6 -9999 -9999
1957 12 05 09    22  -111 10305   250    31     7 -9999 -9999
1957 12 05 12     0   -89 10316     0     0     8 -9999 -9999
1957 12 05 18   -22  -111 10298   250    21     7 -9999 -9999
1957 12 05 21   -28  -100 10299     0     0     7 -9999 -9999
1957 12 06 00   -39  -100 10308     0     0     7 -9999 -9999
1957 12 06 03   -11  -100 10315     0     0     6 -9999 -9999
1957 12 06 06    39   -72 10277   250    21     1 -9999 -9999
1957 12 06 09    50   -50 10265   270    31     1 -9999 -9999
1957 12 06 12   -11   -61 10282     0     0     1 -9999 -9999
1957 12 06 18   -72  -111 10278    90    31     0 -9999 -9999
1957 12 06 21   -78  -122 10277    90    21     0 -9999 -9999
1957 12 07 00   -89  -122 10304    90    41     0 -9999 -9999
1957 12 07 03   -39   -89 10309    90    31     1 -9999 -9999
1957 12 07 06    50   -39 10264    90    31     1 -9999 -9999
1957 12 07 12     0   -89 10278    90    21     0 -9999 -9999
1957 12 07 18   -39   -89 10219    90    82     0 -9999 -9999
1957 12 07 21   -61   -89 10207    90    72     0 -9999 -9999
1957 12 08 03   -28   -72 10233    90    98     0 -9999 -9999
1957 12 08 06    50   -61 10218    90    51     0 -9999 -9999
1957 12 08 09    28  -111 10224   250    31     1 -9999 -9999
1957 12 08 12   -22   -89 10257     0     0     1 -9999 -9999
1957 12 08 18   -72  -111 10241     0     0     7 -9999 -9999
1957 12 08 21   -78  -111 -9999    90    21     7 -9999 -9999
1957 12 09 03   -50  -100 10291    90    31     1 -9999 -9999
1957 12 09 09    28   -89 10261   270    41     6 -9999 -9999
1957 12 09 12   -22   -78 10304     0     0     0 -9999 -9999
1957 12 09 18  -100 -9999 10295     0     0     1 -9999 -9999
1957 12 10 03   -61  -111 10316   110    41     2 -9999 -9999
1957 12 10 06    22   -39 10279     0     0     5 -9999 -9999
1957 12 10 09    39   -72 10270   270    21     7 -9999 -9999
1957 12 10 12   -28   -78 10303     0     0     1 -9999 -9999
1957 12 11 00   -89  -128 10263   110    21     7 -9999 -9999
1957 12 11 03   -72  -122 10282   110    21     7 -9999 -9999
1957 12 11 06   -11   -78 10247     0     0     2 -9999 -9999
1957 12 11 12   -28   -89 10264     0     0     0 -9999 -9999
1957 12 11 18  -100 -9999 10282    90    31     0 -9999 -9999
1957 12 11 21   -78  -139 10268    90    51     1 -9999 -9999
1957 12 12 00   -72  -139 10286    70    51     1 -9999 -9999
1957 12 12 03   -39  -128 10307    90    62     4 -9999 -9999
1957 12 12 06    50  -128 10269    90    82     2 -9999 -9999
1957 12 12 09    61  -122 10263    90    62     1 -9999 -9999
1957 12 12 12   -11  -111 10308    90    31     1 -9999 -9999
1957 12 12 18  -100  -139 10370     0     0     7 -9999 -9999
1957 12 12 21  -122  -161 10405   110    10     3 -9999 -9999
1957 12 13 03   -89  -122 10435   110    21     8 -9999 -9999
1957 12 13 09    11   -89 10382   220    10     7 -9999 -9999
1957 12 13 12   -39   -89 10426     0     0     2 -9999 -9999
1957 12 13 18   -89  -128 10376     0     0     1 -9999 -9999
1957 12 13 21  -100  -150 10357    90    21     0 -9999 -9999
1957 12 14 00  -122  -139 10373    90    21     7 -9999 -9999
1957 12 14 03   -78  -122 10380    90    21     1 -9999 -9999
1957 12 14 06     0  -100 10355   180    10     7 -9999 -9999
1957 12 14 09    11   -89 10342   250    31     7 -9999 -9999
1957 12 14 12   -28  -100 10367     0     0     1 -9999 -9999
1957 12 14 18  -122  -161 10339     0     0     2 -9999 -9999
1957 12 14 21  -122  -161 10337    90    21     2 -9999 -9999
1957 12 15 00  -128  -161 10345     0     0     2 -9999 -9999
1957 12 15 06   -11   -89 10325   270    51     8 -9999 -9999
1957 12 15 09    11  -100 10318   270    72     8 -9999 -9999
1957 12 15 12     0   -89 10346   270    72     8 -9999 -9999
1957 12 15 18   -61  -111 10361   270    51     8 -9999     6
1957 12 15 21   -50  -100 10359   270    82     8 -9999 -9999
1957 12 16 00  -111  -128 10420   270    21     2 -9999 -9999
1957 12 16 03   -72  -111 10403     0     0     1 -9999 -9999
1957 12 16 09    39  -122 10313   270    31     1 -9999 -9999
1957 12 16 12   -22  -122 10321     0     0     0 -9999 -9999
1957 12 16 18   -72  -161 10246    90    51     0 -9999 -9999
1957 12 17 00  -111  -172 10305   270    31     0 -9999 -9999
1957 12 17 03   -61  -122 10334     0     0     7 -9999 -9999
1957 12 17 06    11   -89 10285   270    72     6 -9999 -9999
1957 12 17 09    11   -89 10275   270    72     4 -9999 -9999
1957 12 17 12   -39  -100 10310     0     0     1 -9999 -9999
1957 12 17 18  -100  -139 10267    90    21     0 -9999 -9999
1957 12 17 21  -128  -150 10260    90    21     0 -9999 -9999
1957 12 18 00  -128  -161 10279    90    31     0 -9999 -9999
1957 12 18 03   -78  -128 10277    90    41     1 -9999 -9999
1957 12 18 06    22 -9999 10234   140    21     1 -9999 -9999
1957 12 18 09    50  -111 10228   270    21     1 -9999 -9999
1957 12 18 12   -28  -100 10269     0     0     1 -9999 -9999
1957 12 18 18   -89  -139 10251     0     0     1 -9999 -9999
1957 12 19 00  -122  -178 10307     0     0     7 -9999 -9999
1957 12 19 03   -78  -150 10311     0     0     8 -9999 -9999
1957 12 19 06     0  -122 10282   110    10     1 -9999 -9999
1957 12 19 09    11  -139 10280   220    41     1 -9999 -9999
1957 12 19 12   -39  -128 10317     0     0     0 -9999 -9999
1957 12 19 18  -128  -161 10330     0     0     1 -9999 -9999
1957 12 20 00  -128  -161 10374    90    10     1 -9999 -9999
1957 12 20 06   -22  -122 10380   220    31     1 -9999 -9999
1957 12 20 09    11  -122 10367   270    31     7 -9999 -9999
1957 12 20 18  -122  -161 10366     0     0     0 -9999 -9999
1957 12 20 21  -139  -161 10359    90    21     0 -9999 -9999
1957 12 21 00  -139  -172 10365    90    21     1 -9999 -9999
1957 12 21 06    50  -139 10290    90    21     1 -9999 -9999
1957 12 21 09    78  -139 10255     0     0     0 -9999 -9999
1957 12 21 12   -11  -161 10276     0     0     0 -9999 -9999
1957 12 21 18   -72  -178 10216    90    31     0 -9999 -9999
1957 12 21 21   -78  -189 10204    90    31     0 -9999 -9999
1957 12 22 00   -89  -189 10233     0     0     0 -9999 -9999
1957 12 22 03   -72  -178 10257     0     0     3 -9999 -9999
1957 12 22 06     0  -178 10206    90    10     3 -9999 -9999
1957 12 22 09    39  -128 10176     0     0     2 -9999 -9999
1957 12 22 12   -22  -139 10198     0     0     1 -9999 -9999
1957 12 22 18   -78  -172 10181     0     0     0 -9999 -9999
1957 12 22 21  -100  -172 10190   250    10     0 -9999 -9999
1957 12 23 00  -100  -161 10255   250    31     1 -9999 -9999
1957 12 23 03   -72  -139 10288   110    41     7 -9999 -9999
1957 12 23 06   -39  -122 10282   180    21     8 -9999 -9999
1957 12 23 09   -28  -111 10309   270    82     8 -9999 -9999
1957 12 23 12   -61  -128 10338   270    10     6 -9999 -9999
1957 12 23 18  -111 -9999 10348     0     0     6 -9999 -9999
1957 12 23 21  -122  -161 10336    70    21 -9999 -9999 -9999
1957 12 24 00 -9999 -9999 -9999    70    21 -9999 -9999 -9999
1957 12 24 03   -89  -139 10366    70    21     7 -9999 -9999
1957 12 24 06   -11  -122 10327     0     0     7 -9999 -9999
1957 12 24 09    22  -111 10314   250    21     7 -9999 -9999
1957 12 24 12   -28   -89 10339     0     0     1 -9999 -9999
1957 12 24 21  -100  -139 10274    90    41     0 -9999 -9999
1957 12 25 00  -111  -161 10279    90    41     2 -9999 -9999
1957 12 25 06    28  -128 10261    90    31     2 -9999 -9999
1957 12 25 09    22  -128 10285   250    51     7 -9999 -9999
1957 12 25 12   -28  -128 10327   270    62     1 -9999 -9999
1957 12 25 18  -100  -150 10307   270    10     1 -9999 -9999
1957 12 25 21  -111  -150 10299     0     0     1 -9999 -9999
1957 12 26 00  -150  -172 10334   140    21     0 -9999 -9999
1957 12 26 03   -89  -139 10337   110    10     1 -9999 -9999
1957 12 26 09     0  -128 10328   270    41     7 -9999 -9999
1957 12 26 12   -50  -128 10321   270    21     6 -9999 -9999
1957 12 26 18  -100  -139 10318   270    21     5 -9999 -9999
1957 12 26 21  -111  -150 10337     0     0     7 -9999 -9999
1957 12 27 00  -139  -161 10373     0     0     1 -9999 -9999
1957 12 27 06   -22  -139 10341     0     0     1 -9999 -9999
1957 12 27 09   -11  -189 10328     0     0     1 -9999 -9999
1957 12 27 12   -72  -211 10359     0     0     0 -9999 -9999
1957 12 27 18  -111  -228 10336    90    51     1 -9999 -9999
1957 12 28 00  -139  -228 10397    90    41     1 -9999 -9999
1957 12 28 03  -122  -211 10418    90    41     1 -9999 -9999
1957 12 28 09     0  -172 10363   180    10     1 -9999 -9999
1957 12 28 12   -72  -189 10403   250    21     0 -9999 -9999
1957 12 28 18  -139  -228 10402    90    31     0 -9999 -9999
1957 12 29 00  -172  -222 10452    90    31     0 -9999 -9999
1957 12 29 03  -111  -200 10453    90    41     0 -9999 -9999
1957 12 29 06   -11  -161 10396    90    41     1 -9999 -9999
1957 12 29 09    22  -178 10371    90    21     5 -9999 -9999
1957 12 29 12   -28  -161 10380    90    51     0 -9999 -9999
1957 12 29 18   -89  -211 10318    90    82     0 -9999 -9999
1957 12 29 21   -89  -200 10287    90    98     1 -9999 -9999
1957 12 30 00 -9999 -9999 -9999    90    82     1 -9999 -9999
1957 12 30 03 -9999 -9999 10280    90    98     2 -9999 -9999
1957 12 30 06    11   -89 10244    90    98     2 -9999 -9999
1957 12 30 09   -39  -172 10287   250    62     8 -9999 -9999
1957 12 30 12   -61  -189 10323     0     0     8 -9999 -9999
1957 12 30 18   -78  -178 10339   270    31     8 -9999 -9999
1957 12 30 21   -78  -161 10368   250    31     8 -9999 -9999
1957 12 31 00   -89  -172 10385   270    31     7 -9999 -9999
1957 12 31 03   -89  -161 10432     0     0     7 -9999 -9999
1957 12 31 06   -50  -150 10389   270    31     8 -9999 -9999
1957 12 31 12   -61  -161 10430     0     0     8 -9999 -9999
1957 12 31 18  -122  -178 10431    90    21     5 -9999 -9999
1957 12 31 21  -122  -178 10426    90    51     1 -9999 -9999
