1991 01 01 00  -185  -221 10393   110    10     0 -9999     0
1991 01 01 06   -45  -214 10353   200    20     0 -9999     0
1991 01 01 09   -29  -206 10336   220    40     0 -9999 -9999
1991 01 01 12   -81  -192 10367   270    20     0 -9999     0
1991 01 01 18  -167  -225 10356     0     0     0 -9999     0
1991 01 02 09   -40  -141 10372   250    50     1 -9999 -9999
1991 01 02 12  -101  -145 10413     0     0     0 -9999     0
1991 01 02 18  -150  -186 10388   110    10     0 -9999     0
1991 01 03 00  -189  -199 10396    90    30     0 -9999     0
1991 01 03 09   -38  -149 10360   250    30     1 -9999 -9999
1991 01 03 12   -80  -137 10379   250    10     0 -9999 -9999
1991 01 03 18  -161  -182 -9999 -9999 -9999     0 -9999     0
1991 01 03 21  -171  -189 10338    90    10     6 -9999 -9999
1991 01 04 12   -63  -150 10266     0     0     2 -9999     0
1991 01 04 18  -145  -196 10262     0     0     0 -9999     0
1991 01 04 21  -163  -245 10263     0     0     0 -9999 -9999
1991 01 05 00  -179  -212 10301     0     0     0 -9999     0
1991 01 05 09   -27  -133 -9999   270    30     2 -9999 -9999
1991 01 05 12   -82  -140 10320     0     0     3 -9999     0
1991 01 05 18  -157  -187 10298    90    20     0 -9999     0
1991 01 05 21  -162  -183 10288    70    10     0 -9999 -9999
1991 01 06 00  -172  -182 10301    90    20     0 -9999     0
1991 01 06 09    24  -161 10258    90    10     1 -9999 -9999
1991 01 06 18   -87  -170 10250    90    50     0 -9999     0
1991 01 06 21   -98  -191 10207    90    80 -9999 -9999 -9999
1991 01 07 00  -114 -9999 10245    90    70     0 -9999     0
1991 01 07 09    -2  -218 10050    90   130     2 -9999 -9999
1991 01 07 18   -94  -157 10306   220    40     0 -9999     0
1991 01 07 21  -124  -159 10305     0     0     1 -9999 -9999
1991 01 08 09   -13  -148 10270   270    20     1 -9999 -9999
1991 01 08 12   -80  -137 10297     0     0     0 -9999     0
1991 01 08 18  -130  -171 10296     0     0     0 -9999     0
1991 01 08 21  -149  -179 10322     0     0     0 -9999 -9999
1991 01 09 12   -56  -134 10390 -9999 -9999     7 -9999     0
1991 01 09 18   -86  -146 10365     0     0     4 -9999     0
1991 01 09 21  -138  -161 10360     0     0     7 -9999 -9999
1991 01 10 09    -2  -138 10325   220    20     0 -9999 -9999
1991 01 10 12   -59  -144 10345     0     0     0 -9999     0
1991 01 10 21  -142 -9999 10331   190    30     0 -9999 -9999
1991 01 11 12   -55  -177 10330    90    20     0 -9999     0
1991 01 11 18  -138  -188 10311    90    20     0 -9999     0
1991 01 11 21  -149  -187 10308    90    30     0 -9999 -9999
1991 01 12 09 -9999 -9999 10350 -9999 -9999 -9999 -9999 -9999
1991 01 12 12   -74  -164 10398   270    30     7 -9999     0
1991 01 12 18  -104  -150 10402   270    10     7 -9999     0
1991 01 12 21  -100  -148 10415   220    20     8 -9999 -9999
1991 01 13 00  -107  -149 10440   270    10     7 -9999     0
1991 01 13 12   -35  -151 10425   250    40     0 -9999     0
1991 01 13 18  -148  -179 10415     0     0     0 -9999     0
1991 01 13 21  -161  -186 10400    90    20     0 -9999 -9999
1991 01 14 09     6  -179 10354   250    50     1 -9999 -9999
1991 01 14 12   -36  -173 10377   270    30     0 -9999     0
1991 01 14 18  -148  -191 10360     0     0     0 -9999     0
1991 01 15 09    24  -148 10326   220    20     1 -9999 -9999
1991 01 15 12   -68  -153 10346     0     0     0 -9999     0
1991 01 15 18  -111  -195 10285    90    20     0 -9999     0
1991 01 15 21   -99  -230 10252    70    50     0 -9999 -9999
1991 01 16 00  -122  -212 10264    90    40     0 -9999     0
1991 01 16 12     7  -246 10217    90    30     0 -9999     0
1991 01 16 21  -118  -199 10249     0     0     0 -9999 -9999
1991 01 17 18  -134  -195 10290    90    20     0 -9999     0
1991 01 17 21  -150  -196 10280    90    20     0 -9999 -9999
1991 01 18 06    23  -248 10237    90    50     2 -9999     0
1991 01 18 09    45  -248 -9999    90    40     1 -9999 -9999
1991 01 18 12   -18  -191 10266    70    30     1 -9999     0
1991 01 18 18  -102  -215 10280     0     0     0 -9999     0
1991 01 18 21  -125 -9999 -9999     0     0     7 -9999 -9999
1991 01 19 00   -98  -192 10304   200    20     7 -9999     0
1991 01 19 09     0  -162 10295   270    20     7 -9999 -9999
1991 01 19 12   -65  -168 10312     0     0     7 -9999     0
1991 01 19 18  -102  -191 10290    90    30     7 -9999     0
1991 01 20 00  -102  -196 10294    90    20     7 -9999     0
1991 01 20 12   -58  -161 10299     0     0     6 -9999     0
1991 01 20 18  -110  -201 10267    90    20     0 -9999     0
1991 01 20 21   -92  -205 10240    70    60     0 -9999 -9999
1991 01 22 00  -106  -183 10367     0     0     7 -9999     0
1991 01 22 09   -10  -143 10347   250    70     7 -9999 -9999
1991 01 22 12   -42  -165 10369 -9999 -9999     0 -9999     0
1991 01 22 18  -130  -175 10370     0     0     0 -9999     0
1991 01 22 21  -155  -191 10365    90    20     0 -9999 -9999
1991 01 23 06   -32  -164 10351   220    20     7 -9999     0
1991 01 23 09   -28  -186 10356   250    40     7 -9999 -9999
1991 01 23 12   -72  -154 10387     0     0     1 -9999     0
1991 01 23 18  -157  -201 10360    90    10     0 -9999     0
1991 01 23 21 -9999 -9999 -9999     0     0     0 -9999 -9999
1991 01 24 00  -181  -214 10371    90    20     1 -9999     0
1991 01 24 09   -12  -177 10333   270    20     7 -9999 -9999
1991 01 24 12   -60  -180 10359     0     0     1 -9999     0
1991 01 24 18  -154  -226 10410     0     0     0 -9999     0
1991 01 24 21  -176  -226 10326    90    20     0 -9999 -9999
1991 01 25 12   -63  -203 10304 -9999 -9999     1 -9999     0
1991 01 25 18   -85  -228 10253    90    30     7 -9999     0
1991 01 25 21   -90  -193 10253    90    30     8 -9999 -9999
1991 01 26 00  -103  -225 10313   320   120     6 -9999     0
1991 01 26 18  -119  -205 -9999 -9999 -9999     0 -9999     0
1991 01 26 21  -130  -204 10292    90    20     1 -9999 -9999
1991 01 27 00  -104  -198 10296    70    40     0 -9999     0
1991 01 27 12     4  -180 10257    90    80     7 -9999     0
1991 01 27 18   -12  -191 10199    70    90     7 -9999     0
1991 01 27 21   -32  -237 10229    90    40     8 -9999 -9999
1991 01 28 00  -158  -191 -9999 -9999 -9999     8 -9999     0
1991 01 28 12 -9999 -9999 10167    90    90     2 -9999     0
1991 01 28 18   -10  -185 10152    90   110     8 -9999     0
1991 01 28 21   -18  -171 10237   140    30     7 -9999 -9999
1991 01 29 09 -9999 -9999 10300   180    10     8 -9999 -9999
1991 01 29 12   -30  -140 10335     0     0     8 -9999     0
1991 01 29 18   -28  -195 10326 -9999 -9999     8 -9999     0
1991 01 29 21   -22  -187 10332    90    50     8 -9999 -9999
1991 01 30 00   -29  -189 10342    90    60     8 -9999     0
1991 01 30 10   -12  -135 10368    90    30     1 -9999     0
1991 01 30 18   -71  -124 10373    90    30     0 -9999     0
1991 01 30 21   -84 -9999 10371    90    50     0 -9999 -9999
1991 01 31 00  -104  -117 10382    90    30     0 -9999     0
1991 01 31 12   -37  -113 10347     0     0     0 -9999     0
1991 01 31 18   -69  -126 10318    90    20     0 -9999     0
1991 01 31 21   -92  -143 10322    90    30     0 -9999 -9999
1991 02 01 12   -16  -126 10336 -9999 -9999     0 -9999     0
1991 02 01 18  -113  -181 10334    90    20     0 -9999     0
1991 02 01 21  -129  -183 10328    90    20     0 -9999 -9999
1991 02 02 12   -10 -9999 10130 -9999 -9999 -9999 -9999     0
1991 02 02 21   -96  -160 10291    90    50     2 -9999 -9999
1991 02 03 00   -88  -154 10313    90    50     7 -9999     0
1991 02 03 09 -9999 -9999 10287 -9999 -9999     1 -9999 -9999
1991 02 03 18   -74  -164 10312   250    20     7 -9999     0
1991 02 03 21  -104  -173 10319     0     0     1 -9999 -9999
1991 02 04 00  -138  -195 10343    90    20     1 -9999     0
1991 02 04 09    40  -115 10276 -9999 -9999     4 -9999 -9999
1991 02 04 12   -20  -102 10300     0     0     6 -9999     0
1991 02 04 18   -90  -168 10250    90    20     2 -9999     0
1991 02 04 21  -106  -173 10232    90    10     1 -9999 -9999
1991 02 05 09    48  -129 10237   270    40     1 -9999 -9999
1991 02 05 12     0  -113 10254   220    30     1 -9999     0
1991 02 05 18  -104  -173 10232    90    20     0 -9999     0
1991 02 05 21  -119  -177 10227    90    20     1 -9999 -9999
1991 02 06 09    90 -9999 10192     0     0     1 -9999 -9999
1991 02 06 12    -8  -142 10237     0     0     1 -9999     0
1991 02 06 21   -72  -205 10170    90    30     7 -9999 -9999
1991 02 07 09    30  -159 -9999   270    70     8 -9999 -9999
1991 02 07 12     2  -150 10238   220    60     7 -9999     0
1991 02 07 18   -20  -116 10255   220    20     8 -9999     0
1991 02 07 21   -86  -151 10276     0     0     1 -9999 -9999
1991 02 08 00 -9999 -9999 -9999 -9999 -9999 -9999 -9999     0
1991 02 08 12     0 -9999 10315   270    30     8 -9999     0
1991 02 08 18   -55   -69 10285     0     0     7 -9999     3
1991 02 08 21   -52   -62 10279     0     0     7 -9999 -9999
1991 02 09 09    60  -109 10264   250    20     1 -9999 -9999
1991 02 09 12    -7  -139 10284     0     0     1 -9999     0
1991 02 09 18   -74  -128 10273    90    20     0 -9999     0
1991 02 09 21   -88  -143 10263    70    20     7 -9999 -9999
1991 02 10 12     3 -9999 10229    90    60     7 -9999     0
1991 02 10 18   -39  -205 10214    90    70     7 -9999     0
1991 02 10 21   -53  -214 10203    90    60     7 -9999 -9999
1991 02 11 12    16  -166 10197   270    10     7 -9999     0
1991 02 11 18   -44  -215 10182    90    50     7 -9999     0
1991 02 11 21   -54  -217 10175    90    50     7 -9999 -9999
1991 02 12 00   -76  -211 10201    90    20     6 -9999     0
1991 02 12 09    52 -9999 10178   110    40     7 -9999 -9999
1991 02 12 12     2  -164 10236   270    20     8 -9999     0
1991 02 12 18   -40  -190 10247     0     0     8 -9999     0
1991 02 12 21   -28  -154 10233   220    30     8 -9999 -9999
1991 02 13 05    48  -156 10246   250    50     0 -9999 -9999
1991 02 13 12     4  -117 10263   180    20     1 -9999     0
1991 02 13 18   -70  -184 10231    90    50     0 -9999     0
1991 02 13 21   -57  -165 10187    70    70     0 -9999 -9999
1991 02 14 12    14  -150 10225   250    50     8 -9999     0
1991 02 14 18   -44  -168 10241    90    20     5 -9999     0
1991 02 14 21   -49  -164 10221    90    40     7 -9999 -9999
1991 02 15 00   -46  -165 10227    90    70     7 -9999     0
1991 02 15 06    29  -260 10191   190   100     0 -9999     0
1991 02 15 09    45 -9999 10166    90   120     0 -9999 -9999
1991 02 15 12    10  -177 10183    70    90     7 -9999     0
1991 02 15 18   -34  -274 10223    40    60     8 -9999     0
1991 02 15 21   -30 -9999 10229   250    70     8 -9999 -9999
1991 02 16 18   -50  -171 10274    90    20     8 -9999     0
1991 02 16 21   -50  -166 10279    90    20     8 -9999 -9999
1991 02 17 00   -46  -165 10302    90    70     8 -9999     0
1991 02 17 21   -92  -335 10367    90    70     8 -9999 -9999
1991 02 18 12   -65  -270 -9999    90    70     2 -9999     0
1991 02 18 18   -94  -255 10423    90    60     7 -9999     0
1991 02 18 21  -107  -249 10441    70    50     4 -9999 -9999
1991 02 19 18  -138  -270 10446     0     0     0 -9999     0
1991 02 19 21  -161  -287 10445   110    20     0 -9999 -9999
1991 02 20 12 -9999 -9999 10454   220    20     0 -9999     0
1991 02 20 18  -101  -252 10479   270    20     0 -9999     0
1991 02 20 21  -109  -237 10486   320    20     7 -9999 -9999
1991 02 21 09    -5  -240 10510   270    40     1 -9999 -9999
1991 02 21 18  -161  -269 10469     0     0     0 -9999     0
1991 02 21 21  -162  -270 10450   110    20     0 -9999 -9999
1991 02 22 12   -22  -207 10449   270    30     7 -9999     0
1991 02 22 18  -126  -243 10412     0     0     0 -9999     0
1991 02 22 21  -149  -264 10398     0     0     0 -9999 -9999
1991 02 23 09    90    11 10314    40    20     0 -9999 -9999
1991 02 23 12    -1  -152 -9999   250    20     2 -9999     0
1991 02 23 18  -101  -244 10332    90    20     0 -9999     0
1991 02 23 21  -128  -204 10320    90    10     2 -9999 -9999
1991 02 24 09    80  -169 10220   270    20     1 -9999 -9999
1991 02 24 12    26  -164 10278   220    20     1 -9999     0
1991 02 24 18   -98  -251 10264     0     0     0 -9999     0
1991 02 25 21   -82  -220 10218    90    20     8 -9999 -9999
1991 02 26 00   -84  -236 10262   110    20     7 -9999     0
1991 02 26 18   -26  -164 10267    90    40     1 -9999     0
1991 02 26 21   -39  -197 10275    90    40     7 -9999 -9999
1991 02 27 12    20  -158 10305   140    10     2 -9999     0
1991 02 27 18   -74  -194 10315   110    20     1 -9999     0
1991 02 27 21  -106  -205 10319 -9999 -9999     0 -9999 -9999
1991 02 28 00  -131  -211 10343    90    20     1 -9999     0
1991 02 28 12    38  -170 -9999   250    20     1 -9999     0
1991 02 28 18   -34  -184 10268     0     0     0 -9999     0
1991 02 28 21   -96  -234 10279   110    20     0 -9999 -9999
1991 03 01 06    99  -139 10258   270    50     1 -9999 -9999
1991 03 01 12    54  -127 10271   200    20     0 -9999     0
1991 03 01 18   -71  -195 10240    90    20     0 -9999     0
1991 03 01 20   -70  -170 10214    90    30     0 -9999 -9999
1991 03 01 21 -9999 -9999 10214    90    30     0 -9999 -9999
1991 03 02 12    65  -106 10148   250    20     1 -9999     0
1991 03 02 18   -28  -200 10115    90    20     1 -9999     0
1991 03 03 12 -9999 -9999 10150   250    60     8 -9999     0
1991 03 03 18    75    66 10192   220    20     8 -9999    -1
1991 03 04 12    84 -9999 10129    90    10     2 -9999     0
1991 03 04 18    26  -140 10062    90    70     7 -9999     0
1991 03 04 21    22  -162 10021    90    70     7 -9999 -9999
1991 03 05 00    86    78 10156   180    30     8 -9999    10
1991 03 05 12    66   -84 10112     0     0     8 -9999     0
1991 03 05 21    35  -200 10130    90    30     8 -9999 -9999
1991 03 06 12    -3   -14 -9999   220    20     8 -9999 -9999
1991 03 06 18   -25   -48 10275 -9999 -9999     8 -9999 -9999
1991 03 06 21   -23   -55 10260    90    30     8 -9999 -9999
1991 03 07 12    45   -26 10197   250    10     1 -9999     0
1991 03 07 18   -25   -37 10166    70    10     0 -9999     0
1991 03 07 21   -34   -51 10138    90    30     0 -9999 -9999
1991 03 08 12    86   -15 10037    70    20     7 -9999     0
1991 03 08 18    22   -26 10050    90    20     2 -9999     0
1991 03 08 21     0   -31 10074    90    20     8 -9999 -9999
1991 03 09 12    49   -33 10210   270    20     7 -9999     0
1991 03 09 21    -8   -43 10225     0     0     7 -9999 -9999
1991 03 10 00   -22   -46 10242    90    20     2 -9999     0
1991 03 10 12    66   -40 10205   110    40     5 -9999     0
1991 03 10 21    -5   -60 10194    90    60     7 -9999 -9999
1991 03 11 12    75   -51 10200 -9999 -9999     6 -9999     0
1991 03 11 18    29   -97 10180    90    70     2 -9999     0
1991 03 11 21    -1  -120 10168    90    50     7 -9999 -9999
1991 03 12 12    68  -129 10174    90    60     0 -9999     0
1991 03 12 21    -6  -115 10083    90   120     0 -9999 -9999
1991 03 13 12    44  -139 -9999   220    60     9 -9999     0
1991 03 13 18   -10 -9999 10296     0     0     2 -9999     0
1991 03 13 21   -34  -109 10300    40    10     0 -9999 -9999
1991 03 14 09    89   -64 10280   270    40     1 -9999 -9999
1991 03 14 12    60  -103 10303   270    40     1 -9999     0
1991 03 14 18   -22  -104 -9999     0     0     0 -9999     0
1991 03 14 21   -56  -123 10315    90    10     0 -9999 -9999
1991 03 15 18   -28  -104 10254     0     0     0 -9999     0
1991 03 15 21   -40  -128 10245   110    20     2 -9999 -9999
1991 03 16 12   117   -70 10195   220    20     1 -9999     0
1991 03 16 18    -7  -141 10171    90    20     2 -9999     0
1991 03 17 12   125   -62 10008 -9999 -9999     7 -9999     0
1991 03 17 18    -9  -127 10154    90    20     0 -9999     0
1991 03 17 21   -33  -138 10127    90    20     4 -9999 -9999
1991 03 18 00   -25  -104 10118    90    30     7 -9999     0
1991 03 18 09   185   108 10158   250    40     1 -9999 -9999
1991 03 18 12 -9999 -9999 10060   250    30     3 -9999     0
1991 03 18 21    35   -29 10103     0     0     8 -9999 -9999
1991 03 19 18    33   -90 10194    90    30     8 -9999     0
1991 03 19 21 -9999 -9999 10182    70    40     8 -9999 -9999
1991 03 20 12   127   -22 10145     0     0     6 -9999     0
1991 03 20 18    43   -90 10111    90    30     1 -9999     0
1991 03 20 21    39   -97 10093    90    50     7 -9999 -9999
1991 03 21 21    46   -89 10093    90   100     8 -9999 -9999
1991 03 22 00    31   -79 10111    90    60     7 -9999     0
1991 03 22 21     8  -252 10160    90    60     7 -9999 -9999
1991 03 23 12 -9999 -9999 10174    90    30     7 -9999     0
1991 03 23 18    23  -304 10176    70    60     2 -9999     0
1991 03 23 21    -4  -239 10177    90    60     0 -9999 -9999
1991 03 24 12   101  -168 10130    90    40     7 -9999     0
1991 03 24 21    32  -121 10118   110    10     8 -9999 -9999
1991 03 25 12    40   -99 10159   270    20     7 -9999     0
1991 03 25 18    52   -46 10173   220    30     7 -9999     0
1991 03 25 21    30   -23 10191   270    40     8 -9999 -9999
1991 03 26 12    67   -61 10221   320    60     7 -9999     0
1991 03 26 18    29   -37 10260   220    10     7 -9999     0
1991 03 26 21    13   -28 10253 -9999 -9999     7 -9999 -9999
1991 03 27 21   -30   -61 10271    90    20     0 -9999 -9999
1991 03 28 00   -30   -76 10294    90    30     1 -9999     0
1991 03 28 09   119  -121 10253   270    60     3 -9999 -9999
1991 03 28 12    87  -114 10269   270    40     1 -9999     0
1991 03 28 21    40  -125 10296    40    20     8 -9999 -9999
1991 03 29 09    89    58 10263    40    40     8 -9999 -9999
1991 03 29 12    90   -72 10291     0     0     0 -9999     0
1991 03 29 18    21  -207 10279    90    60     0 -9999     0
1991 03 29 21     4  -203 10274    90    70     0 -9999 -9999
1991 03 30 09   118  -163 -9999    90    70     0 -9999 -9999
1991 03 30 18    20  -192 10316    90    80     0 -9999     0
1991 03 30 21     2  -211 10309    90    70     0 -9999 -9999
1991 03 31 12   104  -171 10254    90    50     2 -9999     0
1991 03 31 21     3  -227 10214    90    50     2 -9999     0
1991 04 01 12   148   -87 10167 -9999 -9999     4 -9999     0
1991 04 01 18    70  -137 10158    90    40 -9999 -9999     0
1991 04 01 21    24  -134 10158    90    40     0 -9999     0
1991 04 02 09   191   -96 10123   250    30     7 -9999 -9999
1991 04 02 12   167   -64 10129   220    20     5 -9999    -1
1991 04 02 18    43   -72 10133    90    10     0 -9999     0
1991 04 02 21    24  -111 10131    90    20     0 -9999     0
1991 04 03 09   220   -77 10119   250    40     0 -9999 -9999
1991 04 03 12   186 -9999 10134   220    30     2 -9999     0
1991 04 03 18    64   -50 10144   200    20     7 -9999     0
1991 04 03 21    32   -65 10151     0     0     7 -9999     0
1991 04 04 12   185   -69 10141   220    30     1 -9999     0
1991 04 04 18    85   -39 10134    90    30     1 -9999     0
1991 04 05 12   198   -23 10047   220    20     7 -9999     0
1991 04 05 18    67   -34 10041     0     0     1 -9999     0
1991 04 05 21    30   -94 10028    90    30     8 -9999     0
1991 04 06 12   184 -9999 10062   340    40     7 -9999     0
1991 04 06 18   108   -33 10087    70    30     6 -9999     0
1991 04 06 21    76   -38 10088    90    50     7 -9999     0
1991 04 07 12   172    -1 -9999     0     0     1 -9999     0
1991 04 07 18    80   -50 10046    90    20     0 -9999     0
1991 04 07 21    51   -60 10042    90    30     7 -9999     0
1991 04 08 12   157   -78 10070   200    30     7 -9999     0
1991 04 08 21 -9999 -9999 10068    90    60     8 -9999     0
1991 04 09 18    78  -121 10063    90    30     7 -9999     0
1991 04 09 21    66  -178 10066    90    50     8 -9999     0
1991 04 10 12    83  -110 10157 -9999 -9999 -9999 -9999     0
1991 04 10 21     9   -84 10183    70    50     2 -9999     0
1991 04 11 18 -9999 -9999 10214    90    30     0 -9999     0
1991 04 11 21    -9  -202 10213    70    40     1 -9999     0
1991 04 12 21    20  -142 10147    90    40     0 -9999     0
1991 04 13 18    84  -207 10061    90    50     0 -9999     0
1991 04 13 21    78  -206 10049    90    60     0 -9999     0
1991 04 14 12   196  -144  9985    90    90     7 -9999     0
1991 04 14 18   133  -234 -9999    70   120     7 -9999     0
1991 04 14 21   123  -226 10002    90   100     7 -9999     0
1991 04 15 18    56    41 10153    70    20     8 -9999    10
1991 04 15 21    56    31 10154    20    20     8 -9999 -9999
1991 04 16 18 -9999 -9999 10164 -9999 -9999     7 -9999     0
1991 04 16 21    48   -45 10157    90    20     1 -9999     0
1991 04 17 12   154   -37 10190    90    60     7 -9999     0
1991 04 17 18   108   -81 10188    70    50     7 -9999     0
1991 04 17 21   100  -116 10191    70    50     7 -9999     0
1991 04 18 18    86  -185 10225    90    40     1 -9999     0
1991 04 18 21    68  -131 10217 -9999 -9999     1 -9999     0
1991 04 19 12   163  -156 10200    90    80     7 -9999     0
1991 04 19 21    75  -120 -9999    90    50     0 -9999     0
1991 04 20 18    74  -105 10213    90    30     0 -9999     0
1991 04 21 18   124   -25 10182   270    50     0 -9999     0
1991 04 21 21    86   -38 10186   270    40     1 -9999     0
1991 04 22 18   122   -43 10140   270    30     0 -9999     0
1991 04 22 21    87   -59 10137   320    20     0 -9999     0
1991 04 23 12   217   -75 10101   320    40     1 -9999     0
1991 04 23 21    39   -93 10118     0     0     0 -9999     0
1991 04 24 09   247  -113 10118 -9999 -9999 -9999 -9999 -9999
1991 04 24 18   109  -151 10150    90    60     0 -9999     0
1991 04 24 21    81  -183 10148    90    60     1 -9999     0
1991 04 25 12   232   -80 10086   290    40     1 -9999     0
1991 04 25 18    86   -23 10084     0     0     0 -9999     0
1991 04 26 12   229   -45 10044 -9999 -9999     3 -9999     0
1991 04 26 18   105   -17 10072     0     0     1 -9999     0
1991 04 27 09    96    34 -9999   250    40     8 -9999 -9999
1991 04 27 12    68    28 -9999 -9999 -9999 -9999 -9999     3
1991 04 28 12   156 -9999 10198     0     0     0 -9999     0
1991 04 28 18    42     6 10182     0     0     0 -9999     0
1991 04 29 12   202    -1 10107     0     0     7 -9999     0
1991 04 29 18    96  -258 10158    90   130     7 -9999     0
1991 04 30 12   102 -9999 10199    90   120     7 -9999     0
1991 04 30 18    54  -299 10179    90   110     0 -9999     0
1991 04 30 21    42  -303 10158    90   130     0 -9999     0
1991 05 01 18    82  -207 10117    90    50     2 -9999     0
1991 05 01 21    50  -149 10127    90    20     0 -9999     0
1991 05 02 12   170     4 10095     0     0     5 -9999     0
1991 05 02 18    89   -39 10093    70    40     1 -9999     0
1991 05 02 21    64   -42 10102    90    30     7 -9999     0
1991 05 03 12   202   -68 -9999    90    30     7 -9999     0
1991 05 03 18   114   -57 10064    90    20     8 -9999     0
1991 05 03 21   102   -72 10072    90    20     8 -9999     0
1991 05 04 12   215   -22 10080   270    10     7 -9999     0
1991 05 04 18   103   -45 10025   200    60     0 -9999     0
1991 05 04 21    64   -83 10070   220    80     8 -9999     0
1991 05 05 18    13   -67 10296   220    10     7 -9999     0
1991 05 05 21   -13   -60 10298     0     0     0 -9999 -9999
1991 05 06 18    60   -42 10260   270    20     8 -9999     0
1991 05 06 21    48   -25 10262     0     0     7 -9999     0
1991 05 07 12   170   -73 10194   270    40     0 -9999     0
1991 05 07 18    50   -26 10200     0     0     0 -9999     0
1991 05 07 21 -9999 -9999 10195     0     0     0 -9999     0
1991 05 08 21    50   -49 10125   110    20     0 -9999     0
1991 05 09 12   200   -20 10127   360    20     7 -9999     0
1991 05 09 18   162    -7 10128    90    20     1 -9999     0
1991 05 09 21   166 -9999 10169     0     0     6 -9999     0
1991 05 10 18   135   -68 10119    70    40     1 -9999     0
1991 05 10 21   116   -98 10117    90    60     0 -9999     0
1991 05 11 12   244   -40 10085    90    30     1 -9999     0
1991 05 11 18   146   -71 10111    90    30     0 -9999     0
1991 05 11 21   125   -86 10110    90    30 -9999 -9999     0
1991 05 12 12   259    -4 10083   180    20     1 -9999     0
1991 05 12 18   110     6 10106     0     0     0 -9999     0
1991 05 12 21   112  -101 10093    90    30     0 -9999     0
1991 05 13 12   267    16 -9999     0     0     7 -9999     0
1991 05 13 21   161   -38 10097    90    70     0 -9999     0
1991 05 14 12   257  -117 10089    90   100     0 -9999     0
1991 05 14 18   162  -119 10095    90    20     0 -9999     0
1991 05 14 21   138  -178 10093    90    80     0 -9999     0
1991 05 15 12   188  -113 -9999 -9999 -9999     4 -9999     0
1991 05 15 21   136   -96 10105    90    30     7 -9999     0
1991 05 16 18   160   -98 10053    70    50     0 -9999     0
1991 05 16 21   137  -110 10042    90    50     0 -9999     0
1991 05 17 12 -9999 -9999  9970    90    40     0 -9999     0
1991 05 17 21   136  -105  9975    70    20     0 -9999     0
1991 05 18 12   268 -9999  9953   270    20     7 -9999     0
1991 05 18 18   195     8  9948    90    30     1 -9999     0
1991 05 19 12   295    52  9947    90    30     0 -9999     0
1991 05 19 18   184   -25  9985    90    40     0 -9999     0
1991 05 19 21   174   -34  9994    90    40     0 -9999     0
1991 05 20 18   168   -98 10029    90    40     1 -9999     0
1991 05 20 21   150  -115 10024    90    40     0 -9999 -9999
1991 05 21 12   250   -91 10005    90    60     7 -9999     0
1991 05 21 18   185  -143  9999    90    30     7 -9999     0
1991 05 21 21   160  -122  9999    90    30     7 -9999     0
1991 05 22 12   257    23  9959     0     0     7 -9999     0
1991 05 22 18   177   -49 -9999 -9999 -9999 -9999 -9999     0
1991 05 22 21   146    -3 10038     0     0     7 -9999     0
1991 05 23 18   140    -9 10012    90    30     0 -9999     0
1991 05 23 21   124    21 10007    90    50     1 -9999     0
1991 05 24 09   259   -13 -9999   250    60     8 -9999 -9999
1991 05 24 12   245     2  9975 -9999 -9999     6 -9999     0
1991 05 24 18   133    31  9985     0     0     0 -9999     0
1991 05 24 21    92    37 10004     0     0     0 -9999     0
1991 05 25 12   244    77 10017     0     0     7 -9999     0
1991 05 25 18   160     4 -9999    90    20     1 -9999     0
1991 05 26 18   172  -112 10080    90    50     7 -9999     0
1991 05 26 21   170  -105 10058    90    50     7 -9999     0
1991 05 27 12   246    33 10019    90    50     7 -9999     0
1991 05 27 18   176    18 10030    90    50     7 -9999     0
1991 05 27 21   164    20 -9999    90    50     7 -9999     0
1991 05 28 12   271    48 10013   270    10     3 -9999     0
1991 05 28 18   179   -13 -9999   140    10     1 -9999     0
1991 05 28 21   150 -9999 10035    70    30     0 -9999     0
1991 05 29 18   180   -21  9987    90    20     0 -9999   310
1991 05 29 21   128    21 10017     0     0     7 -9999     0
1991 05 30 12   244    56 10017   220    10     8 -9999     0
1991 05 30 18   197    17 10037     0     0     8 -9999     0
1991 05 31 12   236    53 10060   320    50     7 -9999 -9999
1991 05 31 18   190 -9999 10115    20    20     7 -9999    -1
1991 05 31 21   144    -4 10134   270    10     7 -9999     0
1991 06 01 12 -9999 -9999 10132   270    40     1 -9999     0
1991 06 01 21    52   -20 10174     0     0     0 -9999     0
1991 06 02 12   257    46 10085   180    10     1 -9999     0
1991 06 02 18   102    10 -9999     0     0     0 -9999     0
1991 06 02 21    75   -19 -9999     0     0     2 -9999     0
1991 06 03 12   244    19 10074   270    50     7 -9999     0
1991 06 03 18   141    81 10079     0     0     1 -9999     0
1991 06 04 12   267     4 -9999   270    30     6 -9999     0
1991 06 04 18   218    20 10050    40    30     8 -9999     0
1991 06 04 21   144    41 10059     0     0     7 -9999     0
1991 06 05 12   274    35 10017   270    10     7 -9999     0
1991 06 05 18   239    29 10021   250    30     7 -9999    -1
1991 06 05 21   195    62 10010   180    20     7 -9999     0
1991 06 06 12   259    62  9995   220    30     2 -9999     0
1991 06 06 18   158    -2 -9999     0     0     0 -9999     0
1991 06 06 21   122     7 10005     0     0     1 -9999     0
1991 06 07 12   295    75 -9999   290    30     7 -9999     0
1991 06 07 18   238     9  9935   160    30     7 -9999     0
1991 06 07 21   220   -30  9939    90    30     7 -9999     0
1991 06 08 21   157   102 10071   220    10     8 -9999 -9999
1991 06 09 12 -9999 -9999 10063 -9999 -9999     1 -9999    20
1991 06 09 18   136    96 10062    90    20     0 -9999     0
1991 06 09 21   136    88 10063    70    20     0 -9999 -9999
1991 06 10 18   217    59  9969    90    50     7 -9999     0
1991 06 14 18   134    98 10087     0     0     0 -9999     0
1991 06 14 21 -9999 -9999 10087     0     0     0 -9999     0
1991 06 15 12   272    93 10046   270    10     1 -9999     0
1991 06 15 18 -9999 -9999 10062    70    50     2 -9999 -9999
1991 06 15 21   176    62 10065    90    50     0 -9999     0
1991 06 18 18   207    35  9950    90    50     0 -9999     0
1991 06 18 21   188    52  9948    90    50     7 -9999     0
1991 06 19 12   300   210 10047    40    20     8 -9999 -9999
1991 06 19 18   253     1  9913    90    40     2 -9999     0
1991 06 19 21   224     7  9920    90    40     1 -9999     0
1991 06 21 18   230    -6 10010    90    40     0 -9999     0
1991 06 21 21   190    -3 10021 -9999 -9999     0 -9999     0
1991 06 22 18   266    34  9925    90    50     0 -9999     0
1991 06 24 21   213    97  9910 -9999 -9999     5 -9999 -9999
1991 06 28 12   302    70 10005   270    10     1 -9999     0
1991 06 30 18   212    88 -9999    80    20     8 -9999     0
1991 06 30 21   155    95 10020     0     0     1 -9999     0
1991 07 01 21   180   141 10003     0     0     7 -9999     0
1991 07 11 18   275    88  9918     0     0     8 -9999     0
1991 07 11 21   232    91  9928   180    20     7 -9999     0
1991 07 14 18   246   104  9908     0     0     0 -9999     0
1991 07 14 21   235    93  9926   220    50     4 -9999     0
1991 07 15 09 -9999 -9999 10057   220    30     7 -9999 -9999
1991 07 15 21   196   146 10017   220    20     7 -9999     0
1991 07 16 15   227   111 10133   280    50     7 -9999 -9999
1991 07 16 18   202    95 10018 -9999 -9999     0 -9999     0
1991 07 17 12   309   117  9977   180    20     1 -9999     0
1991 07 17 21   216    22 -9999   110    30     0 -9999     0
1991 07 18 18   251     6  9966   110    30     0 -9999     0
1991 07 18 21   219 -9999  9969    90    40     0 -9999     0
1991 07 19 12   297   190  9956     0     0     7 -9999     0
1991 07 19 18   255    96  9970     0     0     8 -9999     0
1991 07 20 09   313   104  9983 -9999 -9999     2 -9999 -9999
1991 07 20 18   200   123 10007    90    50     0 -9999     0
1991 07 20 21   177   127 10004    90    30     0 -9999     0
1991 07 21 21   254   -39  9927    90    40     1 -9999     0
1991 07 23 12   301    94  9975 -9999 -9999     1 -9999     0
1991 07 23 21   225    44 -9999    90    40     0 -9999     0
1991 07 24 18   250    91  9952    90    20     7 -9999     0
1991 07 24 21   252    75  9945    90    30     8 -9999     0
1991 07 25 21   271    82  9936    70    20     7 -9999     0
1991 07 26 12   339    76  9920    90    40     1 -9999     0
1991 07 26 18   287    82  9948    90    50     7 -9999     0
1991 07 26 21   266    74  9950    90    30     7 -9999 -9999
1991 07 27 12 -9999 -9999 10004    40    20     7 -9999     0
1991 07 27 18   213    91 10012    70    10     2 -9999     0
1991 07 27 21   227   106 10012     0     0     7 -9999     0
1991 07 28 00   217    83 10021    90    30     7 -9999     0
1991 07 28 12   303    51  9991   110    40     0 -9999     0
1991 07 28 18   231     7 10006    70    40     0 -9999     0
1991 07 29 12   307    16  9994    90    50     7 -9999     0
1991 07 29 18   255    24 10012    90    50     7 -9999     0
1991 07 29 21   231    67 10015     0     0     8 -9999     0
1991 07 30 12   215  -115 10042   250    20     7 -9999     3
1991 07 30 18   188   130 10036     0     0     8 -9999     0
1991 07 30 21   179   134 10034   110    20     8 -9999     0
1991 07 31 12   273   157  9987   220    10     6 -9999     0
1991 07 31 18   184   147  9985     0     0     7 -9999     0
1991 07 31 21   182    89  9978    90    20     1 -9999     0
1991 08 01 21   163    64  9950   110    10     2 -9999     0
1991 08 02 12   301   133  9963   320    20     2 -9999     0
1991 08 02 18   225    99 10028   270    20     5 -9999     0
1991 08 02 21   196   100 10044   250    20     7 -9999     0
1991 08 03 12   259   131 10049 -9999 -9999     6 -9999     0
1991 08 03 18   190   155 10055     0     0     5 -9999     0
1991 08 03 21   166   129 10060    90    10     3 -9999     0
1991 08 04 12   291   134 10001   220    20     0 -9999     0
1991 08 04 18   224   117 10006    40    30     0 -9999     0
1991 08 04 21   198   111 10005    90    30     0 -9999     0
1991 08 05 00   188   116 10021    90    30     0 -9999     0
1991 08 05 12   311    78  9961    90    40     5 -9999     0
1991 08 05 21   222   114  9981    40    20     1 -9999     0
1991 08 06 00   198   115 10000    90    30     4 -9999     0
1991 08 06 12   308   124  9964   110    20     7 -9999     0
1991 08 06 18   280   114  9975     0     0     7 -9999     0
1991 08 06 21   246   141 10000    90    40     8 -9999     0
1991 08 07 12   294   108  9989    40    30     3 -9999     0
1991 08 07 18   239   111  9980    90    20     0 -9999     0
1991 08 07 21   226   111  9970    90    30     0 -9999     0
1991 08 08 09   334   139  9949    90    30     2 -9999 -9999
1991 08 08 12 -9999 -9999  9962    90    40     2 -9999     0
1991 08 08 21   225    68  9960    90    40     0 -9999     0
1991 08 09 12   323    69  9913   110    60     7 -9999     0
1991 08 09 18   228    40  9983 -9999 -9999     8 -9999     0
1991 08 09 21   194    52 10001   250    60     8 -9999     0
1991 08 10 12   196   114 10072   220    10     2 -9999 -9999
1991 08 10 18   125   109 10108     0     0     2 -9999     0
1991 08 10 21   130   118 10115     0     0     8 -9999     0
1991 08 11 12   168   116 10152     0     0     8 -9999    -1
1991 08 11 18   142   125 10148     0     0     8 -9999     5
1991 08 11 21   137   127 10153     0     0     7 -9999     0
1991 08 12 12   198    87 10129   110    20     7 -9999     0
1991 08 12 21   133    92 10131    90    30     0 -9999     0
1991 08 13 12   267    94 10077   200    20     1 -9999     0
1991 08 13 18   167    76 10080    90    20     0 -9999     0
1991 08 13 21   172    93 10080    90    30     0 -9999     0
1991 08 14 18 -9999 -9999 10072     0     0     2 -9999     0
1991 08 14 21   148    48 10072    90    20     1 -9999     0
1991 08 15 12   299    81 10026   110    20     1 -9999     0
1991 08 15 18   230    38 -9999    70    20     0 -9999     0
1991 08 15 21   210    27 10015    90    30     0 -9999     0
1991 08 16 12   315    34  9992    90    50     1 -9999     0
1991 08 16 18   239    17  9990    70    50     0 -9999     0
1991 08 16 21   224     8  9986    70    50     0 -9999     0
1991 08 17 12   316    29  9976    90    50     0 -9999     0
1991 08 17 18   233    -2  9979    70    40     0 -9999     0
1991 08 17 21   202     7  9985    90    50     0 -9999     0
1991 08 18 12   276   186  9979     0     0     4 -9999     0
1991 08 18 18   190    94  9988   110    10     0 -9999     0
1991 08 18 21   184    71  9983    90    20     1 -9999     0
1991 08 19 12   284   198  9990     0     0     2 -9999     0
1991 08 19 18   241    62  9966    90    30     0 -9999     0
1991 08 19 21   216    49  9961    70    30     0 -9999     0
1991 08 20 18   267    45  9894    70    60     0 -9999     0
1991 08 20 21   243    41  9899    90    60     0 -9999     0
1991 08 21 12   315    95  9935   250    50     6 -9999     0
1991 08 21 18   197    81 10005   220    60     3 -9999     0
1991 08 21 21   179    99 10029   220    70     8 -9999     0
1991 08 22 12   165   150 10128     0     0     8 -9999    -1
1991 08 22 18   161   153 10128    90    20     7 -9999    10
1991 08 22 21 -9999 -9999 10124    90    20     2 -9999 -9999
1991 08 23 09   238   101 10098   160    30     8 -9999 -9999
1991 08 23 12   219    99 10114   110    20     8 -9999     0
1991 08 23 18   182   110 -9999     0     0     8 -9999     1
1991 08 23 21   174    93 10123    90    30     8 -9999     0
1991 08 24 12   166   125 10158     0     0     8 -9999     3
1991 08 24 18   133   123 10168   250    20     8 -9999    20
1991 08 24 21   130   125 10174   220    10     8 -9999 -9999
1991 08 25 09   150 -9999 10195   220    10     8 -9999 -9999
1991 08 25 12   139   118 10208   220    10     8 -9999    30
1991 08 25 18   131   117 10203     0     0     8 -9999     5
1991 08 25 21   124   113 10204    90    10     8 -9999 -9999
1991 08 26 09 -9999 -9999 -9999   200    20     7 -9999 -9999
1991 08 26 12   170   137 10205     0     0     7 -9999     0
1991 08 26 21    99    91 10205     0     0     1 -9999     0
1991 08 27 12   210   123 10143     0     0     0 -9999     0
1991 08 27 21    98    83 10115    90    20     1 -9999     0
1991 08 28 12   210    59 10055   250    20     0 -9999     0
1991 08 28 18   130    87 10054     0     0     0 -9999     0
1991 08 28 21   105    80 10055     0     0     0 -9999     0
1991 08 29 18   196    33 10006    90    40 -9999 -9999     0
1991 08 29 21   175    40 10012   110    30     0 -9999     0
1991 08 30 00   173    17 -9999 -9999 -9999 -9999 -9999     0
1991 08 30 09   299   115 10002   140    10     2 -9999 -9999
1991 08 31 09   303   144 10013   320    40     2 -9999 -9999
1991 08 31 12   271   119 10027   290    20     3 -9999     0
1991 08 31 18   152   117 10082   110    20     1 -9999     0
1991 08 31 21   136    92 10086    90    20     1 -9999     0
1991 09 01 06   265   127 10102     0     0     0 -9999     0
1991 09 01 09   282   150 10084   290    20     1 -9999 -9999
1991 09 01 18   128    70 10124     0     0     0 -9999     0
1991 09 01 21   102    46 10116   110    20     0 -9999     0
1991 09 02 01   296   112 10059   250    30     1 -9999 -9999
1991 09 02 12   225   147 10066   220    10     1 -9999     0
1991 09 02 18   173    77 10049     0     0     0 -9999     0
1991 09 02 21    98    79 10070     0     0     0 -9999     0
1991 09 03 12   261    48 10049   250    40     7 -9999     0
1991 09 03 18   126    72 10082     0     0     1 -9999     0
1991 09 03 21   104    60 10098     0     0     1 -9999     0
1991 09 04 12   221   131 10089     0     0     1 -9999     0
1991 09 04 18   130    59 10088    90    10     0 -9999     0
1991 09 04 21   130    23 10081     0     0     0 -9999     0
1991 09 05 12   236   122 10053   180    10     0 -9999     0
1991 09 05 18   131    51 10053     0     0     0 -9999     0
1991 09 05 21   130    54 10052     0     0     0 -9999     0
1991 09 06 12   251   106 10078   140    20     2 -9999     0
1991 09 06 18   187    54 10096    90    50     0 -9999     0
1991 09 06 21   157    53 10092    90    50     0 -9999     0
1991 09 07 00   153    20 10104 -9999 -9999     0 -9999     0
1991 09 07 12   247    96 10034    90    50     0 -9999     0
1991 09 07 18   167    22 10039    90    40     0 -9999     0
1991 09 07 20   158    -3 10050    90    40     0 -9999     0
1991 09 07 21   158    -3 10050    90    40     0 -9999     0
1991 09 08 12   240    85 10081     0     0     7 -9999     0
1991 09 08 15   171    62 -9999     0     0     8 -9999     0
1991 09 08 18   171    62 10091     0     0     8 -9999     0
1991 09 08 21   120    23 10087    90    20     6 -9999     0
1991 09 09 12   208   128 10108     0     0     7 -9999     0
1991 09 09 18   130    87 10111     0     0     0 -9999     0
1991 09 09 21   124    61 10115     0     0     2 -9999     0
1991 09 10 09   294    79 10100   220    20     2 -9999 -9999
1991 09 10 18   192    69 10134    90    20     3 -9999    -1
1991 09 10 21   149    75 10158   320    30     2 -9999     0
1991 09 11 12   246    43 10156   320    30     2 -9999     0
1991 09 11 18   141    53 10174     0     0     6 -9999     0
1991 09 11 21   149    47 10160    90    20     0 -9999     0
1991 09 12 12 -9999 -9999 10119     0     0     1 -9999     0
1991 09 12 18   116    46 10093    90    20     0 -9999     0
1991 09 13 09   287    91 10044   220    20     7 -9999 -9999
1991 09 13 12   213    41 10098   360    60     7 -9999     0
1991 09 13 18   135    60 10131     0     0     8 -9999     0
1991 09 13 21   109    65 10141     0     0     2 -9999     0
1991 09 14 12   175    31 10173     0     0     0 -9999     0
1991 09 14 18    76    -3 10186     0     0     0 -9999     0
1991 09 14 21   100   -44 10172    90    30     0 -9999     0
1991 09 15 18    67    24 10158     0     0     0 -9999     0
1991 09 15 21    43     4 10158     0     0     0 -9999     0
1991 09 16 09 -9999 -9999 -9999   250    40     1 -9999 -9999
1991 09 16 12   214   -18 10145   270    20     0 -9999     0
1991 09 16 18    71    21 10154     0     0     0 -9999     0
1991 09 16 21    53    16 10161     0     0     0 -9999     0
1991 09 17 18   126  -113 10170    90    60     1 -9999     0
1991 09 17 21   107  -143 10163    90    50     0 -9999     0
1991 09 18 21   126  -139 10119 -9999 -9999     1 -9999     0
1991 09 19 12   206 -9999 10111    70    40     1 -9999     0
1991 09 19 18   160  -105 10103    40    40     7 -9999     0
1991 09 19 21   140   -75 10104    90    40     2 -9999     0
1991 09 20 18   132   -21 10129    90    40     7 -9999     0
1991 09 20 21   121   -53 -9999    90    20     7 -9999     0
1991 09 21 09   271     0 -9999     0     0     0 -9999 -9999
1991 09 21 21    80   -33 10149     0     0     0 -9999     0
1991 09 22 12   173    67 10148   180    10     0 -9999     0
1991 09 22 21    53   -49 10139     0     0     0 -9999     0
1991 09 23 12   176    35 10138   200    10     0 -9999     0
1991 09 23 18    74    20 10124     0     0     0 -9999 -9999
1991 09 23 21    80   -67 10107   110    30     0 -9999     0
1991 09 26 12   151    64 10112     0     0     0 -9999     0
1991 09 26 18   100   -47 10107    90    20     0 -9999     0
1991 09 26 21    90   -45 10109    90    30     0 -9999     0
1991 09 27 18 -9999 -9999 10093    90    30     1 -9999     0
1991 10 02 09   168   -70 10277   290    40     1 -9999 -9999
1991 10 02 12    88    -2 10292   220    20     0 -9999     0
1991 10 02 18    46   -35 10286    90    10     0 -9999     0
1991 10 02 21    44   -38 10268    90    20     0 -9999 -9999
1991 10 03 00   -41  -135 10292    90    20     0 -9999 -9999
1991 10 03 18    38   -32 10240     0     0     0 -9999     0
1991 10 03 21     2   -38 10236     0     0     1 -9999     0
1991 10 04 09   202   -56 10218   270    20     1 -9999 -9999
1991 10 05 12 -9999 -9999 10216     0     0     1 -9999     0
1991 10 07 21    44 -9999 -9999    90    10     0 -9999     0
1991 10 08 09   213   -41 10128   220    10     7 -9999 -9999
1991 10 08 12   110    26 10163     0     0     0 -9999     0
1991 10 08 18    84   -64 10142    90    20     2 -9999     0
1991 10 08 21    62   -53 10140    90    20     0 -9999     0
1991 10 09 12   105    27 10168   180    20     0 -9999     0
1991 10 09 18    23   -29 10167     0     0     0 -9999     0
1991 10 09 21    16   -74 10157   110    20     0 -9999     0
1991 10 10 09   210   -40 10157   270    50     2 -9999 -9999
1991 10 10 12   151   -19 10192   270    20     0 -9999     0
1991 10 10 18 -9999 -9999 -9999 -9999 -9999 -9999 -9999     0
1991 10 10 21    16   -16 10185     0     0     0 -9999     0
1991 10 11 00    10   -52 10201    50    20     8 -9999     0
1991 10 11 09   210   -27 10140   220    20     0 -9999 -9999
1991 10 11 12    94    29 10171     0     0     0 -9999     0
1991 10 11 18    72   -73 10118    90    30     0 -9999     0
1991 10 11 21    62   -69 10096    70    40     0 -9999     0
1991 10 12 09   207   -55 10072    90    90     0 -9999 -9999
1991 10 12 12   176   -47 10104    90    50     1 -9999     0
1991 10 12 18   106   -94 10121   110    50     2 -9999     0
1991 10 12 21    88   -74 10125    90    60     1 -9999     0
1991 10 13 12   126   -20 10147   220    20     0 -9999     0
1991 10 13 18    50   -46 10166    90    20     0 -9999     0
1991 10 13 21    21   -48 10163     0     0     7 -9999     0
1991 10 14 09   197   -32 10179   220    10     0 -9999 -9999
1991 10 14 18    63 -9999 10231    90    10     2 -9999     0
1991 10 15 09   166 -9999 10255     0     0     7 -9999 -9999
1991 10 15 12    91     2 10285     0     0     1 -9999     0
1991 10 15 18    50   -43 10280    90    10     0 -9999     0
1991 10 15 21    14   -65 10282    90    10     0 -9999 -9999
1991 10 16 09   177   -57 10236   270    40     0 -9999 -9999
1991 10 16 12    94   -32 10270   220    20     0 -9999     0
1991 10 16 21   -14   -72 10266     0     0     0 -9999 -9999
1991 10 17 09   159   -67 10258   220    10     7 -9999 -9999
1991 10 18 09   176 -9999 -9999   320    30     5 -9999 -9999
1991 10 18 18    10   -67 10246    90    10     0 -9999     0
1991 10 18 21     2   -96 10240    90    10     0 -9999 -9999
1991 10 19 00     5  -110 10264    90    20     0 -9999     0
1991 10 19 12    85    -9 10236     0     0     2 -9999     0
1991 10 20 09   175   -39 10225   270    20     7 -9999 -9999
1991 10 20 12    92 -9999 10257   180    10     7 -9999     0
1991 10 20 18    20   -60 10250    90    20     0 -9999     0
1991 10 20 21    21   -88 10236    90    10     0 -9999 -9999
1991 10 21 09   164   -59 10245   270    40     1 -9999 -9999
1991 10 21 12   115   -33 10278   250    20     7 -9999     0
1991 10 21 18    41   -22 10281     0     0     6 -9999     0
1991 10 21 21    52 -9999 10290   220    20     6 -9999 -9999
1991 10 22 12   110 -9999 10301   250    40     7 -9999     0
1991 10 22 18    77   -79 10287   270    30     8 -9999     0
1991 10 22 21    84   -75 10276   270    30     7 -9999 -9999
1991 10 23 00    64 -9999 10289   270    30     7 -9999     0
1991 10 23 09   161   -72 10259   270    50     2 -9999 -9999
1991 10 23 12   129   -47 10271   220    30     2 -9999     0
1991 10 23 18    27   -47 10254   180    20     7 -9999     0
1991 10 23 21    -5   -53 10241     0     0     1 -9999 -9999
1991 10 24 09   180   -89 10191   250    60     1 -9999 -9999
1991 10 24 12   140   -87 10210   250    60     1 -9999     0
1991 10 24 18    20   -53 10222     0     0     0 -9999     0
1991 10 24 21    -8   -54 10239     0     0     1 -9999 -9999
1991 10 25 09   181   -30 10237   270    30     0 -9999 -9999
1991 10 25 12    80    11 10275     0     0     0 -9999     0
1991 10 25 18    56  -137 10262    90    60     0 -9999     0
1991 10 25 21    40  -137 10264    90    50     0 -9999 -9999
1991 10 26 09   113  -149 10293    90   100     0 -9999 -9999
1991 10 26 12    74  -151 10320    90    70     0 -9999     0
1991 10 26 18 -9999 -9999 10307    90    70     0 -9999     0
1991 10 26 21    -8  -193 10309    90    50     0 -9999 -9999
1991 10 27 09   156   -85 10271   220    10     0 -9999 -9999
1991 10 27 12    50 -9999 10313     0     0     0 -9999     0
1991 10 27 18   -17  -146 10303    90    10     0 -9999     0
1991 10 27 21   -38  -163 10293   110    20     0 -9999 -9999
1991 10 28 00   -47  -168 10326    90    20     0 -9999     0
1991 10 28 09   165   -88 10251   250    30     0 -9999 -9999
1991 10 28 21   -26  -116 10251   110    10     0 -9999 -9999
1991 10 29 00   -34   -66 10278    90    20     0 -9999     0
1991 10 29 09   159   -76 10245   250    30     0 -9999 -9999
1991 10 29 12   106   -67 10274   220    20     0 -9999     0
1991 10 29 18    -5  -102 10263    90    10     0 -9999     0
1991 10 29 21   -30  -102 10259    90    10     0 -9999 -9999
1991 10 30 09   173   -82 10224   270    30     0 -9999 -9999
1991 10 30 12    86   -57 10253   200    10     0 -9999     0
1991 10 30 21   -24  -134 10237    90    20     0 -9999 -9999
1991 10 31 12 -9999 -9999 10271   250    50     7 -9999     0
1991 10 31 18    22  -111 10274   290    30     0 -9999     0
1991 10 31 21    10  -102 10276   200    20     0 -9999 -9999
1991 11 01 00   -28 -9999 -9999   110    20     1 -9999     0
1991 11 01 09   175  -111 10200   270    60     0 -9999 -9999
1991 11 01 18     6  -108 10227   220    20     0 -9999     0
1991 11 01 21   -24   -94 10229     0     0     0 -9999 -9999
1991 11 02 09   160  -121 10243   250    40     2 -9999 -9999
1991 11 02 12   115   -96 10267   270    30     0 -9999     0
1991 11 02 21   -38  -143 10249     0     0     0 -9999 -9999
1991 11 03 09   160  -134 10203   250    20     0 -9999 -9999
1991 11 03 12    45   -69 10240   220    10     0 -9999     0
1991 11 03 18   -23  -144 10183    90    20     0 -9999     0
1991 11 03 21   -47  -141 10165    90    10     0 -9999 -9999
1991 11 04 09   157  -120 10126   250    40     1 -9999 -9999
1991 11 04 12    42   -58 10177     0     0     1 -9999     0
1991 11 04 21    18   -48 10251   320    10     7 -9999 -9999
1991 11 05 09    73  -180 10329   250    50     0 -9999 -9999
1991 11 05 12    32  -182 10360   270    30     0 -9999     0
1991 11 05 18   -62  -178 10381     0     0     0 -9999     0
1991 11 05 21   -75  -225 10361    90    20     0 -9999 -9999
1991 11 06 00   -64  -189 10365    70    40     1 -9999     0
1991 11 06 12     0   -86 10326     0     0     0 -9999     0
1991 11 07 06    75  -133 10284     0     0     0 -9999     0
1991 11 07 09    89  -148 10266   250    40     7 -9999 -9999
1991 11 07 12    46  -135 10289   270    20     7 -9999     0
1991 11 07 18    -6  -114 10280     0     0     7 -9999     0
1991 11 07 21    -8  -138 10291     0     0     7 -9999 -9999
1991 11 08 09    73  -189 10324   270    50     0 -9999 -9999
1991 11 08 12    13  -129 10358   220    20     0 -9999     0
1991 11 08 18   -24  -203 10352    90    50     0 -9999     0
1991 11 08 21   -43  -182 10344    90    50     0 -9999 -9999
1991 11 09 09    87  -141 10297    90    20     1 -9999 -9999
1991 11 09 12    12  -137 10340     0     0     1 -9999     0
1991 11 09 18   -20  -200 10334    90    30     0 -9999     0
1991 11 09 21   -33  -200 10322    90    50     0 -9999 -9999
1991 11 10 09    74  -175 10311    90    50     6 -9999 -9999
1991 11 10 12    30  -179 10339    90    60     0 -9999     0
1991 11 10 18   -33  -200 10336    90    30     1 -9999     0
1991 11 10 21   -37  -202 10337    90    40     5 -9999 -9999
1991 11 11 09    84  -129 10331   250    30     0 -9999 -9999
1991 11 11 12     5  -116 10369     0     0     0 -9999     0
1991 11 11 18   -65  -200 10345    90    20     0 -9999     0
1991 11 12 00   -94  -185 10367   110    10     0 -9999     0
1991 11 12 09    94  -128 10319   270    20     0 -9999 -9999
1991 11 12 12     0  -115 10368     0     0     0 -9999     0
1991 11 12 18   -58  -156 10356    90    10     0 -9999     0
1991 11 12 21   -79  -181 10360    90    20     0 -9999 -9999
1991 11 13 00   -90  -194 10402    90    20     0 -9999     0
1991 11 13 09    96  -105 10352     0     0     0 -9999 -9999
1991 11 13 12    -6   -95 10387     0     0     0 -9999     0
1991 11 13 18   -61  -154 10362    90    20     0 -9999     0
1991 11 13 21   -63  -165 10352    90    20     0 -9999 -9999
1991 11 14 00   -69  -169 10391    90    20     0 -9999     0
1991 11 14 09    77  -129 10345   220    20     0 -9999 -9999
1991 11 14 18   -73  -162 10355    90    10     0 -9999     0
1991 11 14 21   -90  -152 10350     0     0     0 -9999 -9999
1991 11 15 09    86  -137 10320   270    20     1 -9999 -9999
1991 11 15 12   -16   -92 10374     0     0     1 -9999     0
1991 11 15 18   -64  -174 10352    90    20     0 -9999     0
1991 11 15 21   -82  -165 10354    90    20     0 -9999 -9999
1991 11 16 00   -92  -168 10396   110    20     0 -9999     0
1991 11 16 09    68  -139 10352   250    20     0 -9999 -9999
1991 11 16 12    13  -129 10382   270    20     1 -9999     0
1991 11 16 18   -72  -102 10369   200    10     0 -9999     0
1991 11 16 21 -9999 -9999 10361     0     0     1 -9999 -9999
1991 11 17 00   -98  -157 10395    90    10     1 -9999     0
1991 11 17 09    66  -160 10340   250    40     0 -9999 -9999
1991 11 17 12    26  -132 10370   270    20     0 -9999     0
1991 11 17 18   -72  -148 10373     0     0     0 -9999     0
1991 11 17 21   -94  -158 10369    90    10     0 -9999 -9999
1991 11 18 09 -9999 -9999 10335     0     0     0 -9999 -9999
1991 11 18 12   -26   -93 10374     0     0     0 -9999     0
1991 11 18 21   -83  -166 10327    90    20     0 -9999 -9999
1991 11 19 00  -103  -154 10367   110    30     0 -9999     0
1991 11 19 09    45  -131 10307   220    20     0 -9999 -9999
1991 11 19 12   -34   -95 10336     0     0     0 -9999     0
1991 11 19 18   -84  -182 10287    90    20     0 -9999     0
1991 11 19 21  -103  -158 10277    90    20     1 -9999 -9999
1991 11 20 00  -112  -159 10304    90    20     1 -9999     0
1991 11 20 09    57  -146 10255   250    30     6 -9999 -9999
1991 11 20 12     3  -108 10295   290    10     1 -9999     0
1991 11 20 18   -76  -131 10281     0     0     0 -9999     0
1991 11 20 21   -98  -134 10280    90    10     1 -9999     0
1991 11 21 06    50  -125 -9999     0     0     7 -9999     0
1991 11 21 09    64  -116 10279   270    30     7 -9999 -9999
1991 11 21 12   -20   -97 10315     0     0     1 -9999     0
1991 11 21 18   -76  -154 10283     0     0     0 -9999     0
1991 11 21 21   -90  -164 10285    90    20     0 -9999 -9999
1991 11 22 00   -99  -158 10319    90    20     0 -9999     0
1991 11 22 06 -9999 -9999 10302     0     0     0 -9999     0
1991 11 22 09    90 -9999 10295   220    20     0 -9999 -9999
1991 11 22 12   -15   -86 10345     0     0     0 -9999     0
1991 11 22 18   -33  -159 10311    90    30     0 -9999     0
1991 11 22 21   -25  -163 10305    90    50     0 -9999 -9999
1991 11 23 00   -31  -155 10343    90    60     0 -9999     0
1991 11 23 09    71  -151 10298    90    70     2 -9999 -9999
1991 11 23 12    21  -142 10321    90    50     1 -9999     0
1991 11 23 18   -16  -171 10295    70    60     3 -9999     0
1991 11 23 21   -39  -180 10283    90    80     2 -9999 -9999
1991 11 24 00   -50  -182 10293    90    60     0 -9999     0
1991 11 24 09 -9999 -9999 10296   270    60     7 -9999 -9999
1991 11 24 12    12 -9999 10338   220    30     1 -9999     0
1991 11 24 18   -78  -146 10361     0     0     2 -9999     0
1991 11 24 21   -80  -149 10361     0     0     7 -9999 -9999
1991 11 25 00   -62  -122 10379     0     0     7 -9999     0
1991 11 25 09    48  -119 10371   220    20     1 -9999 -9999
1991 11 25 12     1  -130 10383   250    30     0 -9999     0
1991 11 25 18   -93  -169 10382     0     0     4 -9999     0
1991 11 25 21  -110  -157 10381   110    10     1 -9999 -9999
1991 11 26 00  -122  -167 10401    90    10     1 -9999 -9999
1991 11 26 09    56  -150 10334   270    30     0 -9999 -9999
1991 11 26 18   -76  -167 10280    90    30     0 -9999     0
1991 11 26 21   -97  -168 10268    90    20     0 -9999 -9999
1991 11 27 00  -113  -160 10313     0     0     1 -9999     0
1991 11 27 09    57  -161 10269   270    50     1 -9999 -9999
1991 11 27 12 -9999 -9999 -9999   250    50     1 -9999     0
1991 11 27 18 -9999 -9999 10280 -9999 -9999 -9999 -9999     0
1991 11 28 00  -122  -167 10288   140    20     0 -9999     0
1991 11 28 09    61  -149 10272   250    70     6 -9999 -9999
1991 11 28 12    17  -137 10293   220    30     0 -9999     0
1991 11 28 18   -81  -156 10267     0     0     0 -9999     0
1991 11 28 21   -90  -157 10247    90    20     0 -9999 -9999
1991 11 29 00   -68  -166 10235    70    40     0 -9999     0
1991 11 29 09    73  -136 10201    90    20     0 -9999 -9999
1991 11 29 12   -36  -126 10255    90    10     1 -9999     0
1991 11 29 18   -88  -174 10262    70    10     0 -9999     0
1991 11 29 21  -108  -161 10260     0     0     0 -9999 -9999
1991 11 30 00  -117  -168 10294    90    20     1 -9999     0
1991 11 30 09    58  -117 10237   220    20     0 -9999 -9999
1991 11 30 12   -31  -113 10270     0     0     0 -9999     0
1991 11 30 18   -95  -186 10252   110    10     0 -9999     0
1991 11 30 21  -114  -184 10260   110    10     0 -9999 -9999
1991 12 01 00  -111  -179 10308     0     0     7 -9999     0
1991 12 01 09    35  -129 10331   250    50     0 -9999 -9999
1991 12 01 12   -36  -117 10364     0     0     0 -9999     0
1991 12 01 18  -106  -181 10349    90    20     0 -9999     0
1991 12 01 21  -115  -187 10331    90    20     0 -9999 -9999
1991 12 02 09    52  -153 10295   250    50     0 -9999 -9999
1991 12 02 12     1  -140 10317   270    30     0 -9999     0
1991 12 02 18  -101  -190 10274    90    10     0 -9999     0
1991 12 02 21  -110  -187 10258    90    20     0 -9999 -9999
1991 12 03 09    67  -169 10221   270    30     0 -9999 -9999
1991 12 03 12   -18  -135 10265   290    10     0 -9999     0
1991 12 03 21  -119  -207 10258    90    10     0 -9999 -9999
1991 12 04 00  -108  -194 10275     0     0     1 -9999     0
1991 12 04 09    64  -110 10235     0     0     7 -9999 -9999
1991 12 04 12   -23  -168 10261    40    10     7 -9999     0
1991 12 04 18   -20  -217 10217    90    20     2 -9999     0
1991 12 04 21   -48  -162 10215    90    30     1 -9999 -9999
1991 12 05 00   -40  -153 10249    90    20     1 -9999     0
1991 12 05 06    24  -207 10290   250    40     7 -9999 -9999
1991 12 05 09    20  -182 10316   250    50     8 -9999 -9999
1991 12 06 06 -9999 -9999 10328 -9999 -9999 -9999 -9999     0
1991 12 06 09    68  -146 10315   220    30     6 -9999 -9999
1991 12 06 12   -34  -109 10353     0     0     1 -9999     0
1991 12 06 18   -42  -158 10326    90    40     0 -9999     0
1991 12 06 21   -39   -97 10308    90    50     0 -9999 -9999
1991 12 07 09    53   -69 10295    90    50     1 -9999 -9999
1991 12 07 12     0   -95 10313    90    50     1 -9999     0
1991 12 07 18   -31   -99 10283 -9999 -9999     0 -9999     0
1991 12 07 21   -46   -94 10272    70    80     0 -9999 -9999
1991 12 08 00   -54   -92 10289    90    70     1 -9999     0
1991 12 08 09    22  -111 10329   250    40     8 -9999 -9999
1991 12 08 12    -5 -9999 10356   270    10     1 -9999     0
1991 12 08 21   -53  -113 10355     0     0     8 -9999 -9999
1991 12 09 00   -45   -61 10374   270    10     8 -9999     5
1991 12 09 09    31   -68 10380   250    50     7 -9999 -9999
1991 12 09 12   -22  -110 10396     0     0     7 -9999     0
1991 12 09 18   -90  -140 10396    90    20     0 -9999     0
1991 12 09 21   -88  -132 10383    90    30     0 -9999 -9999
1991 12 10 06     2  -124 10388    90    80     0 -9999     0
1991 12 10 09     6  -137 10375    90   100     0 -9999 -9999
1991 12 10 12   -21  -141 10377    90    60     0 -9999     0
1991 12 10 18   -58  -178 10355    90    60     0 -9999     0
1991 12 10 21   -81  -156 10353    90    70     0 -9999 -9999
1991 12 11 00   -93  -162 10372    90    60     2 -9999     0
1991 12 11 09    -2  -103 10351   220    10     7 -9999 -9999
1991 12 11 12   -58  -111 10370     0     0     2 -9999 -9999
1991 12 11 18   -71  -124 10327    70    30     1 -9999     0
1991 12 11 21   -74  -139 10317    70    50     0 -9999 -9999
1991 12 12 00   -74  -128 10332    90    40     0 -9999     0
1991 12 12 09    46  -129 10305   250    50     7 -9999 -9999
1991 12 12 12   -16  -132 10346   270    30     1 -9999     0
1991 12 12 18   -71  -129 10327     0     0     2 -9999     0
1991 12 12 21  -102  -163 10329     0     0     0 -9999 -9999
1991 12 13 00  -117  -175 10343   110    20     1 -9999     0
1991 12 13 09    57   -88 10266   320    20     1 -9999 -9999
1991 12 13 12   -37  -113 10287     0     0     0 -9999     0
1991 12 13 21    -8  -144 10133    90    60     7 -9999 -9999
1991 12 14 09    16   -96 10238   250    60     8 -9999 -9999
1991 12 14 12     2  -100 10268   270    50     8 -9999     0
1991 12 14 18   -50  -135 10269     0     0     1 -9999     0
1991 12 14 21   -69  -116 10265   110    20     7 -9999 -9999
1991 12 15 09    44   -99 10276    90    30     7 -9999 -9999
1991 12 15 12   -28   -96 10326     0     0     7 -9999     0
1991 12 15 21   -17  -133 10285    70    50     7 -9999 -9999
1991 12 16 00   -19  -156 10312    70    50     1 -9999     0
1991 12 16 09    30  -100 10263    90    90     7 -9999 -9999
1991 12 16 12     6  -113 10269    90    80     1 -9999     0
1991 12 16 18   -26  -132 10222    90    70     2 -9999     0
1991 12 16 21   -46  -117 10251   360    20     1 -9999 -9999
1991 12 17 00   -65  -132 10280   180    20     1 -9999     0
1991 12 17 09    32   -91 10219     0     0     7 -9999 -9999
1991 12 17 12   -28   -99 10243    40    20     0 -9999     0
1991 12 18 00   -27  -122 10213    90    60     1 -9999     0
1991 12 18 09    28   -60 10189    90    80     7 -9999 -9999
1991 12 18 12    -7  -144 10238    90    40     7 -9999     0
1991 12 18 18   -59  -144 10302    90    20     7 -9999     0
1991 12 18 21   -84  -161 10315   110    20     2 -9999 -9999
1991 12 19 00   -94  -134 10349   220    20     1 -9999     0
1991 12 19 09     9  -109 10326   270    30     1 -9999 -9999
1991 12 19 12   -49  -117 10344     0     0     0 -9999     0
1991 12 20 00   -79  -141 10290    70    50     0 -9999     0
1991 12 20 06    13  -111 10268    90    40     7 -9999     0
1991 12 20 09    -3  -124 10259   270    30     0 -9999 -9999
1991 12 20 12   -59  -117 10285     0     0     0 -9999     0
1991 12 20 18  -102  -169 10235    90    20     2 -9999     0
1991 12 20 21  -107  -158 10238   110    20     2 -9999 -9999
1991 12 21 00  -114  -161 10265    90    20     6 -9999     0
1991 12 21 09   -14  -107 10299   320    20     7 -9999 -9999
1991 12 21 12   -22  -100 10327   250    30     7 -9999     0
1991 12 21 18   -86  -134 10332     0     0     2 -9999     0
1991 12 21 21  -113  -148 10338    90    10     1 -9999 -9999
1991 12 22 00  -108  -142 10335    90    20     1 -9999     0
1991 12 22 06   -36  -128 10336    90    70     0 -9999     0
1991 12 22 09   -42  -138 10336    70    60     0 -9999 -9999
1991 12 22 12   -82  -145 10342    90    50     0 -9999     0
1991 12 22 18  -137  -214 10332    90    50     0 -9999     0
1991 12 22 21  -126  -213 10330    90    50     0 -9999 -9999
1991 12 23 00  -152  -228 10357    90    40     0 -9999     0
1991 12 23 09   -73  -169 10335   200    30     7 -9999 -9999
1991 12 23 12  -104  -193 10364     0     0     2 -9999     0
1991 12 23 18  -142  -213 10346    90    10     7 -9999     0
1991 12 23 21  -145  -216 10343    90    20     7 -9999 -9999
1991 12 24 00  -149  -213 10355    90    10     7 -9999     0
1991 12 24 09   -45  -156 10341   270    40     7 -9999 -9999
1991 12 24 12   -95  -153 10366     0     0     6 -9999     0
1991 12 24 18  -111  -188 10334     0     0     7 -9999     0
1991 12 24 21  -115  -194 10333     0     0     7 -9999 -9999
1991 12 25 00  -109  -158 10347     0     0     8 -9999    -1
1991 12 25 09   -72  -106 10361   270    30     7 -9999 -9999
1991 12 25 12   -95  -154 10390   270    40     7 -9999    -1
1991 12 25 18  -162  -214 10435    90    40     7 -9999     0
1991 12 25 21  -183  -231 10456    90    30     0 -9999 -9999
1991 12 26 00  -196  -242 10484    70    40     0 -9999     0
1991 12 26 09  -136  -249 10489    90    50     0 -9999 -9999
1991 12 26 12  -186  -256 10517    70    40     0 -9999     0
1991 12 26 18  -245  -306 10505    90    30     0 -9999     0
1991 12 26 21  -245  -310 10496    70    50     0 -9999 -9999
1991 12 27 00  -245  -318 10508    90    50     0 -9999     0
1991 12 27 09  -134  -247 10461    90    60     0 -9999 -9999
1991 12 27 12  -191  -276 10485    90    60     0 -9999     0
1991 12 27 18  -216  -288 10449    90    40     0 -9999     0
1991 12 27 21  -221  -287 10445    90    30     0 -9999 -9999
1991 12 28 00  -233  -295 10474    90    20     0 -9999     0
1991 12 28 09  -110  -256 10449   220    10     0 -9999 -9999
1991 12 28 12   -53  -120 -9999   270    10     0 -9999     0
1991 12 28 18  -220  -288 10443    90    20     0 -9999     0
1991 12 29 00  -247  -308 10457    90    30     1 -9999     0
1991 12 29 09   -65  -216 10373   200    20     1 -9999 -9999
1991 12 29 12  -144  -228 10410     0     0     0 -9999     0
1991 12 29 18  -214  -261 10381    90    20     0 -9999     0
1991 12 29 21  -214  -267 10369     0     0     1 -9999 -9999
1991 12 30 09   -90  -201 10371 -9999 -9999     0 -9999 -9999
1991 12 30 18  -205  -247 10393     0     0     0 -9999     0
1991 12 30 21 -9999 -9999 -9999    90    20     0 -9999 -9999
1991 12 31 09   -56  -179 10368   220    20     0 -9999 -9999
1991 12 31 12  -126  -194 10401     0     0     0 -9999     0
1991 12 31 18  -197  -236 10378    90    20     0 -9999     0
1991 12 31 21  -212  -249 10371   110    30     0 -9999 -9999
