1975 01 10 00  -110  -170 10335     0     0     7 -9999 -9999
1975 01 25 18  -130  -200 10350   220    30     0 -9999 -9999
1975 02 04 12   -40 -9999 10230   270    10     3 -9999 -9999
1975 02 19 06   -80  -190 10424   320   110     3 -9999 -9999
1975 02 25 18     0 -9999 10227   290    40     2 -9999 -9999
1975 02 26 12   -30  -250 10318   270    30     0 -9999 -9999
1975 03 19 06    50  -180 10280   270    60     0 -9999 -9999
1975 03 24 00   -20   -80 10219    70    40     8 -9999 -9999
1975 03 25 18     0   -60 10198   110    20     2 -9999 -9999
1975 04 06 12   120   -80 10050   190    30     7 -9999 -9999
1975 04 21 00    60    20 10155     0     0     3 -9999 -9999
1975 04 22 18 -9999 -9999 -9999   130    40     5 -9999 -9999
