1983 01 01 00  -153  -200 10354     0     0     0 -9999     0
1983 01 05 06   -30 -9999 10207   250    80     0 -9999     0
1983 01 05 12   -63  -210 10232   250    30     0 -9999     0
1983 01 07 00  -203  -274 10507   200    30     0 -9999     0
1983 01 07 12  -135  -313 -9999   220    30     0 -9999     0
1983 01 08 00  -204  -274 10432     0     0     0 -9999     0
1983 01 08 18 -9999 -9999 10422   340    20     0 -9999     0
1983 01 13 09   -41  -183 10333   350    20     0 -9999 -9999
1983 01 20 00  -141  -183 10467     0     0     2 -9999     0
1983 01 21 09   -56  -244 10473   220    30     0 -9999 -9999
1983 01 28 12    20   -65 10210    20    10 -9999 -9999     0
1983 02 09 09     4  -147 10220   270    20     1 -9999 -9999
1983 02 18 09    20  -291 10217   270    60     0 -9999 -9999
1983 02 24 18   -34   -96 10261   200    30     2 -9999     0
1983 03 10 09    98  -210 10160   180    20     7 -9999 -9999
1983 03 11 21  -132 -9999 -9999    40    10     0 -9999     0
1983 03 17 09   115  -220 10181   180    40     0 -9999 -9999
1983 03 20 18    87 -9999 -9999 -9999 -9999 -9999 -9999     0
1983 03 20 21    76 -9999 10084   140    30     8 -9999 -9999
1983 03 29 12 -9999 -9999 -9999     0     0     8 -9999 -9999
1983 04 08 18 -9999 -9999 10087 -9999 -9999     5 -9999    -1
1983 04 11 18    70 -9999 10051   250    30     0 -9999     0
1983 04 20 06    66   -23 10234    90    20     8 -9999     0
1983 05 04 00 -9999 -9999 10191     0     0     8 -9999    -1
1983 05 10 12   204   101 -9999 -9999 -9999     7 -9999     0
1983 05 29 12   181   136 10031     0     0     0 -9999     0
1983 06 03 00   324   125 -9999   180    30 -9999 -9999     0
1983 06 06 12   155   114 10119 -9999 -9999     7 -9999     0
1983 06 09 18   128    96 -9999   180    30     0 -9999     0
1983 06 19 21   157   100 10077 -9999 -9999 -9999 -9999 -9999
1983 06 30 12   175   115 10024   110    20     7 -9999     5
1983 07 09 18   178   167 10081   160    20     8 -9999     0
1983 07 15 06   292    57 10028   320    20     1 -9999     0
1983 07 17 12   291   126  9978   110    30     7 -9999     0
1983 07 24 09   247   146  9963     0     0     7 -9999 -9999
1983 07 27 00   218   186 10011   200    40     1 -9999     0
1983 08 03 12   235   141 -9999    70    40     7 -9999    -1
1983 08 09 21   237   166 10022   160    40     2 -9999 -9999
1983 08 19 00 -9999 -9999 10156   290    10     8 -9999 -9999
1983 09 16 21   117    71 10101   280    20     0 -9999 -9999
1983 09 21 00   131   124 10167   340    20     8 -9999    -1
1983 10 21 21    75    72 10245    40    30     9 -9999 -9999
1983 11 17 00  -109  -175 10387 -9999 -9999 -9999 -9999     0
1983 11 18 18    16   -23 10271   320    20     0 -9999     0
1983 11 24 00   -20  -169 10326    70    30     4 -9999     0
1983 11 29 12    -1  -160 10727   360    30     0 -9999     0
1983 12 04 12    27   -23 10306   270    20     0 -9999     0
1983 12 07 18 -9999 -9999 -9999     0     0     0 -9999     0
1983 12 18 00   -45  -135 10281   180    20     8 -9999     0
1983 12 31 12   -68   -96 10309   270    10     8 -9999    -1
