1981 01 01 00  -180  -210 10412   300    20     1 -9999 -9999
1981 01 02 00  -190  -220 10380    70    20     3 -9999 -9999
1981 01 04 12   -80  -100 10353    10    20     0 -9999 -9999
1981 01 06 00  -130  -190 10365    20    30     7 -9999 -9999
1981 01 06 06   -30  -200 10338    90    30     7 -9999     0
1981 01 07 00  -120  -160 10350     0     0     1 -9999 -9999
1981 01 08 00  -140  -170 10372     0     0     5 -9999 -9999
1981 01 08 03   -90  -180 10375   220    20     7 -9999 -9999
1981 01 09 18  -130 -9999 10344   150    30     0 -9999     0
1981 01 10 00  -150  -190 10468   220    40     0 -9999 -9999
1981 01 12 12 -9999 -9999 -9999   320    20     2 -9999 -9999
1981 01 13 03   -60  -210 10301   110    10     0 -9999 -9999
1981 01 13 06    20  -190 10212   100    60     2 -9999     0
1981 01 14 00   -90  -210 10288    40    20     2 -9999 -9999
1981 01 15 03   -80  -190 10498     0     0     6 -9999 -9999
1981 01 15 18  -140 -9999 10427     0     0     0 -9999 -9999
1981 01 15 21  -160  -200 10424     0     0     0 -9999 -9999
1981 01 17 12   -70  -150 10330    40    30     8 -9999 -9999
1981 01 19 06   -30  -170 10296    20    20     5 -9999     0
1981 01 19 12   -60  -140 10321    70    10     0 -9999 -9999
1981 01 19 18   -90  -150 10319     0     0     8 -9999     0
1981 01 20 00  -100  -190 10312    10    10     7 -9999 -9999
1981 01 20 06   -50  -180 10327    40    40     0 -9999     0
1981 01 20 12  -100  -230 10362    70    70     7 -9999 -9999
1981 01 20 18  -140  -210 10312     0     0     0 -9999 -9999
1981 01 22 00   -80  -110 10291   110    40     8 -9999    -1
1981 01 22 18  -100  -110 10191   110    30     8 -9999    -1
1981 01 22 21  -140 -9999 10409 -9999 -9999     8 -9999 -9999
1981 01 23 18  -300 -9999 10382     0     0     8 -9999     0
1981 01 24 12  -170  -220 10531     0     0     0 -9999 -9999
1981 01 26 03  -190 -9999 -9999 -9999 -9999     0 -9999 -9999
1981 01 27 00  -120  -270 10490    80    20     1 -9999 -9999
1981 01 27 18  -180  -210 10391   110    20     2 -9999     0
1981 01 27 21  -180 -9999 10398   110    20     0 -9999 -9999
1981 01 28 00  -220  -240 10396     0     0     0 -9999 -9999
1981 01 29 00  -180  -210 10391     0     0     6 -9999 -9999
1981 01 29 18  -150  -190 10319   110    10     0 -9999     0
1981 01 30 18  -200  -310 10316   120    30     0 -9999     0
1981 01 30 21  -100  -110 10305   150    50     0 -9999 -9999
1981 02 03 18  -100  -110 10298   110    10     7 -9999     0
1981 02 04 00  -130  -220 10299     0     0     0 -9999    70
1981 02 05 00  -130  -160 10366    90    20     1 -9999 -9999
1981 02 05 03   -50  -180 10375   140    20     1 -9999 -9999
1981 02 05 06   -20  -160 10328   320    20     1 -9999 -9999
1981 02 05 18  -100  -210 10412   110    20     0 -9999     0
1981 02 05 21  -120  -190 10312    80    40     0 -9999 -9999
1981 02 07 06    20 -9999 10240   250    50     2 -9999     0
1981 02 07 12   -20  -160 10260   270    40     0 -9999 -9999
1981 02 09 09   -40  -210 10310   290    60     1 -9999 -9999
1981 02 09 12   -40  -240 10227   270    30     0 -9999 -9999
1981 02 09 21  -110  -120 10212   120    30     0 -9999 -9999
1981 02 10 03   -40  -290 10302   110    50     0 -9999 -9999
1981 02 12 00   -60  -190 10139   310    30     1 -9999 -9999
1981 02 12 03    80   -60 10091   110    20     0 -9999 -9999
1981 02 12 21   -40  -150 10103   220    40     0 -9999 -9999
1981 02 14 06    50  -110 10159   290    50     6 -9999     0
1981 02 14 12   -20  -180 10227    20    40     7 -9999 -9999
1981 02 16 00  -110  -190 10354     0     0     6 -9999 -9999
1981 02 16 06 -9999 -9999 -9999    10    40     2 -9999     0
1981 02 16 18   -30   -40 10257   180    20     8 -9999     5
1981 02 16 21   -60   -90 10211   110    60     5 -9999 -9999
1981 02 17 12   -20  -120 10254     0     0     5 -9999 -9999
1981 02 17 18   -40  -110 10231     0     0     7 -9999     0
1981 02 17 21   -30   -70 10210   110    40     8 -9999 -9999
1981 02 18 03   -50  -180 10300    70    50     2 -9999 -9999
1981 02 19 00   -30  -170 10229   360    40     8 -9999 -9999
1981 02 19 18 -9999 -9999 -9999     0     0     7 -9999 -9999
1981 02 21 09    70  -270 10122   250    40     7 -9999 -9999
1981 02 21 18   -40  -120 10152   250    10     0 -9999     0
1981 02 24 00  -100  -290 10401   110    30     0 -9999 -9999
1981 02 24 18  -180  -210 10419   110    60     6 -9999     0
1981 02 25 00  -190  -340 10445   250    30     0 -9999 -9999
1981 02 25 21  -160  -280 10399     0     0     0 -9999 -9999
1981 02 26 00  -180  -250 10409   110    50     0 -9999 -9999
1981 02 26 21  -100  -210 10232   110    50     7 -9999 -9999
1981 02 27 21  -100  -200 10352     0     0 -9999 -9999 -9999
1981 02 28 06    20  -200 10283    40    20     0 -9999     0
1981 03 02 00   -60  -160 10234     0     0     8 -9999 -9999
1981 03 02 21   -40  -190 10299   150    50     0 -9999 -9999
1981 03 03 00   -60  -210 10310   110    60     5 -9999 -9999
1981 03 03 06    40 -9999 10288 -9999 -9999     3 -9999 -9999
1981 03 03 18   -20  -190 10238     0     0     0 -9999     0
1981 03 03 21   -90  -210 10298   250    40     0 -9999 -9999
1981 03 05 00   -90  -240 10374   270    20     0 -9999 -9999
1981 03 05 03 -9999 -9999 -9999   270    20     0 -9999 -9999
1981 03 05 09    40  -340 10354   290    30     0 -9999 -9999
1981 03 05 15   -40  -290 10362   250    20     0 -9999 -9999
1981 03 05 18   -90  -290 10312   110    20     0 -9999     0
1981 03 05 21   -70  -110 10240   160    70     0 -9999 -9999
1981 03 09 00   -60  -190 10294   150    20     0 -9999 -9999
1981 03 09 06    40  -210 10234     0     0     0 -9999     0
1981 03 09 09    70  -110 10221     0     0     0 -9999 -9999
1981 03 09 12    10  -100 10239   110    20     0 -9999 -9999
1981 03 10 00   -10  -170 10230   110    20     0 -9999 -9999
1981 03 10 06 -9999 -9999 -9999   110    50     0 -9999 -9999
1981 03 10 18   -40  -110 -9999   310    30     1 -9999     0
1981 03 11 03   250    10 10253   220    90     2 -9999 -9999
1981 03 11 18    30   -70 10147   180    10     0 -9999     0
1981 03 12 00    20   -80 10267   220    50     7 -9999     0
1981 03 12 18    30  -130 10194   220    30     0 -9999     0
1981 03 12 21    20  -180 10211   320    20     7 -9999 -9999
1981 03 13 18    10  -140 10142    40    20     0 -9999     0
1981 03 14 06    70  -160 10252   340    20     0 -9999     0
1981 03 14 09    70  -140 10342   240    20     0 -9999 -9999
1981 03 14 12 -9999  -130 10358    90    20     0 -9999 -9999
1981 03 14 18    20  -150 10306   110    10     1 -9999     0
1981 03 16 00   -40  -110 10199    90    30     0 -9999 -9999
1981 03 16 06   160   -60 10128     0     0     0 -9999     0
1981 03 16 12   130   -60 10128     0     0     0 -9999 -9999
1981 03 17 00    20  -110 10198     0     0     0 -9999 -9999
1981 03 17 03   100   -60 10138   110    20     0 -9999 -9999
1981 03 17 06   150  -160 10130    40    20     1 -9999     0
1981 03 17 12   100   -50 10158   220    20     7 -9999 -9999
1981 03 17 18    30   -60 10139     0     0     0 -9999     0
1981 03 19 00    20   -80 10166    20    40     2 -9999     0
1981 03 19 03   100  -210 10131   110    10     4 -9999 -9999
1981 03 19 18   -10   -10 10108    80    10     0 -9999     0
1981 03 19 21   -10   -90 10218     0     0     1 -9999 -9999
1981 03 21 12    80   -60 10154    70    40     0 -9999 -9999
1981 03 22 18   150   -30  9982   160    70     8 -9999    -1
1981 03 23 00    60    10 -9999   160    20     8 -9999    10
1981 03 23 03    50    20 10097   210    30     8 -9999 -9999
1981 03 23 12    20     0 10121   110    30     5 -9999    20
1981 03 23 18    30   -60 10190   170    30     8 -9999 -9999
1981 03 24 00    10    10 10125     0     0     7 -9999    80
1981 03 24 12   -20  -120 10180   280    50     0 -9999 -9999
1981 03 24 18   -60   -60 10298   110    90     8 -9999     0
1981 03 25 00   -40  -110 10374   340    30     2 -9999 -9999
1981 03 25 12    20   -80 10252   210    30     3 -9999 -9999
1981 03 26 00   -40   -80 10206    40    10     0 -9999 -9999
1981 03 26 03    30   -10 10198    80    30     0 -9999 -9999
1981 03 26 18    20   -90 10131   110    20     5 -9999     0
1981 03 26 21    10   -60 10139   110    30     7 -9999 -9999
1981 03 28 12    70   -80 10204   200    20     3 -9999 -9999
1981 03 30 00    10   -50 10131    10    20     8 -9999     0
1981 03 30 06   140     0 10094    70    40     7 -9999     0
1981 03 30 12    80   -10 10131   110    40     7 -9999 -9999
1981 03 31 00     0     0 10128    10    40     8 -9999    60
1981 03 31 09   120 -9999 10172    90    30     7 -9999 -9999
1981 03 31 12    90  -130 10212    40    50     7 -9999 -9999
1981 03 31 18     0   -10 10129    10    30     0 -9999     0
1981 04 02 18    80   -60 10132    70    50     8 -9999     0
1981 04 03 12   110    20 10110   250    50     8 -9999 -9999
1981 04 04 00    40   -20 10105   260    20     7 -9999     0
1981 04 04 06   140    20 10068   280    30     3 -9999    -1
1981 04 04 12   210    40 10079   340    20     2 -9999    -1
1981 04 05 00 -9999 -9999 10203   270    30     7 -9999 -9999
1981 04 06 06   140   -60 10139   110    40     7 -9999     0
1981 04 06 09   210    10 10131     0     0     1 -9999 -9999
1981 04 06 12   120   -90 10132   110    30     7 -9999 -9999
1981 04 06 18   110     0 10094   140    50     8 -9999    -1
1981 04 07 00    90     0 10138   110    60     7 -9999 -9999
1981 04 07 03   290   -10 10212   110    20     0 -9999 -9999
1981 04 07 06   210   -10 10161   110    30     0 -9999 -9999
1981 04 07 09   250    20 10091   260    70     8 -9999 -9999
1981 04 07 18    90 -9999 10112   160    40     2 -9999    -1
1981 04 08 03   210    50 10137   190    20     0 -9999 -9999
1981 04 09 00    40    10 10139   110    50     3 -9999 -9999
1981 04 09 03   -10 -9999 10128   100    30     0 -9999 -9999
1981 04 09 12   130   -30 10152    50    40     8 -9999 -9999
1981 04 09 18    70   -40 10165    40    20     5 -9999 -9999
1981 04 09 21    50   -70 10149    40    50     6 -9999 -9999
1981 04 10 09   260     0 10125   360    20     7 -9999 -9999
1981 04 11 03    90   -10 10160   290    60     7 -9999 -9999
1981 04 11 06   260 -9999 10135   290    40     2 -9999     0
1981 04 11 12   200   -70 10284    40    50     0 -9999 -9999
1981 04 13 18    40   -30 10190   120    20     0 -9999     0
1981 04 13 21    30 -9999 10194   170    10     0 -9999 -9999
1981 04 14 03    60   -60 10198   110    30     1 -9999 -9999
1981 04 14 06   240   -30 10123 -9999 -9999     2 -9999    -1
1981 04 14 12   240   -50 10091   290    40     7 -9999    -1
1981 04 16 00    90    10 10169 -9999 -9999     0 -9999     0
1981 04 16 18    60   -10 10191     0     0     7 -9999     0
1981 04 16 21    90   -60 10191   110    20     8 -9999 -9999
1981 04 20 12    80    10 10125   100    60     7 -9999    -1
1981 04 21 06   160    30 10146   250    30     1 -9999     0
1981 04 21 12   260    20 10123   250    30     7 -9999 -9999
1981 04 23 18 -9999 -9999 10200   110    30     0 -9999 -9999
1981 04 25 09   220 -9999 10154   220    40     6 -9999 -9999
1981 04 25 12   280  -110 10153   200    20     7 -9999 -9999
1981 04 25 18   220   -60 10135   250    30     0 -9999     0
1981 04 27 06    90  -100 10195   110    90     5 -9999    -1
1981 04 27 12    90  -110 10193   310    20     1 -9999 -9999
1981 04 28 00    30   -60 10191   110    70     2 -9999     0
1981 04 30 00   120   -60 10068   240    20     1 -9999     0
1981 04 30 18   160    40  9999   100    60     0 -9999     0
1981 05 02 12    90  -200 10287   270    50     0 -9999 -9999
1981 05 03 18    60   -40 10191     0     0     0 -9999     0
1981 05 04 00    70  -160 10167   120    50     7 -9999     0
1981 05 04 06   160  -110 10128   110    30     7 -9999     0
1981 05 04 09   190  -210 10098   190    90     8 -9999 -9999
1981 05 04 21   100  -130 10119   290    30     1 -9999 -9999
1981 05 05 09   250 -9999 10009   290    40     7 -9999 -9999
1981 05 05 12   230   -80 10000 -9999 -9999     7 -9999 -9999
1981 05 06 00   160   -30 10012   100    20     7 -9999 -9999
1981 05 07 00   240    30  9985     0     0     5 -9999 -9999
1981 05 07 18   190    10 10009    10    90     0 -9999     0
1981 05 08 18   110    10 10099    90    20     2 -9999     0
1981 05 11 18    50   -40 10154   120    20     0 -9999     0
1981 05 12 00   130  -110 10123   310    20     1 -9999     0
1981 05 12 18   130  -190 10010   110    30     8 -9999     0
1981 05 14 00   140  -120 10092   290    30     2 -9999 -9999
1981 05 14 03   140  -190 10085   110    60     8 -9999 -9999
1981 05 14 18  -180 -9999 10140   270    30     2 -9999     0
1981 05 15 21    90   -40 10120   220    30     0 -9999 -9999
1981 05 16 12   180   -70 10112    20    80     1 -9999 -9999
1981 05 18 12   -50 -9999 10198    10    10     1 -9999 -9999
1981 05 19 12   220   -20 10225    40    30     2 -9999 -9999
1981 05 20 00   250   -20 10233    90    40     2 -9999 -9999
1981 05 21 18   150    90 10108     0     0     2 -9999     0
1981 05 21 21   100    90 10138    10    10     8 -9999 -9999
1981 05 22 18   110    50 10150   110    10     0 -9999     0
1981 05 23 12   250   100 10055    40    30     7 -9999 -9999
1981 05 24 00   180    70 10056     0     0     1 -9999 -9999
1981 05 26 12   220   -20 10087   270    50     7 -9999 -9999
1981 05 26 18   110     0 10139   340    60     0 -9999    -1
1981 05 27 00   120    10 10279   320    40     2 -9999 -9999
1981 05 28 18   160   -40 10097    20    20     1 -9999     0
1981 05 30 21   130    20 10154    70    30     8 -9999 -9999
1981 06 01 06   110    10 10098    10    30     8 -9999 -9999
1981 06 02 12   220     0 10115    20    20     0 -9999 -9999
1981 06 02 18   130  -110 10138     0     0     0 -9999     0
1981 06 03 00   150    20 10150   100    20     0 -9999 -9999
1981 06 03 18   260    10 10110    10    20     0 -9999     0
1981 06 03 21   260   -10 10105    10    30     0 -9999 -9999
1981 06 04 00   280    40 10219    90    40     0 -9999 -9999
1981 06 04 21   150    30 10019    20    10     6 -9999 -9999
1981 06 05 12   260    50 10028     0     0     2 -9999 -9999
1981 06 06 00   200    50 10049     0     0     0 -9999 -9999
1981 06 06 06   320    70 10034     0     0     7 -9999     0
1981 06 06 12 -9999 -9999 -9999     0     0     7 -9999 -9999
1981 06 08 00   290   100 10073   110    20     2 -9999 -9999
1981 06 08 06   260    10 10015   110    30     2 -9999 -9999
1981 06 08 09   250    90 10042   160    20     7 -9999 -9999
1981 06 08 12 -9999 -9999 -9999   110    20     7 -9999 -9999
1981 06 08 21 -9999 -9999 10047   200    30     8 -9999 -9999
1981 06 09 00   -50 -9999 10098   320    30     2 -9999 -9999
1981 06 09 12   210   100 10063    20    60     7 -9999    -1
1981 06 09 18   130 -9999 -9999   110    40     2 -9999     0
1981 06 10 00   290    90 10113    90    30     7 -9999     5
1981 06 11 00   170    90 10127    70    20     0 -9999 -9999
1981 06 11 03   200     0 10118    20    40     2 -9999 -9999
1981 06 11 18   100    10 10015   110    30     7 -9999     0
1981 06 13 06   320    70  9985    40    60     0 -9999     0
1981 06 13 12   290    80  9973    40    30     8 -9999 -9999
1981 06 14 18   180   160 10023     0     0     8 -9999     3
1981 06 16 00   290    70 10054    10    50     7 -9999 -9999
1981 06 16 18   120   120 10019     0     0     7 -9999     0
1981 06 17 00   200   120 10054   250    30     2 -9999 -9999
1981 06 18 18   210   190 10098     0     0     6 -9999     0
1981 06 19 06   300   150 10009   110    60     7 -9999 -9999
1981 06 19 18   190   110 10009   120    10     7 -9999     0
1981 06 20 00   180   160 10017    20    20     7 -9999 -9999
1981 06 20 06   250   130 10010   360    80     7 -9999     0
1981 06 20 12   220    90 10043    20    20     1 -9999 -9999
1981 06 23 18   280   110 10013   110    30     2 -9999 -9999
1981 06 24 00   220   120 10005   220    30     7 -9999 -9999
1981 06 27 06   270    30 10051   250    30     7 -9999     0
1981 06 29 00   210   100  9976   180    60     7 -9999 -9999
1981 06 30 06   290    90  9942   250    20     7 -9999     0
1981 07 02 00   290   270 10025   220    30     8 -9999 -9999
1981 07 02 06 -9999 -9999 -9999    20    30     8 -9999    -1
1981 07 02 12   290   160 10014   140    30     8 -9999    20
1981 07 04 06   250   120 10036    40    70     2 -9999     0
1981 07 04 12   250   230 10036     0     0     1 -9999 -9999
1981 07 06 06   410   190 10095    20    30     2 -9999     0
1981 07 06 12   290   160 10058     0     0     1 -9999 -9999
1981 07 07 00   130   100 10095   110    20     7 -9999 -9999
1981 07 08 00   280   260 10091     0     0     7 -9999 -9999
1981 07 08 03   250   140 10057    70    20     5 -9999 -9999
1981 07 09 00   220   130 10064   210    30     1 -9999 -9999
1981 07 09 03   110   110 10095     0     0     1 -9999 -9999
1981 07 09 18   200   110 10012   140    20     0 -9999     0
1981 07 10 00 -9999   130 10018   110    20     0 -9999 -9999
1981 07 10 12   270   130  9985    20    40     1 -9999 -9999
1981 07 11 06   280   130  9937     0     0     7 -9999    -1
1981 07 13 06   160  -240 10096   340    30     8 -9999 -9999
1981 07 13 12   290 -9999 10010   100    30     8 -9999 -9999
1981 07 13 18   190   160 10057     0     0     1 -9999     0
1981 07 14 00   410   200 10015     0     0     8 -9999    50
1981 07 14 12   300   100  9997   220    30     2 -9999 -9999
1981 07 14 18 -9999 -9999 -9999 -9999 -9999     8 -9999     0
1981 07 16 00   580   180 10018   110    30     0 -9999 -9999
1981 07 18 06   340   140  9990   240    70     4 -9999     0
1981 07 18 12   320   230  9982   160    30     2 -9999 -9999
1981 07 20 06   450   230 10095     0     0     5 -9999     0
1981 07 21 12   320 -9999 10036     0     0     7 -9999 -9999
1981 07 21 18   180   130 10018     0     0     8 -9999     0
1981 07 22 00 -9999 -9999 -9999    40    30     2 -9999 -9999
1981 07 23 12   300   210  9981   360    20     5 -9999 -9999
1981 07 23 18   190   130 10018   310    20     1 -9999     5
1981 07 24 06   230   170 10045    40    80     7 -9999 -9999
1981 07 24 18   190   160 10045    70    30     1 -9999     0
1981 07 25 00   210   140 10019     0     0     7 -9999    -1
1981 07 25 06   290   210 10022    40    20     1 -9999     0
1981 07 25 12   260   200 10001    90    20     7 -9999    -1
1981 07 27 12   220   190 10013    10    20     6 -9999 -9999
1981 07 28 00   290   290 10018   100    20     8 -9999 -9999
1981 07 28 06   320   230 10024   270    20     2 -9999     0
1981 07 28 12   300   270 10002    90    20     6 -9999 -9999
1981 07 30 00   240   200 10028   130    30     2 -9999    -1
1981 08 01 06   290   200  9985   250    80     7 -9999     0
1981 08 02 12   230   190 10091    90    30     2 -9999 -9999
1981 08 02 18 -9999 -9999 -9999    40    30     0 -9999     0
1981 08 07 12   250   130 10033    70    20     1 -9999 -9999
1981 08 07 18   290   110 10054   170    20     0 -9999 -9999
1981 08 08 12   260   190 10001   250    20     1 -9999 -9999
1981 08 11 18   180   120 10098     0     0     0 -9999     0
1981 08 11 21   130   100 10093   110    30     0 -9999 -9999
1981 08 12 00   270   120 10030    70    20     7 -9999 -9999
1981 08 12 18   180   130 10000    40    20     1 -9999     0
1981 08 13 00   260   130 10010   310    60     1 -9999 -9999
1981 08 13 18   400   210 10013   110    90     8 -9999 -9999
1981 08 15 12   250   160 10044     0     0     1 -9999 -9999
1981 08 16 12   260   130 10047     0     0     1 -9999 -9999
1981 08 16 21   150   130 10057     0     0     1 -9999 -9999
1981 08 17 00   290   160 10073   140    20     6 -9999 -9999
1981 08 18 00   210   140 10041    90    20     7 -9999 -9999
1981 08 18 12   230   230 10035   280    50     7 -9999    -1
1981 08 20 00   270   150 10058   250    40     0 -9999 -9999
1981 08 20 18 -9999 -9999 -9999   110    20     6 -9999     0
1981 08 22 12   250   120 10009    40    20     6 -9999 -9999
1981 08 23 00   210   160 10000   110    20     8 -9999 -9999
1981 08 24 00   290   120 10044   140    20     7 -9999 -9999
1981 08 24 12   170 -9999 10074   270    10     8 -9999 -9999
1981 08 25 12   220    90 10096     0     0     6 -9999 -9999
1981 08 27 09   200   100 10056   180    20     3 -9999 -9999
1981 08 28 00   270   140 10028   270    30     7 -9999 -9999
1981 08 29 00   240    50 10085     0     0     0 -9999 -9999
1981 08 29 06   260     0 10043   250    80     1 -9999     0
1981 08 31 06   200   190 10100     0     0     7 -9999     0
1981 08 31 18   190 -9999 10117   110    20 -9999 -9999     0
1981 09 01 15   200   150 10113   180    40     7 -9999 -9999
1981 09 03 00   430   100 10135   320    30     2 -9999 -9999
1981 09 03 15   270   140 10140     0     0     0 -9999 -9999
1981 09 03 18   250   140 10147    10    20     0 -9999     0
1981 09 04 18   150   120 10171   230    30     8 -9999    10
1981 09 08 06   -60 -9999 10098     0     0     7 -9999 -9999
1981 09 08 18    90    10 10212    20    20     2 -9999     0
1981 09 09 00   210    80 10226     0     0     6 -9999 -9999
1981 09 10 00   220    80 10163     0     0     0 -9999 -9999
1981 09 10 12 -9999 -9999 10202     0     0     1 -9999 -9999
1981 09 10 18   160   130 10108     0     0     7 -9999     5
1981 09 12 00   220    60 10221   210    20     0 -9999     0
1981 09 12 18   220    70 10121     0     0     8 -9999     0
1981 09 13 18   130 -9999 10219   250    20     7 -9999     0
1981 09 14 00   120    90 10227   250    20     2 -9999 -9999
1981 09 15 06   240    30 10201   250    20     2 -9999     0
1981 09 16 00   150    90 10188     0     0     1 -9999 -9999
1981 09 17 00 -9999    90 10138   110    40     4 -9999 -9999
1981 09 17 03   190    90 10138   110    30     2 -9999 -9999
1981 09 17 15   170   -20 10103   270    20     2 -9999 -9999
1981 09 19 00   170    50 10079   220    30     4 -9999 -9999
1981 09 21 00   110    40 10165    70    10     6 -9999 -9999
1981 09 21 06   130    90 10131   110    30     7 -9999     0
1981 09 22 06   250    80 10146    70    30     7 -9999 -9999
1981 09 22 12   290    80 10144     0     0     7 -9999 -9999
1981 09 23 00   250   200 10240   160    20     2 -9999 -9999
1981 09 24 00   240 -9999 10128   280    20     0 -9999 -9999
1981 09 25 12   220   100 10064   360    20     8 -9999 -9999
1981 09 27 12   100   -20 10240     0     0     2 -9999 -9999
1981 09 28 18   200    10 10147   150    20     0 -9999     0
1981 09 29 06   180   -30 10136   250    40     2 -9999     0
1981 09 29 12   250     0 10134   250    20     0 -9999 -9999
1981 09 30 00    90     0 10164   170    20     3 -9999     0
1981 10 01 03   -10  -110 10191    10    30     0 -9999 -9999
1981 10 01 12   230   -30 10155    40    40     7 -9999 -9999
1981 10 01 18 -9999 -9999 -9999    40    40     0 -9999 -9999
1981 10 02 18 -9999 -9999 10152   110    40     1 -9999     0
1981 10 03 06   240    70 10156   270    60     8 -9999 -9999
1981 10 03 12    80    40 10209   220    20     8 -9999    20
1981 10 05 12   -60 -9999 10138     0     0     0 -9999 -9999
1981 10 06 18   -90  -190 -9999    10    30     0 -9999     0
1981 10 07 12  -210  -210 10209   270    30     0 -9999 -9999
1981 10 11 15   100 -9999 10216   250    20     1 -9999 -9999
1981 10 14 00   -20   -80 10302     0     0     0 -9999 -9999
1981 10 15 00 -9999 -9999 10302     0     0     0 -9999     0
1981 10 15 18    90    10 10128 -9999 -9999     0 -9999     0
1981 10 16 15   100   -50 -9999    20    40 -9999 -9999 -9999
1981 10 17 06   220   -40 10173   270    70     2 -9999     0
1981 10 19 09    60    60 10209   180    20     8 -9999 -9999
1981 10 19 12   130    10 10198   110    40     8 -9999 -9999
1981 10 20 00    80    50 10274     0     0     7 -9999     0
1981 10 20 06   130    50 -9999    40    20     8 -9999     0
1981 10 20 12    20   -50 10256    20    30     8 -9999    -1
1981 10 22 00   -60  -150 10458   270    20     2 -9999 -9999
1981 10 22 09   -50  -180 10320 -9999 -9999     3 -9999 -9999
1981 10 23 18   -20  -170 10309   250    20     0 -9999     0
1981 10 26 06   140   -10 10212   110    30     6 -9999     0
1981 10 26 12   160   -10 10123   100    60     8 -9999 -9999
1981 10 27 06    80  -120 10266   270    70     2 -9999     0
1981 10 27 12    30   -60 10303   270    40     0 -9999 -9999
1981 10 28 18     0   -80 10200   220    20     0 -9999     0
1981 10 29 00   -20   -80 10183     0     0     0 -9999 -9999
1981 10 29 12    80   -80 10177   290    30     0 -9999 -9999
1981 10 30 00 -9999 -9999 -9999    40    40     2 -9999     0
1981 10 30 12   100   -50 10223     0     0     0 -9999 -9999
1981 11 03 00   -40  -190 10291 -9999 -9999     1 -9999 -9999
1981 11 06 18   -70  -170 10379    30    30     0 -9999 -9999
1981 11 08 06    10  -140 10406   270    60     5 -9999     0
1981 11 10 12   -20  -100 10344     0     0     0 -9999 -9999
1981 11 10 18   -50  -110 10138     0     0     0 -9999     0
1981 11 11 06    70   -10 10243   180    30     0 -9999     0
1981 11 12 00    30   -10 10193   110    20     0 -9999 -9999
1981 11 13 00   -80  -150 10352     0     0     0 -9999 -9999
1981 11 13 06 -9999 -9999 10300    70    20     0 -9999     0
1981 11 13 12     0  -150 10305    20    20     6 -9999 -9999
1981 11 14 00   -20   -80 10259   250    30     8 -9999 -9999
1981 11 15 00   -10  -140 10210   250    70     2 -9999 -9999
1981 11 17 06     0  -140 10275    40    30     1 -9999     0
1981 11 17 12   -20   -80 10294    20    20     0 -9999 -9999
1981 11 18 00   -60   -90 10267   240    20     2 -9999 -9999
1981 11 20 00   -80  -120 10338     0     0     0 -9999 -9999
1981 11 21 06     0   -70 10238    70    40     8 -9999    -1
1981 11 23 21     0   -20 10235   180    30     8 -9999 -9999
1981 11 25 00   -90  -240 10276   160    20     8 -9999     3
1981 11 26 00  -190  -210 10411    10    10     2 -9999 -9999
1981 11 26 18  -130  -180 10519     0     0     2 -9999     0
1981 11 28 00  -100  -120 10356   250    20     2 -9999 -9999
1981 11 28 06    20  -120 10328   250    50     0 -9999     0
1981 11 29 00   -70 -9999 10376    10    20     8 -9999 -9999
1981 11 29 09   -20  -140 10397   340    90     3 -9999 -9999
1981 12 01 18  -100  -110 10519   110    20     0 -9999     0
1981 12 02 00  -190  -270 10485    70    40     0 -9999 -9999
1981 12 03 00  -130 -9999 10390   110    30     0 -9999 -9999
1981 12 04 06   -40  -210 10361   360    30     8 -9999     0
1981 12 07 09   -60  -120 10236     0     0     7 -9999 -9999
1981 12 09 00  -130  -160 10429     0     0     1 -9999 -9999
1981 12 10 00   -90  -110 10391   110    30     2 -9999 -9999
1981 12 11 00  -120  -170 10387     0     0     0 -9999 -9999
1981 12 14 00  -150  -190 10253     0     0     6 -9999 -9999
1981 12 15 12   -50  -150 10348   250    20     3 -9999 -9999
1981 12 15 18   -90  -130 10349    40    30     2 -9999     0
1981 12 16 03  -110  -140 10424   340    20     7 -9999 -9999
1981 12 17 00  -160  -230 10523   250    20     7 -9999 -9999
1981 12 19 12   -30  -190 -9999     0     0     7 -9999 -9999
1981 12 20 00  -150  -190 10427     0     0     0 -9999 -9999
1981 12 21 00  -240 -9999 10379     0     0     2 -9999 -9999
1981 12 22 03   -80  -200 10391     0     0     0 -9999 -9999
1981 12 24 00  -140  -190 10279   220    40     2 -9999 -9999
1981 12 24 18   -40  -150 10256   250    70     3 -9999 -9999
1981 12 25 00   -60  -170 10273   220    60     2 -9999 -9999
1981 12 26 18   -20  -140 10182   290    30     1 -9999     0
1981 12 28 21  -200  -250 10297 -9999 -9999     0 -9999 -9999
1981 12 29 06   -60  -230 10328   210    90     0 -9999     0
1981 12 29 21  -180  -210 10310   110    30     0 -9999 -9999
1981 12 30 06   -30  -210 10275   290    60     0 -9999     0
1981 12 31 09 -9999 -9999 10285     0     0     7 -9999 -9999
1981 12 31 12  -130  -190 10301     0     0     0 -9999 -9999
1981 12 31 18  -130  -190 10298     0     0     0 -9999     0
