1989 07 06 12   257   174  9995 -9999 -9999     7 -9999    -1
1989 07 08 09   250 -9999 10076 -9999 -9999 -9999 -9999 -9999
1989 07 11 12   243    84 10074 -9999 -9999     1 -9999     0
1989 07 15 12   269   136 10009 -9999 -9999     8 -9999    -1
1989 07 16 18   195   173  9992 -9999 -9999     0 -9999     0
1989 07 18 06   268   138 10018 -9999 -9999     2 -9999    -1
1989 07 22 18   206   171 10042 -9999 -9999     8 -9999     0
1989 07 24 18   193    70 10068 -9999 -9999     2 -9999     0
1989 07 25 12   209   149 10035 -9999 -9999     7 -9999     0
1989 07 25 18   136   109 10113 -9999 -9999     0 -9999     0
1989 07 26 18   147    69 10125 -9999 -9999     0 -9999     0
1989 07 27 18 -9999 -9999 10117 -9999 -9999     0 -9999     0
1989 07 29 12   288   133 10014 -9999 -9999     2 -9999     0
1989 07 29 18   251    63 10007 -9999 -9999     0 -9999     0
1989 07 29 21   157    99 10560 -9999 -9999     1 -9999 -9999
1989 07 30 09   224    88 -9999 -9999 -9999     6 -9999 -9999
1989 07 30 12   238    64 10030 -9999 -9999     7 -9999     0
1989 07 30 18 -9999 -9999 10021 -9999 -9999     0 -9999 -9999
1989 08 02 12   234   186 10059 -9999 -9999     2 -9999     0
1989 08 03 12   202   185 10077 -9999 -9999     7 -9999 -9999
1989 08 06 12 -9999 -9999 10062 -9999 -9999     2 -9999   210
1989 08 10 12   280   139 10008   230    30     1 -9999     0
1989 08 13 18   242   121 10004   160    30     1 -9999     0
1989 08 24 12   234   120 10080    40    10     0 -9999     0
1989 08 25 12   230   139 10092     0     0     8 -9999     0
1989 08 26 06   274   115 10082     0     0     7 -9999     0
1989 08 27 18   160   154 10059     0     0     0 -9999     0
1989 09 03 18   250   120 10080   160    10     8 -9999 -9999
1989 09 08 18   139 -9999 10147 -9999 -9999     8 -9999     0
1989 09 09 12   177   149 10119 -9999 -9999     3 -9999    10
1989 09 12 12   202    58 10088 -9999 -9999     0 -9999     0
1989 09 15 12   193    79 10158 -9999 -9999     4 -9999     0
1989 09 18 18    63    11 10290 -9999 -9999     0 -9999     0
1989 09 21 12   195    75 10050 -9999 -9999     0 -9999     0
1989 09 22 12   181    58 10089 -9999 -9999     2 -9999     0
1989 09 23 12   135   -40 -9999 -9999 -9999     1 -9999     0
1989 09 25 18    82    69 10289 -9999 -9999     2 -9999    20
1989 09 27 12   117    39 10219 -9999 -9999     0 -9999     0
