1984 01 25 12   -72  -147 10363   220    10     0 -9999     0
1984 02 09 12   -70  -258 10289    40    30     8 -9999     0
1984 02 11 21   -97  -109 10272   140    10     0 -9999 -9999
1984 03 16 09    75  -292 10171   220    40     7 -9999 -9999
1984 03 18 09    46  -292 10245   340    20     1 -9999 -9999
1984 04 11 12   140    12 10102   160    40     7 -9999     0
1984 04 13 21    88    -8 10033     0     0     0 -9999 -9999
1984 04 18 06   -51  -120 -9999   120    10     8 -9999 -9999
1984 04 19 12   118  -210 10062   290    50     8 -9999     0
1984 04 22 18   109    32 10169   220    40     8 -9999     0
1984 04 28 21    15   -92 10131     0     0     0 -9999 -9999
1984 05 05 21   110    43 10157   290    20     0 -9999 -9999
1984 05 18 12   157   105 10104   110    20     8 -9999     0
1984 05 24 21   111   101 10136   200    30     8 -9999 -9999
1984 06 01 21   215    36  9951   250    20     7 -9999 -9999
1984 06 10 09   304   -18  9990    90    10     7 -9999 -9999
1984 06 19 12   227   115 10032    40    20     7 -9999     0
1984 07 09 06 -9999 -9999 10017   240    50     7 -9999     0
1984 07 17 21   186   183 10037     0     0     8 -9999 -9999
1984 07 18 18 -9999 -9999 10016    70    20     8 -9999     0
1984 07 21 06   247   160 10017   240    10     8 -9999    -1
1984 07 27 09   313    54 -9999   250    10     1 -9999 -9999
1984 07 27 12   274   108  9969   110    10     1 -9999     0
1984 08 02 00   192   179 10012   180    40     8 -9999     3
1984 08 02 18   211   140  9996   170    30     7 -9999     0
1984 08 05 18   182   153 10077   220    10     0 -9999     0
1984 08 19 18 -9999 -9999 -9999   250   170     8 -9999     5
1984 08 24 18   135   116 -9999    40    70     0 -9999     0
1984 09 04 21   157   145 10047   150    30     7 -9999 -9999
1984 09 15 12   184    94 10362   340    10     6 -9999     0
1984 09 18 12   153    48 10040     0     0     0 -9999     0
1984 09 20 12 -9999 -9999 10152 -9999 -9999     8 -9999    -1
1984 09 22 12   181   130 10174   110    30     5 -9999 -9999
1984 09 28 12   113 -9999 10145     0     0     0 -9999     0
1984 10 14 21    70     4 10160 -9999 -9999     6 -9999 -9999
1984 10 15 18    55   -72 10236   250    30     0 -9999     0
1984 10 26 00     3   -79 10283   220    20     0 -9999     0
1984 11 06 18    34   -23 10236   180    20     0 -9999     0
1984 11 29 21   -43  -114 10313   250    30     0 -9999 -9999
1984 12 08 06 -9999 -9999 10255   160    20     7 -9999     0
1984 12 09 18 -9999 -9999 10250    40    10     0 -9999     0
1984 12 20 21  -146  -191 10432   360    10     7 -9999 -9999
1984 12 27 09  -124  -175 10442 -9999 -9999 -9999 -9999 -9999
