1982 01 05 12   -84  -260 10328     0     0     0 -9999 -9999
1982 01 05 18  -214  -275 10342   100    20     2 -9999 -9999
1982 01 07 00 -9999 -9999 10155     0     0     0 -9999 -9999
1982 01 07 18   -56  -159 10269   190    40     2 -9999 -9999
1982 01 10 12   -29  -114 10210    40    20     0 -9999 -9999
1982 01 11 06 -9999 -9999 10158   130    50     0 -9999 -9999
1982 01 12 00  -368  -382 10168   190    40     0 -9999 -9999
1982 01 13 00 -9999 -9999 10353     0     0     0 -9999 -9999
1982 01 14 06   -59  -191 -9999    10    20     8 -9999 -9999
1982 01 14 12  -143 -9999 10321    10    90     0 -9999 -9999
1982 01 14 18 -9999 -9999 10436    40    20     0 -9999 -9999
1982 01 15 18  -146  -259 10111   160    30     8 -9999 -9999
1982 01 18 12 -9999 -9999 10267   190    40     0 -9999 -9999
1982 01 19 00  -168  -220 10302     0     0     0 -9999 -9999
1982 01 20 00 -9999 -9999 10363     0     0     1 -9999 -9999
1982 01 21 00 -9999 -9999 10289     0     0     0 -9999 -9999
1982 01 22 00 -9999 -9999 10309   160    30     0 -9999 -9999
1982 01 23 12 -9999 -9999 10337   110    20     7 -9999 -9999
1982 01 25 12   -56  -354 10258     0     0     0 -9999 -9999
1982 01 27 00  -126  -260 10212   190    50     0 -9999 -9999
1982 01 28 00  -162  -258 10463    40    30     6 -9999 -9999
1982 01 28 12  -106  -220 -9999     0     0     7 -9999 -9999
1982 01 28 18 -9999 -9999 10262   190    20     0 -9999 -9999
1982 01 30 00  -166  -292 10362     0     0     2 -9999 -9999
1982 01 30 12 -9999 -9999 10328    20    20     0 -9999 -9999
1982 02 01 00  -166 -9999 -9999     0     0     2 -9999 -9999
1982 02 02 12 -9999 -9999 10347    20    50     8 -9999 -9999
1982 02 04 00 -9999 -9999 10254 -9999 -9999     1 -9999 -9999
1982 02 05 00 -9999 -9999 -9999 -9999 -9999     8 -9999 -9999
1982 02 05 18  -149  -258 10349     0     0     0 -9999 -9999
1982 02 07 12   -35  -160 10311    70    30     7 -9999 -9999
1982 02 08 12   -64  -268 10358 -9999 -9999     0 -9999 -9999
1982 02 08 21   -49   -83 10375     0     0     8 -9999 -9999
1982 02 09 00   -88  -200 10196    70    40     7 -9999     0
1982 02 12 12   -11  -142 10328    70    30     0 -9999     0
1982 02 12 18   -65  -183 10333    40    20     0 -9999     0
1982 02 15 06    12  -300 10265    10    30     0 -9999     0
1982 02 15 12   -55  -315 -9999     0     0     0 -9999     0
1982 02 16 00 -9999 -9999 10252     0     0     8 -9999     0
1982 02 16 06     9 -9999 10203    20    30     0 -9999     0
1982 02 16 12 -9999 -9999 10296    20    30     0 -9999     0
1982 02 18 00   -56  -214 10293   200    30     1 -9999     0
1982 02 18 12    18  -114 10201   290    40     4 -9999     0
1982 02 19 00 -9999 -9999 10234   200    30     0 -9999     0
1982 02 22 12    58   -65 10263     0     0     8 -9999 -9999
1982 02 23 00 -9999 -9999 10163     0     0     7 -9999     0
1982 02 23 18   -28  -309 10263   120    10     0 -9999     0
1982 02 24 00   -96  -147 10287     0     0     0 -9999     0
1982 02 25 00   -68  -235 10266    70    30     6 -9999     0
1982 02 25 18 -9999 -9999 10259     0     0     0 -9999     0
1982 02 27 00 -9999 -9999 10237   220    10     5 -9999     0
1982 02 28 06    29  -195 10303   170    30     0 -9999     0
1982 02 28 12    -5  -154 10307   140    10     0 -9999     0
1982 03 02 18     0  -158 10265   190    40     7 -9999     0
1982 03 04 00   -78  -100 10237    20    30     1 -9999     0
1982 03 04 06   -12  -175 10228    40    50     7 -9999     0
1982 03 04 18  -104  -354 10256   110    20     8 -9999     0
1982 03 08 00   -75  -220 10161   150    40     0 -9999     0
1982 03 09 06   200 -9999 10218   250    70     0 -9999     0
1982 03 09 12    66  -267 10246   270    20     0 -9999     0
1982 03 10 00   -23  -292 -9999   250    70     1 -9999     0
1982 03 13 00     4   -96 10176   270    30     7 -9999     0
1982 03 16 03   -13  -341 10160 -9999 -9999 -9999 -9999 -9999
1982 03 18 00   -40  -242 -9999    40    30     8 -9999     0
1982 03 18 18    20     1 10100   190    20     7 -9999     0
1982 03 20 00   -22  -147 10263   200    30     1 -9999     0
1982 03 20 12   104  -167 10063   250    30     4 -9999     0
1982 03 21 00     6  -119 10075 -9999 -9999     4 -9999     0
1982 03 21 12   133   -83 10063   250    20     7 -9999     0
1982 03 21 18    48   -83 10027 -9999 -9999     0 -9999     0
1982 03 23 12    42  -235 10339    20    10     8 -9999     0
1982 03 23 18   -16  -358 10165   110    40     0 -9999     0
1982 03 24 00   -35  -146 -9999    90    20     7 -9999     0
1982 03 25 12    33   -39 10263    90    10     3 -9999     0
1982 03 30 12   148    18 10095    40    20     7 -9999     0
1982 03 31 00    77   -28 10123   290    20     3 -9999     0
1982 03 31 09   187  -135 10093   220    30     6 -9999 -9999
1982 03 31 12 -9999 -9999 10132     0     0     7 -9999     0
1982 03 31 18    98  -105 10106   250    20     7 -9999     0
1982 04 02 00    28  -109 10273   320    30     8 -9999     0
1982 04 05 00    53   -93 10120 -9999 -9999     0 -9999     0
1982 04 09 00    -6  -160 10233   140    20     0 -9999     0
1982 04 09 18    30    18 10251     0     0     8 -9999    10
1982 04 10 18    83    -1 10182   270    40     8 -9999     0
1982 04 17 06   148   -87 10159 -9999 -9999 -9999 -9999     0
1982 04 19 12   307 -9999 -9999   110    60     8 -9999     0
1982 04 22 00   107    14 10133   290    30     0 -9999     0
1982 04 22 18   111   -76 10122   220    30     0 -9999     0
1982 04 23 21    98   -61 10059   200    20     0 -9999 -9999
1982 04 25 12   169     1 10053   140    30     2 -9999     0
1982 04 27 18     5   -29 10159    90    20     0 -9999     0
1982 04 28 00    39  -100 10216     0     0     0 -9999     0
1982 04 28 06   160  -240 10170   270    20     0 -9999     0
1982 04 28 21    64   -96 10129   180    20     1 -9999     0
1982 04 29 00    70   -68 10143     0     0     7 -9999     0
1982 04 29 12   159   -96 10141   360    40     6 -9999     0
1982 04 30 12   174   -72 10083   270    20     2 -9999     0
1982 05 03 06    63  -328 -9999   310    80     1 -9999     0
1982 05 03 18    96   -71 10077   250    20     2 -9999     0
1982 05 04 00   146  -141  9961   220    50     0 -9999     0
1982 05 05 00    91  -154 -9999   150    40 -9999 -9999     0
1982 05 07 00   162    30  9982   150    60     8 -9999     0
1982 05 09 18   120    -9 10059   120    30     0 -9999     0
1982 05 11 00    92   -38 10167    80    50     7 -9999     0
1982 05 12 00    72   -34 10320   290    50     1 -9999     0
1982 05 13 00    75   -32 10275   250    50     7 -9999     0
1982 05 14 12 -9999 -9999 10124   250    40     6 -9999 -9999
1982 05 17 00   144   -15 10086   220    20     1 -9999     0
1982 05 17 18   149    38 10102     0     0     0 -9999     0
1982 05 19 00   133   -61 10105   150    20     0 -9999     0
1982 05 20 00   162     1 10130   250    20     0 -9999     0
1982 05 20 18   173    21 10060    50    10     0 -9999     0
1982 05 23 00   198    20 10088    90    10     6 -9999     0
1982 05 27 00   210    78 10032   140    20     0 -9999     0
1982 05 27 06   232    54 -9999   270    40     3 -9999     0
1982 05 27 18   321   162 -9999    10    40     0 -9999 -9999
1982 05 28 06   348    68  9974   290    30     7 -9999     0
1982 05 28 12   285    67  9986   200    50     7 -9999    -1
1982 05 29 06   296   115 10000    40    30     0 -9999     0
1982 05 30 00   190    94 10054 -9999 -9999 -9999 -9999     0
1982 05 30 06   216   135 -9999   160    30     5 -9999     0
1982 06 10 00   197    44 10097    90    30     7 -9999     0
1982 06 11 00   174    53 10071   220    70     7 -9999     0
1982 06 14 12   165    56 10056 -9999 -9999     7 -9999     0
1982 06 17 18   193   103 10017     0     0     0 -9999     0
1982 06 24 00   197    36  9985   220    40     6 -9999     0
1982 06 24 18   142    64 10031    20    30     0 -9999 -9999
1982 06 25 00   149    54 -9999    40    30     8 -9999     0
1982 06 29 00   109    64 10056     0     0     1 -9999     0
1982 06 30 00   200  -169 10146   160    10     0 -9999     0
1982 07 01 00   224 -9999  9974   140    10     7 -9999     0
1982 07 02 00   194   127 -9999   160    40     8 -9999     3
1982 07 02 18 -9999 -9999 -9999   190   100     0 -9999     0
1982 07 03 12   256   124 10019     0     0     3 -9999     0
1982 07 06 21   206   145  9996   100   410     7 -9999 -9999
1982 07 07 12   259   153  9955   140    50     7 -9999     0
1982 07 08 18    65    65 -9999   110    40     8 -9999 -9999
1982 07 11 00   176    67 10047     0     0     0 -9999     0
1982 07 11 18   231    28  9966   250    20     7 -9999     0
1982 07 15 21   164    51 10059   250    20     7 -9999 -9999
1982 07 18 12   266     4 10019   160    10     2 -9999     0
1982 07 20 18   212   124 10026    20    10     7 -9999     0
1982 07 21 12   224   133 10049   220    10     6 -9999    -1
1982 07 22 00 -9999 -9999 10063     0     0     8 -9999     0
1982 07 23 12   247    57 -9999   200    30     7 -9999     0
1982 07 24 06 -9999 -9999 10001   220    20     1 -9999     0
1982 07 24 12   289   116  9972     0     0     1 -9999     0
1982 07 25 12   269   132  9987    70    20     4 -9999     0
1982 07 27 06   279   125 10043    40    30     1 -9999     0
1982 07 27 12   265   147 10036    70    30     1 -9999     0
1982 07 29 18   285   152 10062   180    20     8 -9999     0
1982 07 30 06   264   141 10036   140    10     4 -9999     0
1982 07 31 21   180   163 10023    70    30     1 -9999 -9999
1982 08 04 12   259    88  9992   200    40     1 -9999     0
1982 08 05 18   160   150 -9999   110    30     0 -9999     0
1982 08 07 06   275   127  9995   180    40     1 -9999     0
1982 08 09 18   169   121 10072     0     0     3 -9999     0
1982 08 12 18   211    99 10067   220    10     0 -9999     0
1982 08 13 12 -9999 -9999 10065   160    50     2 -9999     0
1982 08 14 00   216   153 10084   140    30     2 -9999     0
1982 08 18 09   249    39 10109   270    30     7 -9999     0
1982 08 18 12   200    98 10112    90    30     6 -9999     0
1982 08 18 18   173    74 10118   250    60     0 -9999     0
1982 08 21 00   173   123 10088    40    10     0 -9999     0
1982 08 21 06   276   123 10063    90    40     3 -9999     0
1982 08 26 00   171   124 10106 -9999 -9999     7 -9999     0
1982 08 26 18   201   123 10058    70    60     7 -9999     0
1982 08 27 00   190   127 10070    10    10     8 -9999     0
1982 08 27 06   185 -9999 10070    20    40     8 -9999     1
1982 08 28 00   148   105 10114    20    30     7 -9999     0
1982 08 28 12 -9999 -9999 10072     0     0     6 -9999     0
1982 08 31 18 -9999 -9999 10121   260    10     0 -9999     1
1982 09 01 12   153   138 10158    20    10     0 -9999 -9999
1982 09 04 12   184    69 10157    70    20     1 -9999     0
1982 09 04 18   131    67 10163   100    10     0 -9999     0
1982 09 07 12   189    52 10177    70    20     7 -9999     0
1982 09 09 00   106    39 10223    40    20     7 -9999     0
1982 09 10 00   116    67 10192    10    10     6 -9999     0
1982 09 11 00   124    89 10095   250    40     8 -9999     0
1982 09 15 06   253    83 10123   210    20     4 -9999     0
1982 09 15 12   198 -9999 10146   320    40     6 -9999     0
1982 09 16 00   139   107 10167    70    20     0 -9999     0
1982 09 16 12   187   140 10152    90    50     6 -9999     0
1982 09 17 00   135   111 10173    90    20     2 -9999     0
1982 09 17 06   235    99 10137   180    30     6 -9999     0
1982 09 17 12   199    69 10139   280    30     4 -9999     0
1982 09 18 12   195   105 10146   320    10     3 -9999     0
1982 09 19 00   134    93 10163   220    10     1 -9999     0
1982 09 20 00   122    52 10173    90    40     2 -9999     0
1982 09 23 06   298    84 10126 -9999 -9999 -9999 -9999     0
1982 09 23 12   214   114 10080   140    20     7 -9999     0
1982 09 24 12   164     1 10165   270    10     8 -9999    -1
1982 09 25 18 -9999 -9999 -9999    20    30     0 -9999     0
1982 09 27 03   114   -83 10283   220    10     0 -9999 -9999
1982 09 29 00 -9999 -9999 10195     0     0     8 -9999     0
1982 10 01 12   172    26 10178     0     0     7 -9999     0
1982 10 02 21    91 -9999 -9999   220    10     7 -9999 -9999
1982 10 03 06   212    12 10208   220    10     0 -9999     0
1982 10 05 12   147    26 10204     0     0     2 -9999     0
1982 10 08 00 -9999 -9999 10169    90    10     0 -9999     0
1982 10 08 06 -9999 -9999 10123    90    30     0 -9999     0
1982 10 09 18   177 -9999 -9999   180    20     7 -9999     0
1982 10 16 12   244     1 10268 -9999 -9999     0 -9999 -9999
1982 10 21 12   121    24 -9999    20    20     6 -9999     0
1982 10 23 06   111   -39 10296    70    30     1 -9999     0
1982 10 26 06    73    62 10140   160    30     8 -9999     0
1982 11 02 18    -9   -32 10235   180    10     0 -9999     0
1982 11 04 18    53    46 -9999     0     0     7 -9999     0
1982 11 05 00    13   -26 10229   150    10     8 -9999     0
1982 11 13 18   -55  -124 10326   220    30     0 -9999     0
1982 11 16 06    -3   -96 10220    20    20     7 -9999     0
1982 11 17 12    22 -9999 10321   340    20     0 -9999     0
1982 11 19 06    44  -124 10311    90    10     0 -9999     0
1982 11 20 18    -5   -76 10243   270    20     8 -9999     0
1982 11 22 00   -90  -154 -9999   220    40     0 -9999     0
1982 11 27 00   -56   -92 10361   320    10     8 -9999     0
1982 11 27 18   -52   -79 10348   220    30     0 -9999    -1
1982 11 29 06    28  -160 10298   250    70     0 -9999     0
1982 12 02 00   -92  -175 10290   250    40     0 -9999     0
1982 12 04 00  -134  -210 10429   360    40     2 -9999     0
1982 12 04 06  -110  -231 10459    20    60     0 -9999     0
1982 12 08 06   -25  -175 10294    70    50     0 -9999     0
1982 12 09 18   -92  -200 10292   250    30     0 -9999     0
1982 12 14 06   -16  -147 -9999    90    10     8 -9999 -9999
1982 12 16 00  -114 -9999 -9999   270    20     0 -9999     0
1982 12 17 21   -58  -175 -9999   360    20     0 -9999 -9999
1982 12 23 12   -77  -183 10340     0     0     0 -9999     0
1982 12 24 00  -145  -175 10452    70    20     1 -9999     0
1982 12 26 18   -66  -210 10215   250    40     0 -9999     0
1982 12 27 12   -32  -200 10205   270    30     0 -9999     0
1982 12 28 12   -62  -175 10227     0     0     0 -9999     0
1982 12 29 12   -69  -147 10325     0     0     0 -9999     0
1982 12 30 00  -149  -183 10336     0     0     2 -9999     0
1982 12 30 12   -73  -175 10218    60    20     1 -9999     0
1982 12 31 00  -117  -154 10216     0     0     0 -9999     0
