1991 01 01 00  -130  -212 -9999    90    20     0 -9999     0
1991 01 01 06   -42  -181 -9999   220    20     0 -9999     0
1991 01 01 09   -30  -207 -9999     0     0     0 -9999 -9999
1991 01 01 21  -113  -206 -9999    90    30     0 -9999 -9999
1991 01 02 00  -120  -203 -9999     0     0     1 -9999     0
1991 01 02 06   -41  -170 -9999     0     0     1 -9999     0
1991 01 02 09   -48  -178 -9999   320    30     1 -9999 -9999
1991 01 02 21  -127  -194 -9999    70    20     7 -9999 -9999
1991 01 03 00  -130 -9999 -9999     0     0     1 -9999     0
1991 01 03 09   -46  -181 -9999     0     0     0 -9999 -9999
1991 01 03 21  -119  -193 -9999    90    40     0 -9999 -9999
1991 01 04 00  -110  -187 -9999    90    30     0 -9999     0
1991 01 04 09 -9999 -9999 -9999   220    30     1 -9999 -9999
1991 01 04 21   -80  -249 -9999    90    20     0 -9999 -9999
1991 01 05 00 -9999 -9999 -9999   140    40     0 -9999     0
1991 01 05 09    14  -217 -9999   180    20     0 -9999 -9999
1991 01 05 21   -85  -194 -9999    20    30     0 -9999 -9999
1991 01 06 09   -40  -190 -9999   340    30     0 -9999 -9999
1991 01 06 21  -113  -222 -9999     0     0     0 -9999 -9999
1991 01 07 00  -133  -222 -9999 -9999 -9999     0 -9999     0
1991 01 07 09   -17  -215 -9999 -9999 -9999     0 -9999 -9999
1991 01 07 21   -85  -210 -9999   140    20     0 -9999 -9999
1991 01 08 09    91    56 10216    70    30     8 -9999 -9999
1991 01 08 21  -116  -197 -9999    70    10     1 -9999 -9999
1991 01 09 00  -123  -197 -9999     0     0     1 -9999     0
1991 01 09 09   -53  -206 -9999     0     0     7 -9999 -9999
1991 01 09 21   -89  -202 -9999   110    30     0 -9999 -9999
1991 01 10 09   -34  -148 -9999   180    30     2 -9999 -9999
1991 01 10 21   -96  -146 -9999    40    20     0 -9999 -9999
1991 01 11 21  -127  -256 -9999   110    30     0 -9999 -9999
1991 01 12 09   -41  -177 -9999   340    40     0 -9999 -9999
1991 01 12 21  -105  -192 -9999    70    20     0 -9999 -9999
1991 01 13 00  -112  -203 -9999     0     0     7 -9999     0
1991 01 13 09   -62  -171 -9999     0     0     7 -9999 -9999
1991 01 13 21   -55 -9999 -9999   160    20     0 -9999 -9999
1991 01 14 00   -98  -161 -9999     0     0     7 -9999     0
1991 01 14 09    -2  -196 -9999 -9999 -9999     0 -9999 -9999
1991 01 14 21   -63  -234 -9999 -9999 -9999     0 -9999 -9999
1991 01 15 00 -9999 -9999 -9999 -9999 -9999 -9999 -9999     0
1991 01 15 09    30  -233 -9999 -9999 -9999     0 -9999 -9999
1991 01 15 21   -79  -216 -9999   160    20     0 -9999 -9999
1991 01 16 21    -7  -233 -9999   110    40     0 -9999 -9999
1991 01 17 21   -77  -210 -9999   140    30     0 -9999 -9999
1991 01 18 06   -14  -215 -9999   200    50     0 -9999     0
1991 01 18 09    -8  -195 -9999   200    30     2 -9999 -9999
1991 01 18 21 -9999 -9999 -9999   140    20     0 -9999 -9999
1991 01 19 00  -103  -225 -9999    90    20     0 -9999     0
1991 01 19 21   -86  -188 -9999    70    30     0 -9999 -9999
1991 01 20 21   -81  -147 -9999    70    20     7 -9999 -9999
1991 01 21 09   -16  -155 -9999     0     0     0 -9999 -9999
1991 01 21 21   -89  -174 -9999    90    40     0 -9999 -9999
1991 01 22 09   -30  -147 -9999   340    70     6 -9999 -9999
1991 01 22 21   -81   -99 -9999   340    20     7 -9999 -9999
1991 01 23 09   -39  -165 -9999   200    30     0 -9999 -9999
1991 01 23 21  -109  -208 -9999    70    30     0 -9999 -9999
1991 01 24 09   -25  -185 -9999     0     0     0 -9999 -9999
1991 01 24 21  -107  -217 -9999    90    20     0 -9999 -9999
1991 01 25 00  -104  -220 -9999    90    30     1 -9999     0
1991 01 25 21   -83  -129 -9999     0     0     0 -9999 -9999
1991 01 26 21   -74  -131 -9999   140    20     0 -9999 -9999
1991 01 27 00   -85  -147 -9999    40    20     1 -9999     0
1991 01 27 21   -69  -178 -9999   110    40     0 -9999 -9999
1991 01 28 09    23  -169 -9999    20    40     1 -9999 -9999
1991 01 28 21   -51  -112 -9999     0     0     4 -9999 -9999
1991 01 29 09   -23   -85 -9999   200    30     7 -9999 -9999
1991 01 29 21   -33   -83 -9999   180    20     8 -9999 -9999
1991 01 30 21   -38   -86 -9999     0     0     8 -9999 -9999
1991 01 31 21   -85  -122 -9999    70    20     0 -9999 -9999
1991 02 01 09     0  -116 -9999     0     0     0 -9999     0
1991 02 01 21   -59  -125 -9999   160    20     0 -9999 -9999
1991 02 02 00   -77  -131 -9999    70    20     0 -9999     0
1991 02 02 21  -103  -162 -9999    40    30     0 -9999 -9999
1991 02 03 09   -14  -165 -9999     0     0     0 -9999 -9999
1991 02 03 21   -78  -196 -9999   110    40     2 -9999 -9999
1991 02 04 00   -75  -175 -9999   110    40     7 -9999     0
1991 02 04 09    18  -133 -9999     0     0     2 -9999 -9999
1991 02 04 21   -67  -181 -9999    90    30     0 -9999 -9999
1991 02 05 00   -71  -205 -9999   110    20     1 -9999     0
1991 02 05 09    36  -176 -9999 -9999 -9999     5 -9999 -9999
1991 02 05 21   -56  -204 -9999   140    40     0 -9999 -9999
1991 02 06 09    39  -213 -9999   320    40     0 -9999 -9999
1991 02 06 21   -53  -248 -9999   110    20     0 -9999 -9999
1991 02 07 09    72  -185 -9999   220    20     1 -9999 -9999
1991 02 07 21   -16  -168 -9999     0     0     0 -9999 -9999
1991 02 08 21   -42  -187 -9999   360    20     0 -9999 -9999
1991 02 09 09     6  -156 -9999   320    40     7 -9999 -9999
1991 02 09 21   -91  -151 -9999    40    20     0 -9999 -9999
1991 02 10 09 -9999 -9999 -9999   360    20     1 -9999 -9999
1991 02 10 21   -84  -277 -9999   110    40     0 -9999 -9999
1991 02 11 09    16  -233 -9999 -9999 -9999     1 -9999 -9999
1991 02 11 21   -34  -141 -9999   110    30     0 -9999 -9999
1991 02 12 00   -34  -130 -9999     0     0     5 -9999     0
1991 02 12 09    15 -9999 -9999   360    30     0 -9999 -9999
1991 02 12 21   -12   -91 -9999     0     0     8 -9999 -9999
1991 02 13 00   -10   -96 -9999    20    40     8 -9999     0
1991 02 13 09   -40   -67 -9999     0     0     8 -9999 -9999
1991 02 13 12   -20   -26 10262   270    30     8 -9999    20
1991 02 13 21   -68   -80 -9999     0     0     1 -9999 -9999
1991 02 14 09   -28  -110 -9999   200    20     0 -9999 -9999
1991 02 14 21   -32  -138 -9999    20    70     7 -9999 -9999
1991 02 15 00   -24  -123 -9999    20    60     8 -9999     0
1991 02 15 09   -35  -127 -9999   360    30     2 -9999 -9999
1991 02 15 21   -87  -156 -9999    70    30     0 -9999 -9999
1991 02 16 00   -80  -163 -9999    70    20     7 -9999     0
1991 02 16 09   -51  -122 -9999    20    20     8 -9999 -9999
1991 02 16 21   -83  -156 -9999    90    30     1 -9999 -9999
1991 02 17 21   -79  -169 -9999    20    60     8 -9999 -9999
1991 02 18 00 -9999 -9999 -9999    20    50     8 -9999     0
1991 02 18 21  -138 -9999 -9999     0     0     2 -9999 -9999
1991 02 19 00  -149  -206 -9999    90    20     1 -9999     0
1991 02 19 21  -147 -9999 -9999    20    20     0 -9999 -9999
1991 02 20 06   -73  -243 -9999    20    30     0 -9999     0
1991 02 20 09   -61  -230 -9999    20    20     0 -9999 -9999
1991 02 20 21  -133  -243 -9999    90    20     0 -9999 -9999
1991 02 21 00 -9999 -9999 -9999    70    30     1 -9999     0
1991 02 21 09   -14  -146 -9999   320    50     0 -9999 -9999
1991 02 21 21   -89  -204 -9999   140    20     2 -9999 -9999
1991 02 22 00   -92  -210 -9999   140    20     5 -9999     0
1991 02 22 21   -68  -169 -9999    90    30     0 -9999 -9999
1991 02 23 21   -59  -204 -9999   110    40     0 -9999 -9999
1991 02 24 00   -68  -228 -9999   140    30     0 -9999     0
1991 02 24 09    68  -160 -9999     0     0     1 -9999 -9999
1991 02 24 21   -20  -157 -9999 -9999 -9999     0 -9999 -9999
1991 02 25 21     9  -163 -9999   360    40     7 -9999 -9999
1991 02 26 00   -26  -163 -9999   180    40     2 -9999     0
1991 02 26 21    -6  -122 -9999    20    50     7 -9999 -9999
1991 02 27 00   -43  -154 -9999    40    50     7 -9999     0
1991 02 27 21   -67  -154 -9999     0     0     5 -9999 -9999
1991 02 28 00   -75  -190 -9999   140    20     7 -9999 -9999
1991 02 28 09    13  -157 -9999 -9999 -9999     7 -9999 -9999
1991 02 28 21   -53  -160 -9999    90    30     0 -9999 -9999
1991 03 01 09    60  -177 -9999   290    60     0 -9999 -9999
1991 03 01 21   -36  -159 -9999    90    30     0 -9999 -9999
1991 03 02 00   -28  -177 -9999   140    40     0 -9999     0
1991 03 02 09    93 -9999 -9999   200    50     0 -9999 -9999
1991 03 02 21    24  -109 -9999   140    40     0 -9999 -9999
1991 03 03 21    29   -95 -9999     0     0     2 -9999 -9999
1991 03 04 09    92 -9999 -9999   360    30     7 -9999 -9999
1991 03 04 21    11  -141 -9999    90    50     0 -9999 -9999
1991 03 05 21    90   -79 -9999   340    20     8 -9999 -9999
1991 03 06 21   -43   -55 -9999     0     0     8 -9999 -9999
1991 03 07 21   -59  -101 -9999    90    30     0 -9999 -9999
1991 03 08 00   -51  -112 -9999    90    20     0 -9999     0
1991 03 08 21    34  -130 -9999    90    30     0 -9999 -9999
1991 03 09 21   -15   -35 -9999    20    50     8 -9999 -9999
1991 03 10 09    26   -56 -9999   320    20     7 -9999 -9999
1991 03 10 21   -26   -73 -9999   140    20     0 -9999 -9999
1991 03 11 21 -9999 -9999 -9999    70    30     0 -9999 -9999
1991 03 12 21   -10   -55 -9999   160    30     8 -9999 -9999
1991 03 13 21    14   -32 -9999   340    60     8 -9999 -9999
1991 03 14 00     3   -10 -9999     0     0     8 -9999    50
1991 03 14 21   -14   -86 -9999   110    20     7 -9999 -9999
1991 03 15 21   -14  -138 -9999   110    40     0 -9999 -9999
1991 03 17 00    38  -163 -9999   110    40     0 -9999     0
1991 03 17 21    48  -164 -9999 -9999 -9999 -9999 -9999 -9999
1991 03 18 21   110  -122 -9999   110    40     0 -9999 -9999
1991 03 19 21    22   -62 -9999     0     0     0 -9999 -9999
1991 03 20 21    16   -73 -9999    90    20     1 -9999 -9999
1991 03 21 21    78  -123 -9999    90    40     0 -9999 -9999
1991 03 22 21    23  -111 -9999    20    40     8 -9999 -9999
1991 03 23 09   100 -9999 -9999    40    50 -9999 -9999 -9999
1991 03 23 21    38   -49 -9999     0     0     0 -9999 -9999
1991 03 24 09    98  -250 -9999   340    60     7 -9999 -9999
1991 03 24 21 -9999 -9999 -9999     0     0     4 -9999 -9999
1991 03 25 09    48    11 -9999   340    20     8 -9999 -9999
1991 03 25 21   -27   -34 -9999   270    60     8 -9999 -9999
1991 03 26 09    14   -23 -9999   320    50     7 -9999 -9999
1991 03 26 21   -14   -57 -9999   110    30     0 -9999 -9999
1991 03 27 21 -9999 -9999 -9999     0     0     8 -9999 -9999
1991 03 28 00    11   -12 -9999     0     0     8 -9999    -1
1991 03 28 09    28   -50 -9999   320    20     7 -9999 -9999
1991 03 28 21    -6   -87 -9999    90    30     7 -9999 -9999
1991 03 29 09     8  -144 -9999    20    60     2 -9999 -9999
1991 03 29 21   -48  -140 -9999   140    20     2 -9999 -9999
1991 03 30 21   -40  -176 -9999    20    30     0 -9999 -9999
1991 03 31 09    31 -9999 -9999 -9999 -9999     0 -9999 -9999
1991 03 31 21 -9999 -9999 -9999   110    40     0 -9999     0
1991 04 01 09   101  -133 -9999   270    20     0 -9999 -9999
1991 04 01 21 -9999 -9999 -9999   200    50     0 -9999     0
1991 04 02 00    20 -9999 -9999     0     0     0 -9999     0
1991 04 02 09   136   -66 -9999   200    40     0 -9999 -9999
1991 04 02 21    71   -39 -9999   160    20     2 -9999     0
1991 04 03 09   178 -9999 -9999   250    20     0 -9999 -9999
1991 04 03 21    75   -62 -9999    90    20     1 -9999     0
1991 04 05 21   130   -98 -9999   160    50     0 -9999     0
1991 04 06 21    94   -44 -9999    20    60     7 -9999     0
1991 04 07 21 -9999 -9999 -9999   160   100     0 -9999     0
1991 04 08 21   110  -111 -9999    20    70     7 -9999     0
1991 04 09 21 -9999 -9999 -9999    40    40     2 -9999 -9999
1991 04 10 21    23    14 -9999   360    50     8 -9999 -9999
1991 04 11 21   -12   -20 -9999     0     0     0 -9999 -9999
1991 04 12 21    30   -40 -9999   140    30     0 -9999     0
1991 04 13 21    58    -1 -9999   110    50     0 -9999     0
1991 04 14 21   100   -65 -9999    90    30     0 -9999     0
1991 04 15 21   100    71 -9999     0     0     8 -9999 -9999
1991 04 16 21    26     9 -9999   340    30     8 -9999 -9999
1991 04 17 21    26    -8 -9999     0     0     0 -9999     0
1991 04 18 21    35   -95 -9999    20    40     0 -9999     0
1991 04 19 21    26   -30 -9999     0     0     0 -9999     0
1991 04 20 21    29  -111 -9999    70    30     1 -9999     0
1991 04 21 21    56   -37 -9999   160    20     0 -9999     0
1991 04 22 21    94   -52 -9999   160    50     7 -9999     0
1991 04 23 21    96   -56 -9999   140    20     0 -9999     0
1991 04 26 09   210   -69 -9999   340    40     1 -9999 -9999
1991 04 29 21   -50 -9999 -9999 -9999 -9999     0 -9999     0
1991 05 01 21    37  -210 -9999   110    40     2 -9999     0
1991 05 02 21    60   -64 -9999    90    30     0 -9999     0
1991 05 03 21   106    12 -9999   200    30     7 -9999     0
1991 05 04 21    70    52 -9999   200    30     0 -9999     0
1991 05 05 21    -7   -11 -9999   340    30     8 -9999 -9999
1991 05 06 21    29   -63 -9999   180    10     1 -9999 -9999
1991 05 07 21    55 -9999 -9999   160    20     5 -9999     0
1991 05 08 21    74  -100 -9999   110    30     0 -9999     0
1991 05 09 21 -9999 -9999 -9999    70    30     1 -9999     0
1991 05 10 21    96   -49 -9999   160    30     0 -9999     0
1991 05 11 21   128   -89 -9999   110    30     0 -9999     0
1991 05 12 21   122   -78 -9999    90    20     0 -9999     0
1991 05 13 21    96  -115 -9999    20    50     0 -9999     0
1991 05 15 21   142  -109 -9999   110    50     0 -9999     0
1991 05 16 21   154   -97 -9999    90    30     0 -9999     0
1991 05 17 21   147   -72 -9999    90    30     0 -9999     0
1991 05 19 21   195   -22 -9999   140    80     2 -9999     0
1991 05 20 21   177    66 -9999   100    30     0 -9999     0
1991 05 21 21   210    27 -9999   220    30     8 -9999     0
1991 05 22 21   122    91 -9999   180    20     7 -9999     0
1991 05 23 21    90    84 -9999   340    20     8 -9999 -9999
1991 05 24 21    84    58 -9999    70    20     0 -9999     0
1991 05 26 21   144     1 -9999    20    60     7 -9999     0
1991 05 27 21   104    89 -9999     0     0     8 -9999 -9999
1991 05 28 21   143   104 -9999    40    20     7 -9999     0
1991 05 29 21   145    37 -9999   140    30     1 -9999     0
1991 05 30 21   171    77 -9999     0     0     8 -9999     0
1991 05 31 21   146   122 -9999   160    20     8 -9999 -9999
1991 06 01 21   108    35 -9999   110    30     7 -9999 -9999
1991 06 02 21   135   -43 -9999   110    30     3 -9999     0
1991 06 03 21   182    12 -9999   160    30     7 -9999     0
1991 06 05 21   176    14 -9999   160    40     0 -9999     0
1991 06 06 21   166    25 -9999    90    20     7 -9999     0
1991 06 07 00   190    14 -9999   160    30     7 -9999     0
1991 06 07 21   170    55 -9999 -9999 -9999     1 -9999     0
1991 06 08 21   167    32 -9999    70    20     2 -9999 -9999
1991 06 09 21   118    89 -9999   340    30     2 -9999     0
1991 06 14 21   168    83 -9999   110    20     7 -9999 -9999
1991 06 15 21   124    87 -9999    20    50     1 -9999     0
1991 06 18 21 -9999 -9999 -9999   110    40     0 -9999     0
1991 06 19 21   195    13 -9999   110    40     2 -9999     0
1991 06 24 21   195     0 -9999    40    20     0 -9999     0
1991 06 30 21   206    46 -9999   160    20     7 -9999     0
1991 07 01 21   181   -12 -9999    90    30     0 -9999     0
1991 07 02 21 -9999 -9999 -9999   110    30     0 -9999     0
1991 07 10 21   196    -9 -9999 -9999 -9999     1 -9999     0
1991 07 11 21   236     1 -9999   140    40     0 -9999     0
1991 07 12 21   258    43 -9999 -9999 -9999     2 -9999     0
1991 07 13 21   250    88 -9999   110    30     0 -9999     0
1991 07 14 21   255   123 -9999   160    50     0 -9999     0
1991 07 15 21   230   132 -9999   180    30     0 -9999     0
1991 07 16 21   240 -9999 -9999    40    50     0 -9999     0
1991 07 17 21   220   106 -9999   110    30     0 -9999     0
1991 07 18 21   229   138 -9999   160    40     0 -9999     0
1991 07 19 21   247   126 -9999   110    30     1 -9999     0
1991 07 20 21   146   138 -9999   340    70     8 -9999 -9999
1991 07 23 21   194   139 -9999     0     0     2 -9999     0
1991 07 24 21   216    76 -9999    90    30     1 -9999     0
1991 07 25 21   227   107 -9999     0     0     1 -9999     0
1991 07 26 21   245   112 -9999   140    30     1 -9999     0
1991 07 29 21   172    52 -9999    70    30     0 -9999     0
1991 07 30 09   252    47 -9999    20    40     7 -9999 -9999
1991 07 30 21   182    35 -9999   110    40     7 -9999     0
1991 07 31 21   200    30 -9999    90    40     1 -9999     0
1991 08 01 21   220    91 -9999    40    20     7 -9999     0
1991 08 02 21   207    88 -9999   140    30     0 -9999     0
1991 08 03 21   249   104 -9999   160    40     7 -9999     0
1991 08 04 21   222    95 -9999   160    50     8 -9999     0
1991 08 05 21   200   103 -9999   110    20     7 -9999     0
1991 08 06 21   224    75 -9999    20    20     0 -9999     0
1991 08 08 00 -9999 -9999 -9999    70    20     7 -9999     0
1991 08 08 21   221    81 -9999   160    40     0 -9999     0
1991 08 09 21   234    99 -9999   180    70     0 -9999     0
1991 08 10 00   250    78 -9999   110    50     1 -9999     0
1991 08 10 21   222   102 -9999   180    20     0 -9999     0
1991 08 11 00   235    79 -9999   200    30     0 -9999     0
1991 08 11 21   190    72 -9999    20    50 -9999 -9999     0
1991 08 12 09   285    83 -9999   340    20     6 -9999 -9999
1991 08 12 21   170   102 -9999   340    40     8 -9999     0
1991 08 13 21   136   128 -9999     0     0     8 -9999 -9999
1991 08 14 21   156    72 -9999    90    30     0 -9999     0
1991 08 15 21   188    33 -9999    90    40     0 -9999     0
1991 08 16 21   212    65 -9999     0     0     1 -9999     0
1991 08 17 21   205    74 -9999     0     0     0 -9999     0
1991 08 18 21   194    99 -9999     0     0     0 -9999     0
1991 08 19 21   201    95 -9999    90    20     0 -9999     0
1991 08 20 21   219    18 -9999   110    80     0 -9999     0
1991 08 21 21   220   108 -9999   110   100     0 -9999     0
1991 08 22 21   222    20 -9999   140    50     0 -9999     0
1991 08 23 09   300    92 -9999   220    30     1 -9999 -9999
1991 08 24 21   214    65 -9999   220    40     0 -9999     0
1991 08 25 21   166   124 -9999   270    20     1 -9999     0
1991 08 26 09   174   145 -9999 -9999 -9999     8 -9999 -9999
1991 08 26 21   117   101 -9999   340    40     8 -9999 -9999
1991 08 27 21    99    76 -9999   180    30     7 -9999 -9999
1991 08 28 09   192    42 -9999   200    40     1 -9999 -9999
1991 08 28 21   130    47 -9999   110    40     0 -9999     0
1991 08 29 21   139    58 -9999    70    30     0 -9999     0
1991 08 30 09   252   -21 -9999    20    40     7 -9999 -9999
1991 08 30 21   191    71 -9999   200    30     8 -9999     0
1991 08 31 21   157    80 -9999    40    30     0 -9999     0
1991 09 01 09   255    62 -9999    20    30     1 -9999 -9999
1991 09 01 21   173    29 -9999    40    30     6 -9999     0
1991 09 02 09   253    14 -9999   340    40     7 -9999 -9999
1991 09 02 21   182    61 -9999   160    30     1 -9999     0
1991 09 03 21   150    58 -9999    90    30     0 -9999 -9999
1991 09 04 09   246    26 -9999   320    20     4 -9999 -9999
1991 09 04 21   156    23 -9999   110    30     0 -9999     0
1991 09 05 21   194    20 -9999   140    10     0 -9999     0
1991 09 06 09   285    62 -9999   340    50     6 -9999 -9999
1991 09 06 21   168     9 -9999    20    30     0 -9999     0
1991 09 07 21   181     7 -9999   140    40     0 -9999     0
1991 09 08 21   175    88 -9999    90    30     0 -9999     0
1991 09 09 21   137   123 -9999   320    20     8 -9999 -9999
1991 09 10 09   174    75 -9999   360    80     1 -9999 -9999
1991 09 10 21   111    64 -9999   110    30     0 -9999     0
1991 09 11 21   144    50 -9999   160    30     1 -9999     0
1991 09 12 09   186    61 -9999   360    40     1 -9999 -9999
1991 09 12 21   114    52 -9999   140    30     0 -9999     0
1991 09 13 21   125    19 -9999   110    30     0 -9999     0
1991 09 14 09   156    28 -9999 -9999 -9999     7 -9999 -9999
1991 09 14 21    90    71 -9999    40    20     0 -9999 -9999
1991 09 15 21   130     6 -9999   110    30     0 -9999     0
1991 09 16 09   205    54 -9999   290    30     7 -9999 -9999
1991 09 16 21   132    47 -9999   140    40     0 -9999     0
1991 09 17 21    73   -66 -9999   340    20     0 -9999     0
1991 09 18 18   108  -141 -9999   360    10     7 -9999     0
1991 09 18 21 -9999 -9999 -9999    20    30     0 -9999     0
1991 09 19 21    84   -43 -9999   110    40     0 -9999     0
1991 09 20 21   122   -16 -9999    70    30     7 -9999     0
1991 09 21 09   211    18 -9999     0     0     7 -9999 -9999
1991 09 21 21   122    36 -9999     0     0     7 -9999     0
1991 09 22 21   131     8 -9999    90    40     0 -9999     0
1991 09 23 21   155     9 -9999   160    30     7 -9999     0
1991 09 26 21   119   -54 -9999   110    40     0 -9999     0
1991 09 27 21   119   -62 -9999    90    20     0 -9999     0
1991 09 28 09   229   -36 -9999   220    20     0 -9999 -9999
1991 09 29 09   226    39 -9999 -9999 -9999     7 -9999 -9999
1991 10 02 09    68    54 -9999   360    20     8 -9999 -9999
1991 10 03 21    34   -35 -9999    90    30     0 -9999     0
1991 10 04 09   114   -37 -9999   320    30     2 -9999 -9999
1991 10 05 09   151   -44 -9999     0     0     0 -9999 -9999
1991 10 07 09   165   -23 -9999   360    30     2 -9999 -9999
1991 10 08 00   138    95 10197     0     0     0 -9999     0
1991 10 08 09   161    -9 -9999    20    40     7 -9999 -9999
1991 10 08 21    86    23 -9999 -9999 -9999     0 -9999     0
1991 10 09 21   111    60 -9999   110    30     2 -9999     0
1991 10 10 09   172    33 -9999   340    40     7 -9999 -9999
1991 10 10 21   102   -15 -9999    20    30     1 -9999     0
1991 10 11 21    99   -51 -9999    90    30     0 -9999     0
1991 10 12 09   194   -28 -9999     0     0     2 -9999 -9999
1991 10 13 21   143    29 -9999 -9999 -9999 -9999 -9999     0
1991 10 14 09   147    29 -9999   320    50     8 -9999 -9999
1991 10 14 21    73    17 -9999    40    30     0 -9999     0
1991 10 15 09   115   -91 -9999   340    40     7 -9999 -9999
1991 10 15 18   149 -9999 10112   290    10     0 -9999     0
1991 10 15 21    30  -115 -9999    20    30     0 -9999 -9999
1991 10 16 21    53   -81 -9999   140    30     0 -9999 -9999
1991 10 17 09   115  -126 -9999   340    50     0 -9999 -9999
1991 10 18 09    71  -146 -9999   360    20     1 -9999 -9999
1991 10 18 21   -14  -103 -9999    90    30     0 -9999 -9999
1991 10 19 00     1  -129 -9999    90    30     0 -9999     0
1991 10 20 09   103  -110 -9999   360    30     7 -9999 -9999
1991 10 20 21    45  -111 -9999   110    30     2 -9999 -9999
1991 10 21 09   125   -93 -9999     0     0     0 -9999 -9999
1991 10 21 21    47  -118 -9999    90    30     0 -9999 -9999
1991 10 22 21    36   -32 -9999   180    20     7 -9999 -9999
1991 10 23 09    60   -38 -9999   290    50     8 -9999 -9999
1991 10 23 21    27   -28 -9999   140    40     4 -9999 -9999
1991 10 24 21    72   -34 -9999   340    30     7 -9999 -9999
1991 10 25 09    49  -143 -9999   340    70     7 -9999 -9999
1991 10 25 21   -60  -161 -9999    20    70     0 -9999 -9999
1991 10 26 09   -11  -232 -9999   340    20     0 -9999 -9999
1991 10 26 21 -9999 -9999 -9999     0     0     0 -9999 -9999
1991 10 27 09    83  -187 -9999     0     0     0 -9999 -9999
1991 10 27 21    -5  -132 -9999    90    30     0 -9999 -9999
1991 10 28 00   -17  -158 -9999   110    30     0 -9999     0
1991 10 28 21     5  -110 -9999   110    20     1 -9999 -9999
1991 10 29 09   113  -118 -9999   340    80     1 -9999 -9999
1991 10 29 21     6  -108 -9999   200    30     0 -9999 -9999
1991 10 30 21    23  -102 -9999   110    40     0 -9999 -9999
1991 10 31 21    53   -95 -9999     0     0     0 -9999 -9999
1991 11 01 09   121  -120 -9999   290    40     0 -9999 -9999
1991 11 01 21    41  -113 -9999     0     0     0 -9999 -9999
1991 11 02 06   117  -119 -9999   340    60     1 -9999 -9999
1991 11 02 21    23   -93 -9999    90    30     0 -9999 -9999
1991 11 03 21    42  -160 -9999   110    40     0 -9999 -9999
1991 11 04 00    52 -9999 -9999    90    30     0 -9999     0
1991 11 04 09   145  -152 -9999   360    20     1 -9999 -9999
1991 11 04 21    64   -39 -9999   200    30     0 -9999 -9999
1991 11 05 06    43  -183 -9999   320    70     7 -9999     0
1991 11 05 21   -44  -212 -9999    20    30     7 -9999 -9999
1991 11 06 00   -58  -203 -9999     0     0     7 -9999     0
1991 11 06 09    24  -191 -9999   320    20     0 -9999     0
1991 11 07 09    53  -152 -9999   340    30     0 -9999 -9999
1991 11 07 21   -28 -9999 -9999    90    30     0 -9999 -9999
1991 11 08 09    30  -157 -9999   320    30     7 -9999 -9999
1991 11 09 09    -8  -198 -9999     0     0     0 -9999 -9999
1991 11 09 21   -50  -149 -9999    20    20     0 -9999 -9999
1991 11 10 09    -1  -215 -9999   360    30     0 -9999 -9999
1991 11 10 21   -68  -192 -9999    40    20     0 -9999 -9999
1991 11 11 00   -82 -9999 -9999   110    20     0 -9999     0
1991 11 11 09    15  -141 -9999   340    30     1 -9999 -9999
1991 11 11 21   -14  -173 -9999    90    30     0 -9999 -9999
1991 11 12 00   -35  -172 -9999     0     0     5 -9999     0
1991 11 12 09    48  -121 -9999   340    20     0 -9999 -9999
1991 11 12 21   -37  -149 -9999    70    30     0 -9999 -9999
1991 11 13 09    40   -83 -9999   340    40     0 -9999 -9999
1991 11 13 21   -39  -160 -9999    90    30     0 -9999 -9999
1991 11 14 09 -9999 -9999 -9999    20    30     0 -9999 -9999
1991 11 14 21   -44  -170 -9999    90    30     0 -9999 -9999
1991 11 15 00   -52 -9999 -9999    90    20     0 -9999     0
1991 11 15 09    44  -172 -9999   340    20     0 -9999 -9999
1991 11 15 21   -45  -158 -9999    90    20     0 -9999 -9999
1991 11 16 09    39  -149 -9999   250    20     0 -9999 -9999
1991 11 16 21   -34  -137 -9999   110    30     0 -9999 -9999
1991 11 17 00   -37  -169 -9999   110    40     0 -9999     0
1991 11 17 09    50  -186 -9999     0     0     0 -9999 -9999
1991 11 17 21   -28  -162 -9999   340    20     0 -9999 -9999
1991 11 18 09    -2  -126 -9999   340    40     0 -9999 -9999
1991 11 18 21   -66  -204 -9999    90    30     0 -9999 -9999
1991 11 19 00   -76  -229 -9999   180    40     0 -9999     0
1991 11 19 01    31  -147 -9999   220    30     0 -9999 -9999
1991 11 19 21   -31  -142 -9999   180    30     0 -9999 -9999
1991 11 20 09    57  -106 -9999     0     0     0 -9999 -9999
1991 11 20 21   -25  -193 -9999    90    50     0 -9999 -9999
1991 11 21 21 -9999 -9999 -9999   160    30     0 -9999 -9999
1991 11 22 00   -31  -169 -9999     0     0     0 -9999     0
1991 11 22 06    56  -166 -9999   320    20     1 -9999     0
1991 11 22 09    51  -138 -9999   320    20     0 -9999 -9999
1991 11 22 21   -45  -146 -9999    70    30     0 -9999 -9999
1991 11 23 00   -43  -155 -9999 -9999 -9999     2 -9999     0
1991 11 23 06 -9999 -9999 -9999   360    30     0 -9999     0
1991 11 23 09     9  -142 -9999    20    40     0 -9999 -9999
1991 11 23 18   -22  -104 10432    20    10     0 -9999     0
1991 11 23 21   -52  -147 -9999   110    20     0 -9999 -9999
1991 11 24 00   -51  -139 -9999   110    20     1 -9999     0
1991 11 24 09    40  -127 -9999     0     0     0 -9999 -9999
1991 11 24 21   -10   -95 -9999    90    20     0 -9999 -9999
1991 11 25 00   -35   -82 -9999     0     0     0 -9999     0
1991 11 25 09   -19  -101 -9999     0     0     7 -9999 -9999
1991 11 25 21   -67  -161 -9999   140    20     1 -9999 -9999
1991 11 26 00 -9999 -9999 -9999   110    30     2 -9999     0
1991 11 26 09 -9999 -9999 -9999   270    20     1 -9999 -9999
1991 11 26 21   -21  -160 -9999   110    40     0 -9999 -9999
1991 11 27 00    -1  -134 -9999   160    40     1 -9999     0
1991 11 27 09    73  -175 -9999   220    20     2 -9999 -9999
1991 11 28 00   -27  -181 -9999   110    30     0 -9999     0
1991 11 28 09    65  -185 -9999   290    30     0 -9999 -9999
1991 11 28 21   -15  -167 -9999    20    20     0 -9999 -9999
1991 11 29 00   -21  -153 -9999    40    30     0 -9999     0
1991 11 29 09    21  -138 -9999   360    20     0 -9999 -9999
1991 11 29 21   -46  -159 -9999     0     0     0 -9999 -9999
1991 11 30 00   -50  -154 -9999    40    20     0 -9999     0
1991 11 30 09    12  -128 -9999     0     0     7 -9999 -9999
1991 11 30 21   -21  -142 -9999   140    40     0 -9999 -9999
1991 12 01 00   -16  -162 -9999   110    30     1 -9999     0
1991 12 01 09    40  -159 -9999   340    30     0 -9999 -9999
1991 12 01 21   -47  -102 -9999    40    20     0 -9999 -9999
1991 12 02 09    22 -9999 -9999   200    40     0 -9999 -9999
1991 12 03 00   -12  -140 -9999   140    50     0 -9999     0
1991 12 03 09    70  -195 -9999   180    40     0 -9999 -9999
1991 12 03 21   -15  -241 -9999    70    20     0 -9999 -9999
1991 12 04 00   -32  -206 -9999   140    30     1 -9999     0
1991 12 04 09    57  -177 -9999   200    20     0 -9999 -9999
1991 12 04 21   -31  -120 -9999     0     0     0 -9999 -9999
1991 12 05 00   -14   -88 -9999    70    30     1 -9999     0
1991 12 05 06    55  -160 -9999   250    20     1 -9999     0
1991 12 05 09    64  -130 -9999     0     0     0 -9999 -9999
1991 12 06 00   -42  -129 -9999    70    20     1 -9999     0
1991 12 06 09    14  -114 -9999     0     0     7 -9999 -9999
1991 12 06 21   -23   -70 -9999   360    20     0 -9999 -9999
1991 12 07 09    -2   -86 -9999     0     0     0 -9999 -9999
1991 12 07 21   -66  -147 -9999    90    40     0 -9999 -9999
1991 12 08 00   -67  -154 -9999    70    30     0 -9999     0
1991 12 08 09    52  -117 -9999     0     0     0 -9999 -9999
1991 12 08 21   -47  -183 -9999   140    20     0 -9999 -9999
1991 12 09 00   -56  -102 -9999   340    20     7 -9999     0
1991 12 09 09   -31   -76 -9999   340    30     8 -9999 -9999
1991 12 09 21   -88  -107 -9999    40    20     0 -9999 -9999
1991 12 10 09   -52  -160 -9999   340    30     0 -9999 -9999
1991 12 10 21  -132  -245 -9999   110    40     0 -9999 -9999
1991 12 11 00  -145  -246 -9999   110    20     0 -9999     0
1991 12 11 09     3  -161 -9999     0     0     0 -9999 -9999
1991 12 12 00   -57  -149 -9999   160    40     0 -9999     0
1991 12 12 09    18  -102 -9999   200    30     0 -9999 -9999
1991 12 12 21   -29  -171 -9999   160    30     0 -9999 -9999
1991 12 13 00   -60  -142 -9999   200    30     0 -9999     0
1991 12 13 09    33  -136 -9999   200    20     0 -9999 -9999
1991 12 13 21    15   -88 -9999   160    40     0 -9999 -9999
1991 12 14 09    93  -163 -9999   160    20     7 -9999 -9999
1991 12 14 21   -29  -144 -9999   140    20     0 -9999 -9999
1991 12 15 09    21  -116 -9999    20    20     7 -9999 -9999
1991 12 15 21   -15  -113 -9999    20    70     0 -9999 -9999
1991 12 16 09    -7   -62 -9999    20    30     1 -9999 -9999
1991 12 16 21   -41   -98 -9999   140    40     0 -9999 -9999
1991 12 17 00   -47  -111 -9999   110    20     7 -9999     0
1991 12 17 09    23   -75 -9999   320    30     7 -9999 -9999
1991 12 18 00   -46  -105 -9999    20    20     0 -9999     0
1991 12 18 21   -59  -115 -9999    70    20     0 -9999 -9999
1991 12 19 00   -47  -131 -9999    40    30     0 -9999     0
1991 12 19 09   -40  -154 -9999     0     0     0 -9999 -9999
1991 12 20 00   -84  -141 -9999    70    20     0 -9999     0
1991 12 20 09   -12  -140 -9999   320    30     0 -9999 -9999
1991 12 20 21   -38  -121 -9999   140    20     0 -9999 -9999
1991 12 21 00   -29  -111 -9999   340    30     1 -9999     0
1991 12 21 09    -9   -92 -9999   360    40     6 -9999 -9999
1991 12 21 21   -76  -119 -9999    20    30     2 -9999 -9999
1991 12 22 00   -88  -130 -9999   360    20     1 -9999 -9999
1991 12 22 09   -50  -199 -9999   360    40     1 -9999 -9999
1991 12 22 21  -112  -189 -9999     0     0     0 -9999 -9999
1991 12 23 00  -122  -188 -9999   110    30     0 -9999     0
1991 12 23 09   -71  -197 -9999    20    50     0 -9999 -9999
1991 12 23 21   -76  -163 -9999     0     0     8 -9999 -9999
1991 12 24 00  -113  -113 -9999   180    20     8 -9999     5
1991 12 24 09  -120  -121 -9999   340    20     7 -9999 -9999
1991 12 24 21  -141  -141 -9999   180    30     7 -9999 -9999
1991 12 25 00 -9999 -9999 -9999   200    30     7 -9999     0
1991 12 25 09  -101  -123 -9999     0     0     1 -9999 -9999
1991 12 25 21  -152  -152 -9999   340    30     8 -9999 -9999
1991 12 26 09  -206  -226 -9999    20    20     7 -9999 -9999
1991 12 26 21  -237  -256 -9999    70    20     0 -9999 -9999
1991 12 27 09  -193  -276 -9999     0     0     0 -9999 -9999
1991 12 27 21  -221  -287 -9999    70    30     0 -9999 -9999
1991 12 28 00  -211  -274 -9999    40    20     0 -9999     0
1991 12 28 09  -134  -277 -9999   340    20     0 -9999 -9999
1991 12 28 21 -9999 -9999 -9999 -9999 -9999     0 -9999 -9999
1991 12 29 09  -142  -173 -9999   180    30     7 -9999 -9999
1991 12 29 21  -145  -162 -9999   160    30     8 -9999 -9999
1991 12 30 00  -160  -169 -9999   180    20     1 -9999     3
1991 12 30 09  -135  -185 -9999 -9999 -9999     0 -9999 -9999
1991 12 30 21  -145  -233 -9999   140    20     0 -9999 -9999
1991 12 31 09  -105  -180 -9999   200    40     0 -9999 -9999
1991 12 31 21  -138  -188 -9999   140    30     0 -9999 -9999
