1981 01 01 00  -140  -190 -9999    70    20     0 -9999 -9999
1981 01 01 06   -60  -150 -9999    70    10     1 -9999     0
1981 01 01 09   -60  -180 -9999   340    20     1 -9999 -9999
1981 01 02 00  -160  -240 10378    70    50     1 -9999 -9999
1981 01 02 06 -9999 -9999 -9999   320    20     1 -9999     0
1981 01 03 06     0  -190 -9999   290    30     1 -9999     0
1981 01 03 09   -10  -190 -9999    20    40     0 -9999 -9999
1981 01 04 06   -30  -200 -9999   270    20     0 -9999 -9999
1981 01 05 00  -170  -170 -9999   160    20     7 -9999 -9999
1981 01 05 06   -40  -130 -9999   320    20     8 -9999     0
1981 01 05 09   -40  -170 -9999   250    20     7 -9999 -9999
1981 01 05 21   -60  -150 -9999    20    30     8 -9999 -9999
1981 01 06 00   -50  -110 -9999   250    20     7 -9999 -9999
1981 01 06 06   -50  -170 -9999   180    30     7 -9999     0
1981 01 06 09   -50  -150 -9999     0     0     7 -9999 -9999
1981 01 07 00   -80  -170 -9999   220    20     8 -9999 -9999
1981 01 07 09   -50  -180 -9999   340    20     8 -9999 -9999
1981 01 07 18  -130  -150 -9999     0     0     7 -9999    -1
1981 01 08 00   -80  -120 -9999   140    20     8 -9999 -9999
1981 01 08 06   -80  -110 -9999    80    30     2 -9999    -1
1981 01 08 09   -30  -160 -9999   360    50     7 -9999 -9999
1981 01 09 00   -80  -200 -9999   320    20     8 -9999 -9999
1981 01 09 06   -50  -180 -9999    70    70     2 -9999     0
1981 01 09 09   -70  -270 -9999   360    70     2 -9999 -9999
1981 01 09 21  -150  -230 -9999    40    20     0 -9999 -9999
1981 01 10 00  -140  -200 -9999    70    20     0 -9999 -9999
1981 01 11 00  -160  -270 -9999     0     0     1 -9999 -9999
1981 01 11 06   -40  -180 -9999   220    20     1 -9999     0
1981 01 11 09   -20  -150 -9999     0     0     0 -9999 -9999
1981 01 12 06   -10  -160 -9999   220    30     1 -9999     0
1981 01 12 09   -10  -190 -9999   340    30     0 -9999 -9999
1981 01 12 21   -70  -200 -9999   110    30     0 -9999 -9999
1981 01 13 00   -50  -290 -9999   110    30     0 -9999 -9999
1981 01 13 06    40  -240 -9999   220    40     0 -9999     0
1981 01 13 09    50  -230 -9999   270    40     0 -9999 -9999
1981 01 13 15  -190  -310 -9999     0     0     0 -9999 -9999
1981 01 13 21 -9999 -9999 -9999    90    30     0 -9999 -9999
1981 01 14 00   -70  -230 -9999    40    30     7 -9999 -9999
1981 01 14 06   -20  -100 -9999    20    40     7 -9999     0
1981 01 14 09   -30  -180 -9999    20    40     7 -9999 -9999
1981 01 14 12   -60  -110 10305    20    20     7 -9999 -9999
1981 01 14 21   -90  -220 -9999    40    20     7 -9999 -9999
1981 01 15 00   -90 -9999 -9999     0     0     1 -9999 -9999
1981 01 15 06   -20  -180 -9999   340    40     4 -9999     0
1981 01 15 09   -30  -180 -9999   360    30     0 -9999 -9999
1981 01 16 09    20  -180 -9999    40    30     1 -9999 -9999
1981 01 16 21   -60  -190 -9999   290    20     6 -9999 -9999
1981 01 17 00  -100  -180 -9999     0     0     1 -9999 -9999
1981 01 17 06   -10  -180 -9999   290    30     7 -9999 -9999
1981 01 17 09   -20  -170 -9999   360    40     2 -9999 -9999
1981 01 18 00  -120  -180 -9999     0     0     1 -9999 -9999
1981 01 18 06   -30  -180 -9999   250    30     8 -9999 -9999
1981 01 18 09   -50  -170 -9999   250    20     6 -9999 -9999
1981 01 19 00   -90  -150 -9999   110    30     0 -9999 -9999
1981 01 19 09   -10  -140 -9999    20    40     7 -9999 -9999
1981 01 19 18  -100  -160 -9999   140    20     6 -9999     0
1981 01 20 06   -20  -110 -9999 -9999 -9999     1 -9999     0
1981 01 20 09   -20  -120 -9999   360    30     1 -9999 -9999
1981 01 20 21   -70  -150 -9999     0     0     7 -9999 -9999
1981 01 21 00  -130  -180 -9999     0     0     2 -9999 -9999
1981 01 21 06   -40  -150 -9999   180    20     0 -9999     0
1981 01 21 09   -30  -150 -9999   340    50     1 -9999 -9999
1981 01 22 06  -100  -130 -9999     0     0     8 -9999    10
1981 01 22 09  -120  -140 -9999    20    20     8 -9999 -9999
1981 01 22 21  -150  -180 -9999    20    40     7 -9999 -9999
1981 01 23 00  -170  -200 -9999    40    20     5 -9999 -9999
1981 01 24 00  -180  -210 -9999    70    20     1 -9999 -9999
1981 01 24 06  -120  -170 -9999   270    20     1 -9999     0
1981 01 24 09  -130  -160 -9999    20    60     1 -9999 -9999
1981 01 25 00  -170  -200 -9999    20    50     7 -9999 -9999
1981 01 25 09  -160  -210 -9999   360    50     7 -9999 -9999
1981 01 26 00  -210  -250 -9999   110    20     2 -9999 -9999
1981 01 26 03  -190  -380 -9999     0     0     6 -9999 -9999
1981 01 27 09 -9999 -9999 10406   160    10     7 -9999 -9999
1981 01 27 21  -170  -210 -9999    90    30     1 -9999 -9999
1981 01 28 00  -190  -230 -9999     0     0     1 -9999 -9999
1981 01 28 06   -70  -230 -9999   200    20     1 -9999     0
1981 01 28 09   -70  -170 -9999    20    20     2 -9999 -9999
1981 01 28 21  -110  -160 -9999     0     0     7 -9999 -9999
1981 01 29 00 -9999 -9999 -9999     0     0     7 -9999 -9999
1981 01 29 06   -70  -210 -9999     0     0     1 -9999     0
1981 01 29 09   -60  -200 -9999    40    20     1 -9999 -9999
1981 01 29 21  -130  -180 -9999   110    40     0 -9999 -9999
1981 01 30 00  -160  -210 -9999    70    20     1 -9999 -9999
1981 01 30 06   -60  -190 -9999   250    50     8 -9999     0
1981 01 30 09   -60  -200 -9999   340    20     8 -9999 -9999
1981 01 30 18  -190  -310 -9999     0     0     0 -9999     0
1981 01 31 00  -170  -230 -9999    40    20     1 -9999 -9999
1981 01 31 06   -60  -240 -9999   360    30     0 -9999     0
1981 01 31 09   -50  -240 -9999   320    30     0 -9999 -9999
1981 01 31 21  -140  -230 -9999   110    40     0 -9999 -9999
1981 02 01 00  -150  -230 -9999    90    30     1 -9999 -9999
1981 02 01 06   -30  -290 -9999   340    30     2 -9999     0
1981 02 01 09   -30  -260 -9999   360    50     5 -9999 -9999
1981 02 02 00  -130  -240 -9999   140    30     1 -9999 -9999
1981 02 02 06   -30  -230 -9999   320    20     2 -9999     0
1981 02 02 09   -40  -210 -9999   360    40     7 -9999 -9999
1981 02 03 00  -110  -170 -9999    70    20     1 -9999 -9999
1981 02 03 09 -9999 -9999 -9999    20    50     7 -9999 -9999
1981 02 03 21   110  -180 -9999    70    30     0 -9999 -9999
1981 02 04 00  -120  -180 -9999   110    30     4 -9999 -9999
1981 02 04 06   -10  -180 -9999   250    20     6 -9999 -9999
1981 02 04 09     0  -180 -9999   340    30     1 -9999 -9999
1981 02 04 15   -90  -220 -9999     0     0     0 -9999 -9999
1981 02 05 00   -90  -180 -9999    70    30     6 -9999 -9999
1981 02 05 06    50  -140 10278    90    20     3 -9999 -9999
1981 02 05 09     0  -190 -9999   360    30     0 -9999 -9999
1981 02 05 12   -40  -150 10410    20    20     0 -9999 -9999
1981 02 05 21  -110  -220 -9999    70    30     0 -9999 -9999
1981 02 06 00  -120  -230 -9999    90    30     0 -9999 -9999
1981 02 06 06    10  -230 -9999     0     0     0 -9999     0
1981 02 06 09    30  -100 10304     0     0     0 -9999 -9999
1981 02 06 21  -100  -240 -9999   110    30     0 -9999 -9999
1981 02 07 00   -70  -190 -9999     0     0     7 -9999 -9999
1981 02 07 06     0  -250 -9999   340    30     1 -9999 -9999
1981 02 07 09    10  -180 -9999   320    40     0 -9999 -9999
1981 02 07 21   -90  -180 -9999   360    30     0 -9999 -9999
1981 02 08 00   -90  -180 -9999   360    30     1 -9999 -9999
1981 02 08 03  -100  -240 -9999    90    60     0 -9999 -9999
1981 02 08 06   -40  -200 -9999   340    30     1 -9999     0
1981 02 08 09   -40  -200 -9999   360    40     1 -9999 -9999
1981 02 09 00  -140  -260 -9999   110    40     0 -9999 -9999
1981 02 09 06   -30  -240 -9999   340    20     0 -9999     0
1981 02 09 09   -30  -230 -9999   360    40     1 -9999 -9999
1981 02 09 21  -130  -270 -9999    90    40     0 -9999 -9999
1981 02 10 00  -110  -270 -9999   110    30     0 -9999 -9999
1981 02 10 06     0  -290 -9999   200    30     0 -9999     0
1981 02 10 21   -10  -210 -9999   160    50     0 -9999 -9999
1981 02 11 00   -30 -9999 -9999   160    50     1 -9999 -9999
1981 02 11 06    50  -200 -9999   270    30     7 -9999     0
1981 02 11 21   -40  -210 -9999   270    20     1 -9999 -9999
1981 02 12 06    30  -190 -9999   320    20     1 -9999     0
1981 02 12 09    40  -180 -9999   320    20     2 -9999 -9999
1981 02 13 09    50  -190 -9999   340    20     7 -9999 -9999
1981 02 13 21    80  -220 -9999    90    20     6 -9999 -9999
1981 02 14 00     0  -200 -9999   340    20     7 -9999 -9999
1981 02 14 06    50  -120 -9999    20    50     3 -9999 -9999
1981 02 14 09    40  -130 -9999    20    40     1 -9999 -9999
1981 02 14 21   -50  -140 -9999    70    20     8 -9999 -9999
1981 02 15 00   -40  -180 -9999   140    40     8 -9999 -9999
1981 02 15 06     0  -140 -9999   200    50     7 -9999     0
1981 02 16 00   -50   -70 -9999   110    30     2 -9999 -9999
1981 02 16 09    60  -100 -9999   250    40     1 -9999 -9999
1981 02 17 00   -30  -120 -9999    70    20     7 -9999 -9999
1981 02 17 06    30  -150 -9999 -9999 -9999     2 -9999     0
1981 02 17 09    30  -150 -9999   360    60     5 -9999 -9999
1981 02 17 21   -70  -180 -9999    90    20     1 -9999 -9999
1981 02 18 00   -70  -180 -9999   110    20     2 -9999 -9999
1981 02 18 06    40  -210 -9999   180    50     1 -9999     0
1981 02 18 09    60  -260 -9999   200    60     2 -9999 -9999
1981 02 18 15   -70  -220 -9999   360    20     7 -9999 -9999
1981 02 18 21 -9999 -9999 -9999   270    70     7 -9999 -9999
1981 02 19 00   -70  -200 -9999   360    80     8 -9999 -9999
1981 02 20 00   -90  -230 -9999   160    50     0 -9999 -9999
1981 02 20 09    20  -190 -9999   220    20     0 -9999 -9999
1981 02 20 18  -140  -260 -9999     0     0     7 -9999 -9999
1981 02 21 00   -60  -220 -9999    70    40     2 -9999 -9999
1981 02 21 06    50  -220 -9999   270    30     7 -9999 -9999
1981 02 21 09    50  -260 -9999   360    30     7 -9999 -9999
1981 02 21 21   -40  -150 -9999    20    30     7 -9999 -9999
1981 02 22 00   -60  -110 -9999   360    40     7 -9999 -9999
1981 02 22 06   -90  -110 -9999   360    60     8 -9999    -1
1981 02 22 09  -100  -140 -9999    20    40     8 -9999 -9999
1981 02 23 00  -120  -230 -9999   360    30     8 -9999 -9999
1981 02 24 00  -190  -310 -9999    70    20     2 -9999 -9999
1981 02 24 09  -110  -330 -9999   360    60     1 -9999 -9999
1981 02 25 00  -210  -340 -9999    40    30     1 -9999 -9999
1981 02 25 06   -80  -370 -9999 -9999 -9999     1 -9999     0
1981 02 25 09   -70  -310 -9999   360    50     1 -9999 -9999
1981 02 26 00  -130  -310 -9999   140    30     0 -9999 -9999
1981 02 26 06   -20  -270 -9999   340    20     7 -9999     0
1981 02 26 09   -20  -270 -9999   340    20     7 -9999 -9999
1981 02 27 00   -50  -220 -9999   140    30     7 -9999 -9999
1981 02 27 06    10  -230 -9999   320    20     7 -9999     0
1981 02 27 09    10  -160 -9999   360    30     2 -9999 -9999
1981 02 27 18   -70  -140 -9999    20    60     7 -9999     0
1981 02 28 00   -50  -230 -9999   360    30     8 -9999 -9999
1981 02 28 06     0  -200 -9999   340    30     7 -9999     0
1981 02 28 09    10  -260 -9999   340    20     7 -9999 -9999
1981 03 01 00   -40  -230 -9999   110    40     0 -9999 -9999
1981 03 01 09    80  -130 -9999   200    60     1 -9999 -9999
1981 03 02 00   -20  -120 -9999    70    10     8 -9999 -9999
1981 03 03 00   -40  -230 -9999    20    40     7 -9999 -9999
1981 03 03 09    10  -180 -9999     0     0     7 -9999 -9999
1981 03 04 00   -80  -230 -9999   110    40     1 -9999 -9999
1981 03 04 09    40  -210 -9999   320    50     2 -9999 -9999
1981 03 04 12   -30  -170 -9999   320    90     6 -9999 -9999
1981 03 04 21   -90  -210 -9999    70    30     0 -9999 -9999
1981 03 05 00   -80  -210 -9999    70    20     2 -9999 -9999
1981 03 05 06     0  -240 -9999   340    20     1 -9999     0
1981 03 05 09    10 -9999 -9999    20    60     0 -9999 -9999
1981 03 05 18  -100  -170 -9999   190    20     0 -9999     0
1981 03 06 06  -340  -370 -9999   180    50     1 -9999     0
1981 03 06 09    70 -9999 -9999   200    50     1 -9999 -9999
1981 03 06 21    20  -260 -9999    70    30     0 -9999 -9999
1981 03 07 00   -30  -370 -9999   340    40     7 -9999 -9999
1981 03 07 21   -30  -150 -9999    90    20     0 -9999 -9999
1981 03 08 00   -60  -180 -9999    70    30     1 -9999 -9999
1981 03 09 06   100  -140 -9999   320    20     1 -9999     0
1981 03 09 09   110  -120 -9999   290    30     1 -9999 -9999
1981 03 09 21   -70  -190 -9999     0     0     0 -9999 -9999
1981 03 10 00    20  -140 -9999 -9999 -9999     2 -9999 -9999
1981 03 10 06   130  -160 -9999   180    60     1 -9999     0
1981 03 10 09   130  -140 -9999   110    30     7 -9999 -9999
1981 03 11 00    50   -60 -9999     0     0     3 -9999     0
1981 03 11 09   130   -60 -9999   250    30     7 -9999 -9999
1981 03 12 00    10  -130 -9999   220    20     7 -9999 -9999
1981 03 12 06   100  -180 -9999   360    40     7 -9999     0
1981 03 12 09   110  -170 -9999    90    20     7 -9999 -9999
1981 03 12 21     0  -150 -9999    40    40     0 -9999 -9999
1981 03 13 06    40 -9999 -9999   340    50     0 -9999     0
1981 03 13 09    40  -290 -9999   340    60     0 -9999 -9999
1981 03 13 18   -90  -300 -9999     0     0     0 -9999     0
1981 03 14 00   -30  -190 -9999   110    30     1 -9999 -9999
1981 03 14 06    70  -180 -9999 -9999 -9999     0 -9999     0
1981 03 14 21    50  -290 -9999   140    60     0 -9999 -9999
1981 03 15 00    60  -180 -9999   140    60     0 -9999     0
1981 03 15 06   130  -110 -9999   110    30     1 -9999     0
1981 03 15 09   140  -150 -9999    20    40     1 -9999 -9999
1981 03 15 21    50  -100 -9999    70    30     1 -9999 -9999
1981 03 16 00     0  -110 -9999    90    20     7 -9999 -9999
1981 03 16 21    10  -280 -9999    90    30     0 -9999 -9999
1981 03 17 00    20  -200 -9999    90    30     0 -9999     0
1981 03 17 06   130  -150 10152   270    30     0 -9999     0
1981 03 17 09   120  -220 -9999   320    50     7 -9999 -9999
1981 03 17 21    20  -200 -9999   110    40     0 -9999 -9999
1981 03 18 06    90  -240 -9999   260    40     1 -9999     0
1981 03 18 09   150  -200 -9999   270    30     3 -9999 -9999
1981 03 19 00    80  -140 -9999    20    40     7 -9999     0
1981 03 19 09   110   -90 -9999   320    50     0 -9999 -9999
1981 03 19 21    30  -180 -9999   110    20     1 -9999 -9999
1981 03 20 00    50  -230 -9999   110    40     1 -9999     0
1981 03 20 06   170  -150 -9999   220    50     2 -9999     0
1981 03 20 09   170  -100 -9999   250    20     7 -9999 -9999
1981 03 20 21    40  -120 -9999    90    20     0 -9999 -9999
1981 03 21 00    50  -110 -9999    40    30     1 -9999 -9999
1981 03 21 06   160  -150 -9999    20    40     5 -9999     0
1981 03 21 09   160  -140 -9999    20    40     1 -9999 -9999
1981 03 21 21   120  -170 -9999   110   100     0 -9999 -9999
1981 03 22 06   200   -40 -9999   110   100     1 -9999     0
1981 03 22 09   200   -20 -9999   110    80     0 -9999 -9999
1981 03 23 00    10     0 -9999   340    20     8 -9999    10
1981 03 23 06   -40  -160 -9999   290   130     8 -9999     0
1981 03 23 09    60   -10 -9999    20    30     7 -9999 -9999
1981 03 23 21   -10  -120 -9999   270    40     5 -9999 -9999
1981 03 24 00   -30  -120 -9999   220    30     0 -9999 -9999
1981 03 24 03   -50  -210 -9999     0     0     1 -9999 -9999
1981 03 24 06    40  -150 -9999   290    60     1 -9999     0
1981 03 24 09    30  -220 -9999   320   100     7 -9999 -9999
1981 03 24 21   -70  -190 -9999   360    40     0 -9999 -9999
1981 03 25 00   -70  -150 -9999   360    30     0 -9999 -9999
1981 03 25 06    40  -150 -9999     0     0     0 -9999     0
1981 03 25 09    50  -160 -9999   250    20     0 -9999 -9999
1981 03 25 21     0  -190 -9999   110    30     0 -9999 -9999
1981 03 26 06   100  -140 -9999   360    30     0 -9999 -9999
1981 03 26 21    30  -150 -9999    20    30     7 -9999 -9999
1981 03 27 00    30  -130 -9999    40    30     7 -9999     0
1981 03 27 06    90  -180 -9999   340    50     6 -9999     0
1981 03 27 09    90  -160 -9999   320    40     7 -9999 -9999
1981 03 27 21     0  -140 -9999    70    30     7 -9999 -9999
1981 03 28 00    10  -120 -9999    70    20     7 -9999 -9999
1981 03 28 06   100  -160 -9999     0     0     7 -9999     0
1981 03 28 09   110  -160 -9999    20    30     7 -9999 -9999
1981 03 28 21    40  -140 -9999   140    30     0 -9999 -9999
1981 03 29 00    60  -140 -9999   140    20     0 -9999 -9999
1981 03 29 06   140  -170 -9999   140    40     1 -9999     0
1981 03 29 09   130  -130 -9999   180    40     5 -9999 -9999
1981 03 30 00    90   -80 -9999    20    30     7 -9999 -9999
1981 03 30 06   130   -70 -9999   340    30     7 -9999     0
1981 03 30 09   140   -90 -9999   340    40     7 -9999 -9999
1981 03 31 09   130   -70 -9999   360    30     7 -9999 -9999
1981 04 01 00    50   -40 -9999   140    20     1 -9999 -9999
1981 04 01 09   130   -80 -9999   180    30     2 -9999 -9999
1981 04 03 09    60    30 -9999    90    30     8 -9999 -9999
1981 04 03 18   -10 -9999 -9999    90    60     0 -9999 -9999
1981 04 04 00    40   -20 -9999 -9999 -9999     0 -9999  3000
1981 04 04 09   140   -80 -9999   320    50     7 -9999 -9999
1981 04 04 21 -9999 -9999 -9999 -9999 -9999     0 -9999 -9999
1981 04 05 00    60   -50 -9999   110    20     2 -9999     0
1981 04 05 06   160  -100 -9999   250    20     6 -9999     0
1981 04 05 21    90  -170 -9999   110    40     0 -9999 -9999
1981 04 06 00   110  -100 -9999   140    50     6 -9999     0
1981 04 06 06   160  -170 -9999   160    60     7 -9999     0
1981 04 06 21   170   -10 -9999   140    50     8 -9999 -9999
1981 04 08 00    60     0 -9999   160    30     7 -9999     0
1981 04 09 00   110   -70 -9999    70    20     2 -9999     0
1981 04 09 09   190  -100 -9999   220    30     7 -9999 -9999
1981 04 10 09   170  -150 -9999   290    50     6 -9999 -9999
1981 04 10 18   -40  -190 -9999   160    10     7 -9999     0
1981 04 10 21   100   -90 -9999   160    20     7 -9999 -9999
1981 04 11 09   130   -30 -9999   340    50     7 -9999 -9999
1981 04 11 21    30  -150 -9999    40    30     0 -9999 -9999
1981 04 12 09   120  -130 -9999    20    60     7 -9999 -9999
1981 04 12 12    80  -100 -9999   140    50     7 -9999 -9999
1981 04 13 00    60   -90 -9999   290    30     8 -9999     0
1981 04 13 09    60     0 -9999     0     0     7 -9999 -9999
1981 04 14 00    40   -30 -9999   140    30     1 -9999     0
1981 04 14 06   150   -70 -9999   220    50     2 -9999 -9999
1981 04 14 09   160  -110 -9999   270    40     4 -9999 -9999
1981 04 14 21    60  -150 -9999    70    30     7 -9999 -9999
1981 04 15 03   100   -80 -9999    60    30     6 -9999 -9999
1981 04 15 09   160 -9999 -9999   360    40     6 -9999 -9999
1981 04 16 00   130  -180 -9999   140    30     7 -9999     0
1981 04 16 06   100   -20 -9999 -9999 -9999     6 -9999 -9999
1981 04 16 09   190  -170 -9999    20    30     7 -9999 -9999
1981 04 17 00    80    30 -9999    70    50     8 -9999    20
1981 04 17 06    90    50 -9999    90    20     8 -9999    20
1981 04 17 21    70    40 -9999 -9999 -9999     8 -9999 -9999
1981 04 18 00    70    50 -9999   180    30     7 -9999    -1
1981 04 18 09   140   -20 -9999   220    20     6 -9999 -9999
1981 04 18 21    80  -120 -9999   110    50     1 -9999 -9999
1981 04 19 06   140  -230 -9999   140    50     7 -9999     0
1981 04 19 09   130  -230 -9999   140    70     8 -9999 -9999
1981 04 19 21    80   -30 -9999   160    50     7 -9999 -9999
1981 04 20 00    70   -10 -9999     0     0     7 -9999 -9999
1981 04 20 03    90  -170 -9999 -9999 -9999     2 -9999 -9999
1981 04 21 00    50    10 -9999     0     0     1 -9999     0
1981 04 21 06   140    10 -9999     0     0     1 -9999     0
1981 04 21 21   120    70 10074   210    30     0 -9999 -9999
1981 04 22 00   120    80 -9999   110    40     0 -9999 -9999
1981 04 22 09   220   -60 -9999   320    30     2 -9999 -9999
1981 04 22 21   100   -50 -9999    20   100     8 -9999 -9999
1981 04 23 06    90  -100 -9999    20   100     8 -9999     0
1981 04 24 00    40  -120 -9999   180    20     0 -9999 -9999
1981 04 24 06   120  -110 -9999   340    20     3 -9999     0
1981 04 24 09   140   -70 -9999     0     0     1 -9999 -9999
1981 04 24 18    60  -170 -9999    90    40     8 -9999     0
1981 04 24 21    50   -80 -9999    70    30     0 -9999 -9999
1981 04 25 00   100   -70 -9999     0     0     0 -9999     0
1981 04 25 09   170   -70 -9999   250    20     7 -9999 -9999
1981 04 25 21   110  -120 -9999    70    30     1 -9999 -9999
1981 04 26 00   130  -110 -9999   110    30     6 -9999     0
1981 04 26 09   220   -70 -9999   290    60     7 -9999 -9999
1981 04 27 00   140  -170 10169   320    80     7 -9999 -9999
1981 04 27 06   120  -150 -9999   340    60     3 -9999     0
1981 04 27 18     0  -290 10527 -9999 -9999     7 -9999 -9999
1981 04 27 21    40   -70 -9999    40    30     1 -9999 -9999
1981 04 28 00    70  -140 -9999   360    30     6 -9999     0
1981 04 28 21    70  -110 -9999    90    30     0 -9999 -9999
1981 04 29 00   120 -9999 -9999   110    20     0 -9999     0
1981 04 29 06   200  -160 -9999   200    30     0 -9999 -9999
1981 04 29 09   200  -110 -9999   160    40     1 -9999 -9999
1981 04 29 21   160  -120 -9999   160    40     2 -9999 -9999
1981 04 30 00   170   -50 -9999   200    70     7 -9999 -9999
1981 04 30 06   270     0 -9999   360    20     7 -9999     0
1981 04 30 09   220   -20 -9999   220    40     7 -9999 -9999
1981 04 30 21   120 -9999 -9999   320    30     1 -9999 -9999
1981 05 02 06    40  -140 -9999   320    30     0 -9999 -9999
1981 05 02 09    70  -180 -9999     0     0     1 -9999 -9999
1981 05 03 00    60  -200 -9999   110    20     1 -9999 -9999
1981 05 03 03 -9999 -9999 -9999     0     0     1 -9999 -9999
1981 05 03 06   220 -9999 -9999    40    20     0 -9999     0
1981 05 03 09   140  -260 -9999   340    30     0 -9999 -9999
1981 05 04 00   100  -260 -9999   140    30     1 -9999 -9999
1981 05 04 06   170 -9999 -9999     0     0     7 -9999     0
1981 05 04 09   170  -230 -9999   160    20     7 -9999 -9999
1981 05 04 21    70  -210 -9999   110    30     1 -9999 -9999
1981 05 05 00   130  -200 -9999   140    30     1 -9999     0
1981 05 05 09   220 -9999 -9999   340    30     7 -9999 -9999
1981 05 06 00   180   -70 -9999   140    20     7 -9999     0
1981 05 06 06   270   -70 -9999   360    40     7 -9999     0
1981 05 06 09   290   -70 -9999   360    70     7 -9999 -9999
1981 05 07 00   240   -50 -9999   140    40     0 -9999 -9999
1981 05 07 06   310   -20 -9999   270    40     0 -9999     0
1981 05 07 09   320   -50 -9999   360    20     0 -9999 -9999
1981 05 07 21   170   -80 -9999    20    70     1 -9999 -9999
1981 05 08 00   130   -10 -9999    40    90     0 -9999 -9999
1981 05 08 06   230   -20 -9999   360    50     2 -9999     0
1981 05 08 09   240   -20 -9999    20    60     7 -9999 -9999
1981 05 09 00   160   100 -9999    40    20     8 -9999    30
1981 05 09 06   220    60 -9999   200    40     8 -9999    -1
1981 05 09 09   230    30 -9999   270    50     8 -9999 -9999
1981 05 10 00    50   -70 -9999   360    80     7 -9999     0
1981 05 10 09   100  -220 -9999    20    70     1 -9999 -9999
1981 05 11 00    60  -110 -9999     0     0     2 -9999 -9999
1981 05 11 06   170  -130 -9999   220    20     7 -9999     0
1981 05 11 18    90  -110 -9999    10    80     8 -9999     0
1981 05 11 21    80  -120 -9999    40    50     8 -9999 -9999
1981 05 12 06   210     0 -9999   250    30     2 -9999 -9999
1981 05 12 09   210     0 -9999   270    30     1 -9999 -9999
1981 05 12 21   110   -10 -9999   340    50     8 -9999 -9999
1981 05 13 00   130   -20 -9999    20    40     8 -9999 -9999
1981 05 13 09   190   -30 -9999   360    40     7 -9999 -9999
1981 05 13 21   100   -30 -9999   340    20     7 -9999 -9999
1981 05 14 00   100   -10 -9999   320    40     7 -9999 -9999
1981 05 14 06   150  -110 -9999   290    70     7 -9999     0
1981 05 14 09   140  -230 -9999   320    90     7 -9999 -9999
1981 05 14 21    40   -80 -9999    20    40     0 -9999 -9999
1981 05 15 06   140   -90 -9999   340    40     1 -9999     0
1981 05 15 09   160  -150 -9999   360    50     1 -9999 -9999
1981 05 15 21    80  -110 -9999   110    30     0 -9999 -9999
1981 05 16 00   130  -100 -9999   140    30     0 -9999     0
1981 05 16 06   200  -110 -9999   200    30     1 -9999     0
1981 05 16 09   210  -150 -9999   290    40     1 -9999 -9999
1981 05 17 00   100  -110 -9999    20    70     1 -9999     0
1981 05 17 06   180  -110 -9999   360    50     7 -9999     0
1981 05 17 09   190  -120 -9999   360    50     7 -9999 -9999
1981 05 18 00   190   100 10186    90    20     6 -9999     0
1981 05 18 06   180   -70 -9999   360    50     7 -9999     0
1981 05 18 09   190   -40 -9999     0     0     7 -9999 -9999
1981 05 19 00   150   -70 -9999   110    40     0 -9999 -9999
1981 05 19 21   170   -60 -9999   140    40     0 -9999 -9999
1981 05 20 00   160    20 -9999   180    30     1 -9999 -9999
1981 05 20 21   -20 -9999 -9999   170    40     0 -9999 -9999
1981 05 21 06   150    50 -9999   140    60     6 -9999    10
1981 05 21 09   170    20 -9999   340    30     7 -9999 -9999
1981 05 21 12   210    40 10098   140    20     2 -9999 -9999
1981 05 22 00   140    40 -9999    20    20     0 -9999     0
1981 05 22 06   210   -40 -9999     0     0     3 -9999     0
1981 05 22 09   220   -30 -9999     0     0     2 -9999 -9999
1981 05 22 18   130  -140 -9999    10    60     8 -9999     0
1981 05 23 00   170    20 -9999   200    30     1 -9999 -9999
1981 05 23 06   250   -60 -9999   180    50     0 -9999     0
1981 05 23 09   250   -70 -9999   160    70     1 -9999 -9999
1981 05 23 21   180     0 -9999   140    40     7 -9999 -9999
1981 05 24 00   190    20 -9999   180    30     7 -9999 -9999
1981 05 24 06   240     0 -9999   250    30     7 -9999     0
1981 05 24 21   160   -10 -9999    40    40     0 -9999 -9999
1981 05 25 00   190    20 -9999    70    20     7 -9999 -9999
1981 05 25 06   250   -20 -9999   270    20     7 -9999     0
1981 05 25 09   250     0 -9999   180    30     7 -9999 -9999
1981 05 25 21   170    10 -9999   360    50     8 -9999 -9999
1981 05 26 06   200   -50 -9999   320    50     7 -9999 -9999
1981 05 27 00    90   -60 10113    20    40     7 -9999     0
1981 05 27 06   170 -9999 -9999 -9999 -9999     5 -9999 -9999
1981 05 27 21   110  -140 -9999   140    20     1 -9999 -9999
1981 05 28 00   150   -80 -9999   160    30     1 -9999     0
1981 05 28 06   210  -140 -9999   330    20     2 -9999     0
1981 05 28 09   220  -150 -9999   360    20     7 -9999 -9999
1981 05 28 18 -9999 -9999 -9999    10    20     2 -9999     0
1981 05 28 21   120  -180 -9999    90    30     0 -9999 -9999
1981 05 29 00   190   -60 -9999    70    20     1 -9999     0
1981 05 29 09   240  -120 -9999    20    30     6 -9999 -9999
1981 05 30 06   230  -120 -9999   140    80     7 -9999     0
1981 05 30 09   230  -120 -9999   110   100     7 -9999 -9999
1981 05 31 00   160   -80 -9999   140   130     7 -9999 -9999
1981 05 31 06   210   -30 -9999   110    80     7 -9999    -1
1981 05 31 09   210   -20 -9999   140    50     7 -9999 -9999
1981 05 31 21   130     0 -9999   160    20     2 -9999 -9999
1981 06 01 00   140     0 -9999   200    30     0 -9999 -9999
1981 06 02 09   230   -20 -9999   270    30     2 -9999 -9999
1981 06 02 21   160   -50 -9999   110    60     7 -9999 -9999
1981 06 03 00   180  -100 -9999   110    60     1 -9999 -9999
1981 06 03 09   230  -110 -9999   140   100     1 -9999 -9999
1981 06 04 00   190   -70 -9999   160    30     1 -9999     0
1981 06 04 06   200   110 -9999 -9999 -9999     1 -9999     0
1981 06 04 18   130   -40 -9999    10    90     8 -9999     0
1981 06 05 00   210   -10 -9999   180    20     2 -9999 -9999
1981 06 05 06   260   -70 -9999   140   100     1 -9999     0
1981 06 05 09   260   -50 -9999   110    70     1 -9999 -9999
1981 06 05 21   170   -20 -9999   110    30     3 -9999 -9999
1981 06 06 06   250   -30 -9999   110    60     7 -9999     0
1981 06 06 21   170    20 -9999   110    20     8 -9999 -9999
1981 06 07 00   170    20 -9999   220    20     8 -9999 -9999
1981 06 07 03   190    40 -9999   180    50     8 -9999 -9999
1981 06 07 09 -9999 -9999 -9999   160    70     7 -9999 -9999
1981 06 07 21   150    50 -9999    40    20     7 -9999 -9999
1981 06 08 06   230    50 -9999   360    30     7 -9999     0
1981 06 08 09   240    30 -9999   320    20     7 -9999 -9999
1981 06 08 21   160    50 -9999 -9999 -9999     1 -9999 -9999
1981 06 09 00   210    50 -9999   110    20     1 -9999 -9999
1981 06 09 06   260    10 -9999    40    20     1 -9999     0
1981 06 09 09   240    20 -9999   180    30     7 -9999 -9999
1981 06 10 00   170    80 -9999    20    50     1 -9999 -9999
1981 06 10 09 -9999 -9999 -9999    20    70     3 -9999 -9999
1981 06 11 00   190    40 -9999   140    80     0 -9999 -9999
1981 06 11 06   260    30 -9999   290    20     2 -9999     0
1981 06 11 09   270   -10 -9999   160    40     7 -9999 -9999
1981 06 11 21   200 -9999 -9999   160    50     2 -9999 -9999
1981 06 12 00   210   -30 -9999    20    30     6 -9999 -9999
1981 06 12 06   290   -10 -9999     0     0     7 -9999 -9999
1981 06 12 09   290   -30 -9999   290    20     7 -9999 -9999
1981 06 13 06   300    40 -9999 -9999 -9999     1 -9999     0
1981 06 14 00   250   100 -9999 -9999 -9999     7 -9999 -9999
1981 06 14 06   270    70 -9999   220    70     9 -9999     0
1981 06 14 09   250    40 -9999   360    90     8 -9999 -9999
1981 06 15 00   170   110 -9999   340    20     7 -9999 -9999
1981 06 16 06   150  -210 -9999    40    60     8 -9999    10
1981 06 16 09   190   110 -9999   140    40 -9999 -9999 -9999
1981 06 17 00   180    90 -9999   160    20     7 -9999 -9999
1981 06 17 06   260    70 -9999   250    30     7 -9999     0
1981 06 17 09   260    80 -9999   200    40     7 -9999 -9999
1981 06 18 00   180   140 -9999   160    30     7 -9999 -9999
1981 06 18 06   260   100 -9999   320    30     7 -9999     0
1981 06 18 09   300    70 -9999   340    40     7 -9999 -9999
1981 06 19 00   190   150 -9999     0     0     7 -9999 -9999
1981 06 19 06   290    70 -9999   200    50     7 -9999     0
1981 06 19 21   200   130 -9999   320    50     8 -9999 -9999
1981 06 20 00   200   130 -9999   320    50     8 -9999 -9999
1981 06 20 06   190   130 -9999   340    20     4 -9999 -9999
1981 06 20 09   240   100 -9999    40    20     1 -9999 -9999
1981 06 20 12   210   -30 -9999    40    30     7 -9999 -9999
1981 06 21 00   170    80 -9999   160    30     7 -9999 -9999
1981 06 21 06   250    50 -9999    90    20     7 -9999     0
1981 06 21 09   220    50 -9999    70    20     8 -9999 -9999
1981 06 21 21   150   110 -9999     0     0     8 -9999 -9999
1981 06 22 00   160   100 -9999   360    30     6 -9999 -9999
1981 06 22 06   250    60 -9999     0     0     4 -9999 -9999
1981 06 22 09   260    40 -9999 -9999 -9999     6 -9999 -9999
1981 06 22 21   160    30 -9999   110    40     2 -9999 -9999
1981 06 23 00   210    50 -9999    20    40     4 -9999 -9999
1981 06 23 06   270    30 -9999   300    20     7 -9999     0
1981 06 23 09   280    20 -9999   200    40     7 -9999 -9999
1981 06 24 00   200    80 -9999   250    20     7 -9999 -9999
1981 06 24 06   280    30 -9999   180    30     2 -9999     0
1981 06 24 09   290   -10 -9999   200    60     2 -9999 -9999
1981 06 24 21   210    50 -9999 -9999 -9999     0 -9999 -9999
1981 06 25 00   230    40 -9999   180    50     0 -9999 -9999
1981 06 25 06   320   -10 -9999   340    30     4 -9999     0
1981 06 25 09   330   -10 -9999   340    60     6 -9999 -9999
1981 06 25 12   230   -80 -9999 -9999 -9999     6 -9999 -9999
1981 06 25 21   220    10 -9999    40    40     7 -9999 -9999
1981 06 26 00   200    30 -9999    40    50     5 -9999    -1
1981 06 26 06   240    20 -9999   320    70     6 -9999    -1
1981 06 26 12   250    20 10032    20    40     8 -9999 -9999
1981 06 26 21   180    20 -9999     0     0     7 -9999 -9999
1981 06 27 00   150    80 -9999    70    30     7 -9999    10
1981 06 28 00   220    10 -9999   160    40     6 -9999 -9999
1981 06 28 06   290   -10 -9999   200    50     7 -9999     0
1981 06 28 09   280    70 -9999   320    30     6 -9999 -9999
1981 06 28 15   150    10 -9999   320    30     0 -9999 -9999
1981 06 28 21   220    60 -9999   160    40     7 -9999 -9999
1981 06 29 00   240    70 -9999   200    40     7 -9999 -9999
1981 06 29 06   250    70 -9999   340    50     7 -9999    -1
1981 06 29 09   270    40 -9999   270    40     7 -9999 -9999
1981 06 29 21   190    40 -9999   160    30     5 -9999 -9999
1981 06 30 09   310    40 -9999   290    20     7 -9999 -9999
1981 07 01 00    90    90 -9999   210    70     8 -9999    10
1981 07 01 06   240   100 -9999     0     0     5 -9999     0
1981 07 02 06   170 -9999 -9999   270    40     8 -9999 -9999
1981 07 02 18   230     0 -9999    20    30     7 -9999     0
1981 07 04 06   230   110 -9999    20    30     7 -9999     0
1981 07 06 06   250   140 -9999     0     0     8 -9999     0
1981 07 06 18   100    40 -9999    30    30     2 -9999     0
1981 07 07 00   180   150 -9999   290    40     8 -9999 -9999
1981 07 07 06   180   140 -9999   360    40     8 -9999    10
1981 07 10 00   220    30 -9999    40    20     0 -9999 -9999
1981 07 10 09   300   -50 -9999   270    40     6 -9999 -9999
1981 07 12 00   200   150 -9999   160    30     8 -9999 -9999
1981 07 12 06   220 -9999 -9999   200    20     8 -9999    20
1981 07 12 09   230 -9999 -9999   290    50     8 -9999 -9999
1981 07 13 00   160   130 -9999   200    20     8 -9999    10
1981 07 14 00   200    70 -9999    90    30     7 -9999 -9999
1981 07 15 00   210    50 -9999   180    40     0 -9999 -9999
1981 07 15 06   300     0 -9999   200    40     1 -9999     0
1981 07 15 09   300    40 -9999   250    20     1 -9999 -9999
1981 07 15 21   150   -40 -9999    40    30     0 -9999 -9999
1981 07 16 06   310   -30 -9999   140    70     0 -9999     0
1981 07 16 21   230    10 -9999   180    30     0 -9999 -9999
1981 07 17 00   260    20 -9999   160    40     0 -9999 -9999
1981 07 17 09   310    50 -9999   140    80     0 -9999 -9999
1981 07 17 21   230   100 -9999   200    50     0 -9999 -9999
1981 07 18 00   240   110 -9999     0     0     0 -9999 -9999
1981 07 19 00   240   140 -9999   360    20     1 -9999 -9999
1981 07 19 06   300   100 -9999   140    40     2 -9999 -9999
1981 07 20 00   230   150 -9999   180    70     7 -9999 -9999
1981 07 20 06   280   120 -9999   180    70     7 -9999     0
1981 07 20 09   300   130 -9999   160    70     7 -9999 -9999
1981 07 21 00   210   100 -9999     0     0     7 -9999 -9999
1981 07 22 00   250   150 -9999    40    20     6 -9999 -9999
1981 07 23 00   260   110 -9999   200    20     2 -9999 -9999
1981 07 23 21   220   110 -9999    90    30     8 -9999 -9999
1981 07 24 00   230   130 -9999   160    40     7 -9999 -9999
1981 07 24 09   300   100 -9999   180    50     5 -9999 -9999
1981 07 25 06   300   100 -9999   110    60     1 -9999     0
1981 07 25 21   230   130 -9999   180    30     7 -9999 -9999
1981 07 26 00   140    20 -9999    80    10     1 -9999 -9999
1981 07 26 06   240   140 -9999    20    80     7 -9999     0
1981 07 26 09 -9999 -9999 -9999   360    70     7 -9999 -9999
1981 07 26 21   180   120 -9999   160    20     0 -9999 -9999
1981 07 27 00   200   130 -9999     0     0     0 -9999 -9999
1981 07 27 21   200   140 -9999   140    20     8 -9999 -9999
1981 07 28 06   250   140 -9999   250    20     7 -9999    -1
1981 07 28 09   270   130 -9999 -9999 -9999     7 -9999 -9999
1981 07 29 00   240   110 -9999    20    40     7 -9999 -9999
1981 07 29 06 -9999 -9999 -9999   180    20     7 -9999    10
1981 07 29 09   280   140 -9999   140    30     7 -9999 -9999
1981 07 29 15   210   -20 -9999    70    30     0 -9999 -9999
1981 07 30 09   310   130 -9999   140    60     1 -9999 -9999
1981 07 30 18   170    40 -9999    10    60     8 -9999 -9999
1981 07 30 21   250   160 -9999   200    50     7 -9999 -9999
1981 07 31 06   300   150 -9999   200    70     7 -9999     0
1981 07 31 12   200    80 -9999    40    50     7 -9999    -1
1981 08 01 09   230   160 -9999   320    50     8 -9999 -9999
1981 08 01 21   200   170 -9999     0     0     2 -9999 -9999
1981 08 02 00   200   170 -9999   360    10     7 -9999 -9999
1981 08 02 06   280   160 -9999   320    20     2 -9999     0
1981 08 02 09   290   160 -9999   360    20     7 -9999 -9999
1981 08 03 00   240   170 -9999     0     0     7 -9999 -9999
1981 08 03 06   320   170 -9999    40    20     7 -9999     0
1981 08 04 06   330   150 -9999   340    20     5 -9999     0
1981 08 04 09   340    90 -9999   220    50     3 -9999 -9999
1981 08 04 12   210   100 -9999    40    20     7 -9999 -9999
1981 08 04 21   240   140 -9999   180    70     0 -9999 -9999
1981 08 05 00   210   180 -9999   270    30     7 -9999 -9999
1981 08 05 09 -9999 -9999 -9999   340    50     8 -9999 -9999
1981 08 05 21   190   130 -9999     0     0     7 -9999 -9999
1981 08 06 00   190   140 -9999   320    20     6 -9999 -9999
1981 08 06 06   220   -60 -9999   260    30     1 -9999     0
1981 08 06 09   270    40 -9999   340    50     2 -9999 -9999
1981 08 07 00   210    70 -9999     0     0     1 -9999 -9999
1981 08 07 06   280    10 -9999     0     0     1 -9999 -9999
1981 08 07 09   300    10 -9999   340    40     2 -9999 -9999
1981 08 07 18   150     0 -9999    90    30     7 -9999     0
1981 08 08 09   270   120 -9999   110    30     7 -9999 -9999
1981 08 08 21   190   120 -9999   200    20     7 -9999 -9999
1981 08 09 00   190   120 -9999   200    40     6 -9999 -9999
1981 08 09 06   260    40 -9999   290    30     2 -9999     0
1981 08 09 09   270     0 -9999   360    40     3 -9999 -9999
1981 08 09 21   170    40 -9999     0     0     2 -9999 -9999
1981 08 10 06   250    10 -9999     0     0     1 -9999     0
1981 08 10 09   260    10 -9999    20    20     2 -9999 -9999
1981 08 10 21   190 -9999 -9999    70    20     7 -9999 -9999
1981 08 11 21   210    60  9997   140    40     0 -9999 -9999
1981 08 12 12   220   -40 -9999   360   170     6 -9999 -9999
1981 08 12 21   250    60 -9999   160    50     1 -9999 -9999
1981 08 14 00   130     0 -9999   340    70     7 -9999 -9999
1981 08 14 21   160   110 -9999    40    20     0 -9999 -9999
1981 08 19 00   170   140 -9999     0     0     8 -9999 -9999
1981 08 19 06   170   140 -9999 -9999 -9999     7 -9999    20
1981 08 19 09   190   140 -9999   220    30     7 -9999 -9999
1981 08 20 09   270    50 -9999    40    20     1 -9999 -9999
1981 08 21 00   220    60 -9999   140    40     7 -9999 -9999
1981 08 21 06   240    40 -9999   140    70     7 -9999     0
1981 08 21 09   250    90 -9999    40    40     7 -9999 -9999
1981 08 23 06   220   120 -9999   340    40     8 -9999     5
1981 08 23 09   190   130 -9999   320    50     8 -9999 -9999
1981 08 24 00    80     0 -9999    70    60     7 -9999     0
1981 08 24 06   220    50 -9999   340    40     7 -9999 -9999
1981 08 24 09   230    20 -9999   320    50     7 -9999 -9999
1981 08 25 00   150    90 -9999   160    20     2 -9999 -9999
1981 08 25 06   240    30 -9999   290    30     2 -9999     0
1981 08 25 09   250   -20 -9999    20    30     2 -9999 -9999
1981 08 25 21   160    40 -9999   110    30     1 -9999 -9999
1981 08 26 00   180 -9999 -9999    70    20     2 -9999 -9999
1981 08 28 21   150    80 -9999   140    20     1 -9999 -9999
1981 08 29 00   150    80 -9999   110    20     3 -9999 -9999
1981 08 29 06   240    20 -9999   320    40     3 -9999     0
1981 08 29 09   250   -20 -9999   250    40     2 -9999 -9999
1981 08 30 00   190    60 -9999   140    40     7 -9999 -9999
1981 08 30 09   260    20 -9999   140    60     7 -9999 -9999
1981 08 31 00   190 -9999 -9999     0     0     7 -9999     3
1981 08 31 06   220   100 -9999   320    30     7 -9999     0
1981 08 31 09   220 -9999 -9999    40    30     7 -9999 -9999
1981 08 31 21   190   150 10080    70    40     7 -9999 -9999
1981 09 01 00   160   120 -9999   180    40     7 -9999    -1
1981 09 01 09   190   130 -9999   200    30     8 -9999 -9999
1981 09 01 12   150  -120 -9999   270    60     2 -9999 -9999
1981 09 01 21   140   130 -9999   340    20     8 -9999 -9999
1981 09 02 00   140   130 -9999   320    40     8 -9999    40
1981 09 02 06   190   130 -9999    20    40     6 -9999    10
1981 09 02 09   200   110 -9999   360    20     3 -9999 -9999
1981 09 02 21   140    90 -9999    70    20     2 -9999 -9999
1981 09 03 00   150   100 -9999     0     0     7 -9999 -9999
1981 09 03 09   220    50 -9999   360    30     7 -9999 -9999
1981 09 04 00   160    90 -9999     0     0     7 -9999 -9999
1981 09 04 09   200   100 -9999    90    20     7 -9999 -9999
1981 09 04 21   140    90 -9999   140    30     7 -9999 -9999
1981 09 05 00   130   120 -9999    40    20     8 -9999 -9999
1981 09 05 06   180    90 -9999    20    30     7 -9999    -1
1981 09 05 09   170   110 -9999    20    40     8 -9999 -9999
1981 09 05 21   120    90 -9999    90    20     1 -9999 -9999
1981 09 06 00   130   100 -9999     0     0     7 -9999    -1
1981 09 06 06   200 -9999 -9999    20    30     7 -9999 -9999
1981 09 06 09   210    90 -9999   290    20     7 -9999 -9999
1981 09 06 21   120    90 -9999   340    30     8 -9999 -9999
1981 09 07 06   110     0 -9999   360    30     1 -9999    -1
1981 09 07 09   180   -20 -9999   320    40     1 -9999 -9999
1981 09 07 12   180  -150 -9999   270    80     7 -9999 -9999
1981 09 07 21    90    30 -9999    90    20     0 -9999 -9999
1981 09 08 06   100    30 -9999    40    20     3 -9999     0
1981 09 08 12   150  -130 -9999    90    40     6 -9999 -9999
1981 09 08 21   120    50 -9999   180    20     7 -9999 -9999
1981 09 09 09   190    20 -9999    20    20     2 -9999 -9999
1981 09 10 00   140    10 -9999    90    30     1 -9999 -9999
1981 09 10 06   210     0 -9999   340    30     7 -9999     0
1981 09 10 09   220   -20 -9999    20    20     3 -9999 -9999
1981 09 10 21   130    30 -9999    70    20     1 -9999 -9999
1981 09 11 00    70  -100 -9999    20    50     3 -9999 -9999
1981 09 11 06   210    20 -9999   320    30     7 -9999     0
1981 09 11 09   220     0 -9999   360    30     1 -9999 -9999
1981 09 12 06   220     0 -9999   200    40     7 -9999     0
1981 09 12 09   200   -20 -9999 -9999 -9999     7 -9999 -9999
1981 09 12 21   140    30 -9999    40    20     8 -9999 -9999
1981 09 13 00   130    30 -9999   320    20     8 -9999 -9999
1981 09 13 06   140    50 -9999   180    20     8 -9999    -1
1981 09 13 09   160    30 -9999   220    20     8 -9999 -9999
1981 09 13 21   110    80 -9999     0     0     6 -9999 -9999
1981 09 14 00   120    80 -9999    70    30     7 -9999 -9999
1981 09 14 09   170    60 -9999   200    20     7 -9999 -9999
1981 09 14 21   120    60 -9999     0     0     7 -9999 -9999
1981 09 15 00   130    50 -9999   110    30     7 -9999 -9999
1981 09 15 06   170    70 -9999   320    30     7 -9999    -1
1981 09 15 18    30  -110 -9999 -9999 -9999     0 -9999     0
1981 09 16 00   130    50 -9999   140    30     1 -9999    -1
1981 09 16 06   200    20 -9999   270    30     4 -9999     0
1981 09 16 09   200    10 -9999     0     0     2 -9999 -9999
1981 09 17 00   130    10 10117   140    40     4 -9999 -9999
1981 09 17 06   230   -20 -9999   320    50     5 -9999     0
1981 09 17 09   230   -50 -9999 -9999 -9999     6 -9999 -9999
1981 09 18 00   150    20 -9999   110    30     1 -9999 -9999
1981 09 18 06   230   -20 -9999     0     0     1 -9999     0
1981 09 18 18    70   -70 -9999   320    20     0 -9999 -9999
1981 09 18 21   150    20 -9999   160    20     7 -9999 -9999
1981 09 19 00   140    20 -9999    70    30     2 -9999 -9999
1981 09 19 06   230    10 -9999   320    30     3 -9999     0
1981 09 20 06   240    20 -9999   180    40     1 -9999     0
1981 09 20 09   250    20 -9999   200    40     2 -9999 -9999
1981 09 20 12   150 -9999 -9999   340    90     7 -9999 -9999
1981 09 20 21   180    50 -9999   160    30     8 -9999 -9999
1981 09 21 00   180    40 -9999   140    30     7 -9999 -9999
1981 09 21 06   240    50 -9999   320    30     7 -9999     0
1981 09 21 09   240     0 -9999   360    40     7 -9999 -9999
1981 09 22 00   170   -40 -9999    90    30     7 -9999 -9999
1981 09 22 06   240     0 -9999   220    30     7 -9999     0
1981 09 22 09   240   -10 -9999     0     0     7 -9999 -9999
1981 09 22 15 -9999  -150 10209 -9999 -9999 -9999 -9999 -9999
1981 09 22 21   150    40 -9999   110    20     1 -9999 -9999
1981 09 23 00   150    50 -9999   140    30     2 -9999 -9999
1981 09 23 21   160   -20 -9999   140    30     0 -9999 -9999
1981 09 24 00   170   -20 -9999   160    30     1 -9999 -9999
1981 09 24 06   250   -60 -9999   200    60     0 -9999     0
1981 09 25 00   200    20 -9999   160    40     0 -9999 -9999
1981 09 25 06   260    20 -9999   200    60     0 -9999     0
1981 09 25 21   160    60 -9999   270    20     7 -9999 -9999
1981 09 26 00   120    50 -9999   360    40     7 -9999 -9999
1981 09 26 06   120    50 -9999    40    70     8 -9999     0
1981 09 26 09   110    80 -9999    20    70     8 -9999 -9999
1981 09 26 21    90    10 -9999   320    30     2 -9999 -9999
1981 09 27 06   140    50 -9999   200    40     7 -9999     0
1981 09 27 09   140    30 -9999   250    20     8 -9999 -9999
1981 09 27 21    60    30 -9999   290    30     8 -9999 -9999
1981 09 28 00    60    30 -9999   180    30     8 -9999    10
1981 09 28 21    80    20 -9999    70    20     0 -9999 -9999
1981 09 29 00    90    20 -9999    40    20     7 -9999     0
1981 09 29 06   160   -20 -9999   320    40     7 -9999     0
1981 09 29 09   160     0 -9999   360    30     5 -9999 -9999
1981 09 30 00   110    20 -9999    20    20     7 -9999     0
1981 09 30 06   170   -20 -9999   360    30     1 -9999     0
1981 09 30 09   160   -20 -9999   340    30     7 -9999 -9999
1981 09 30 21   120   -20 -9999   110    30     7 -9999 -9999
1981 10 01 00   110     0 -9999   110    20     1 -9999 -9999
1981 10 01 06   200   -20 -9999   200    60     2 -9999     0
1981 10 01 09   200   -10 -9999   110    70     7 -9999 -9999
1981 10 01 21   140    10 -9999   110    50     2 -9999 -9999
1981 10 02 00   130    40 -9999   140    30     7 -9999 -9999
1981 10 02 06   180    20 -9999   360    50     2 -9999     0
1981 10 02 09   170    50 -9999   220    40     2 -9999 -9999
1981 10 02 21    90    50 -9999   360    20     7 -9999 -9999
1981 10 03 00    90    60 -9999   360    30     7 -9999     0
1981 10 03 06    60    40 -9999   340   100     8 -9999   110
1981 10 03 09    30    30 -9999   340    60     8 -9999 -9999
1981 10 04 00    50   -20 -9999     0     0     1 -9999 -9999
1981 10 04 06   110    20 -9999   250    30     1 -9999     0
1981 10 04 09   110    10 -9999   220    20     2 -9999 -9999
1981 10 04 18   -30   -90 -9999     0     0     0 -9999     0
1981 10 04 21    50     0 -9999   110    30     0 -9999 -9999
1981 10 05 00   -50  -140 -9999   110    30     0 -9999     0
1981 10 05 06   140     0 -9999   250    20     7 -9999     0
1981 10 05 09   140   -40 -9999   270    30     7 -9999 -9999
1981 10 06 00    80   -10 -9999   110    20     7 -9999     0
1981 10 06 06   140   -40 -9999     0     0     7 -9999     0
1981 10 06 09   160   -30 -9999   340    20     3 -9999 -9999
1981 10 06 12    30  -230 -9999   270    60     1 -9999 -9999
1981 10 06 21    50   -50 -9999   360    80     8 -9999 -9999
1981 10 07 06   -10  -230 -9999   360    30     7 -9999     5
1981 10 07 09   -10  -260 -9999   340    60     4 -9999 -9999
1981 10 07 21   -70 -9999 -9999 -9999 -9999     0 -9999 -9999
1981 10 08 06     0  -260 -9999   220    10     0 -9999     0
1981 10 08 09    20  -310 -9999   360    30     0 -9999 -9999
1981 10 08 21   -20  -260 -9999   140    40     0 -9999 -9999
1981 10 09 00   -20  -170 -9999   110    30     0 -9999 -9999
1981 10 09 06    90  -150 -9999   320    20     0 -9999     0
1981 10 09 09    90  -140 -9999     0     0     0 -9999 -9999
1981 10 10 06   130  -180 -9999   320    20     0 -9999     0
1981 10 10 09   130  -160 -9999   340    20     1 -9999 -9999
1981 10 11 09   130  -150 -9999   340    30     1 -9999 -9999
1981 10 11 21    20  -100 -9999    40    20     0 -9999 -9999
1981 10 12 00    20   -50 -9999    70    20     0 -9999 -9999
1981 10 12 09   100  -100 -9999   360    40     0 -9999 -9999
1981 10 12 21    10   -80 -9999    70    30     1 -9999 -9999
1981 10 13 00    30  -100 -9999    90    20     7 -9999 -9999
1981 10 13 06   100  -100 -9999    20    40     8 -9999     0
1981 10 13 21    20   -10 -9999    90    20     1 -9999 -9999
1981 10 14 00    20   -20 -9999   110    10     2 -9999     0
1981 10 14 09   110   -20 -9999    20    50     6 -9999 -9999
1981 10 14 21    50   -30 -9999    70    30     3 -9999 -9999
1981 10 15 00    50   -20 -9999    70    20     2 -9999     0
1981 10 15 06   130   -10 -9999   250    20     6 -9999     0
1981 10 15 09   140   -30 -9999   320    30     0 -9999 -9999
1981 10 16 00   -50  -180 -9999 -9999 -9999     4 -9999 -9999
1981 10 16 06   120   -40 -9999   360    50     8 -9999     0
1981 10 16 09    90   -20 -9999   360    50     8 -9999 -9999
1981 10 16 21    40    20 -9999   200    20     7 -9999 -9999
1981 10 17 00    30    10 -9999   140    20     1 -9999     0
1981 10 17 06   100   -50 -9999   270    60     5 -9999     0
1981 10 17 09   110   -70 -9999   320    40     2 -9999 -9999
1981 10 17 21    60   -60 -9999   110    40     1 -9999 -9999
1981 10 18 00    60   -50 -9999   110    30     7 -9999     0
1981 10 18 03   130 -9999 10251   220    20     7 -9999 -9999
1981 10 18 06   110   -30 -9999   220    40     8 -9999 -9999
1981 10 18 09   110   -30 -9999   220    60     7 -9999 -9999
1981 10 18 21    30   -20 -9999    70    20     7 -9999 -9999
1981 10 19 00    60   -10 -9999    90    20     7 -9999     0
1981 10 19 09   110   -10 -9999   340    30     8 -9999 -9999
1981 10 19 18   -40  -180 -9999    20    20     7 -9999     0
1981 10 20 00    50     0 -9999    70    30     2 -9999     0
1981 10 20 06   120    20 -9999   340    50     7 -9999     0
1981 10 20 09    90    40 -9999   360    40     8 -9999 -9999
1981 10 20 21   -20   -20 -9999   360    40     8 -9999 -9999
1981 10 21 00   -30   -30 -9999   360    50     8 -9999 -9999
1981 10 21 06   -30   -80 -9999   360    50     7 -9999    -1
1981 10 21 09   -30  -130 -9999   340    60     7 -9999 -9999
1981 10 21 18  -110 -9999 -9999   120    30     0 -9999 -9999
1981 10 21 21   -80  -120 -9999   360    30     1 -9999 -9999
1981 10 22 00   -80  -140 -9999   340    20     1 -9999 -9999
1981 10 22 06   -30  -190 -9999   360    40     0 -9999     0
1981 10 22 09   -20  -200 -9999   360    40     1 -9999 -9999
1981 10 22 21   -70  -170 -9999    70    20     0 -9999 -9999
1981 10 23 00   -80  -180 -9999    40    20     0 -9999 -9999
1981 10 23 06    10  -180 -9999   340    20     0 -9999     0
1981 10 23 09    20  -190 -9999    20    40     0 -9999 -9999
1981 10 23 21   -50  -150 -9999     0     0     0 -9999 -9999
1981 10 24 00   -60  -110 -9999    90    10     1 -9999 -9999
1981 10 24 06    40  -140 -9999   340    30     0 -9999 -9999
1981 10 24 09    50  -160 -9999   340    20     0 -9999 -9999
1981 10 24 21   -10  -230 -9999   110    40     0 -9999 -9999
1981 10 25 00   -10  -160 -9999   110    30     0 -9999 -9999
1981 10 25 06   110   -80 -9999   180    20     0 -9999     0
1981 10 26 00     0  -120 -9999     0     0     7 -9999 -9999
1981 10 26 06    50  -160 -9999   250    40     5 -9999     0
1981 10 26 09    60  -150 -9999   250    30     5 -9999 -9999
1981 10 26 18   -60  -180 -9999   270    30     0 -9999     0
1981 10 26 21    30  -110 -9999   140    30     8 -9999 -9999
1981 10 27 00    50  -130 -9999   270    30     7 -9999     0
1981 10 27 06    60  -110 -9999   270    30     7 -9999     0
1981 10 27 09    60  -130 -9999   320    60     2 -9999 -9999
1981 10 27 21     0  -130 -9999   140    20 -9999 -9999 -9999
1981 10 28 06    70  -150 -9999   270    30     1 -9999     0
1981 10 28 09    90  -120 -9999   250    20     0 -9999 -9999
1981 10 28 21    10   -90 -9999   110    40     0 -9999 -9999
1981 10 29 00 -9999 -9999 -9999   140    30     1 -9999 -9999
1981 10 29 21     0   -80 -9999    40    20     1 -9999 -9999
1981 10 30 09    90   -70 -9999   320    20     1 -9999 -9999
1981 10 30 21    30  -110 -9999   110    30     0 -9999 -9999
1981 10 31 00    20  -110 -9999    90    40     0 -9999 -9999
1981 10 31 06   120  -270 -9999   320    30     7 -9999     0
1981 11 01 09    60  -110 10225   290    90     0 -9999 -9999
1981 11 02 06    40  -150 -9999 -9999 -9999     7 -9999 -9999
1981 11 03 00   -40  -110 -9999    90    20     0 -9999 -9999
1981 11 03 09    30  -110 -9999     0     0     2 -9999 -9999
1981 11 04 00   -30   -80 -9999    40    20     6 -9999 -9999
1981 11 04 09    60   -90 10257   250    20     7 -9999 -9999
1981 11 06 00   -50  -110 -9999    20    30     6 -9999 -9999
1981 11 06 06   -10  -100 -9999    20    70     7 -9999     0
1981 11 06 09   -20  -160 -9999    20    50     7 -9999 -9999
1981 11 06 21   -70  -210 -9999    20    50     4 -9999 -9999
1981 11 07 00   -80  -220 -9999   360    30     7 -9999 -9999
1981 11 07 06   -50  -100 -9999   360    30     1 -9999 -9999
1981 11 07 09   -50  -230 -9999   340    40     1 -9999 -9999
1981 11 07 21   -90  -140 -9999     0     0     0 -9999 -9999
1981 11 08 00  -110  -160 -9999     0     0     0 -9999 -9999
1981 11 08 06   -40  -240 -9999   270    40     0 -9999     0
1981 11 08 09   -20  -240 -9999   320    30     0 -9999 -9999
1981 11 08 21   -80  -190 -9999   140    30     0 -9999 -9999
1981 11 09 00   -90  -220 -9999    90    30     0 -9999 -9999
1981 11 09 21   -80  -230 -9999    90    30     0 -9999 -9999
1981 11 10 00   -80  -260 -9999    90    30     0 -9999 -9999
1981 11 10 06    50  -180 -9999     0     0     0 -9999     0
1981 11 10 09    40  -210 -9999    20    40     0 -9999 -9999
1981 11 10 18   -20   -30 10246   210    10     7 -9999 -9999
1981 11 10 21   -30  -140 -9999     0     0     0 -9999 -9999
1981 11 11 00   -40  -140 -9999    90    30     1 -9999 -9999
1981 11 11 06    60  -130 -9999 -9999 -9999     0 -9999     0
1981 11 11 09    60  -170 -9999    20    50     0 -9999 -9999
1981 11 11 21   -30  -140 -9999    90    30     0 -9999 -9999
1981 11 12 06    50  -110 -9999     0     0     0 -9999   100
1981 11 12 09    50  -120 -9999   360    20     0 -9999 -9999
1981 11 12 21   -40  -140 -9999    90    30     0 -9999 -9999
1981 11 13 00   -40  -150 -9999    90    30     0 -9999 -9999
1981 11 13 06    80  -110 -9999   340    20     1 -9999     0
1981 11 13 09    60  -130 -9999   360    40     2 -9999 -9999
1981 11 13 21     0  -140 -9999   180    30     8 -9999 -9999
1981 11 14 00   -10  -120 -9999   200    20     4 -9999 -9999
1981 11 14 06    40  -140 -9999   340    40     2 -9999     0
1981 11 14 09    40  -150 -9999   270    30     2 -9999 -9999
1981 11 14 21   -20 -9999 -9999   160    20     0 -9999 -9999
1981 11 15 00     0  -180 -9999   180    20     0 -9999 -9999
1981 11 15 06    70  -190 -9999   270    20     1 -9999     0
1981 11 15 09    70  -210 -9999   320    80     2 -9999 -9999
1981 11 16 06     0  -210 -9999   180    30     0 -9999     0
1981 11 16 09     0  -180 -9999   200    20     0 -9999 -9999
1981 11 16 21   -40  -190 -9999    70    30     2 -9999 -9999
1981 11 17 00   -30  -190 -9999    90    30     1 -9999 -9999
1981 11 17 06    20  -180 -9999   200    40     0 -9999     0
1981 11 17 09    20  -170 -9999   320    20     0 -9999 -9999
1981 11 18 00   -60  -150 -9999     0     0     3 -9999 -9999
1981 11 18 06    30  -160 -9999   200    30     7 -9999 -9999
1981 11 18 12   -40  -230 -9999 -9999 -9999     4 -9999 -9999
1981 11 18 21   -60  -170 -9999    70    20     0 -9999 -9999
1981 11 19 00   -40  -150 -9999     0     0     7 -9999 -9999
1981 11 19 06    30  -120 -9999   340    30     5 -9999     0
1981 11 19 09    30  -130 -9999   360    30     1 -9999 -9999
1981 11 19 12   -40  -240 -9999    80    20     1 -9999 -9999
1981 11 20 06    80  -140 -9999   180    20     0 -9999     0
1981 11 20 09    50  -110 -9999    20    20     0 -9999 -9999
1981 11 20 21    10   -70 -9999    40    20     7 -9999 -9999
1981 11 21 00    20   -90 -9999     0     0     7 -9999 -9999
1981 11 21 09   -30  -110 -9999     0     0     8 -9999 -9999
1981 11 21 21   -40  -180 -9999   340    30     0 -9999 -9999
1981 11 22 00   -50   -80 -9999   360    50     7 -9999 -9999
1981 11 22 21   -70  -230 10302    90    20     0 -9999 -9999
1981 11 23 00   -80  -200 -9999    70    20     1 -9999 -9999
1981 11 23 06    10  -190 -9999   320    30     1 -9999     0
1981 11 23 09     0  -210 -9999    20    40     2 -9999 -9999
1981 11 23 21   -50  -190 -9999    40    20     0 -9999 -9999
1981 11 24 00   -50  -160 -9999    40    30     2 -9999 -9999
1981 11 24 06    30  -140 -9999   360    40     2 -9999     0
1981 11 24 09   -10  -180 -9999    20    70     0 -9999 -9999
1981 11 24 15   -60  -230 -9999   200    20     2 -9999 -9999
1981 11 24 21   -70  -180 -9999    20    30     2 -9999 -9999
1981 11 25 00  -100  -170 -9999   320    30     7 -9999 -9999
1981 11 25 06   -80  -180 -9999   340    30     1 -9999     0
1981 11 25 09   -70  -180 -9999   340    30     1 -9999 -9999
1981 11 26 00  -120  -170 -9999     0     0     3 -9999 -9999
1981 11 26 06   -40  -180 -9999   320    30     7 -9999     0
1981 11 26 09   -50  -180 -9999   340    30     5 -9999 -9999
1981 11 26 21  -110  -180 -9999   110    30     0 -9999 -9999
1981 11 27 00  -100  -170 -9999   110    30     0 -9999 -9999
1981 11 27 06    10  -180 -9999   320    20     0 -9999     0
1981 11 27 09     0  -150 -9999     0     0     0 -9999 -9999
1981 11 27 21  -110  -150 -9999   320    80     0 -9999 -9999
1981 11 28 00   -60  -180 -9999   140    30     7 -9999 -9999
1981 11 28 04   -10  -140 -9999   270    40     6 -9999 -9999
1981 11 28 09   -10  -120 -9999     0     0     1 -9999 -9999
1981 11 28 21   -50  -130 -9999     0     0     1 -9999 -9999
1981 11 29 00   -80  -100 -9999   360    50     8 -9999    20
1981 11 29 06   -90  -120 -9999   340    20     8 -9999    10
1981 11 29 09   -90  -120 -9999    50    20     8 -9999 -9999
1981 11 30 00  -150  -180 -9999   110    40     7 -9999 -9999
1981 11 30 06   -70  -150 -9999 -9999 -9999     7 -9999     0
1981 11 30 09  -100  -160 -9999    20    30     1 -9999 -9999
1981 11 30 21  -190  -250 -9999    20    40     0 -9999 -9999
1981 12 01 00  -220  -250 -9999   110    20     0 -9999 -9999
1981 12 01 06  -130  -200 -9999   180    20     0 -9999     0
1981 12 01 09  -130  -200 -9999    20    10     0 -9999 -9999
1981 12 01 12  -100  -220 10399    90    30     0 -9999 -9999
1981 12 01 21  -170  -230 -9999    90    30     0 -9999 -9999
1981 12 02 21  -130  -160 -9999   140    20     0 -9999 -9999
1981 12 03 00  -150  -180 -9999     0     0     0 -9999 -9999
1981 12 03 06  -110  -180 -9999   340    30     3 -9999     0
1981 12 03 09  -100  -210 -9999    20    30     7 -9999 -9999
1981 12 03 21  -110  -180 -9999   360    20     0 -9999 -9999
1981 12 04 00  -120  -180 -9999    20    30     6 -9999 -9999
1981 12 04 06   -70  -210 -9999   290    20     1 -9999     0
1981 12 04 09   -80  -180 -9999   340    20     1 -9999 -9999
1981 12 04 21  -120  -180 -9999   140    20     0 -9999 -9999
1981 12 05 00  -140  -190 -9999    90    20     2 -9999 -9999
1981 12 05 06   -40  -190 -9999   270    20     3 -9999     0
1981 12 05 09   -50  -150 -9999   180    20     7 -9999 -9999
1981 12 05 21   -90  -160 -9999     0     0     2 -9999 -9999
1981 12 06 00  -130  -170 -9999     0     0     1 -9999 -9999
1981 12 06 06   -30  -140 -9999   220    20     0 -9999     0
1981 12 07 00  -110  -180 -9999     0     0     0 -9999 -9999
1981 12 07 06    30  -150 -9999   360    30     1 -9999     0
1981 12 07 09     0  -100 -9999   160    20     7 -9999 -9999
1981 12 08 00  -100 -9999 -9999     0     0     7 -9999 -9999
1981 12 08 06   -70  -130 -9999   180    40     8 -9999     0
1981 12 08 09   -70  -140 -9999   180    30     8 -9999 -9999
1981 12 08 21  -120 -9999 -9999 -9999 -9999     1 -9999 -9999
1981 12 09 00  -110  -170 -9999    90    30     0 -9999 -9999
1981 12 09 09    10  -100 -9999     0     0     2 -9999 -9999
1981 12 09 21   -90  -190 -9999    90    40     0 -9999 -9999
1981 12 10 00   -80  -190 -9999     0     0     0 -9999 -9999
1981 12 10 06     0  -140 -9999     0     0     0 -9999     0
1981 12 10 09   -20  -150 -9999    40    20     0 -9999 -9999
1981 12 10 12   -80  -230 -9999    20    30     0 -9999 -9999
1981 12 11 00  -110  -190 -9999    70    20     0 -9999 -9999
1981 12 11 06    20  -110 -9999   270    20     1 -9999     0
1981 12 11 09    10  -150 -9999     0     0     1 -9999 -9999
1981 12 11 21   -80  -190 -9999    20    30     2 -9999 -9999
1981 12 12 00   -80  -220 -9999   110    30     1 -9999 -9999
1981 12 12 06   -10  -160 -9999   270    20     1 -9999     0
1981 12 12 21   -80  -160 -9999     0     0     7 -9999 -9999
1981 12 13 00   -80  -160 -9999     0     0     7 -9999 -9999
1981 12 13 06   -30  -180 -9999   250    20     7 -9999     0
1981 12 13 09   -40  -120 -9999    20    20     3 -9999 -9999
1981 12 14 00  -110  -180 -9999   110    20     1 -9999 -9999
1981 12 14 06   -60  -200 -9999   220    20     7 -9999     0
1981 12 14 18  -110  -360 -9999   130    20     0 -9999     0
1981 12 14 21   -90  -180 -9999     0     0     8 -9999 -9999
1981 12 15 00  -110  -120 -9999   110    20     8 -9999 -9999
1981 12 15 06 -9999 -9999 -9999   160    40     1 -9999 -9999
1981 12 16 06   -90  -140 -9999   360    70     7 -9999 -9999
1981 12 16 09  -110  -140 -9999   360    90     8 -9999 -9999
1981 12 16 15  -160  -230 -9999   290    20     0 -9999 -9999
1981 12 17 00  -200  -260 -9999    90    30     0 -9999 -9999
1981 12 17 06  -150  -220 -9999   290    30     5 -9999     0
1981 12 17 09  -140  -200 -9999   290    40     7 -9999 -9999
1981 12 17 12  -150  -510 -9999    90    20     0 -9999 -9999
1981 12 17 21  -150  -220 -9999    40    10     7 -9999 -9999
1981 12 18 06  -110  -180 -9999    40    40     7 -9999     0
1981 12 18 09   -90  -200 -9999    40    40     7 -9999 -9999
1981 12 18 21  -120  -180 -9999    20    20     1 -9999 -9999
1981 12 19 00  -140  -200 -9999    90    30     0 -9999 -9999
1981 12 19 06   -50  -180 -9999     0     0     0 -9999     0
1981 12 19 09   -50  -160 -9999   360    30     0 -9999 -9999
1981 12 19 21  -110  -170 -9999   110    30     0 -9999 -9999
1981 12 20 00  -130  -180 -9999    70    30     1 -9999 -9999
1981 12 20 09   -50  -200 -9999   290    40     7 -9999 -9999
1981 12 20 21  -110  -170 -9999     0     0     1 -9999 -9999
1981 12 21 06   -50  -230 -9999   140    20     0 -9999     0
1981 12 21 09   -50  -240 -9999 -9999 -9999     0 -9999 -9999
1981 12 22 00  -140  -230 -9999   110    20     1 -9999 -9999
1981 12 23 00  -120  -230 -9999    90    50     0 -9999 -9999
1981 12 23 06   -10  -240 -9999     0     0     1 -9999     0
1981 12 25 00  -120  -180 -9999   110    30     2 -9999 -9999
1981 12 25 06   -30  -190 -9999   180    50     0 -9999     0
1981 12 25 09   -10  -220 -9999   180    50     0 -9999 -9999
1981 12 25 21     0   -60 10167   360    20     0 -9999 -9999
1981 12 26 00   -50  -220 -9999    90    40     0 -9999 -9999
1981 12 26 06    30  -140 -9999   200    30     7 -9999     0
1981 12 26 15  -190  -310 -9999   160    20     2 -9999 -9999
1981 12 27 00   -80  -210 -9999    90    30     1 -9999 -9999
1981 12 27 06    10  -110 -9999   200    30     7 -9999     0
1981 12 27 09     0  -220 -9999   250    20     7 -9999 -9999
1981 12 27 21   -90  -150 -9999   360    40     8 -9999 -9999
1981 12 28 00  -100  -160 -9999   360    20     8 -9999 -9999
1981 12 28 06   -90  -310 -9999   340    50     1 -9999    -1
1981 12 28 09  -100  -240 -9999   340    50     1 -9999 -9999
1981 12 29 00  -160  -270 -9999   110    40     1 -9999 -9999
1981 12 29 06   -50  -290 -9999     0     0     1 -9999 -9999
1981 12 29 09   -60  -270 -9999   200    30     1 -9999 -9999
1981 12 30 00  -100  -310 -9999     0     0     0 -9999 -9999
1981 12 30 06   -50  -290 -9999   340    20     0 -9999     0
1981 12 30 09   -40  -240 -9999     0     0     1 -9999 -9999
1981 12 31 00  -120  -220 -9999    90    40     0 -9999 -9999
1981 12 31 06     0  -200 -9999     0     0     1 -9999     0
1981 12 31 09   -10  -200 -9999     0     0     1 -9999 -9999
1981 12 31 21  -100  -220 -9999    40    20     0 -9999 -9999
