1995 01 01 00  -147  -198 -9999   200    20     1 -9999     0
1995 01 01 09   -76  -193 -9999   200    10     2 -9999 -9999
1995 01 01 21  -127  -164 -9999    90    30     0 -9999 -9999
1995 01 02 09   -65 -9999 -9999 -9999 -9999     7 -9999 -9999
1995 01 03 21  -119  -177 -9999    70    20     0 -9999 -9999
1995 01 04 09   -35  -158 -9999   200    10     0 -9999 -9999
1995 01 04 21  -116  -182 -9999     0     0     0 -9999 -9999
1995 01 05 06   -25  -156 -9999   270    20     0 -9999     0
1995 01 05 09    -8  -165 -9999     0     0     0 -9999 -9999
1995 01 05 21   -65  -170 -9999   140    40     0 -9999 -9999
1995 01 06 00   -66  -212 -9999   140    30     0 -9999     0
1995 01 06 09     2  -204 -9999     0     0     0 -9999 -9999
1995 01 06 21   -92  -217 -9999   140    30     0 -9999 -9999
1995 01 07 00   -54  -183 -9999   200    30     0 -9999     0
1995 01 07 06    17 -9999 -9999   220    10     0 -9999     0
1995 01 07 09    15  -191 -9999   140    20     0 -9999 -9999
1995 01 07 21   -59  -172 -9999   360    50     0 -9999 -9999
1995 01 08 06   -68  -218 -9999   340    50     0 -9999     0
1995 01 08 09   -72  -280 -9999    20    40     0 -9999 -9999
1995 01 09 00  -145  -260 -9999   180    20     0 -9999     0
1995 01 09 09   -77  -242 -9999   360    20     7 -9999 -9999
1995 01 09 21  -123  -221 -9999   110    20     7 -9999 -9999
1995 01 10 00  -128  -218 -9999    70    20     1 -9999     0
1995 01 10 06   -67  -260 -9999     0     0     7 -9999     0
1995 01 10 09   -70  -257 -9999   320    20     2 -9999 -9999
1995 01 10 21  -130 -9999 -9999   340 -9999     8 -9999 -9999
1995 01 11 09   -59 -9999 -9999     0     0     0 -9999 -9999
1995 01 12 00  -145  -209 -9999    70    20     0 -9999     0
1995 01 12 09   -66  -203 -9999   320    30     1 -9999 -9999
1995 01 12 21  -148  -234 -9999   180    20     0 -9999 -9999
1995 01 13 00  -159  -244 -9999    90    20     0 -9999     0
1995 01 13 21  -129  -209 -9999    70    20     0 -9999 -9999
1995 01 16 09   -13  -224 -9999     0     0     7 -9999 -9999
1995 01 17 09   -51  -163 -9999    20    40     7 -9999 -9999
1995 01 17 21  -103  -183 -9999     0     0     7 -9999 -9999
1995 01 18 06   -88  -193 -9999     0     0     7 -9999     0
1995 01 18 09   -85  -180 -9999   360    40     7 -9999 -9999
1995 01 18 21  -117  -139 -9999     0     0     0 -9999 -9999
1995 01 19 06   -58  -133 -9999   220    20     0 -9999     0
1995 01 19 21  -123  -158 -9999   360    10     6 -9999 -9999
1995 01 20 00  -122  -167 -9999   360    20     1 -9999     0
1995 01 20 21  -126  -176 -9999    90    20     0 -9999 -9999
1995 01 21 09   -92  -171 -9999     0     0     7 -9999 -9999
1995 01 22 00  -135  -185 -9999   110    30     1 -9999     0
1995 01 22 06   -81  -166 -9999   340    50     7 -9999     0
1995 01 22 09   -85  -160 -9999   340    30     5 -9999 -9999
1995 01 22 18  -170  -192 10394   220    40     0 -9999     0
1995 01 22 21  -159  -204 -9999     0     0     0 -9999 -9999
1995 01 23 21  -125  -248 -9999     0     0     0 -9999 -9999
1995 01 24 09   -37  -191 -9999     0     0     0 -9999 -9999
1995 01 24 21  -126  -221 -9999    90    30     0 -9999 -9999
1995 01 25 00  -135  -215 -9999     0     0     0 -9999     0
1995 01 25 21  -127  -210 -9999   110    30     0 -9999 -9999
1995 01 26 00  -125  -199 -9999    70    20     0 -9999     0
1995 01 26 21  -107  -166 -9999    90    20     0 -9999 -9999
1995 01 27 21  -103  -156 -9999     0 -9999 -9999 -9999 -9999
1995 01 28 00   -93  -148 -9999    70    30     0 -9999     0
1995 01 28 09   -39  -181 -9999   340    40     7 -9999 -9999
1995 01 28 21   -83  -163 -9999    40    20     7 -9999 -9999
1995 01 29 00  -112  -178 -9999     0     0     1 -9999     0
1995 01 29 09   -41  -178 -9999   360    30     0 -9999 -9999
1995 01 29 21  -119  -189 -9999    70    20     0 -9999 -9999
1995 01 30 00  -133 -9999 -9999    90    30     0 -9999     0
1995 01 30 09   -28  -263 -9999    20    40     2 -9999 -9999
1995 01 30 21  -117  -220 -9999    90    30     0 -9999 -9999
1995 01 31 06   -37  -233 -9999   250    20     7 -9999     0
1995 01 31 09   -33  -231 -9999   250    30     2 -9999 -9999
1995 01 31 21   -96  -209 -9999   160    20     0 -9999 -9999
1995 02 01 00   -95  -236 -9999   140    20     7 -9999     0
1995 02 01 06   -44  -150 -9999   220    10     7 -9999     0
1995 02 01 09   -38  -171 -9999   200    20     0 -9999 -9999
1995 02 02 06   -63  -189 -9999 -9999 -9999     7 -9999     0
1995 02 02 09   -75  -208 -9999   360    60     7 -9999 -9999
1995 02 02 21  -143  -232 -9999    40    10     1 -9999 -9999
1995 02 03 00  -126  -218 -9999     0     0     2 -9999     0
1995 02 03 06 -9999 -9999 -9999   340    20     3 -9999    -1
1995 02 03 09   -82  -182 -9999   340    40     2 -9999 -9999
1995 02 03 21  -155  -229 -9999    90    20     0 -9999 -9999
1995 02 04 00  -175  -246 -9999    90    20     0 -9999     0
1995 02 04 06   -57  -267 -9999   200    30     0 -9999     0
1995 02 04 09   -42  -250 -9999     0     0     0 -9999 -9999
1995 02 04 21  -145  -290 -9999    90    20     0 -9999 -9999
1995 02 05 00  -147  -278 -9999    70    20     0 -9999     0
1995 02 05 09    -5  -218 -9999   360    40     0 -9999 -9999
1995 02 05 21   -93  -253 -9999   110    40     0 -9999 -9999
1995 02 06 00  -119  -280 -9999   140    20     0 -9999     0
1995 02 06 09    28  -215 -9999   360    20     0 -9999 -9999
1995 02 06 21   -71  -167 -9999     0     0     0 -9999 -9999
1995 02 07 00   -70  -173 -9999    40    20     0 -9999     0
1995 02 07 06    11  -235 -9999   220    20     1 -9999     0
1995 02 07 09    25  -179 -9999     0     0     0 -9999 -9999
1995 02 07 21    -6  -189 -9999   360    20     7 -9999 -9999
1995 02 08 06   -10  -169 -9999   290    20     0 -9999     0
1995 02 08 09    -9  -182 -9999   320    20     0 -9999 -9999
1995 02 08 21   -91  -169 -9999    70    20     0 -9999 -9999
1995 02 09 00   -81  -203 -9999    90    30     0 -9999     0
1995 02 09 09    40  -174 -9999   360    20     0 -9999 -9999
1995 02 09 21   -53  -206 -9999    90    40     0 -9999 -9999
1995 02 10 00   -66  -172 -9999    90    20     7 -9999     0
1995 02 10 09    36  -142 -9999   360    30     0 -9999 -9999
1995 02 10 21   -43  -147 -9999   110    20     1 -9999 -9999
1995 02 11 00   -42  -204 -9999    70    20     7 -9999     0
1995 02 11 06    48  -165 -9999   340    20     7 -9999     0
1995 02 11 09    48  -200 -9999    20    30     7 -9999 -9999
1995 02 11 21   -26  -133 -9999     0     0     2 -9999 -9999
1995 02 12 00   -49  -165 -9999    90    30     0 -9999     0
1995 02 12 06    45  -167 -9999     0     0     1 -9999     0
1995 02 12 09    58  -132 -9999   340    20     1 -9999 -9999
1995 02 12 21   -66  -172 -9999    20    50     0 -9999 -9999
1995 02 13 00   -44  -177 -9999    20    30     0 -9999     0
1995 02 13 09    -7  -136 -9999   340    30     0 -9999 -9999
1995 02 13 21   -81  -172 -9999    40    20     0 -9999 -9999
1995 02 14 00   -85  -172 -9999     0     0     1 -9999     0
1995 02 14 06     1  -139 -9999     0     0     1 -9999     0
1995 02 14 09    10  -138 -9999     0     0     0 -9999 -9999
1995 02 14 21   -36  -180 -9999    90    20     2 -9999 -9999
1995 02 15 00   -41  -150 -9999   270    20     7 -9999     0
1995 02 15 06    18  -139 -9999 -9999 -9999     1 -9999     0
1995 02 15 09    23  -160 -9999   340    40     1 -9999 -9999
1995 02 15 21   -57  -168 -9999   110    30     0 -9999 -9999
1995 02 16 00   -57  -155 -9999    90    30     0 -9999     0
1995 02 16 09    47  -128 -9999   200    20     0 -9999 -9999
1995 02 16 21   -41  -169 -9999    90    30     0 -9999 -9999
1995 02 17 21    -8   -98 -9999    90    30     0 -9999 -9999
1995 02 18 09    71  -117 -9999   140    70     0 -9999 -9999
1995 02 18 21     5  -105 -9999     0     0     1 -9999 -9999
1995 02 19 00     7   -76 -9999   110    30     7 -9999     0
1995 02 19 09    39   -83 -9999   110    70     8 -9999 -9999
1995 02 19 21     5   -63 -9999   110    20     8 -9999 -9999
1995 02 20 00    -3   -59 -9999   140    30     7 -9999     0
1995 02 20 09    26   -83 -9999   290    20     7 -9999 -9999
1995 02 20 21   -15   -23 -9999     0     0     8 -9999 -9999
1995 02 21 09   -21   -42 -9999   290    20     8 -9999 -9999
1995 02 21 21   -60   -90 -9999     0     0     7 -9999 -9999
1995 02 22 09   -31   -44 -9999   340    20     8 -9999 -9999
1995 02 22 21   -49   -69 -9999   180    20     8 -9999 -9999
1995 02 23 00   -60   -68 -9999     0     0     8 -9999    20
1995 02 23 21   -49  -110 -9999     0     0     2 -9999 -9999
1995 02 24 21   -80  -192 -9999   200    30     0 -9999 -9999
1995 02 25 21   -41  -169 -9999   220    20     0 -9999 -9999
1995 02 26 21   -94  -188 -9999   360    30     0 -9999 -9999
1995 02 27 09    -7  -247 -9999   200    30     0 -9999 -9999
1995 02 27 21   -23  -194 -9999   110    30     0 -9999 -9999
1995 02 28 00   -43  -188 -9999    40    20     0 -9999     0
1995 02 28 21   -39  -164 -9999    90    20     0 -9999 -9999
1995 03 01 06    38  -208 -9999   340    50     2 -9999     0
1995 03 01 21   -58  -139 -9999     0     0     0 -9999 -9999
1995 03 02 21   -63  -160 -9999    20    50     0 -9999 -9999
1995 03 03 00   -73  -153 -9999    20    20     1 -9999     0
1995 03 03 06 -9999 -9999 -9999   340    40 -9999 -9999     0
1995 03 03 09    -6  -202 -9999   340    40     0 -9999 -9999
1995 03 03 21   -76  -240 -9999   110    30     0 -9999 -9999
1995 03 04 00   -81  -203 -9999   110    30     0 -9999     0
1995 03 04 09    57  -162 -9999   340    10     0 -9999 -9999
1995 03 04 21   -25  -184 -9999     0     0     2 -9999 -9999
1995 03 05 00   -37  -168 -9999   140    30     1 -9999     0
1995 03 05 06    59  -181 -9999   340    20     0 -9999     0
1995 03 05 09    67  -208 -9999   340    40     0 -9999 -9999
1995 03 05 21   -19  -222 -9999    90    30     0 -9999 -9999
1995 03 06 00   -27  -181 -9999   110    40     0 -9999     0
1995 03 06 09    85  -242 -9999     0     0     0 -9999 -9999
1995 03 06 21     1  -204 -9999   110    30     0 -9999 -9999
1995 03 07 09    89  -208 -9999   360    20     7 -9999 -9999
1995 03 07 21   -11  -157 -9999    20    80     8 -9999 -9999
1995 03 08 00   -50  -265 -9999   360    80     7 -9999     0
1995 03 08 09   -19  -249 -9999   360    60     7 -9999 -9999
1995 03 08 21   -82  -224 -9999   140    30     0 -9999 -9999
1995 03 09 09    32  -235 -9999   180    20     0 -9999     0
1995 03 09 21   -18  -285 -9999   110    30     1 -9999 -9999
1995 03 10 00   -27  -282 -9999   140    20     1 -9999     0
1995 03 10 06    21  -167 -9999   340    50     2 -9999     0
1995 03 10 09    15  -216 -9999   340    80     7 -9999 -9999
1995 03 10 21   -85  -320 -9999     0     0     0 -9999 -9999
1995 03 11 00   -99  -303 -9999   110    20     0 -9999     0
1995 03 11 06     2  -202 -9999   290    20 -9999 -9999     0
1995 03 11 09    19  -200 -9999     0     0     0 -9999 -9999
1995 03 12 00   -24  -268 -9999   140    40     0 -9999     0
1995 03 12 06    91  -267 -9999   220    20     0 -9999     0
1995 03 12 09    96  -249 -9999   320    30     0 -9999 -9999
1995 03 12 21     9  -181 -9999   110    20     0 -9999 -9999
1995 03 13 00    13  -110 -9999    90    10     7 -9999     0
1995 03 13 09    83  -226 -9999   360    30     7 -9999 -9999
1995 03 13 21    30  -163 -9999   110    30     0 -9999 -9999
1995 03 14 09   103  -107 -9999   140   100     7 -9999 -9999
1995 03 14 21    34   -82 -9999    90    30     8 -9999 -9999
1995 03 15 00    -6   -22 -9999    20    40     8 -9999     3
1995 03 15 06   -28  -140 -9999   360    40     7 -9999     1
1995 03 15 21   -97  -265 -9999   320    50     8 -9999 -9999
1995 03 16 09   -68  -421 -9999   320    30     1 -9999 -9999
1995 03 16 21  -118  -298 -9999     0     0     0 -9999 -9999
1995 03 17 06   -11  -238 -9999   340    40     0 -9999     0
1995 03 17 09    10  -254 -9999   290    60     0 -9999 -9999
1995 03 17 21   -66  -233 -9999   110    20     0 -9999 -9999
1995 03 18 00   -39  -238 -9999   140    20     0 -9999     0
1995 03 18 06    55  -187 -9999   270    20     0 -9999     0
1995 03 18 09    64  -267 -9999   360    40     0 -9999 -9999
1995 03 18 21   -15  -231 -9999   110    40     0 -9999 -9999
1995 03 19 21    14  -261 -9999    90    20     0 -9999 -9999
1995 03 20 00    26  -225 -9999     0     0     0 -9999     0
1995 03 20 06   103  -162 -9999   320    40     1 -9999     0
1995 03 20 09   123  -155 -9999   320    30     0 -9999 -9999
1995 03 20 21    23  -182 -9999    90    40     0 -9999 -9999
1995 03 21 00    33  -178 -9999   110    40     0 -9999     0
1995 03 21 09   157  -164 -9999   340    40     0 -9999     0
1995 03 21 21    55  -132 -9999    90    20     0 -9999 -9999
1995 03 22 00    47  -133 -9999     0     0     0 -9999     0
1995 03 22 06   153  -124 -9999   360    40     0 -9999     0
1995 03 22 09   139   -98 -9999   360    30     0 -9999 -9999
1995 03 22 21    55   -64 -9999    90    10     8 -9999 -9999
1995 03 23 00    39   -79 -9999    90    20     8 -9999     0
1995 03 23 09    68   -47 -9999   340    60     7 -9999 -9999
1995 03 23 21     8   -27 -9999   340    70     8 -9999 -9999
1995 03 24 00   -10   -32 -9999   340    50     7 -9999     0
1995 03 24 09    -5   -83 -9999    20    50     7 -9999 -9999
1995 03 24 21   -65  -178 -9999    90    20     0 -9999 -9999
1995 03 25 00   -45  -173 -9999   110    20     0 -9999     0
1995 03 25 09    72  -171 -9999   200    50     0 -9999 -9999
1995 03 25 21    -2  -223 -9999    70    30     0 -9999 -9999
1995 03 26 00    22  -185 -9999    70    20     6 -9999     0
1995 03 26 21    73  -235 -9999   140    40     0 -9999 -9999
1995 03 27 09   149   -97 -9999    40    20     7 -9999 -9999
1995 03 27 21    50   -76 -9999     0     0     2 -9999 -9999
1995 03 28 00    45   -90 -9999     0     0     7 -9999     0
1995 03 28 09   137   -67 -9999   340    50     1 -9999 -9999
1995 03 28 21    50   -94 -9999    90    30     0 -9999 -9999
1995 03 29 06   145   -77 -9999   340    50     7 -9999     0
1995 03 29 09   137   -81 -9999    20    40     7 -9999 -9999
1995 03 30 06   103   -98 -9999   340    70     7 -9999     0
1995 03 30 09   100  -157 -9999   360    50     2 -9999 -9999
1995 03 30 21     5  -122 -9999   110    30     0 -9999 -9999
1995 03 31 09   102  -129 -9999   320    20     2 -9999 -9999
1995 03 31 21     3  -182 -9999    90    20     0 -9999 -9999
1995 04 01 00    39  -176 -9999     0     0     7 -9999     0
1995 04 01 06   126  -199 -9999     0     0     7 -9999     0
1995 04 01 09   135  -152 -9999   110    30     7 -9999 -9999
1995 04 01 21    -5  -113 -9999   180    30     0 -9999 -9999
1995 04 02 00   -20  -166 -9999   200    40     0 -9999     0
1995 04 02 09    73  -153 -9999     0     0     0 -9999 -9999
1995 04 02 21    26  -175 -9999     0     0     0 -9999 -9999
1995 04 03 00    29   -87 -9999     0    50     7 -9999     0
1995 04 03 09    73  -151 -9999   360    60     8 -9999 -9999
1995 04 03 21    -7   -80 -9999    70    20     0 -9999 -9999
1995 04 04 00     7  -171 -9999    90    20     7 -9999     0
1995 04 04 06   103  -147 -9999   290    20     7 -9999     0
1995 04 04 09   105  -172 -9999   340    40     7 -9999 -9999
1995 04 04 21    27  -132 -9999    70    20     0 -9999 -9999
1995 04 05 00    40  -133 -9999    90    20     7 -9999     0
1995 04 05 09   109   -95 -9999   360    50     7 -9999 -9999
1995 04 05 21    19  -116 -9999    40    50     0 -9999 -9999
1995 04 06 00     0  -153 -9999   320    10     0 -9999     0
1995 04 06 06    83  -120 -9999     0     0     0 -9999     0
1995 04 06 09    99  -188 -9999   320    40     0 -9999 -9999
1995 04 06 21     7  -114 -9999    90    20     0 -9999 -9999
1995 04 07 00    39  -168 -9999     0     0     1 -9999     0
1995 04 07 09   129  -213 -9999   320    60     7 -9999 -9999
1995 04 07 21    51  -117 -9999     0     0     0 -9999 -9999
1995 04 08 00    37  -138 -9999     0   100     7 -9999     0
1995 04 08 09    51  -150 -9999   360    60     3 -9999 -9999
1995 04 08 21    15  -127 -9999   160    20     0 -9999 -9999
1995 04 09 06    90  -158 -9999   250    40     8 -9999     0
1995 04 09 09   102  -110 -9999   340    30     7 -9999 -9999
1995 04 10 00    47  -106 -9999   340    40     8 -9999     0
1995 04 10 09    61  -120 -9999   360    80     3 -9999 -9999
1995 04 10 21   -29  -188 -9999    70    20     0 -9999 -9999
1995 04 11 00    15  -113 -9999   110    20     0 -9999     0
1995 04 11 06    88  -167 -9999     0     0     0 -9999     0
1995 04 11 09   103  -163 -9999   200    20     2 -9999 -9999
1995 04 11 21    34  -165 -9999    90    30     0 -9999 -9999
1995 04 12 00    70  -137 -9999    70    20     2 -9999     0
1995 04 12 09   156  -166 -9999   340    40     0 -9999 -9999
1995 04 12 21    82  -119 -9999   360    40     0 -9999 -9999
1995 04 13 00    81   -85 -9999   340    30     7 -9999     0
1995 04 13 09   140  -155 -9999   360    20     7 -9999 -9999
1995 04 13 21    54  -177 -9999   110    30     0 -9999 -9999
1995 04 14 09   141  -186 -9999    20    70     7 -9999 -9999
1995 04 14 21    59   -74 -9999   340    30     7 -9999 -9999
1995 04 15 00    49   -55 -9999   320    30     8 -9999     0
1995 04 15 09    79  -141 -9999   340    40     8 -9999 -9999
1995 04 15 21    15   -80 -9999   140    30     0 -9999 -9999
1995 04 16 00    33   -72 -9999   200    40     0 -9999     0
1995 04 16 09   135  -150 -9999   270    20     1 -9999 -9999
1995 04 16 21    77  -139 -9999   140    20     7 -9999 -9999
1995 04 17 00    86  -135 -9999   320    30     7 -9999     0
1995 04 17 21     3   -86 -9999   110    20     0 -9999 -9999
1995 04 18 00    47   -78 -9999     0     0     0 -9999     0
1995 04 18 09   127  -121 -9999    20    30 -9999 -9999 -9999
1995 04 18 21    75   -79 -9999   160    30     0 -9999 -9999
1995 04 19 00    96   -44 -9999   180    20     2 -9999     0
1995 04 19 09   186  -150 -9999   200    40     0 -9999 -9999
1995 04 19 21   134   -43 -9999   140    20     0 -9999 -9999
1995 04 20 09   158  -126 -9999    20    60     7 -9999     0
1995 04 20 21    70 -9999 -9999    20    50     0 -9999 -9999
1995 04 21 21     9     4 -9999   140    20     0 -9999 -9999
1995 04 22 00    17   -28 -9999   180    10     6 -9999     0
1995 04 22 09 -9999 -9999 -9999 -9999 -9999     7 -9999 -9999
1995 04 22 21    35  -138 -9999     0     0     7 -9999 -9999
1995 04 23 00    29  -174 -9999     0     0     7 -9999     0
1995 04 23 09   111  -218 -9999   270    40     1 -9999 -9999
1995 04 23 21    19  -205 -9999   110    30     0 -9999 -9999
1995 04 24 00 -9999 -9999 -9999     0    80     0 -9999     0
1995 04 24 09   134  -204 -9999   340    50     7 -9999 -9999
1995 04 24 21    50  -204 -9999    90    30     2 -9999 -9999
1995 04 25 00    76  -151 -9999     0     0     2 -9999     0
1995 04 25 09   142 -9999 -9999   140    90     7 -9999 -9999
1995 04 25 21   108   -71 -9999   220    30     7 -9999 -9999
1995 04 26 00   106   -85 -9999   180    30     7 -9999     0
1995 04 26 06   163  -236 -9999   320    20     7 -9999     0
1995 04 26 09   160  -151 -9999   340    40     7 -9999 -9999
1995 04 26 21    79  -222 -9999   180    50     0 -9999 -9999
1995 04 27 09   191  -141 -9999   250    20     0 -9999 -9999
1995 04 27 21    94  -186 -9999   140    30     0 -9999 -9999
1995 04 28 09   188  -147 -9999   320    70     0 -9999 -9999
1995 04 28 21    81  -173 -9999    90    50     0 -9999 -9999
1995 04 29 00   132 -9999 -9999   140    30     1 -9999     0
1995 04 29 06   208  -171 -9999   220    50     7 -9999     0
1995 04 29 09   202  -234 -9999   360    80     7 -9999 -9999
1995 04 30 09   191   -92 -9999   360    50     0 -9999 -9999
1995 04 30 21   117   -84 -9999    20    20     7 -9999 -9999
1995 05 01 09   180  -181 -9999   320    50     7 -9999 -9999
1995 05 01 21    19  -115 -9999    40    20     6 -9999 -9999
1995 05 02 00    57  -129 -9999     0     0     0 -9999     0
1995 05 02 06   105  -215 -9999   360    20     0 -9999     0
1995 05 02 09   129  -150 -9999   250    20     0 -9999 -9999
1995 05 02 21    48  -115 -9999    40    20     0 -9999 -9999
1995 05 03 00    89  -149 -9999    20    30     0 -9999     0
1995 05 03 06   117  -165 -9999   340    70     1 -9999     0
1995 05 03 21    29  -266 -9999    90    30     0 -9999 -9999
1995 05 04 06   162  -165 -9999     0     0     0 -9999     0
1995 05 04 09   188  -176 -9999   320    20     0 -9999 -9999
1995 05 04 21    86  -201 -9999    90    30     0 -9999 -9999
1995 05 05 00   133  -198 -9999    90    30     7 -9999     0
1995 05 05 06   203  -189 -9999   290    40     7 -9999     0
1995 05 05 09   214  -233 -9999   320    20     1 -9999 -9999
1995 05 05 21    83  -226 -9999 -9999 -9999     0 -9999 -9999
1995 05 06 09   254  -190 -9999   290    40     0 -9999 -9999
1995 05 06 21   154  -143 -9999   140    30     0 -9999 -9999
1995 05 07 00   169  -142 -9999   160    40     1 -9999     0
1995 05 07 21   188   -63 -9999   110    40     0 -9999 -9999
1995 05 08 21    44    16 -9999   360    20     2 -9999 -9999
1995 05 09 21    53   -94 -9999   140    30     0 -9999 -9999
1995 05 10 00    99   -72 -9999   200    20     2 -9999     0
1995 05 10 09   189   -80 -9999 -9999 -9999     7 -9999 -9999
1995 05 10 21   112   -31 -9999    90    30     1 -9999 -9999
1995 05 11 00   165   -25 -9999   110    20     7 -9999     0
1995 05 11 09   240    -9 -9999   340    40     7 -9999 -9999
1995 05 11 21   113    58 -9999     0     0     8 -9999 -9999
1995 05 12 00   122    51 -9999     0     0     7 -9999    30
1995 05 12 21    57   -17 -9999   360    40     0 -9999 -9999
1995 05 13 00 -9999 -9999 -9999 -9999 -9999 -9999 -9999     0
1995 05 13 21    64   -26 -9999     0     0     0 -9999 -9999
1995 05 14 21   131  -149 -9999   160    40     1 -9999 -9999
1995 05 15 00   158  -122 -9999   180    40     7 -9999     0
1995 05 15 09   231  -138 -9999   360    50     7 -9999 -9999
1995 05 15 21   132   -40 -9999   220    20     7 -9999 -9999
1995 05 16 00   174   -34 -9999    90    20     3 -9999     0
1995 05 18 09   145   -98 -9999   360    50     7 -9999 -9999
1995 05 18 21   105   -83 -9999    20    40     7 -9999 -9999
1995 05 19 00   110  -114 -9999   360    40     7 -9999     0
1995 05 19 09   152   -87 -9999   340    20     7 -9999 -9999
1995 05 19 21    95   -55 -9999   160    30     7 -9999 -9999
1995 05 20 09   140   -62 -9999   140    20     8 -9999 -9999
1995 05 20 21    82   -19 -9999   200    20     0 -9999 -9999
1995 05 21 00    97   -26 -9999   180    20     0 -9999     0
1995 05 21 09   202   -61 -9999   320    50     1 -9999 -9999
1995 05 21 21   124  -103 -9999   110    40     0 -9999 -9999
1995 05 22 09   263   -88 -9999   200    40     0 -9999 -9999
1995 05 22 21   195   -10 -9999   140    40     0 -9999 -9999
1995 05 25 05   231   -54 -9999   360    70     7 -9999 -9999
1995 05 26 00   174 -9999 -9999     0     0     0 -9999     0
1995 05 26 06 -9999 -9999 -9999   180    60     0 -9999     0
1995 05 26 09   263     0 -9999   200    50     0 -9999 -9999
1995 05 26 21   176    91 -9999    90    20     0 -9999 -9999
1995 05 27 00   190   104 -9999     0     0     7 -9999    10
1995 05 27 21 -9999 -9999 -9999    90    30     0 -9999     0
1995 05 28 21   129   -72 -9999    90    20     4 -9999 -9999
1995 05 29 21   153   -27 -9999    90    20     0 -9999 -9999
1995 05 30 09   272   -15 -9999   340    40     3 -9999 -9999
1995 05 30 21   173     9 -9999     0     0     2 -9999 -9999
1995 05 31 21   194    51 -9999    40    30     0 -9999 -9999
1995 06 01 00   216     9 -9999    20    30     3 -9999     0
1995 06 01 09   230     2 -9999    40    40     7 -9999 -9999
1995 06 01 21   145    26 -9999   110    30     1 -9999 -9999
1995 06 02 00   183    44 -9999     0     0     0 -9999     0
1995 06 02 06   257   -80 -9999   340    50     3 -9999     0
1995 06 02 09   254   -86 -9999    20    40     4 -9999 -9999
1995 06 02 21   179   -45 -9999   140    40     5 -9999 -9999
1995 06 03 09 -9999 -9999 -9999    10 -9999 -9999 -9999 -9999
1995 06 03 21   205   -69 -9999   110    70     0 -9999 -9999
1995 06 04 09   296    68 -9999     0     0     7 -9999 -9999
1995 06 04 21   209   100 -9999   140    40     7 -9999 -9999
1995 06 05 21   204    25 -9999    20    30     7 -9999 -9999
1995 06 07 09   269    -9 -9999   290    70     2 -9999 -9999
1995 06 07 21   172   -38 -9999   110    20     1 -9999 -9999
1995 06 08 09   264   -34 -9999   340    60     6 -9999 -9999
1995 06 08 21   139    -7 -9999   360    20     0 -9999 -9999
1995 06 09 00 -9999 -9999 -9999   360    20     0 -9999     0
1995 06 09 21   158   -18 -9999    90    40     0 -9999 -9999
1995 06 10 00   203 -9999 -9999   180    20     0 -9999     0
1995 06 10 21   202    12 -9999   140    40     0 -9999 -9999
1995 06 11 09   282    48 -9999   160    90     0 -9999 -9999
1995 06 11 21   203    62 -9999   160    50     3 -9999 -9999
1995 06 12 00   280    72 -9999   160    50     1 -9999     0
1995 06 12 21   166    96 -9999    20    70     7 -9999 -9999
1995 06 13 00   180   108 -9999   340    20     8 -9999 -9999
1995 06 13 09   222    84 -9999   140    20     3 -9999 -9999
1995 06 13 21   135   116 -9999     0     0     2 -9999 -9999
1995 06 14 09 -9999 -9999 -9999   250    10     2 -9999 -9999
1995 06 14 21   190    88 -9999   200   290     7 -9999 -9999
1995 06 15 06   160   116 -9999   340    40     7 -9999    20
1995 06 15 21   104   104 -9999   360    30     8 -9999 -9999
1995 06 16 06   141   106 -9999   360    10     7 -9999    20
1995 06 16 09   140    91 -9999   270    40     7 -9999 -9999
1995 06 16 21   113    83 -9999     0     0     6 -9999 -9999
1995 06 17 00   144    90 -9999     0     0     2 -9999     0
1995 06 17 21   137    60 -9999    90    30     2 -9999 -9999
1995 06 18 06   250    19 -9999     0     0     1 -9999     0
1995 06 18 09   261    11 -9999   320    20     1 -9999 -9999
1995 06 18 21   209    16 -9999   110    40     0 -9999 -9999
1995 06 19 00   192    56 -9999    20    60     6 -9999     0
1995 06 19 21   137   122 -9999   160    20     6 -9999 -9999
1995 06 20 06   222 -9999 -9999   340    30     3 -9999     0
1995 06 20 09   238    86 -9999     0     0     5 -9999 -9999
1995 06 20 21   180    90 -9999   220    20     7 -9999 -9999
1995 06 21 00   172   115 -9999   180    50     8 -9999     0
1995 06 21 21   128    13 -9999    70    10     0 -9999 -9999
1995 06 22 09   266    14 -9999   360    30     0 -9999 -9999
1995 06 22 21   180   -18 -9999    70    30     6 -9999 -9999
1995 06 23 00   229    21 -9999   160    20     2 -9999     0
1995 06 23 09 -9999 -9999 -9999   270    20     2 -9999 -9999
1995 06 23 21   189   -34 -9999   360    50     0 -9999 -9999
1995 06 24 00   218   -78 -9999    20    80     0 -9999     0
1995 06 24 21   164     6 -9999    20    40     7 -9999 -9999
1995 06 25 00   184    15 -9999   200    30     7 -9999     0
1995 06 25 06 -9999 -9999 -9999   220    40     7 -9999     0
1995 06 25 09   246    13 -9999   320    10     7 -9999 -9999
1995 06 25 21   162     6 -9999   110    30     0 -9999 -9999
1995 06 26 00 -9999 -9999 -9999   100    20     0 -9999     0
1995 06 26 09   289    66 -9999   270    20     2 -9999 -9999
1995 06 26 21   190   -28 -9999   110    30     0 -9999 -9999
1995 06 27 00   245     1 -9999   160    20     0 -9999     0
1995 06 27 21   226    59 -9999    90    30     0 -9999 -9999
1995 06 28 00   223    10 -9999   360    50     7 -9999     0
1995 06 28 06   219    60 -9999    90    40     7 -9999    -1
1995 06 28 09   239    63 -9999   270    20     7 -9999 -9999
1995 06 28 21   165    45 -9999   110    30     0 -9999 -9999
1995 06 29 00   225    38 -9999     0     0     0 -9999     0
1995 06 29 09   278     1 -9999   320    20     1 -9999 -9999
1995 06 29 21   145    21 -9999   360    50     0 -9999 -9999
1995 06 30 09   207    -9 -9999   360    70     5 -9999 -9999
1995 06 30 21   122    26 -9999   360    30     0 -9999 -9999
1995 07 01 00   168    30 -9999    20    30     2 -9999     0
1995 07 01 09   247   -17 -9999   340    50     2 -9999 -9999
1995 07 01 21   161   -12 -9999   110    30     0 -9999 -9999
1995 07 02 09   268     7 -9999   320    20     2 -9999 -9999
1995 07 02 21   190     4 -9999    90    30     0 -9999 -9999
1995 07 03 00   217    20 -9999   180    30     0 -9999     0
1995 07 03 09   297     2 -9999     0     0     1 -9999 -9999
1995 07 03 21   200   -12 -9999    90    30     0 -9999 -9999
1995 07 04 09   318    -1 -9999   320    20     1 -9999 -9999
1995 07 04 21   234    11 -9999   110    30     2 -9999 -9999
1995 07 05 09   277    26 -9999   160    40 -9999 -9999 -9999
1995 07 05 21   226    42 -9999   140    30     0 -9999 -9999
1995 07 06 00   267    42 -9999   140    40     2 -9999     0
1995 07 06 06   293    29 -9999 -9999 -9999     6 -9999     0
1995 07 06 09   291    38 -9999   140    60     7 -9999 -9999
1995 07 06 21   228    51 -9999   140    30     0 -9999 -9999
1995 07 07 00   250    78 -9999   160    40     0 -9999     0
1995 07 07 09   309    55 -9999   110    20     2 -9999 -9999
1995 07 07 21   236    59 -9999   180    40     0 -9999 -9999
1995 07 08 00   240    87 -9999   320    20     0 -9999     0
1995 07 08 09   326    61 -9999   140    40     1 -9999 -9999
1995 07 08 21   248    52 -9999   160    40     0 -9999 -9999
1995 07 09 09   283   102 -9999   320    30     7 -9999 -9999
1995 07 09 21   204    95 -9999   200    30     7 -9999 -9999
1995 07 10 00   202    99 -9999   180    20     7 -9999     0
1995 07 10 09   309    70 -9999   340    30     2 -9999 -9999
1995 07 10 21   222    91 -9999    70    20     7 -9999 -9999
1995 07 11 00   199   125 -9999    20    80     8 -9999     0
1995 07 11 21   156   124 -9999     0     0     7 -9999 -9999
1995 07 12 00   172   138 -9999     0     0     7 -9999     0
1995 07 12 06   216 -9999 -9999   340    30     8 -9999     0
1995 07 12 09   224   152 -9999   320    30     7 -9999 -9999
1995 07 12 21   172   133 -9999   160    30     7 -9999 -9999
1995 07 13 09   169   163 -9999   320    30     8 -9999 -9999
1995 07 13 21   141   134 -9999     0     0     0 -9999 -9999
1995 07 14 00   176   140 -9999     0     0     1 -9999     0
1995 07 14 06   219   132 -9999   320    20     7 -9999     0
1995 07 14 09   213   141 -9999   270    10     8 -9999 -9999
1995 07 14 21   162   129 -9999   110    30     0 -9999 -9999
1995 07 15 09   266   104 -9999   110    20     2 -9999 -9999
1995 07 15 21   209   110 -9999   140    30     0 -9999 -9999
1995 07 16 00   232   123 -9999   160    30     2 -9999     0
1995 07 16 09   208   136 -9999   110    40     7 -9999 -9999
1995 07 16 21   156   150 -9999   360    40     8 -9999 -9999
1995 07 17 00   152   149 -9999   360    30     8 -9999   130
1995 07 17 06   185   153 -9999   320    10     8 -9999     5
1995 07 17 09   176   152 -9999   180    40     8 -9999 -9999
1995 07 18 04   201   142 -9999   360    30     6 -9999     0
1995 07 18 09   215   129 -9999   340    40     2 -9999 -9999
1995 07 18 21   160   119 -9999    90    20     0 -9999 -9999
1995 07 19 00   196   131 -9999     0     0     0 -9999     0
1995 07 19 09   264   123 -9999     0     0     3 -9999 -9999
1995 07 19 21   192   119 -9999    90    40     0 -9999 -9999
1995 07 20 06   297    95 -9999   140    20     1 -9999     0
1995 07 20 09   307   109 -9999   270    20     1 -9999 -9999
1995 07 20 21   210    90 -9999    90    30     0 -9999 -9999
1995 07 21 00   203 -9999 -9999   360    20     1 -9999 -9999
1995 07 21 09   232    80 -9999   340    90     7 -9999 -9999
1995 07 21 21   136    87 -9999    70    30     8 -9999 -9999
1995 07 22 21   139    46 -9999    90    20     0 -9999 -9999
1995 07 23 09   255    80 -9999     0     0     2 -9999 -9999
1995 07 23 21   179   115 -9999   110    20     7 -9999 -9999
1995 07 24 06   260    95 -9999     0     0     7 -9999     0
1995 07 24 09   257    89 -9999   160    30     7 -9999 -9999
1995 07 24 21   143   106 -9999     0     0     0 -9999 -9999
1995 07 25 00   180    98 -9999   160    30     0 -9999     0
1995 07 25 09   261    85 -9999   160    40     0 -9999 -9999
1995 07 25 21   196    94 -9999    90    30     0 -9999 -9999
1995 07 26 09   309 -9999 -9999   110    40     7 -9999 -9999
1995 07 27 00   246   157 -9999   160    30     4 -9999     0
1995 07 27 09   271   153 -9999   160    40     7 -9999 -9999
1995 07 27 21   232   162 -9999     0     0     8 -9999 -9999
1995 07 28 00   224   127 -9999     0     0     8 -9999     0
1995 07 28 09   185   171 -9999   360    50     8 -9999 -9999
1995 07 28 21   173   144 -9999   340    20     7 -9999 -9999
1995 07 29 00   175   150 -9999     0     0     8 -9999     0
1995 07 29 09   237   144 -9999    20    20     2 -9999 -9999
1995 07 29 21   189   121 -9999   140    30     2 -9999 -9999
1995 07 30 00   205   136 -9999   140    20     5 -9999     0
1995 07 30 06   276   128 -9999    90    20     7 -9999     0
1995 07 30 09   260   119 -9999   140    50     7 -9999 -9999
1995 07 30 21   152   116 -9999    40    50     8 -9999 -9999
1995 07 31 09   167   144 -9999     0     0     8 -9999 -9999
1995 07 31 21   149   144 -9999   340    30     8 -9999 -9999
1995 08 01 00   147   138 -9999   340    40     8 -9999    10
1995 08 01 09   175   141 -9999   320    20     8 -9999 -9999
1995 08 01 21   146   131 -9999    90    10     2 -9999 -9999
1995 08 02 00   167   114 -9999    90    20     5 -9999     0
1995 08 02 09   250   105 -9999   200    30     1 -9999 -9999
1995 08 02 21   163   114 -9999   110    20     0 -9999 -9999
1995 08 03 00   194   123 -9999   110    30     0 -9999     0
1995 08 03 09   267    94 -9999   200    30     1 -9999 -9999
1995 08 03 21   219   104 -9999   140    50     0 -9999 -9999
1995 08 04 00   237   117 -9999   160    40     0 -9999     0
1995 08 04 09   291   105 -9999   140    30     1 -9999 -9999
1995 08 04 21   210   105 -9999    90    20     0 -9999 -9999
1995 08 05 06   240   153 -9999     0     0     8 -9999     0
1995 08 05 09   235   153 -9999   200    30     2 -9999 -9999
1995 08 05 21   156   122 -9999   140    30     0 -9999 -9999
1995 08 06 00   200   126 -9999    90    20     0 -9999     0
1995 08 06 09   284   103 -9999   340    30     1 -9999 -9999
1995 08 07 00   216    76 -9999    90    30     0 -9999     0
1995 08 07 09   276    60 -9999   160    40     0 -9999 -9999
1995 08 08 00   233 -9999 -9999   140    60     0 -9999     0
1995 08 08 09   279    94 -9999   160    70     6 -9999 -9999
1995 08 08 21   216   127 -9999   180    40     0 -9999 -9999
1995 08 09 00   232   138 -9999   140    60     0 -9999     0
1995 08 09 06   274   144 -9999   160    80     1 -9999     0
1995 08 09 09 -9999 -9999 -9999   160    50     1 -9999 -9999
1995 08 09 21   208   128 -9999   250    50     8 -9999 -9999
1995 08 10 00   179   145 -9999   320    30     8 -9999     5
1995 08 10 09   146   129 -9999   360    20     8 -9999 -9999
1995 08 10 21   131   100 -9999   180    30     7 -9999 -9999
1995 08 11 00   160    92 -9999   160    30     6 -9999     0
1995 08 11 06   220   105 -9999   200    50     2 -9999 -9999
1995 08 11 09   243   108 -9999   200    30     1 -9999 -9999
1995 08 11 21   176    97 -9999   160    20     0 -9999 -9999
1995 08 12 00   190   108 -9999   160    30     1 -9999     0
1995 08 12 09   200    88 -9999    20    80     6 -9999 -9999
1995 08 12 21   130   100 -9999   110    20     0 -9999 -9999
1995 08 13 00   157    99 -9999    90    20     4 -9999     0
1995 08 13 09   245 -9999 -9999     0     0     2 -9999 -9999
1995 08 13 21   164    55 -9999   110    40     0 -9999 -9999
1995 08 14 09   251    53 -9999   160    50     7 -9999 -9999
1995 08 15 00   181   114 -9999   160    70     8 -9999    -1
1995 08 15 09   170   154 -9999   340    40     8 -9999 -9999
1995 08 15 21   133   130 -9999   220    20     1 -9999 -9999
1995 08 16 21   154   103 -9999     0     0     7 -9999 -9999
1995 08 17 00   136   108 -9999   320    30     6 -9999     0
1995 08 17 06   168    65 -9999   360    50     7 -9999    -1
1995 08 17 21   124    46 -9999    90    20     0 -9999 -9999
1995 08 18 09   232    16 -9999   340    20     0 -9999 -9999
1995 08 18 21   149    50 -9999   110    30     0 -9999 -9999
1995 08 19 00   182    37 -9999    90    30     0 -9999     0
1995 08 19 09   254    16 -9999   340    30     0 -9999 -9999
1995 08 19 21   168    33 -9999   110    30     0 -9999 -9999
1995 08 20 00   200    35 -9999    90    20     0 -9999     0
1995 08 20 09   253    56 -9999     0     0     6 -9999 -9999
1995 08 20 21   176    42 -9999   110    30     0 -9999 -9999
1995 08 21 09   267    41 -9999   360    30     3 -9999 -9999
1995 08 21 21   156   111 -9999     0     0     0 -9999 -9999
1995 08 22 00   202    81 -9999    90    20     0 -9999     0
1995 08 22 09   266    48 -9999   270    20     1 -9999 -9999
1995 08 22 21   179    41 -9999    90    30     0 -9999 -9999
1995 08 23 00 -9999 -9999 -9999    90    20     6 -9999     0
1995 08 23 21   173    70 -9999    90    30     0 -9999 -9999
1995 08 24 06 -9999 -9999 -9999   140    40     5 -9999     0
1995 08 24 09   273    60 -9999   200    30     3 -9999 -9999
1995 08 24 21   187    90 -9999    40    20     8 -9999 -9999
1995 08 25 09   202   141 -9999     0     0     6 -9999 -9999
1995 08 25 21   127   111 -9999    20    20     0 -9999 -9999
1995 08 26 00   137   115 -9999    20    30     0 -9999     0
1995 08 26 09   225    67 -9999   360    40     1 -9999 -9999
1995 08 26 21   139    60 -9999    90    20     0 -9999 -9999
1995 08 27 00   174    33 -9999   110    20     0 -9999     0
1995 08 27 06   247    60 -9999    20    20     2 -9999     0
1995 08 27 09   259    58 -9999   320    30     2 -9999 -9999
1995 08 27 21   181    57 -9999    90    30     0 -9999 -9999
1995 08 28 00   190    60 -9999    90    30     7 -9999     0
1995 08 28 21   153   108 -9999     0     0     7 -9999 -9999
1995 08 29 06   244    95 -9999   220 -9999 -9999 -9999 -9999
1995 08 29 09 -9999 -9999 -9999     0     0     1 -9999 -9999
1995 08 29 21   174    31 -9999    90    30     0 -9999 -9999
1995 08 30 09   253   122 -9999   140    60     7 -9999 -9999
1995 08 30 21   184   156 -9999    40    30     8 -9999 -9999
1995 08 31 06 -9999 -9999 -9999   220    20     6 -9999    -1
1995 08 31 09   248   145 -9999   340    20     3 -9999 -9999
1995 09 01 00   179   154 -9999   340    30     7 -9999     0
1995 09 01 09   198   154 -9999   340    20     7 -9999 -9999
1995 09 02 09   232   155 -9999   290    20     7 -9999 -9999
1995 09 03 09   194   169 -9999     0     0     7 -9999 -9999
1995 09 04 09   248   165 -9999     0     0     7 -9999 -9999
1995 09 04 21   212   173 -9999     0     0     7 -9999 -9999
1995 09 05 09   271   185 -9999     0     0     7 -9999 -9999
1995 09 06 00   131   128 -9999   360    50     8 -9999    30
1995 09 06 02   131   126 -9999   360    40     8 -9999 -9999
1995 09 06 09   127   118 -9999   360    40     8 -9999 -9999
1995 09 07 00   188   179 -9999   360    40     8 -9999    10
1995 09 07 06   115    87 -9999   160    20     8 -9999    20
1995 09 07 09   119    90 -9999   220    30     8 -9999 -9999
1995 09 08 00    97    95 -9999   340    20     8 -9999   110
1995 09 08 09   137    96 -9999    40    10     7 -9999 -9999
1995 09 09 00   124    81 -9999   140    20     7 -9999     0
1995 09 09 06   171    95 -9999   360    50     7 -9999    -1
1995 09 09 09   152    51 -9999   360    60     7 -9999 -9999
1995 09 10 00    93    36 -9999   160    30     0 -9999     0
1995 09 10 09   180     4 -9999   340    20     7 -9999 -9999
1995 09 10 21    96    21 -9999    90    30     0 -9999 -9999
1995 09 11 00   110     3 -9999   110    30     5 -9999     0
1995 09 12 00   142    99 -9999     0     0     2 -9999     0
1995 09 12 06   221    29 -9999   360    30     1 -9999     0
1995 09 13 00   154   -12 -9999    10   110     7 -9999     0
1995 09 13 09   228   -33 -9999    20    20     7 -9999 -9999
1995 09 14 00   181    64 -9999 -9999 -9999     7 -9999     0
1995 09 15 00   154 -9999 -9999    90    30     7 -9999     0
1995 09 16 09   210    25 -9999   140    50     7 -9999 -9999
1995 09 17 00   156    51 -9999    90    20     0 -9999     0
1995 09 17 09   229    70 -9999     0     0     2 -9999 -9999
1995 09 18 00   128   112 -9999   340    40     8 -9999     1
1995 09 18 09   144   102 -9999   270    10     7 -9999 -9999
1995 09 18 21   107    66 -9999   110    20     0 -9999 -9999
1995 09 19 00   129    70 -9999   110    20     0 -9999     0
1995 09 19 06   203    89 -9999   220    40     1 -9999     0
1995 09 19 09   218    66 -9999     0     0     3 -9999 -9999
1995 09 19 21   127    59 -9999   140    20     0 -9999 -9999
1995 09 20 00   149    54 -9999   140    30     0 -9999     0
1995 09 20 09   223    39 -9999   200    30     1 -9999 -9999
1995 09 22 06   225    19 -9999 -9999 -9999     1 -9999     0
1995 09 22 09   224    17 -9999   340    40     5 -9999 -9999
1995 09 23 09    94  -156 -9999   360    50     0 -9999 -9999
1995 09 27 01     2   -28 -9999   220    20     5 -9999     0
1995 09 28 00   125    -8 -9999   110    20     7 -9999     0
1995 09 30 00   151    27 -9999   110    20     0 -9999     0
1995 09 30 09   193     2 -9999   250    20     7 -9999 -9999
1995 10 14 09   191 -9999 -9999   200    20     7 -9999 -9999
1995 10 17 06   158   -54 -9999   320    20     0 -9999     0
1995 10 23 06    79  -153 -9999   340    20     0 -9999     0
1995 10 24 09   116 -9999 -9999 -9999 -9999     7 -9999 -9999
1995 10 25 09   123  -129 -9999     0     0     7 -9999 -9999
1995 10 26 00    99  -133 -9999   140    50     7 -9999     0
1995 10 26 09   120  -106 -9999   360    40     7 -9999 -9999
1995 10 26 21    37   -70 -9999   110    20     0 -9999 -9999
1995 10 27 06   133   -99 -9999   220    20     2 -9999     0
1995 10 27 09   135  -104 -9999     0     0     2 -9999 -9999
1995 10 27 21    43   -39 -9999    90    20     0 -9999 -9999
1995 10 28 00    33   -46 -9999     0     0     1 -9999     0
1995 10 28 06    62   -87 -9999   360    30     7 -9999     0
1995 10 29 00   -25  -121 -9999     0     0     0 -9999     0
1995 10 29 06    79   -96 -9999     0     0     0 -9999     0
1995 10 29 09    79  -136 -9999   290    20     0 -9999 -9999
1995 10 29 21    -6  -117 -9999     0     0     0 -9999 -9999
1995 10 30 00   -14  -128 -9999   360    10     0 -9999     0
1995 10 30 09    39  -187 -9999   340    50     0 -9999 -9999
1995 10 30 21   -21  -153 -9999    40    20     0 -9999 -9999
1995 10 31 00   -31  -162 -9999   110    20     0 -9999     0
1995 10 31 21   -14  -158 -9999   110    20     0 -9999 -9999
1995 11 01 00   -15  -154 -9999    90    20     0 -9999     0
1995 11 01 09    79  -137 -9999   360    40     1 -9999 -9999
1995 11 01 21   -11  -111 -9999    90    30     0 -9999 -9999
1995 11 02 00   -15  -154 -9999    90    20     2 -9999     0
1995 11 02 06    98  -143 -9999     0     0     0 -9999     0
1995 11 02 09    97  -146 -9999   340    30     0 -9999 -9999
1995 11 02 21    13  -116 -9999   110    40     0 -9999 -9999
1995 11 03 00    16  -116 -9999   160    30     1 -9999     0
1995 11 03 06    99  -109 -9999     0     0     1 -9999     0
1995 11 03 09   100  -151 -9999   290    20     0 -9999 -9999
1995 11 03 21    -3  -119 -9999   110    20     0 -9999 -9999
1995 11 04 00   -10  -138 -9999     0     0     0 -9999     0
1995 11 04 06   106   -82 -9999   270    20     0 -9999     0
1995 11 04 09   104   -77 -9999   340    20     0 -9999     0
1995 11 04 21    17  -114 -9999    90    30     0 -9999 -9999
1995 11 05 00    33   -99 -9999   110    30     0 -9999     0
1995 11 05 09   121  -121 -9999   270    40     0 -9999 -9999
1995 11 07 06    -2  -173 -9999   220    20     0 -9999     0
1995 11 07 09    11   -71 -9999 -9999 -9999     0 -9999 -9999
1995 11 07 21   -36  -207 -9999     0     0     0 -9999 -9999
1995 11 08 00   -48  -194 -9999   110    30     0 -9999     0
1995 11 08 06    73  -169 -9999   200    30     0 -9999     0
1995 11 08 21    -4  -179 -9999    40    20     0 -9999 -9999
1995 11 09 09    66  -161 -9999   360    40     0 -9999 -9999
1995 11 09 21   -39  -207 -9999   110    20     0 -9999 -9999
1995 11 10 00 -9999 -9999 -9999    90    20     0 -9999     0
1995 11 10 09   107  -136 -9999     0     0     0 -9999 -9999
1995 11 10 21    20  -161 -9999    40    20     0 -9999 -9999
1995 11 11 09   107  -135 -9999   220    20     0 -9999 -9999
1995 11 12 06    94   -93 -9999   320    50     1 -9999     0
1995 11 12 09    89   -99 -9999   340    30     0 -9999 -9999
1995 11 12 21     1  -118 -9999    40    30     0 -9999 -9999
1995 11 13 00   -12  -129 -9999     0     0     0 -9999     0
1995 11 13 06    91   -96 -9999   250    30     0 -9999     0
1995 11 13 09    85   -79 -9999   200    30     0 -9999 -9999
1995 11 13 21    64  -182 -9999   160    30     0 -9999 -9999
1995 11 14 00    29  -175 -9999   110    30     0 -9999     0
1995 11 14 06   113  -112 -9999   220    30     0 -9999     0
1995 11 14 09    99  -102 -9999   200    20     0 -9999 -9999
1995 11 14 21     4  -122 -9999    70    20     0 -9999 -9999
1995 11 15 00   -21  -191 -9999   110    20     0 -9999     0
1995 11 15 09    94  -114 -9999     0     0     0 -9999 -9999
1995 11 15 21     0  -191 -9999   110    30     0 -9999 -9999
1995 11 16 00    12  -182 -9999   110    40     0 -9999     0
1995 11 16 06   132  -166 -9999   220    40     0 -9999     0
1995 11 17 09    26   -84 -9999   360    30     8 -9999 -9999
1995 11 17 21   -21  -132 -9999   360    20     1 -9999 -9999
1995 11 18 09   -17  -190 -9999   340    50     1 -9999 -9999
1995 11 18 21   -95  -207 -9999    90    30     0 -9999 -9999
1995 11 19 00   -95  -248 -9999   110    30     0 -9999     0
1995 11 19 06    13  -190 -9999     0     0     0 -9999     0
1995 11 19 09    11  -216 -9999    20    20     0 -9999 -9999
1995 11 19 21   -84  -265 -9999    90    20     0 -9999 -9999
1995 11 20 06    27  -220 -9999     0     0     0 -9999     0
1995 11 20 21   -57  -239 -9999    90    30     0 -9999 -9999
1995 11 21 00   -49  -187 -9999     0     0     6 -9999     0
1995 11 21 09     9  -180 -9999   340    20     1 -9999 -9999
1995 11 21 21   -60  -174 -9999   110    30     0 -9999 -9999
1995 11 22 00   -46  -160 -9999   290    20     7 -9999     0
1995 11 22 21  -146  -184 -9999    70    20     0 -9999 -9999
1995 11 23 00  -142  -181 -9999    40    20     0 -9999     0
1995 11 23 09   -24  -155 -9999     0     0     0 -9999 -9999
1995 11 23 21   -65  -139 -9999   110    30     0 -9999 -9999
1995 11 24 00   -81  -147 -9999   110    30     0 -9999     0
1995 11 24 06    29  -159 -9999     0     0     0 -9999     0
1995 11 25 00   -75  -149 -9999    70    10     1 -9999     0
1995 11 25 21   -63  -160 -9999    70    20     0 -9999 -9999
1995 11 26 00   -65  -157 -9999   110    20     0 -9999     0
1995 11 26 06    39  -135 -9999   220    20     0 -9999     0
1995 11 26 21   -45  -186 -9999    70    20     0 -9999 -9999
1995 11 27 06    29  -173 -9999     0     0     0 -9999     0
1995 11 27 09    22  -136 -9999   340    30     0 -9999 -9999
1995 11 27 21   -49  -152 -9999   140    30     0 -9999 -9999
1995 11 28 00   -59  -171 -9999    90    30     0 -9999     0
1995 11 28 06    47  -153 -9999     0     0     0 -9999     0
1995 11 28 21   -42  -172 -9999   110    30     0 -9999 -9999
1995 11 29 06    35  -132 -9999   250    30     6 -9999     0
1995 11 29 09     5  -126 -9999   290    20     7 -9999 -9999
1995 11 30 06    -4  -138 -9999     0     0     1 -9999     0
1995 12 01 00   -95  -169 -9999     0     0     0 -9999     0
1995 12 01 09   -16  -138 -9999   340    40     5 -9999 -9999
1995 12 01 21   -91  -163 -9999    70    20     0 -9999 -9999
1995 12 02 00   -97  -148 -9999   110    20     0 -9999     0
1995 12 02 09   -20  -139 -9999   340    10     0 -9999 -9999
1995 12 02 21   -94  -161 -9999   110    20     0 -9999 -9999
1995 12 03 00   -92  -158 -9999   110    30     0 -9999     0
1995 12 03 06   -15   -99 -9999     0     0     0 -9999     0
1995 12 03 09   -21  -147 -9999   340    30     0 -9999 -9999
1995 12 03 21   -97  -154 -9999    70    20     0 -9999 -9999
1995 12 04 00   -99  -151 -9999    70    20     0 -9999     0
1995 12 04 06   -12  -118 -9999   250    20     1 -9999     0
1995 12 04 09   -19  -149 -9999   340    30     0 -9999 -9999
1995 12 05 00  -102  -157 -9999    70    20     0 -9999     0
1995 12 05 09   -29  -128 -9999   360    20     0 -9999 -9999
1995 12 05 21  -108  -167 -9999    70    20     0 -9999 -9999
1995 12 06 00  -115  -173 -9999    90    20     0 -9999     0
1995 12 06 06   -17  -133 -9999     0     0     0 -9999     0
1995 12 06 09   -37  -176 -9999   340    30     0 -9999 -9999
1995 12 06 21  -121  -187 -9999    90    20     0 -9999 -9999
1995 12 07 00  -118  -186 -9999    90    20     0 -9999     0
1995 12 07 06   -10  -205 -9999     0     0     0 -9999     0
1995 12 07 09   -22  -177 -9999   320    20     7 -9999 -9999
1995 12 07 21   -91  -163 -9999    40    20     0 -9999 -9999
1995 12 08 00   -81  -194 -9999    70    20     1 -9999     0
1995 12 08 06     6  -159 -9999   360    10     0 -9999     0
1995 12 08 21   -54  -132 -9999   140    20     0 -9999 -9999
1995 12 09 00   -75  -138 -9999   140    30     2 -9999     0
1995 12 09 09     7   -92 -9999   360    20     0 -9999 -9999
1995 12 09 21   -42  -158 -9999    20    30     4 -9999 -9999
1995 12 10 00   -57  -168 -9999   340    20     0 -9999     0
1995 12 10 06   -16  -177 -9999   340    40     7 -9999     0
1995 12 10 09   -22  -176 -9999   360    30     7 -9999 -9999
1995 12 10 21   -29  -157 -9999   180    30     7 -9999 -9999
1995 12 11 06    44  -196 -9999     0     0     0 -9999     0
1995 12 11 21   -21  -146 -9999   180    20     0 -9999 -9999
1995 12 12 00   -57  -190 -9999   200    30     5 -9999     0
1995 12 12 06   -43  -125 -9999   200    40     7 -9999     0
1995 12 12 09   -42  -165 -9999     0     0     7 -9999 -9999
1995 12 12 21   -87  -156 -9999    70    20     0 -9999 -9999
1995 12 13 00   -97  -172 -9999    40    20     1 -9999     0
1995 12 13 06   -35  -107 -9999   320    20     7 -9999     0
1995 12 13 21  -117  -154 -9999     0     0     0 -9999 -9999
1995 12 14 00  -129  -172 -9999    40    10     0 -9999     0
1995 12 14 06   -54  -169 -9999     0     0     2 -9999     0
1995 12 14 09   -42  -165 -9999     0     0     1 -9999 -9999
1995 12 14 21   -97  -219 -9999   110    20     0 -9999 -9999
1995 12 15 00  -107  -203 -9999    40    20     2 -9999     0
1995 12 15 09   -52  -179 -9999   340    50     7 -9999 -9999
1995 12 15 21  -112  -213 -9999    20    30     0 -9999 -9999
1995 12 16 00  -111  -210 -9999   360    20     6 -9999     0
1995 12 16 06   -69  -212 -9999   250    30     0 -9999     0
1995 12 16 09   -71  -227 -9999     0     0     0 -9999 -9999
1995 12 16 21  -133  -227 -9999   110    20     0 -9999 -9999
1995 12 17 00  -145  -231 -9999    90    30     0 -9999     0
1995 12 17 06   -41  -178 -9999     0     0     0 -9999     0
1995 12 17 09   -41  -178 -9999     0     0     0 -9999 -9999
1995 12 17 21  -108  -190 -9999   140    20     0 -9999 -9999
1995 12 18 00   -99  -190 -9999   180    30     7 -9999     0
1995 12 18 06   -36  -153 -9999     0     0     0 -9999     0
1995 12 18 09   -30  -199 -9999   220    20     0 -9999 -9999
1995 12 18 21  -103  -202 -9999   110    20     0 -9999 -9999
1995 12 19 00  -110  -201 -9999    70    20     0 -9999     0
1995 12 19 06    -8  -271 -9999     0     0     0 -9999     0
1995 12 19 09    -9  -221 -9999     0     0     0 -9999 -9999
1995 12 19 21   -99  -190 -9999    90    30     0 -9999 -9999
1995 12 20 00   -91  -207 -9999   110    20     1 -9999     0
1995 12 20 06    37  -185 -9999   220    20     2 -9999     0
1995 12 20 09    26  -185 -9999     0     0     4 -9999 -9999
1995 12 20 21   -80  -209 -9999   220    20     0 -9999 -9999
1995 12 21 00  -102  -196 -9999   110    30     2 -9999     0
1995 12 21 06   -39  -189 -9999     0     0     0 -9999     0
1995 12 21 09   -25  -150 -9999     0     0     0 -9999 -9999
1995 12 21 21  -111  -195 -9999    90    30     0 -9999 -9999
1995 12 22 00  -107  -198 -9999   110    30     0 -9999     0
1995 12 22 06   -20  -180 -9999   340    30     7 -9999     0
1995 12 22 09   -34  -193 -9999   360    20     1 -9999 -9999
1995 12 22 21  -105  -178 -9999    40    10     0 -9999 -9999
1995 12 23 00   -80  -158 -9999    40    30     0 -9999     0
1995 12 23 06   -37  -143 -9999   290    20     0 -9999     0
1995 12 23 09   -35  -152 -9999   290    20     0 -9999 -9999
1995 12 23 21  -122  -203 -9999    90    20     0 -9999 -9999
1995 12 24 00  -111  -210 -9999    90    30     0 -9999     0
1995 12 24 06     3  -210 -9999   360    30     0 -9999     0
1995 12 24 09     7  -163 -9999   160    40     2 -9999 -9999
1995 12 25 00   -83  -169 -9999    40    20     0 -9999     0
1995 12 25 06   -21  -183 -9999     0     0     0 -9999     0
1995 12 25 09   -17  -166 -9999     0     0     0 -9999 -9999
1995 12 25 21  -110  -165 -9999     0     0     0 -9999 -9999
1995 12 26 00  -112  -167 -9999    20    20     0 -9999     0
1995 12 26 06   -58  -212 -9999     0     0     7 -9999     0
1995 12 26 09   -57  -184 -9999     0     0     6 -9999 -9999
1995 12 26 21  -120  -205 -9999    20    30     0 -9999 -9999
1995 12 27 00  -117  -210 -9999   360    10     0 -9999     0
1995 12 27 06   -65  -194 -9999   340    30     0 -9999     0
1995 12 27 09   -62  -204 -9999   320    20     0 -9999 -9999
1995 12 27 21  -115  -177 -9999     0     0     0 -9999 -9999
1995 12 28 00  -128  -189 -9999    70    20     0 -9999     0
1995 12 28 06   -15  -193 -9999   340    30     0 -9999     0
1995 12 28 09   -15  -202 -9999   340    20     0 -9999 -9999
1995 12 28 21  -110  -189 -9999    90    20     0 -9999 -9999
1995 12 29 00  -121  -191 -9999     0     0     0 -9999     0
1995 12 29 06   -21  -168 -9999   250    10     0 -9999     0
1995 12 29 09   -14  -181 -9999     0     0     1 -9999 -9999
1995 12 29 21   -99  -215 -9999   200    20     0 -9999 -9999
1995 12 30 00  -123  -208 -9999   140    20     0 -9999     0
1995 12 30 06   -13  -143 -9999     0     0     0 -9999     0
1995 12 30 09    -5  -146 -9999     0     0     0 -9999 -9999
1995 12 30 21   -63  -181 -9999   110    30     0 -9999 -9999
1995 12 31 00   -75  -126 -9999   180    30     0 -9999     0
1995 12 31 06    37  -153 -9999   200    20     0 -9999     0
1995 12 31 09    51  -172 -9999     0     0     0 -9999 -9999
1995 12 31 21   -61  -199 -9999   180    20     0 -9999 -9999
