1960 01 01 12   -89  -178 -9999   140    41     1 -9999 -9999
1960 01 02 12   -22  -150 -9999   100    31     0 -9999 -9999
1960 01 04 12  -128  -250 -9999    20    41     0 -9999 -9999
1960 01 08 12   -72  -139 -9999   220    10     7 -9999 -9999
1960 01 09 12   -72  -189 -9999     0     0     1 -9999 -9999
1960 01 10 12   -89  -172 -9999   220    10     0 -9999 -9999
1960 01 11 12   -78  -200 -9999     0     0     0 -9999 -9999
1960 01 12 12   -11  -172 -9999   140    41     0 -9999 -9999
1960 01 13 12   -39  -161 -9999    90    41     6 -9999 -9999
1960 01 14 12   -72  -139 -9999   340    10     8 -9999 -9999
1960 01 15 12  -122  -161 -9999   140    31     1 -9999     6
1960 01 16 12   -61  -189 -9999   140    41     0 -9999 -9999
1960 01 17 12   -61  -189 -9999   110    51     1 -9999 -9999
1960 01 19 12   -72  -189 -9999   140    31     0 -9999 -9999
1960 01 20 12  -111  -228 -9999    40    62     1 -9999 -9999
1960 01 22 12  -172  -311 -9999    40    41     1 -9999 -9999
1960 01 24 12  -128  -239 -9999   360    21     0 -9999 -9999
1960 01 25 12  -128  -239 -9999   360    21     0 -9999 -9999
1960 01 26 12  -111  -222 -9999   140    31     1 -9999 -9999
1960 01 27 12  -100  -222 -9999    40    21     0 -9999 -9999
1960 01 28 12  -122  -261 -9999    90    41     0 -9999 -9999
1960 01 31 12   -78  -222 -9999     0     0     1 -9999 -9999
1960 02 01 12   -78  -200 -9999    90    21     0 -9999 -9999
1960 02 02 12   -72  -189 -9999    70    41     6 -9999 -9999
1960 02 03 12   -39  -150 -9999     0     0     8 -9999 -9999
1960 02 04 12   -28  -161 -9999   110    51     1 -9999 -9999
1960 02 06 12    11  -139 -9999   140    31     7 -9999 -9999
1960 02 07 12    61  -111 -9999   320    31     7 -9999 -9999
1960 02 09 12   -11  -139 -9999     0     0     7 -9999 -9999
1960 02 10 12     0  -111 -9999    40 -9999 -9999 -9999 -9999
1960 02 12 12    22   -78 -9999   360    31     2 -9999 -9999
1960 02 13 12   -28  -128 -9999    20    10     2 -9999 -9999
1960 02 14 12   -11  -128 -9999   290    10     0 -9999 -9999
1960 02 15 12    22  -100 -9999   290    10     1 -9999 -9999
1960 02 16 12   -61  -150 -9999    40    10     0 -9999 -9999
1960 02 17 12   -72  -189 -9999   360    10     1 -9999 -9999
1960 02 18 12   -61  -272 -9999    20    41     0 -9999 -9999
1960 02 19 12   -61  -239 -9999    20    21     1 -9999 -9999
1960 02 20 09    22  -228 -9999   360    41     6 -9999 -9999
1960 02 20 12   -50  -139 -9999    70    41     1 -9999 -9999
1960 02 21 12     0  -211 -9999    90    31     1 -9999 -9999
1960 02 22 12   -11  -122 -9999     0     0     1 -9999 -9999
1960 02 24 09    28  -150 -9999    20    21     5 -9999 -9999
1960 02 25 12   -28  -178 -9999    40    41     8 -9999 -9999
1960 02 26 12   -61  -228 -9999     0     0     1 -9999 -9999
1960 02 27 12   -28  -250 -9999   140    41     1 -9999 -9999
1960 02 28 06    39   -89 -9999   320    31     2 -9999 -9999
1960 02 29 12     0  -128 -9999    40    31     0 -9999 -9999
1960 04 02 12    72  -128 -9999   320    51     6 -9999 -9999
1960 04 05 12    89  -161 -9999    40    62     1 -9999 -9999
1960 04 06 12   111 -9999 -9999   360    31     1 -9999 -9999
1960 04 07 03   139   -11 -9999    30    51     0 -9999 -9999
1960 04 07 12   150   -28 -9999   110    51     8 -9999 -9999
1960 04 08 12   122    11 -9999   140    21     6 -9999     6
1960 04 11 12    39    11 -9999    20    10     8 -9999 -9999
1960 04 12 03 -9999 -9999 -9999   200    31     8 -9999 -9999
1960 04 12 12   100    11 -9999   250    41     8 -9999     6
1960 04 13 12    39   -61 -9999   240    10 -9999 -9999     6
1960 04 14 06    39   -61 -9999   320    82     7 -9999 -9999
1960 04 15 12    39  -178 -9999   340    21 -9999 -9999 -9999
1960 04 16 12    50  -139 -9999   360    31     1 -9999 -9999
1960 04 17 12   100  -128 -9999   360    41     1 -9999 -9999
1960 04 19 12   100  -111 -9999   250    10     1 -9999 -9999
1960 04 20 00   111     0 -9999   160    10     0 -9999 -9999
1960 04 22 12   178   -78 -9999   360    62 -9999 -9999 -9999
1960 04 23 12   178   -11 -9999     0     0     1 -9999 -9999
1960 04 25 12   161   -78 -9999    20    72     8 -9999     6
1960 04 27 12   100   -22 -9999   250    21 -9999 -9999 -9999
1960 05 01 12   222   -11 -9999   320    10     7 -9999 -9999
1960 05 02 12   200   -22 -9999    20    62     5 -9999 -9999
1960 05 05 12    61    28 -9999   160    51     8 -9999 -9999
1960 05 06 12   100     0 -9999   140    98     8 -9999 -9999
1960 05 10 12   200   -61 -9999   260    62     5 -9999 -9999
1960 05 11 12   139  -128 -9999   340    10     6 -9999 -9999
1960 05 12 12   139   -78 -9999   240    62     6 -9999 -9999
1960 05 13 12   128   -22 -9999   320    98     7 -9999 -9999
1960 05 15 12   222    39 -9999     0     0     5 -9999 -9999
1960 05 16 12   150   -11 -9999   340    72     8 -9999 -9999
1960 05 18 12   150   -89 -9999   340    31     2 -9999 -9999
1960 05 20 12   200   -72 -9999   180    31     1 -9999 -9999
1960 05 21 12   222   -72 -9999   140    72     1 -9999 -9999
1960 05 22 12   200    28 -9999   140    82     7 -9999 -9999
1960 05 23 12   222   -50 -9999   110    62     1 -9999 -9999
1960 05 24 12   222     0 -9999   140    62     7 -9999 -9999
1960 05 25 12   172    28 -9999   360    31     8 -9999 -9999
1960 05 26 12   128     0 -9999   360    62     1 -9999 -9999
1960 05 28 12   211   -89 -9999   110   118     2 -9999 -9999
1960 05 29 12   211    72 -9999   140    72     7 -9999 -9999
1960 05 30 12   139   111 -9999   180    21     8 -9999     5
1960 05 31 12   211   -39 -9999   340    41     1 -9999 -9999
1960 06 01 12   250   -39 -9999   270    31     2 -9999 -9999
1960 06 02 12   178   -72 -9999   360    41     1 -9999 -9999
1960 06 03 12   222   -22 -9999     0     0     1 -9999 -9999
1960 06 05 12   239    28 -9999     0     0 -9999 -9999     6
1960 06 07 12   261    22 -9999   140    62     7 -9999 -9999
1960 06 08 12   161    61 -9999   140    41     1 -9999 -9999
1960 06 09 12 -9999 -9999 -9999   340    51 -9999 -9999     6
1960 06 10 12   178    72 -9999     0     0     8 -9999     6
1960 06 11 12   222  -111 -9999   340    72     0 -9999 -9999
1960 06 12 12   239   -50 -9999    20    31     1 -9999 -9999
1960 06 15 09   272    61 -9999   140    87     8 -9999 -9999
1960 06 15 12   261    78 -9999   140    41     8 -9999 -9999
1960 06 17 12   211    61 -9999   180    21     2 -9999 -9999
1960 06 18 12   261    22 -9999   290    21     7 -9999 -9999
1960 06 20 03   222    39 -9999   320    10     7 -9999 -9999
1960 06 20 12   250   -28 -9999   290    51     1 -9999 -9999
1960 06 21 06   228   -39 -9999   340    62     1 -9999 -9999
1960 06 21 12   211    50 -9999    20    31     1 -9999 -9999
1960 06 22 12   239    28 -9999    20    21     1 -9999 -9999
1960 06 24 12   228    22 -9999   360    21     6 -9999 -9999
1960 06 26 12   172   100 -9999   200    31     7 -9999 -9999
1960 06 27 12   239     0 -9999   340    51     1 -9999 -9999
1960 06 28 12   250    50 -9999    20    51     7 -9999 -9999
1960 06 29 12   272    39 -9999     0     0     7 -9999 -9999
1960 06 30 12   289    78 -9999   200    21     6 -9999     6
1960 10 01 12    78    39 -9999   200    10     3 -9999 -9999
1960 10 02 12   111    28 -9999    20    31     8 -9999 -9999
1960 10 03 03   128    39 -9999     0     0     1 -9999 -9999
1960 10 03 12   122    50 -9999     0     0     1 -9999 -9999
1960 10 05 12   111    61 -9999   160    10     7 -9999     6
1960 10 06 12   128    61 -9999     0     0     7 -9999 -9999
1960 10 07 12   128    61 -9999     0     0 -9999 -9999 -9999
1960 10 08 12   111    50 -9999    40    21     1 -9999 -9999
1960 10 09 12   139     0 -9999 -9999    41     1 -9999 -9999
1960 10 10 12   139    11 -9999   180    31     1 -9999 -9999
1960 10 11 12   122    28 -9999   110    41     1 -9999 -9999
1960 10 12 12    78     0 -9999   360    21     7 -9999     6
1960 10 13 12   111 -9999 -9999   160    31     0 -9999 -9999
1960 10 15 06    72  -111 -9999   320    21     1 -9999 -9999
1960 10 18 12   100   -61 -9999     0     0     5 -9999 -9999
1960 10 20 12    72   -72 -9999    90    31     1 -9999 -9999
1960 10 21 12   100   -39 -9999    40    31     1 -9999 -9999
1960 10 22 12 -9999 -9999 -9999    40    21     1 -9999 -9999
1960 10 22 15    72    28 -9999    90    21     0 -9999 -9999
1960 10 24 12   -39   -50 -9999   360    41     8 -9999    20
1960 10 25 12 -9999 -9999 -9999   110    21 -9999 -9999 -9999
1960 10 27 12    28   -28 -9999     0     0     0 -9999 -9999
1960 10 28 12    39   -72 -9999    90    21     5 -9999 -9999
1960 11 02 12    50   -89 -9999 -9999    51     8 -9999 -9999
1960 11 09 12 -9999 -9999 -9999   320    21 -9999 -9999     6
1960 11 10 12     0   -78 -9999     0     0     1 -9999 -9999
1960 11 11 12   -22  -100 -9999     0     0     0 -9999 -9999
1960 11 11 15    28    11 10216   360    21     0 -9999 -9999
1960 11 13 12   -28  -128 -9999     0     0     0 -9999 -9999
1960 11 14 12   -28  -122 -9999    70    31     1 -9999 -9999
1960 11 15 12     0  -122 -9999    90    31     1 -9999 -9999
1960 11 16 12     0  -139 -9999 -9999 -9999 -9999 -9999 -9999
1960 11 17 12     0  -122 -9999     0     0     7 -9999 -9999
1960 11 18 12    22  -128 -9999   110    21     0 -9999 -9999
1960 11 19 12    39   -39 -9999   110    41     0 -9999 -9999
1960 11 20 12   -61  -211 -9999   360    62     8 -9999 -9999
1960 11 21 12   -50  -200 -9999   140    31     2 -9999 -9999
1960 11 22 12   -72  -228 -9999   340    62     8 -9999 -9999
1960 11 23 12   -78  -211 -9999   360    21     7 -9999 -9999
1960 11 24 12   -72  -222 -9999    20    31     1 -9999 -9999
1960 11 25 12  -100  -250 -9999    40    87     8 -9999 -9999
1960 11 26 12   -61  -139 -9999   180    31     0 -9999 -9999
1960 11 28 12   -61  -178 -9999     0     0     8 -9999 -9999
1960 11 29 12   -50  -150 -9999   290    31     1 -9999 -9999
1960 12 01 12   -50 -9999 -9999   160 -9999     0 -9999 -9999
1960 12 03 12   -50   -72 -9999    40    31     8 -9999     3
1960 12 04 00   -39   -61 10334    90    10     8 -9999     5
1960 12 04 12   -78  -100 -9999    90    51     7 -9999     5
1960 12 05 12  -128  -200 -9999   110    41     0 -9999 -9999
1960 12 06 03   -11   -89 10371    70    10     0 -9999 -9999
1960 12 07 12   -61 -9999 -9999    70    21     8 -9999     6
1960 12 12 12   -22   -89 -9999   320    21     7 -9999     6
1960 12 13 12   -39  -100 -9999   140    41     1 -9999 -9999
1960 12 14 12  -111  -150 -9999   360    10     2 -9999 -9999
1960 12 16 12  -111  -178 -9999    40    21     1 -9999 -9999
1960 12 17 12  -172  -261 -9999    40    31     1 -9999 -9999
1960 12 20 12   -72  -211 -9999   140    41     1 -9999 -9999
1960 12 21 12   -78 -9999 -9999   140    21     1 -9999 -9999
1960 12 22 12   -22  -128 -9999   340    21     8 -9999 -9999
1960 12 24 12  -128  -250 -9999   340    41     0 -9999 -9999
1960 12 25 12  -100  -200 -9999     0     0     3 -9999 -9999
1960 12 26 12   -78  -172 -9999     0     0     1 -9999 -9999
1960 12 27 12   -89  -161 -9999    40    21     8 -9999 -9999
1960 12 28 12  -111  -150 -9999    20    41 -9999 -9999     6
1960 12 29 12  -189  -228 -9999   360    21     1 -9999 -9999
