1962 03 02 06    78  -139 -9999   220    21     1 -9999 -9999
1962 03 06 06    28  -139 -9999   320    51     1 -9999 -9999
1962 03 07 06    78  -178 -9999   140    51     7 -9999 -9999
1962 03 08 00   -28  -122 -9999 -9999    21     7 -9999 -9999
1962 03 08 06    50  -100 -9999   320    41     2 -9999 -9999
1962 03 09 00     0  -128 -9999   140    31     7 -9999 -9999
1962 03 09 06    72  -111 -9999   320    21     3 -9999 -9999
1962 03 10 00   -61   -89 -9999    20    21     8 -9999     6
1962 03 11 00   -50  -150 -9999    90    10     1 -9999 -9999
1962 03 11 06    61  -161 -9999   220    10     1 -9999 -9999
1962 03 12 00   -11  -122 -9999   180    21     1 -9999 -9999
1962 03 12 06   111  -161 -9999   220    21     0 -9999 -9999
1962 03 13 00     0  -122 -9999    40    21     6 -9999 -9999
1962 03 13 06    89  -161 -9999   270    51     7 -9999 -9999
1962 03 14 00   -22   -72 -9999    90    21     7 -9999 -9999
1962 03 14 06    61  -139 -9999   340    62     1 -9999 -9999
1962 03 15 00   -11  -172 -9999   110    31     5 -9999 -9999
1962 03 15 06    78  -161 -9999   340    51     6 -9999 -9999
1962 03 16 00   -89  -222 -9999 -9999    41     0 -9999 -9999
1962 03 16 06    39  -172 -9999     0     0     1 -9999 -9999
1962 03 17 00   -39  -178 -9999     0     0     2 -9999 -9999
1962 03 17 06    50   -89 -9999   320   159 -9999 -9999 -9999
1962 03 18 00    28  -139 -9999   200    41     8 -9999 -9999
1962 03 18 06    22   -89 -9999   320    41     7 -9999 -9999
1962 03 19 00   -50   -72 -9999    40    51     8 -9999     6
1962 03 19 06   -50   -72 -9999   360    31     8 -9999     5
1962 03 20 00  -122  -161 -9999    20    72     1 -9999 -9999
1962 03 20 06   -50  -139 -9999   320    31     2 -9999 -9999
1962 03 21 00   -72  -178 -9999   140    21     7 -9999 -9999
1962 03 21 06   -28  -178 -9999   320    21     8 -9999 -9999
1962 03 22 00   -89  -211 -9999    20    31     1 -9999 -9999
1962 03 22 06   -28  -239 -9999   360    41     1 -9999 -9999
1962 03 23 00  -100  -211 -9999    40    41     1 -9999 -9999
1962 03 23 06   -50  -189 -9999   360    72     6 -9999 -9999
1962 03 24 00   -72  -128 -9999    40    31     1 -9999 -9999
1962 03 24 06    11  -128 -9999   340    41     1 -9999 -9999
1962 03 25 00   -61  -161 -9999    40    10     1 -9999 -9999
1962 03 25 06    39  -111 -9999    20    31     1 -9999 -9999
1962 03 26 06    78  -122 -9999   320    21     1 -9999 -9999
1962 03 27 00   -11  -150 -9999   110    10     1 -9999 -9999
1962 03 27 06   100  -211 -9999   320    62     7 -9999 -9999
1962 03 28 00    11  -178 -9999   110    31     1 -9999 -9999
1962 03 28 06   100  -128 -9999   320    31     2 -9999 -9999
1962 03 28 09   100  -161 -9999   360    31     1 -9999 -9999
1962 03 28 21     0  -178 -9999   110    21     0 -9999 -9999
1962 03 29 00    22  -128 -9999   110    41     1 -9999 -9999
1962 03 29 06   122  -100 -9999   220    21     0 -9999 -9999
1962 03 29 09   122  -100 -9999   220    21     0 -9999 -9999
1962 03 29 21    39  -100 -9999   140    31     0 -9999 -9999
1962 03 30 00    50   -89 -9999   110    31     1 -9999 -9999
1962 03 30 06   150  -100 -9999   200    51     6 -9999 -9999
1962 03 30 09   161   -78 -9999   250    10     1 -9999 -9999
1962 03 30 21    72  -100 -9999   110    51     0 -9999 -9999
1962 03 31 00    78   -72 -9999     0     0     7 -9999 -9999
1962 03 31 06   150     0 -9999     0     0     9 -9999 -9999
1962 03 31 09   161   -61 -9999   340    72     8 -9999 -9999
1962 03 31 21   -39   -72 -9999    40    51     7 -9999 -9999
1962 04 01 00   -28   -72 -9999    20    31     8 -9999     3
1962 04 01 06   -11   -89 -9999   260    51     8 -9999     6
1962 04 01 09     0   -72 -9999   300   478     6 -9999 -9999
1962 04 01 21  -100  -111 -9999    40    21     3 -9999 -9999
1962 04 02 00   -89  -161 -9999    20    21     1 -9999     6
1962 04 02 06   -39  -161 -9999   340    31     6 -9999     6
1962 04 02 09   -39  -161 -9999   320    21     7 -9999 -9999
1962 04 02 21   -89  -189 -9999    70    21     0 -9999 -9999
1962 04 03 00   -61  -250 -9999   140    31     0 -9999 -9999
1962 04 03 06    50  -200 -9999   250    10     0 -9999 -9999
1962 04 03 09    72  -250 -9999   200    51     0 -9999 -9999
1962 04 03 21    22  -211 -9999   140    41     0 -9999 -9999
1962 04 04 06   128   -78 -9999   200    62     6 -9999 -9999
1962 04 04 09   139  -211 -9999   220    62     5 -9999 -9999
1962 04 05 06   150  -161 -9999   360    31     7 -9999 -9999
1962 04 05 09   128  -189 -9999   360    31     8 -9999 -9999
1962 04 05 21    61   -78 -9999    40    51     8 -9999 -9999
1962 04 06 00    61   -78 -9999    40    41     8 -9999 -9999
1962 04 06 09    61     0 -9999    70    31     8 -9999 -9999
1962 04 06 21    22     0 -9999   180    41     7 -9999 -9999
1962 04 07 00    22    11 -9999   200    10     8 -9999     6
1962 04 07 06    11    11 -9999   250    10     8 -9999     5
1962 04 07 09    39    22 -9999    20    10     7 -9999 -9999
1962 04 08 00   -11   -61 -9999    40    51     7 -9999 -9999
1962 04 08 06    50  -139 -9999   360    51     3 -9999 -9999
1962 04 08 09    50  -150 -9999   360    41     6 -9999 -9999
1962 04 08 21     0  -139 -9999    40    21     5 -9999 -9999
1962 04 09 00    22  -161 -9999    20    10     5 -9999 -9999
1962 04 09 06    72  -178 -9999    20    31     7 -9999 -9999
1962 04 09 09    78  -200 -9999   360    41     7 -9999 -9999
1962 04 09 21   -28  -178 -9999    90    31     1 -9999 -9999
1962 04 10 06   111  -139 -9999   250    10     7 -9999 -9999
1962 04 10 09   111  -128 -9999   360    41     7 -9999 -9999
1962 04 10 21   -11 -9999 -9999    90    41     0 -9999 -9999
1962 04 11 21     0  -128 -9999    40    41 -9999 -9999 -9999
1962 04 13 09   111  -128 -9999   230    41     1 -9999 -9999
1962 04 14 09   161  -161 -9999   320    21     1 -9999 -9999
1962 04 19 06   161  -161 -9999   320    41     1 -9999 -9999
1962 04 20 09   211   -11 -9999     0     0     1 -9999 -9999
1962 04 21 00    78   -50 -9999   320    10     0 -9999 -9999
1962 04 21 06   150   -72 -9999   220    62     0 -9999 -9999
1962 04 21 09   128   -78 -9999   340    82     6 -9999 -9999
1962 04 21 21    50  -128 -9999    20    51     7 -9999 -9999
1962 04 22 00    61  -128 -9999    70    41 -9999 -9999 -9999
1962 04 22 06   122  -128 -9999   360    41     8 -9999 -9999
1962 04 22 09   122  -139 -9999    40    62 -9999 -9999 -9999
1962 04 22 21    39   -72 -9999    40    41     8 -9999 -9999
1962 04 23 00    50   -72 -9999   360    62     7 -9999 -9999
1962 04 24 06   161  -111 -9999   120    21     0 -9999 -9999
1962 04 24 21    72   -89 -9999   110   129     1 -9999 -9999
1962 04 25 21   122  -111 -9999    20    51     8 -9999 -9999
1962 04 26 00   100  -100 -9999   360    51     7 -9999 -9999
1962 04 27 00    72  -189 -9999    90    10     1 -9999 -9999
1962 04 27 21    50   -89 -9999    90    21     0 -9999 -9999
1962 04 28 06   178   -50 -9999    90    31     8 -9999 -9999
1962 04 28 09   189   -50 -9999   270    31     7 -9999 -9999
1962 04 28 21   111   -61 -9999   140    10     7 -9999 -9999
1962 04 29 00   128   -39 -9999   140    10     8 -9999 -9999
1962 04 29 21    78  -122 -9999    90    41     1 -9999 -9999
1962 04 30 00   139   -89 -9999   110    21     1 -9999 -9999
1962 05 01 00   139   -39 -9999   200    31 -9999 -9999 -9999
1962 05 01 09   200  -111 -9999    30 -9999     1 -9999 -9999
1962 05 01 18    61  -150 -9999    20    41     1 -9999 -9999
1962 05 02 00    78   -39 -9999     0     0     5 -9999 -9999
1962 05 02 06   161   -28 -9999   360    51     3 -9999 -9999
1962 05 03 00    89  -100 -9999   140    41     8 -9999 -9999
1962 05 04 00   111   -89 -9999     0     0     1 -9999 -9999
1962 05 04 09   161  -111 -9999 -9999    41     5 -9999 -9999
1962 05 05 06 -9999 -9999 -9999   290    31     7 -9999     6
1962 05 05 21    78   -50 -9999   140    31     1 -9999 -9999
1962 05 10 09   178  -111 -9999   150    21     7 -9999 -9999
1962 05 13 21 -9999 -9999 -9999    20    21     0 -9999 -9999
1962 05 14 06   211   -61 -9999   320    62     0 -9999 -9999
1962 05 15 06   161  -100 -9999   290 -9999     1 -9999 -9999
1962 05 17 00    11   -78 -9999   170    41     0 -9999 -9999
1962 05 18 06   211   -89 -9999    20    98     0 -9999 -9999
1962 05 18 09   211 -9999 -9999   140    21     0 -9999 -9999
1962 05 19 00   178   -72 -9999   140    21     1 -9999 -9999
1962 05 19 06   250   -39 -9999    20    21     1 -9999 -9999
1962 05 19 21   111  -111 -9999   190    31     7 -9999 -9999
1962 05 20 09   261   -28 -9999   120    21     7 -9999 -9999
1962 05 21 21   150   -11 -9999 -9999    10     5 -9999 -9999
1962 05 22 21   172 -9999 -9999   140    51     6 -9999 -9999
1962 05 23 06   261    11 -9999   160    62     6 -9999 -9999
1962 05 25 00   211 -9999 -9999   190    21     7 -9999 -9999
1962 05 25 09   278    50 -9999    10    21     3 -9999 -9999
1962 05 25 21   150   100 -9999    90    21     6 -9999 -9999
1962 05 26 06   211    72 -9999   360    62     7 -9999 -9999
1962 05 26 21   128    50 -9999   100 -9999     1 -9999 -9999
1962 05 29 09   239    11 -9999   140    82     7 -9999 -9999
1962 05 30 00   178    11 -9999   110    31     0 -9999 -9999
1962 05 30 09   272 -9999 -9999   230    41     1 -9999 -9999
1962 05 31 21   111    22 -9999   320    21     4 -9999 -9999
1962 06 02 00   111    39 -9999   140    10     8 -9999     6
1962 06 02 06   211    28 -9999   250    51     7 -9999     6
1962 06 03 09   211     0 -9999   120    41     1 -9999 -9999
1962 06 04 00   139   -50 -9999    20    21     0 -9999 -9999
1962 06 04 06   111   -61 -9999   340    51     1 -9999 -9999
1962 06 05 06   228   -11 -9999    10    31     1 -9999 -9999
1962 06 07 21   111   -50 -9999    40    51     1 -9999 -9999
1962 06 09 09   272    50 -9999   180    10     1 -9999 -9999
1962 06 09 21   189    39 -9999   180    41     1 -9999 -9999
1962 06 10 06   278    61 -9999   220    51     1 -9999 -9999
1962 06 11 06   300    89 -9999   270    31     6 -9999 -9999
1962 06 12 00   222    78 -9999   220    10     6 -9999 -9999
1962 06 12 21   128    28 -9999   140    51     1 -9999 -9999
1962 06 13 00   150    50 -9999   180    41     1 -9999 -9999
1962 06 13 21   139    61 -9999   110    31     0 -9999 -9999
1962 06 14 06   272    78 -9999     0     0     1 -9999 -9999
1962 06 14 09   272   111 -9999   140    72     2 -9999 -9999
1962 06 14 21   172   128 -9999   160    51     1 -9999 -9999
1962 06 15 00   200   139 -9999   160    41     1 -9999 -9999
1962 06 15 06   261   100 -9999   140    82     1 -9999 -9999
1962 06 15 09   261   161 -9999   140    72     1 -9999 -9999
1962 06 16 06   239   178 -9999   140    72 -9999 -9999 -9999
1962 06 18 03   139    89 -9999   270    72     0 -9999 -9999
1962 06 18 21   150   111 -9999   140    41     7 -9999 -9999
1962 06 19 00   189   128 -9999   140    10     1 -9999 -9999
1962 06 20 09   272   111 -9999   320    82     1 -9999 -9999
1962 06 21 00   222   100 -9999   110    10     0 -9999 -9999
1962 06 21 06   272     0 -9999   340    31     7 -9999 -9999
1962 06 21 09   278    11 -9999   320    10     7 -9999 -9999
1962 06 22 00   228    11 -9999   200    41     5 -9999 -9999
1962 06 22 09   261    22 -9999   200    51     8 -9999 -9999
1962 06 23 00   178    78 -9999     0     0     2 -9999 -9999
1962 06 24 09   239    50 -9999   340    21     6 -9999 -9999
1962 06 24 21   161    28 -9999    90    21     6 -9999 -9999
1962 06 25 00   189    72 -9999     0     0     7 -9999 -9999
1962 06 25 06   239    39 -9999   320    10     7 -9999 -9999
1962 06 25 09   250    39 -9999   340    51     7 -9999 -9999
1962 06 26 00   200    72 -9999   160    10     7 -9999     6
1962 06 26 09   200    89 -9999   320    51     7 -9999 -9999
1962 06 26 21   128   111 -9999   160    21     3 -9999 -9999
1962 06 27 06   222    89 -9999   340    21     6 -9999 -9999
1962 06 27 09   239    78 -9999    20    41     7 -9999 -9999
1962 06 27 21   161    72 -9999   110    21     7 -9999 -9999
1962 06 28 00   178    72 -9999    90    10     7 -9999 -9999
1962 06 28 06   239    72 -9999   290    10     7 -9999 -9999
1962 06 28 09   250    50 -9999    40    10     6 -9999 -9999
1962 06 28 21   161    39 -9999   110    41     6 -9999 -9999
1962 06 29 00   222    72 -9999    90    21     7 -9999 -9999
1962 07 01 06   161    39 -9999    70    31 -9999 -9999 -9999
1962 07 01 21   150    78 -9999   140    41     2 -9999 -9999
1962 07 02 09   300    22 -9999   180    31     7 -9999 -9999
1962 07 02 21   189    72 -9999   160    31 -9999 -9999 -9999
1962 07 03 00   228    89 -9999     0     0     6 -9999 -9999
1962 07 03 06   289   111 -9999   110    51     7 -9999 -9999
1962 07 04 00   261   150 -9999   140    21     1 -9999 -9999
1962 07 04 21   250   172 -9999   180    51     7 -9999 -9999
1962 07 05 00   250   178 -9999     0     0     7 -9999 -9999
1962 07 05 09   261   172 -9999    10   118     7 -9999 -9999
1962 07 06 00   239   139 -9999   360    21     7 -9999 -9999
1962 07 06 09   239 -9999 -9999   220    41     7 -9999 -9999
1962 07 06 21   161   122 -9999   180    10     7 -9999 -9999
1962 07 07 00   200   139 -9999    90    10     7 -9999 -9999
1962 07 07 06   189   161 -9999   180    51     8 -9999     6
1962 07 07 09   172   150 -9999   200    10     8 -9999 -9999
1962 07 07 21   128   122 -9999     0     0     3 -9999 -9999
1962 07 08 21   172    78 -9999    90    21     6 -9999 -9999
1962 07 09 06   272    78 -9999   340    51     7 -9999 -9999
1962 07 10 00   189    72 -9999    40    62     0 -9999 -9999
1962 07 10 06   261    61 -9999    20    31     1 -9999 -9999
1962 07 10 09   272    61 -9999    40    31     1 -9999 -9999
1962 07 11 00   239    78 -9999   180    21     6 -9999 -9999
1962 07 11 06   311   122 -9999     0     0     6 -9999 -9999
1962 07 11 09   311   100 -9999   140    82     7 -9999 -9999
1962 07 11 21   250   139 -9999   360    21     7 -9999 -9999
1962 07 12 06   250   189 -9999   270    10     8 -9999    20
1962 07 12 09   222   189 -9999   360    51     7 -9999 -9999
1962 07 13 21   222   111 -9999   110    21     8 -9999 -9999
1962 07 14 00   189   150 -9999    20    51     8 -9999     6
1962 07 14 06   172   150 -9999    20    51     8 -9999    60
1962 07 14 09   189   139 -9999     0     0     7 -9999 -9999
1962 07 14 21   139   128 -9999     0     0     5 -9999 -9999
1962 07 15 00   172   150 -9999   360    21     7 -9999 -9999
1962 07 15 06   222   139 -9999   290    21     7 -9999 -9999
1962 07 15 09   211   139 -9999   270    21     7 -9999 -9999
1962 07 16 00   172   122 -9999   110    21     7 -9999 -9999
1962 07 16 06   261    72 -9999   220    51 -9999 -9999 -9999
1962 07 16 09   278    61 -9999   250    10     2 -9999 -9999
1962 07 16 21   172    89 -9999    90    21     1 -9999 -9999
1962 07 17 00   222    72 -9999    40    41     7 -9999 -9999
1962 07 17 21   222    89 -9999   220    21     7 -9999 -9999
1962 07 18 03   222    78 -9999    70 -9999     8 -9999 -9999
1962 07 18 21   178    78 -9999    90    31     0 -9999 -9999
1962 07 19 00   239    89 -9999   110    31     0 -9999 -9999
1962 07 19 21   228    78 -9999    90    10     8 -9999 -9999
1962 07 20 06   300   100 -9999   340    21     7 -9999     6
1962 07 20 09   272    89 -9999   180    72     7 -9999 -9999
1962 07 20 21   200    72 -9999   110    51     1 -9999 -9999
1962 07 21 00   261    89 -9999   110    31     7 -9999 -9999
1962 07 21 06   311    61 -9999    40    21     7 -9999    80
1962 07 21 21   228    61 -9999   140    62     7 -9999 -9999
1962 07 22 00   239    89 -9999    90    10     5 -9999 -9999
1962 07 22 06   289    72 -9999   360    41     7 -9999 -9999
1962 07 22 09   289    78 -9999   320    21     7 -9999 -9999
1962 07 22 21   228    78 -9999   320    21     7 -9999 -9999
1962 07 23 00   228    89 -9999   140    31     7 -9999     6
1962 07 23 06   189   128 -9999   290    31     8 -9999     5
1962 07 23 09   200   122 -9999   320    31     7 -9999 -9999
1962 07 23 21   128   100 -9999   180    21     6 -9999 -9999
1962 07 24 00   189   100 -9999     0     0     1 -9999 -9999
1962 07 24 09 -9999 -9999 -9999   220    31     7 -9999 -9999
1962 07 25 00   211    89 -9999    70    10     2 -9999 -9999
1962 07 25 09   261    78 -9999   320    21     7 -9999 -9999
1962 07 26 00   200   100 -9999   180    51     7 -9999 -9999
1962 07 26 21   139   100 -9999     0     0     0 -9999 -9999
1962 07 27 09   272    89 -9999   220    10     7 -9999 -9999
1962 07 28 00   239    89 -9999   110    21     2 -9999 -9999
1962 07 28 06   250   100 -9999   340    62     8 -9999 -9999
1962 07 28 09   272   111 -9999   320    31     7 -9999 -9999
1962 07 30 00   200   128 -9999   110    41     7 -9999 -9999
1962 07 30 06   300    89 -9999   320    31     6 -9999 -9999
1962 07 30 21   178    89 -9999   160    10     0 -9999 -9999
1962 07 31 06   278    50 -9999   360    51     3 -9999 -9999
1962 07 31 09   328    61 -9999   360    51     3 -9999 -9999
1962 08 01 00   222    61 -9999   210    21     1 -9999 -9999
1962 08 01 21   211    78 -9999   110    41     0 -9999 -9999
1962 08 02 00   250    89 -9999    40    21     1 -9999 -9999
1962 08 02 06   289    72 -9999   270    21     2 -9999 -9999
1962 08 02 09   300    89 -9999   140    31     2 -9999 -9999
1962 08 03 00   250   100 -9999     0     0     1 -9999 -9999
1962 08 03 09   300    72 -9999   160    62     1 -9999 -9999
1962 08 04 00 -9999 -9999 -9999    70    21     1 -9999 -9999
1962 08 04 06   300   111 -9999   270    21     3 -9999 -9999
1962 08 05 06   289   122 -9999   360    31     7 -9999 -9999
1962 08 06 06   300   100 -9999   200    21     6 -9999 -9999
1962 08 07 09   272    89 -9999   360    51     3 -9999 -9999
1962 08 07 21   178    78 -9999    90    21     0 -9999 -9999
1962 08 08 00   222    78 -9999    90    21     1 -9999 -9999
1962 08 08 06   278    50 -9999   360    10     2 -9999 -9999
1962 08 08 21   189    50 -9999   110    21     0 -9999 -9999
1962 08 09 00   228    61 -9999 -9999 -9999 -9999 -9999 -9999
1962 08 09 06   311    39 -9999     0     0     0 -9999 -9999
1962 08 10 00   228    22 -9999    90    21     0 -9999 -9999
1962 08 11 09   311    72 -9999   360    10     1 -9999 -9999
1962 08 11 21   222    50 -9999    90    41     0 -9999 -9999
1962 08 12 00   250    72 -9999   140    21     0 -9999 -9999
1962 08 12 06   311   122 -9999   290    10     5 -9999 -9999
1962 08 12 09   311    72 -9999   230    41     3 -9999 -9999
1962 08 12 21   189    39 -9999   360    41     1 -9999 -9999
1962 08 13 21   172   100 -9999    40    82     8 -9999 -9999
1962 08 14 06   239   100 -9999   270    21     7 -9999     3
1962 08 14 21   150    50 -9999   100    21     2 -9999 -9999
1962 08 15 00   200    72 -9999    90    10     1 -9999 -9999
1962 08 15 21   189    28 -9999    90    21 -9999 -9999 -9999
1962 08 16 00   228    28 -9999   110    21     1 -9999 -9999
1962 08 17 21   178    89 -9999   180    31     7 -9999 -9999
1962 08 18 00   200    72 -9999   180    31     7 -9999 -9999
1962 08 18 06   261    89 -9999   140    82     7 -9999 -9999
1962 08 18 09   250    89 -9999   140   118     6 -9999 -9999
1962 08 19 06   278    50 -9999   320    10     2 -9999 -9999
1962 08 19 09   300    39 -9999   200    10     2 -9999 -9999
1962 08 19 21   189    72 -9999   160    21     1 -9999 -9999
1962 08 20 00   228    39 -9999   140    21     1 -9999 -9999
1962 08 20 06   278    78 -9999    40    41     3 -9999 -9999
1962 08 20 09   289    28 -9999   340    51     1 -9999 -9999
1962 08 20 21   211   -11 -9999    90    72     6 -9999 -9999
1962 08 21 00   239     0 -9999    90    41     2 -9999 -9999
1962 08 21 06   311    22 -9999   320    10     5 -9999 -9999
1962 08 21 21   222    72 -9999   110    21     1 -9999 -9999
1962 08 22 00   250    78 -9999   140    10     1 -9999 -9999
1962 08 22 06   300   100 -9999   180    41     1 -9999 -9999
1962 08 23 00   250   122 -9999   140    82     7 -9999 -9999
1962 08 23 21   222   150 -9999   140    72     7 -9999 -9999
1962 08 24 00   228   150 -9999   140    41     7 -9999 -9999
1962 08 24 21   161   150 -9999     0     0     8 -9999 -9999
1962 08 25 21   150    28 -9999   360    41     0 -9999 -9999
1962 08 26 00   178    61 -9999    40    10     1 -9999 -9999
1962 08 26 06   228   -22 -9999   320    82     1 -9999 -9999
1962 08 26 09   222     0 -9999   360    72     1 -9999 -9999
1962 08 27 00   128    11 -9999     0     0     0 -9999 -9999
1962 08 27 06   200   -11 -9999    40    21     1 -9999 -9999
1962 08 27 21   161   -78 -9999    90    21     0 -9999 -9999
1962 08 28 00   178   -39 -9999    90    31     1 -9999 -9999
1962 08 28 09   272     0 -9999   360    21     1 -9999 -9999
1962 08 29 09   111    50 -9999     0     0     7 -9999 -9999
1962 08 29 21   100    28 -9999   140    31     0 -9999 -9999
1962 08 30 09   100    28 -9999   140    31     0 -9999 -9999
1962 08 30 21   111    22 -9999   140    31     0 -9999 -9999
1962 08 31 06   239 -9999 -9999   340    31     0 -9999 -9999
1962 08 31 09   250   -22 -9999   340    21     1 -9999 -9999
1962 09 01 00   189    39 -9999   140    21     0 -9999 -9999
1962 09 01 06   250    61 -9999   360    21     1 -9999 -9999
1962 09 01 09   228    11 -9999   360    41     1 -9999 -9999
1962 09 02 00   139    39 -9999     0     0     1 -9999 -9999
1962 09 02 09   222   -22 -9999   360    41     3 -9999 -9999
1962 09 02 21   122    11 -9999    90    31     1 -9999 -9999
1962 09 03 21   128    22 -9999   140    10     0 -9999 -9999
1962 09 04 00 -9999 -9999 -9999   140    21     1 -9999 -9999
1962 09 05 00   178    28 -9999    90    31     1 -9999 -9999
1962 09 06 00   178    22 -9999    90    31     0 -9999 -9999
1962 09 06 21   178   -50 -9999    90    51     1 -9999 -9999
1962 09 07 00   200   -11 -9999    90    51     2 -9999 -9999
1962 09 07 06   228    22 -9999   270    21     6 -9999     5
1962 09 07 21   161     0 -9999   110    51     0 -9999 -9999
1962 09 08 06   261   -22 -9999   360    31     1 -9999 -9999
1962 09 08 09   250   -39 -9999   360    21     2 -9999 -9999
1962 09 08 21   150   -11 -9999    90    41     1 -9999 -9999
1962 09 09 00   172    11 -9999    90    21     5 -9999 -9999
1962 09 09 21   178    50 -9999   180    21     8 -9999 -9999
1962 09 10 03   172    28 -9999     0     0     7 -9999 -9999
1962 09 10 06   239    11 -9999     0     0     6 -9999 -9999
1962 09 10 09   228    28 -9999   160    31     7 -9999 -9999
1962 09 11 00   139    50 -9999   160    21     6 -9999 -9999
1962 09 11 06   222    11 -9999   360    72     6 -9999     6
1962 09 11 09   222     0 -9999   340    51     2 -9999 -9999
1962 09 12 00   172   -22 -9999   110    31     0 -9999 -9999
1962 09 13 09   261 -9999 -9999     0     0     7 -9999 -9999
1962 09 14 06   222    39 -9999   180    72     8 -9999 -9999
1962 09 14 21   128   100 -9999   220    41     7 -9999 -9999
1962 09 15 00   122   111 -9999     0     0 -9999 -9999 -9999
1962 09 15 06   222   150 10088 -9999 -9999 -9999 -9999 -9999
1962 09 15 21   150    50 -9999   140    10     1 -9999 -9999
1962 09 16 00   122    72 -9999   140    41     4 -9999 -9999
1962 09 16 06   211    39 -9999   270    21     2 -9999     6
1962 09 16 09   211    39 -9999   340    41     5 -9999 -9999
1962 09 17 00   128    39 -9999   110    31     1 -9999 -9999
1962 09 18 06   222   -39 -9999   290    41     7 -9999 -9999
1962 09 18 09   211   -28 -9999   160    62     7 -9999 -9999
1962 09 19 06   222   -39 -9999   270    21     1 -9999 -9999
1962 09 19 09   222   -22 -9999   360    21     1 -9999 -9999
1962 09 20 21   150    39 -9999    90    21     7 -9999 -9999
1962 09 21 00   161     0 -9999    90    21     3 -9999 -9999
1962 09 22 00   150    89 -9999   200    10     7 -9999     6
1962 09 22 06   172    61 -9999   220    21     8 -9999     6
1962 09 22 09   172    72 -9999   270    10     7 -9999 -9999
1962 09 23 00   161    39 -9999   140    51     8 -9999     6
1962 09 23 06   128   122 -9999   360    21     8 -9999    10
1962 09 24 06   128    89 -9999   290    31     7 -9999 -9999
1962 09 24 21   100    89 -9999     0     0     8 -9999 -9999
1962 09 25 09   128    89 -9999   360    41     7 -9999 -9999
1962 09 25 21    89    78 -9999    40    51     6 -9999 -9999
1962 09 26 00    89    78 -9999   110    21 -9999 -9999 -9999
1962 09 26 21     0     0 -9999   360    51     8 -9999 -9999
1962 09 28 00     0   -11 -9999    90    10     7 -9999 -9999
1962 09 28 21    78    11 -9999    40    21     8 -9999 -9999
1962 09 29 06   111    28 -9999   270    21 -9999 -9999 -9999
1962 09 29 09   111    50 -9999   270    10     7 -9999 -9999
1962 09 29 21    72    28 -9999   160    21     1 -9999 -9999
1962 09 30 21    89    72 -9999    40    21     8 -9999 -9999
1962 10 01 00   100    39 -9999    40    10     7 -9999 -9999
1962 10 01 06 -9999 -9999 -9999   360    21     7 -9999 -9999
1962 10 01 09   139    11 -9999   360    21 -9999 -9999 -9999
1962 10 02 00    78    39 -9999   360    21     7 -9999 -9999
1962 10 03 09   128    50 -9999     0     0     7 -9999 -9999
1962 10 03 21    72    39 -9999   140    21     1 -9999 -9999
1962 10 04 21    78    11 -9999    90    21     2 -9999 -9999
1962 10 05 00    89    22 -9999     0     0     7 -9999 -9999
1962 10 05 21    89    11 -9999   110    31     4 -9999 -9999
1962 10 06 00    89    22 -9999   360    10     4 -9999 -9999
1962 10 07 00   111    22 -9999   160    21     3 -9999     6
1962 10 07 06   178   -22 -9999   300    31     6 -9999 -9999
1962 10 07 09   178   -61 -9999 -9999    51     5 -9999 -9999
1962 10 08 09   189    28 -9999     0     0     7 -9999 -9999
1962 10 08 21   161    61 -9999    40    41     7 -9999 -9999
1962 10 09 21    78    22 -9999    90    41     1 -9999 -9999
1962 10 10 21    72   -61 -9999   110    51     0 -9999 -9999
1962 10 11 00    78   -28 -9999   110    31     0 -9999 -9999
1962 10 11 21    72   -61 -9999    90    21     0 -9999 -9999
1962 10 13 00    39  -139 -9999    40    21     3 -9999 -9999
1962 10 13 21     0  -128 -9999   140    21     0 -9999 -9999
1962 10 14 00     0  -128 -9999   120    31     1 -9999 -9999
1962 10 14 09   122   -89 -9999   320    10     1 -9999 -9999
1962 10 15 00    39  -128 -9999    90    21     7 -9999 -9999
1962 10 15 09   128   -50 -9999 -9999 -9999 -9999 -9999 -9999
1962 10 15 21    22   -28 -9999    90    51     0 -9999 -9999
1962 10 16 00    39   -28 -9999    90    21     0 -9999 -9999
1962 10 16 06   139   -28 -9999   220    21     1 -9999 -9999
1962 10 16 09   150   -22 -9999   270    21     0 -9999 -9999
1962 10 17 06   161   -22 -9999   320    21     1 -9999 -9999
1962 10 17 21    50   -11 -9999    90    21     6 -9999 -9999
1962 10 18 00    72     0 -9999     0     0     7 -9999 -9999
1962 10 18 06   150   -11 -9999   270    21     7 -9999 -9999
1962 10 18 09   139   -22 -9999   260    41     7 -9999 -9999
1962 10 18 21    72   -11 -9999   140    21 -9999 -9999 -9999
1962 10 19 21    72   -39 -9999    90    31     5 -9999 -9999
1962 10 20 00    72   -22 -9999   180    21     7 -9999 -9999
1962 10 20 06   128   -50 -9999   320    41     1 -9999 -9999
1962 10 20 09   139   -50 -9999   360    10     1 -9999 -9999
1962 10 21 06   161   -50 -9999   270    10     1 -9999 -9999
1962 10 21 09   150   -39 -9999   340    21     1 -9999 -9999
1962 10 21 21   139   -72 -9999    90    21     0 -9999 -9999
1962 10 22 06   161   -78 -9999     0     0     5 -9999 -9999
1962 10 22 09   150   -50 -9999     0     0     6 -9999 -9999
1962 10 22 21   139   -72 -9999     0     0     0 -9999 -9999
1962 10 23 06   150   -72 -9999   360    41     3 -9999 -9999
1962 10 24 06   128   -72 -9999   270    31     1 -9999 -9999
1962 10 24 09   122   -72 -9999   360    41     1 -9999 -9999
1962 10 26 00   100     0 -9999   140    41     6 -9999 -9999
1962 10 26 06   122     0 -9999   140    62     7 -9999 -9999
1962 10 26 21    39    22 -9999   140    21     8 -9999 -9999
1962 10 27 00    28    28 -9999     0     0     5 -9999     3
1962 10 27 06    78    50 -9999   360    21     7 -9999 -9999
1962 10 27 09   100    39 -9999   360    31     5 -9999 -9999
1962 10 27 21    22   -39 -9999   140    21     0 -9999 -9999
1962 10 28 00    28   -22 -9999    90    21     1 -9999 -9999
1962 10 28 06   122     0 -9999   320    21     1 -9999 -9999
1962 10 28 09   111    11 -9999   320    21     7 -9999 -9999
1962 10 29 00    22     0 -9999    90    31     1 -9999 -9999
1962 10 29 21    28   -22 -9999    40    21     8 -9999 -9999
1962 10 30 09    78   -22 -9999   220    10     1 -9999 -9999
1962 10 31 09    50    39 -9999    40    21     8 -9999 -9999
1962 10 31 21   -22   -22 -9999   360    41     8 -9999 -9999
1962 11 01 00   -22   -28 -9999   260    51     8 -9999    30
1962 11 01 09   -22   -28 -9999   360    72     8 -9999 -9999
1962 11 01 21   -50   -50 -9999   360    51     8 -9999 -9999
1962 11 02 09   -50   -72 -9999   360    31     8 -9999 -9999
1962 11 02 21   -72  -161 -9999   220    10     8 -9999 -9999
1962 11 03 21   -89  -150 -9999    90    21     0 -9999 -9999
1962 11 04 00  -100 -9999 -9999    90    21     0 -9999 -9999
1962 11 04 06    11   -78 -9999    90    10     0 -9999 -9999
1962 11 04 09    11  -100 -9999     0     0     0 -9999 -9999
1962 11 05 00   -50   -61 -9999   140    41     1 -9999 -9999
1962 11 05 06    39  -139 -9999   180    31     2 -9999 -9999
1962 11 05 09    28   -72 -9999   220    31     0 -9999 -9999
1962 11 05 21 -9999 -9999 -9999    90    41     0 -9999 -9999
1962 11 06 09    78  -111 -9999   200    10     1 -9999 -9999
1962 11 06 21    11   -89 -9999    90    41     0 -9999 -9999
1962 11 08 00   -11   -50 -9999    40    41     1 -9999 -9999
1962 11 08 09    28   -61 -9999   320    21     1 -9999 -9999
1962 11 09 00   -22   -50 -9999   140    21     1 -9999 -9999
1962 11 09 06    50   -61 -9999   220    41     1 -9999 -9999
1962 11 09 09    50  -111 -9999   290    51     0 -9999 -9999
1962 11 09 21    11   -89 -9999   140    41     1 -9999 -9999
1962 11 10 06    72   -89 -9999   220    41     8 -9999 -9999
1962 11 10 21    11   -50 -9999   110    21     1 -9999 -9999
1962 11 11 09   100   -39 -9999   180    21     4 -9999 -9999
1962 11 11 21    50   -28 -9999    90    21     7 -9999 -9999
1962 11 12 06   122     0 -9999   220    21     1 -9999 -9999
1962 11 12 09   122    11 -9999   270    10     5 -9999 -9999
1962 11 13 00    39   -22 -9999   110    21     6 -9999 -9999
1962 11 13 06   100    11 -9999   320    41     6 -9999 -9999
1962 11 13 21    22   -39 -9999    70    41     0 -9999 -9999
1962 11 14 00    11   -39 -9999    70    10     4 -9999 -9999
1962 11 14 06    72   -50 -9999   320    31     8 -9999 -9999
1962 11 14 09    61   -61 -9999   360    51     7 -9999 -9999
1962 11 15 00    22   -22 -9999   110    10     8 -9999 -9999
1962 11 16 06    28   -78 -9999   340    21     7 -9999 -9999
1962 11 17 09    39   -78 -9999     0     0     1 -9999 -9999
1962 11 17 21   -50  -100 -9999    90    21     2 -9999 -9999
1962 11 18 00   -50  -128 -9999    90    21     7 -9999 -9999
1962 11 18 06   -22 -9999 -9999    40    41     8 -9999 -9999
1962 11 19 06    11   -78 -9999    20    10     7 -9999     6
1962 11 20 09     0  -111 -9999   360    41     7 -9999 -9999
1962 11 20 21   -39   -61 -9999    20    21     7 -9999 -9999
1962 11 21 21   -78  -122 -9999   140    31     0 -9999 -9999
1962 11 22 06    22  -128 -9999   320    10     1 -9999 -9999
1962 11 22 09   -11  -100 -9999   360    31     2 -9999 -9999
1962 11 22 21   -61   -89 -9999    90    21     3 -9999 -9999
1962 11 23 09   -11   -50 -9999    20    51     7 -9999 -9999
1962 11 23 21   -61   -72 -9999    40    21     3 -9999 -9999
1962 11 24 00   -72  -100 -9999   140    21     8 -9999 -9999
1962 11 24 06   -39   -89 -9999    40    21     8 -9999     6
1962 11 24 09   -39   -89 -9999   360    21     8 -9999 -9999
1962 11 25 00   -72   -78 -9999   220    21     8 -9999    10
1962 11 25 21  -150  -150 -9999    90    10     0 -9999 -9999
1962 11 26 00  -122  -122 -9999     0     0     8 -9999     6
1962 11 26 06  -100  -122 -9999   270    41     8 -9999     5
1962 11 27 21  -211  -239 -9999    90    21     1 -9999 -9999
1962 11 28 00  -211  -239 -9999    90    21     1 -9999 -9999
1962 11 29 00  -189  -239 -9999    20    10     1 -9999 -9999
1962 11 29 09   -89  -150 -9999   250    21     1 -9999 -9999
1962 11 30 06   -72  -100 -9999     0     0     7 -9999     6
1962 11 30 09   -78  -122 -9999   140    10     7 -9999 -9999
1962 12 01 00  -150  -189 -9999   140    31     0 -9999 -9999
1962 12 01 21  -111  -178 -9999   140    21     0 -9999 -9999
1962 12 02 06     0  -100 -9999   200    21     1 -9999 -9999
1962 12 02 09   -50  -111 -9999     0     0     1 -9999 -9999
1962 12 03 06   -39  -139 -9999   360    21     0 -9999 -9999
1962 12 03 09   -39  -139 -9999    40    31     0 -9999 -9999
1962 12 03 21  -128  -178 -9999    90    31     0 -9999 -9999
1962 12 04 00  -122  -200 -9999   140    21     0 -9999 -9999
1962 12 04 06    11  -122 -9999   200    10     1 -9999 -9999
1962 12 04 09   -22  -122 -9999    90    10     1 -9999 -9999
1962 12 04 21  -100  -150 -9999    70    21     0 -9999 -9999
1962 12 05 06   -22  -122 -9999     0     0     0 -9999 -9999
1962 12 05 09   -39  -150 -9999   220    21     0 -9999 -9999
1962 12 05 12  -111  -272 -9999    40    41     1 -9999 -9999
1962 12 05 21  -111  -150 -9999    90    31     0 -9999 -9999
1962 12 07 00   -78  -161 -9999   110    31     7 -9999 -9999
1962 12 08 09    39   -61 -9999   140    31     0 -9999 -9999
1962 12 08 21   -50   -89 -9999   140    21     0 -9999 -9999
1962 12 09 06    39  -111 -9999   320    21     0 -9999 -9999
1962 12 09 09    28   -78 -9999   340    21     1 -9999 -9999
1962 12 10 00   -78  -128 -9999   110    21     1 -9999 -9999
1962 12 10 21   -50 -9999 -9999   140    21     0 -9999 -9999
1962 12 11 00   -50   -72 -9999    40    21     1 -9999 -9999
1962 12 11 06    72   -50 -9999     0     0     0 -9999 -9999
1962 12 12 00   -22   -61 -9999   160    21     0 -9999 -9999
1962 12 12 06   -28   -39 -9999   320    10     9 -9999 -9999
1962 12 12 09   -22   -50 -9999   360    21     1 -9999 -9999
1962 12 12 21   -89  -172 -9999    40    31     1 -9999 -9999
1962 12 13 00  -111  -178 -9999   360    10     1 -9999 -9999
1962 12 13 06   -39  -128 -9999   340    31     2 -9999 -9999
1962 12 13 09   -39  -211 -9999   340    31     3 -9999 -9999
1962 12 15 09   -28  -172 -9999   360    21     1 -9999 -9999
1962 12 16 00   -89  -150 -9999   110    31     6 -9999 -9999
1962 12 16 21   -61  -128 -9999   110    41     7 -9999 -9999
1962 12 18 00  -128  -161 -9999    40    21     0 -9999 -9999
1962 12 18 21  -128  -150 -9999    90    21     1 -9999 -9999
1962 12 19 00  -128  -161 -9999    90    21     2 -9999 -9999
1962 12 19 06   -28  -161 -9999   320    21     2 -9999 -9999
1962 12 19 09   -28  -161 -9999   360    21     3 -9999 -9999
1962 12 20 06   -11  -178 -9999   270    21     2 -9999 -9999
1962 12 20 09   -22  -150 -9999   270    31     7 -9999 -9999
1962 12 22 00   -61  -200 -9999   110    10     3 -9999 -9999
1962 12 22 06    22  -128 -9999   220    10     5 -9999 -9999
1962 12 22 09    22  -139 -9999     0     0     7 -9999 -9999
1962 12 23 06    50  -172 -9999   250    51     1 -9999 -9999
1962 12 23 09    39  -139 -9999   250    10     1 -9999 -9999
1962 12 24 00   -39  -100 -9999   110    41     2 -9999 -9999
1962 12 24 06    61   -89 -9999   220    21     1 -9999 -9999
1962 12 24 21     0  -222 -9999   140    51     0 -9999 -9999
1962 12 25 00   -39  -178 -9999    90    31     0 -9999 -9999
1962 12 25 21   -72  -128 -9999    90    21     0 -9999 -9999
1962 12 26 00   -72  -139 -9999   110    21     0 -9999 -9999
1962 12 26 06    72  -100 -9999   320    21     1 -9999 -9999
1962 12 26 09    39   -89 -9999   360    31     7 -9999 -9999
1962 12 27 00   -50  -139 -9999    90    31     1 -9999 -9999
1962 12 27 06    61  -111 -9999   200    21     1 -9999 -9999
1962 12 27 21   -89  -150 -9999   360    21     2 -9999 -9999
1962 12 28 09   -89  -300 -9999   360    31     7 -9999 -9999
1962 12 29 00  -189  -261 -9999   360    21     0 -9999 -9999
1962 12 29 06  -100  -228 -9999   220    21     0 -9999 -9999
1962 12 29 09   -89  -278 -9999   270    21     1 -9999 -9999
1962 12 30 00  -139  -222 -9999    90    10     0 -9999 -9999
1962 12 30 06   -61  -239 -9999   320    21     0 -9999 -9999
1962 12 30 09   -61  -300 -9999   340    41     0 -9999 -9999
1962 12 30 21  -150  -211 -9999    90    21     0 -9999 -9999
1962 12 31 00  -161  -211 -9999    90    21     1 -9999 -9999
1962 12 31 06   -72  -239 -9999   320    21     1 -9999 -9999
