1983 01 01 00  -131  -231 -9999   140    20     0 -9999     0
1983 01 01 09   -24  -191 -9999    20    30     0 -9999 -9999
1983 01 01 21   -98  -210 -9999    90    30     0 -9999 -9999
1983 01 02 00  -110  -210 -9999     0     0     0 -9999     0
1983 01 02 06   -64  -200 -9999   220    30     0 -9999     0
1983 01 02 09   -59  -191 -9999   270    20     7 -9999 -9999
1983 01 03 00   -84  -191 -9999    70    20     8 -9999     0
1983 01 03 09   -36  -175 -9999   360    30     7 -9999 -9999
1983 01 03 21   -79  -175 -9999   140    30     1 -9999 -9999
1983 01 04 00   -86  -175 -9999   110    30     1 -9999     0
1983 01 04 06   -36  -175 10279   360    20     1 -9999     0
1983 01 04 09    -4 -9999 -9999   180    60     7 -9999 -9999
1983 01 04 21   -80  -258 -9999   140    40     1 -9999 -9999
1983 01 05 00   -86  -231 -9999   110    40     1 -9999     0
1983 01 05 09   -22  -244 -9999   340    20     7 -9999 -9999
1983 01 05 21   -70  -220 -9999   110    20     2 -9999 -9999
1983 01 06 00   -78  -231 -9999   320    30     8 -9999     0
1983 01 06 06  -122  -191 -9999   340    60     7 -9999    10
1983 01 06 09  -145  -231 -9999   360    70     1 -9999 -9999
1983 01 06 21  -235  -292 -9999    40    20 -9999 -9999 -9999
1983 01 07 00  -234  -320 -9999    70    30     0 -9999     0
1983 01 07 06  -157  -244 -9999   180    30     0 -9999     0
1983 01 07 09  -139  -244 -9999     0     0     0 -9999 -9999
1983 01 08 00  -158  -244 -9999     0     0     0 -9999     0
1983 01 08 06   -94  -313 -9999   290    20     0 -9999     0
1983 01 08 09   -89  -292 -9999   340    30     0 -9999 -9999
1983 01 08 21  -182  -258 -9999    90    30     0 -9999 -9999
1983 01 09 00  -170  -258 -9999    90    20     0 -9999     0
1983 01 09 06   -72  -258 -9999   200    20     0 -9999     0
1983 01 09 09   -77  -220 -9999   360    20     0 -9999 -9999
1983 01 10 00  -176  -258 -9999     0     0     1 -9999     0
1983 01 10 06   -94  -258 -9999   200    20     7 -9999     0
1983 01 10 09  -105  -244 -9999   320    30     7 -9999 -9999
1983 01 10 21  -166  -274 -9999    40    20     0 -9999 -9999
1983 01 11 00  -169  -258 -9999     0     0     2 -9999     0
1983 01 11 06   -81 -9999 -9999 -9999 -9999     7 -9999     0
1983 01 11 09   -87  -231 -9999   200    20     7 -9999 -9999
1983 01 12 06   -63  -231 -9999   340    30     0 -9999     0
1983 01 12 09   -60  -210 -9999   320    20     0 -9999 -9999
1983 01 13 00  -134  -220 -9999    90    30     0 -9999     0
1983 01 13 06   -40  -210 -9999   270    20     0 -9999     0
1983 01 13 09   -37  -200 -9999   340    20     0 -9999 -9999
1983 01 14 00  -138  -231 -9999     0     0     1 -9999     0
1983 01 14 06   -41  -191 -9999   320    20     1 -9999     0
1983 01 14 09   -43  -191 -9999   360    30     0 -9999 -9999
1983 01 14 21   -95  -200 -9999   140    20     0 -9999 -9999
1983 01 15 00  -102  -200 -9999   160    30     0 -9999     0
1983 01 15 06   -22  -210 -9999   270    30     0 -9999     0
1983 01 15 09   -17  -274 -9999   320    30     0 -9999 -9999
1983 01 15 21 -9999 -9999 -9999    20    40     0 -9999 -9999
1983 01 16 00  -106  -210 -9999    40    30     7 -9999     0
1983 01 16 06   -58  -210 -9999     0     0     7 -9999     0
1983 01 16 09   -63  -210 -9999   180    30     7 -9999 -9999
1983 01 16 21 -9999 -9999 -9999 -9999 -9999     1 -9999 -9999
1983 01 17 00   -76  -191 -9999   140    30     2 -9999     0
1983 01 17 06   -44  -191 -9999   340    50     7 -9999     0
1983 01 17 09   -69  -200 -9999    20    60     8 -9999 -9999
1983 01 17 21  -159  -175 -9999    20    50     2 -9999 -9999
1983 01 18 00  -159  -183 -9999    20    60     1 -9999     0
1983 01 18 06  -108  -210 -9999   360    30     1 -9999     0
1983 01 18 09  -114  -231 -9999   340    20     1 -9999 -9999
1983 01 18 21  -183  -231 -9999    90    30     0 -9999 -9999
1983 01 19 00  -196  -244 -9999   110    30     0 -9999     0
1983 01 19 06   -78  -220 -9999   260    20     0 -9999     0
1983 01 20 00  -170  -274 -9999    70    20     1 -9999     0
1983 01 20 21  -175  -258 -9999   110    30     0 -9999 -9999
1983 01 21 00  -158  -244 -9999   140    30     0 -9999     0
1983 01 22 00  -148  -244 -9999    90    30     0 -9999     0
1983 01 22 06   -42  -210 -9999   290    20     0 -9999     0
1983 01 22 09   -27  -183 -9999     0     0     0 -9999 -9999
1983 01 22 21  -101  -258 -9999    90    30     0 -9999 -9999
1983 01 23 00  -114  -258 -9999    70    30     0 -9999     0
1983 01 24 00 -9999 -9999 -9999     0     0     2 -9999     0
1983 01 24 06    -1 -9999 -9999     0     0     1 -9999     0
1983 01 24 09    -9  -183 -9999   320    20     0 -9999 -9999
1983 01 24 21   -62  -210 -9999   110    40     0 -9999 -9999
1983 01 25 00   -52  -200 -9999   160    30     7 -9999     0
1983 01 25 06    13  -183 -9999   220    30     7 -9999     0
1983 01 25 09    17  -167 -9999     0     0     7 -9999 -9999
1983 01 25 21   -33  -191 -9999   180    40     1 -9999 -9999
1983 01 26 00   -69  -154 -9999   140    30     0 -9999     0
1983 01 26 06    71   -83 -9999     0     0     0 -9999     0
1983 01 26 21   -50  -200 -9999    90    30     0 -9999 -9999
1983 01 27 00   -24 -9999 -9999    70    30     0 -9999     0
1983 01 27 09    46  -141 -9999   360    20     0 -9999 -9999
1983 01 27 21   -67  -147 -9999   110    20     0 -9999 -9999
1983 01 28 00   -95  -160 -9999     0     0     0 -9999     0
1983 01 28 06    12  -160 -9999   220    20     0 -9999     0
1983 01 28 09 -9999 -9999 -9999   340    50     0 -9999 -9999
1983 01 28 21   -66  -191 -9999    70    20     7 -9999 -9999
1983 01 29 00   -68  -147 -9999   180    20     7 -9999     0
1983 01 29 09     2  -147 -9999   250    20     1 -9999 -9999
1983 01 29 21   -72  -183 -9999    90    30     0 -9999 -9999
1983 01 30 00    22  -167 -9999   160    90     3 -9999     0
1983 01 30 06    -1  -147 10295   320    40     8 -9999     0
1983 01 30 09    -3  -119 -9999   250    30     8 -9999 -9999
1983 01 31 06   -76  -105 -9999   340    30     8 -9999     5
1983 01 31 09   -80   -92 -9999   320    30     8 -9999 -9999
1983 01 31 21  -159  -160 -9999    90    20     1 -9999 -9999
1983 02 01 00  -156  -160 -9999     0     0     7 -9999    -1
1983 02 01 06  -113  -130 -9999   320    20     1 -9999    -1
1983 02 01 09  -108  -124 -9999   360    20     7 -9999 -9999
1983 02 01 12   -94  -147 10258     0     0     0 -9999 -9999
1983 02 01 21  -170  -191 -9999    70    30     0 -9999 -9999
1983 02 02 00  -180  -200 -9999    70    20     0 -9999     0
1983 02 02 06   -90  -141 -9999   180    20     0 -9999     0
1983 02 02 09   -82  -154 -9999   160    20     0 -9999 -9999
1983 02 02 21  -152  -183 -9999     0     0     5 -9999 -9999
1983 02 03 00  -135  -160 -9999   110    30     1 -9999     0
1983 02 03 09   -42  -119 -9999   140    30     2 -9999 -9999
1983 02 04 00   -70  -135 -9999   160    40     2 -9999     0
1983 02 04 06 -9999 -9999 -9999   180    40     1 -9999     0
1983 02 04 09   -18  -114 -9999   140    40     1 -9999 -9999
1983 02 04 21   -90  -147 -9999    70    20     1 -9999 -9999
1983 02 05 00   -78  -130 -9999    20    30     0 -9999     0
1983 02 05 06   -35  -114 -9999   360    50     2 -9999     0
1983 02 06 00   -91  -119 -9999     0     0     7 -9999     0
1983 02 06 06    71  -100 -9999   200    20     7 -9999    -1
1983 02 06 09   -73  -114 -9999   360    30     8 -9999 -9999
1983 02 06 21  -118  -119 -9999   360    20     7 -9999 -9999
1983 02 07 00  -136  -147 -9999    20    20     2 -9999     1
1983 02 07 06   -86  -141 -9999    20    30     1 -9999     0
1983 02 07 09   -65  -160 -9999     0     0     0 -9999 -9999
1983 02 08 00  -131  -244 -9999   110    30     0 -9999     0
1983 02 08 06   -63  -175 -9999   340    30     1 -9999     0
1983 02 08 21  -132  -210 -9999   140    20     0 -9999 -9999
1983 02 09 00  -149  -220 -9999    70    20     0 -9999     0
1983 02 09 06   -42  -147 -9999   200    30     0 -9999     0
1983 02 09 09   -33  -191 -9999   140    20     0 -9999 -9999
1983 02 10 00  -128  -191 -9999    40    20     7 -9999     0
1983 02 10 09   -28  -175 -9999   290    30     0 -9999 -9999
1983 02 11 06    -7  -160 -9999   200    30     1 -9999     0
1983 02 11 09     6  -130 -9999   360    30     2 -9999 -9999
1983 02 11 21   -86  -167 -9999    70    20     0 -9999 -9999
1983 02 12 00   -93  -160 -9999     0     0     7 -9999     0
1983 02 12 06   -26  -160 -9999   220    30     0 -9999     0
1983 02 12 09   -19  -160 -9999    90    20     0 -9999 -9999
1983 02 13 00   -56  -200 -9999   340    20     8 -9999     0
1983 02 13 06   -33  -147 -9999   270    40     7 -9999 -9999
1983 02 13 09   -20  -191 -9999   320    60     7 -9999 -9999
1983 02 13 21  -116  -220 -9999    90    50     0 -9999 -9999
1983 02 14 00   -97  -220 -9999   110    40     0 -9999     0
1983 02 14 06    13  -210 -9999   200    50     0 -9999     0
1983 02 14 21   -42  -175 -9999    20    20     0 -9999 -9999
1983 02 15 06   -11  -210 -9999   270    30     8 -9999     0
1983 02 15 09     6  -175 -9999   290    30     1 -9999 -9999
1983 02 16 00   -61  -191 -9999    20    20     7 -9999     0
1983 02 16 09   -30  -175 -9999   360    50     7 -9999 -9999
1983 02 17 00  -126  -167 -9999    70    20     1 -9999     0
1983 02 17 06   -60  -231 -9999   360    50     1 -9999     0
1983 02 17 09   -70  -258 -9999   360    50     0 -9999 -9999
1983 02 17 21  -138  -244 -9999   110    30     0 -9999 -9999
1983 02 18 06    18  -220 -9999   200    20     0 -9999     0
1983 02 18 09   -14  -220 -9999   200    30     0 -9999 -9999
1983 02 18 18   -98  -244 10220     0     0     0 -9999 -9999
1983 02 18 21 -9999 -9999 -9999    40    50     0 -9999 -9999
1983 02 19 00  -128  -220 -9999     0     0     0 -9999     0
1983 02 19 06   -90  -231 -9999   220    30     0 -9999     0
1983 02 19 09   -87  -258 -9999    20    30     0 -9999 -9999
1983 02 19 21  -155  -258 -9999    40    20     0 -9999 -9999
1983 02 20 00  -151  -258 -9999    70    20     0 -9999     0
1983 02 20 06   -60  -258 -9999   360    30     7 -9999     0
1983 02 20 09   -42  -231 -9999   360    40     0 -9999 -9999
1983 02 20 21   -82  -210 -9999   320    20     7 -9999 -9999
1983 02 21 00  -113  -231 -9999    70    20     7 -9999     0
1983 02 21 06   -13  -210 -9999     0     0     0 -9999     0
1983 02 21 09     4  -231 -9999   320    30     0 -9999 -9999
1983 02 22 00   -68  -175 -9999    70    30     7 -9999     0
1983 02 22 09     8  -220 -9999    20    50     7 -9999 -9999
1983 02 22 21   -53  -200 -9999   250    30     1 -9999 -9999
1983 02 23 00   -65  -175 -9999   220    20     7 -9999     0
1983 02 23 06   -17  -175 -9999   340    30     7 -9999     0
1983 02 23 09   -17  -154 -9999   340    50     2 -9999 -9999
1983 02 23 21  -104  -154 -9999    90    30     0 -9999 -9999
1983 02 24 00  -113  -160 -9999   160    20     0 -9999     0
1983 02 24 06   -19  -160 -9999   320    30     0 -9999     0
1983 02 24 09    -9  -183 -9999   340    30     0 -9999 -9999
1983 02 24 21   -82  -200 -9999    70    40     0 -9999 -9999
1983 02 25 00   -74  -191 -9999    70    30     6 -9999     0
1983 02 25 06   -10 -9999 -9999    20    40     7 -9999     0
1983 02 25 09     3  -183 -9999   360    40     7 -9999 -9999
1983 02 25 21   -42  -167 -9999    40    40     7 -9999 -9999
1983 02 26 06    14  -160 -9999    20    20     1 -9999     0
1983 02 26 09    14  -183 -9999   360    40     1 -9999 -9999
1983 02 27 09     8  -100 -9999   360    40     8 -9999 -9999
1983 02 27 21   -46   -52 -9999   320    20     0 -9999 -9999
1983 02 28 00   -56   -65 -9999 -9999 -9999     8 -9999    10
1983 02 28 06    -7   -45 -9999   320    30     7 -9999     0
1983 02 28 21   -57  -105 -9999    90    20     7 -9999 -9999
1983 03 01 00   -56 -9999 -9999    90    30     7 -9999     0
1983 03 01 06    33  -109 -9999    20    30     1 -9999     0
1983 03 01 09    27  -119 -9999   360    50     2 -9999 -9999
1983 03 02 00   -64  -130 -9999    40    20     0 -9999     0
1983 03 02 06     2  -154 -9999   360    50     1 -9999     0
1983 03 02 09   -11  -210 -9999   320    60     1 -9999 -9999
1983 03 02 21   -99  -244 -9999    70    30     0 -9999 -9999
1983 03 03 06   -16  -231 -9999   360    50     0 -9999     0
1983 03 03 09   -14  -313 -9999   360   100     1 -9999 -9999
1983 03 03 21  -102  -220 -9999   140    20     0 -9999 -9999
1983 03 04 00  -130  -231 -9999   110    20     0 -9999     0
1983 03 04 06   -19 -9999 -9999   320    20     0 -9999     0
1983 03 04 09    -5  -200 -9999   320    30     0 -9999 -9999
1983 03 04 21  -105  -274 -9999     0     0     0 -9999 -9999
1983 03 05 00  -102  -274 -9999    90    30     0 -9999     0
1983 03 05 06    22  -258 -9999   340    40     0 -9999     0
1983 03 05 09    27  -258 -9999    20    30     0 -9999 -9999
1983 03 05 21   -64  -274 -9999   110    30     0 -9999 -9999
1983 03 06 00   -94  -292 -9999    90    30     1 -9999     0
1983 03 06 06    28  -292 -9999    20    30     1 -9999     0
1983 03 06 09    42  -292 -9999   360    40     7 -9999 -9999
1983 03 07 00    18  -114 -9999   140    30     8 -9999     0
1983 03 07 09    58  -141 -9999   220    40     7 -9999 -9999
1983 03 07 21   -33  -175 -9999    40    20     7 -9999 -9999
1983 03 08 00   -28  -210 -9999     0     0     7 -9999     0
1983 03 08 06    45  -210 -9999     0     0     7 -9999     0
1983 03 09 00   -61  -183 -9999    90    30     0 -9999     0
1983 03 09 09    43  -160 -9999   340    40     0 -9999 -9999
1983 03 10 06   100 -9999 -9999   180    80     1 -9999     0
1983 03 10 21    -3  -124 -9999   320    20     7 -9999 -9999
1983 03 11 00    12  -175 -9999    20    30     8 -9999     0
1983 03 11 06    77  -147 -9999   290    70     7 -9999     0
1983 03 11 09    81  -175 -9999   320    60     7 -9999 -9999
1983 03 11 21   -15  -160 -9999     0     0     0 -9999 -9999
1983 03 12 00   -40  -175 -9999    70    20     0 -9999     0
1983 03 12 06    57  -220 -9999   340    50     0 -9999 -9999
1983 03 12 09    60  -231 -9999   360    40     0 -9999 -9999
1983 03 12 21   -60  -244 -9999   110    30     0 -9999 -9999
1983 03 13 00   -64  -274 -9999     0     0     0 -9999     0
1983 03 13 06    48  -231 -9999   340    40     7 -9999     0
1983 03 13 09    50  -274 -9999   340    50     7 -9999 -9999
1983 03 14 00   -30  -220 -9999   140    30     1 -9999     0
1983 03 14 06    78  -258 -9999   220    30     7 -9999     0
1983 03 14 09    80 -9999 -9999   290    40     2 -9999 -9999
1983 03 15 00    -6  -210 -9999   270    40     8 -9999     0
1983 03 15 06   -22   -96 -9999   340   100     7 -9999     5
1983 03 15 09   -28  -109 -9999   360    80     7 -9999 -9999
1983 03 15 21   -73  -161 -9999     0     0     1 -9999 -9999
1983 03 16 00   -74  -147 -9999    70    20     1 -9999     0
1983 03 16 06    18  -200 -9999   290    30     0 -9999     0
1983 03 16 09    36  -191 -9999   340    20     0 -9999 -9999
1983 03 16 21   -23  -200 -9999    90    50     0 -9999 -9999
1983 03 17 00    11  -292 -9999   140    60     0 -9999     0
1983 03 17 06   109 -9999 -9999   180    90     1 -9999     0
1983 03 17 09   110  -290 -9999   180    60     1 -9999 -9999
1983 03 17 18    30  -299 10294   140    10     0 -9999     0
1983 03 17 21    30  -183 -9999   160    30     7 -9999 -9999
1983 03 18 06   108  -231 -9999   250    30     7 -9999     0
1983 03 18 09   111  -220 -9999   340    20     7 -9999 -9999
1983 03 18 12   124   -21 -9999 -9999 -9999 -9999 -9999     0
1983 03 19 00    28  -147 -9999    20    30     7 -9999     0
1983 03 19 06    87  -183 -9999   160    10     1 -9999     0
1983 03 19 09    96  -167 -9999   360    30     0 -9999 -9999
1983 03 19 21    33  -147 -9999    90    30     7 -9999 -9999
1983 03 20 00    47  -141 -9999    90    40     0 -9999     0
1983 03 20 06   123  -119 -9999   140    70     7 -9999     0
1983 03 20 09   120   -96 -9999   140    60     0 -9999 -9999
1983 03 21 00    52   -61 -9999   320    20     8 -9999    -1
1983 03 21 06    -4    -8 -9999    90    20     8 -9999    10
1983 03 21 09   -29   -45 -9999    20   110     8 -9999 -9999
1983 03 22 00   -66  -135 -9999 -9999 -9999     8 -9999     0
1983 03 22 06   -19  -160 -9999    20    40     7 -9999     0
1983 03 22 09   -28  -130 -9999    20    60     8 -9999 -9999
1983 03 22 21   -65  -114 -9999     0     0     7 -9999 -9999
1983 03 23 00   -68  -119 -9999     0     0     7 -9999     0
1983 03 23 09     2  -167 -9999   340    50     7 -9999 -9999
1983 03 23 21   -64  -114 -9999   110    30     0 -9999 -9999
1983 03 24 00   -55  -124 -9999   140    30     1 -9999     0
1983 03 24 06    29  -147 -9999   220    30     7 -9999     0
1983 03 24 09    38  -175 -9999     0     0     7 -9999 -9999
1983 03 25 00   -23  -130 -9999   110    30     7 -9999     0
1983 03 25 06    50 -9999 -9999   250    20     7 -9999     0
1983 03 25 09    53  -105 -9999   290    20     7 -9999 -9999
1983 03 25 18    20   -26 10225   120    10     0 -9999     0
1983 03 25 21   -25  -124 -9999   110    30     0 -9999 -9999
1983 03 26 00   -10  -119 -9999    90    30     0 -9999     0
1983 03 26 09    61   -68 -9999     0     0     1 -9999 -9999
1983 03 26 12    27   -22 10204    20    60     0 -9999     0
1983 03 26 21   -12  -167 -9999    70    20     0 -9999 -9999
1983 03 27 00    -7  -160 -9999    70    30     0 -9999     0
1983 03 27 09    84  -175 -9999   340    40     7 -9999 -9999
1983 03 27 21    39   -76 -9999    90    30     8 -9999 -9999
1983 03 28 00    26   -87 -9999   110    20     7 -9999     0
1983 03 28 06 -9999 -9999 -9999   270    30     8 -9999     0
1983 03 28 09    61   -28 -9999   110    30     8 -9999 -9999
1983 03 29 00    34   -31 -9999    70    30     7 -9999     0
1983 03 29 06    35     6 10221   110    50     8 -9999     1
1983 03 29 09    72   -18 -9999   140    30     7 -9999 -9999
1983 03 30 00    25     6 -9999   160    20     7 -9999    -1
1983 03 30 18    24   -24 10264   140    20     0 -9999     0
1983 03 30 21 -9999 -9999 -9999   160    30     3 -9999 -9999
1983 03 31 00    39   -48 -9999   200    10     7 -9999     0
1983 03 31 06   105  -105 -9999   270    70     7 -9999     0
1983 03 31 09   110  -109 -9999   320    40     8 -9999 -9999
1983 03 31 21    23   -68 -9999   320    30     2 -9999 -9999
1983 04 01 00    14   -72 -9999    20    20     0 -9999     0
1983 04 01 06    77  -130 -9999   360    50     1 -9999     0
1983 04 01 09    89  -124 -9999   320    40     7 -9999 -9999
1983 04 01 18    91  -160 10176   340    30     0 -9999     0
1983 04 01 21    36  -100 -9999   110    20     7 -9999 -9999
1983 04 02 00    34 -9999 -9999   180    20     6 -9999     0
1983 04 02 06    96  -114 -9999   320   100     7 -9999     0
1983 04 02 09    90  -160 -9999   320   140     9 -9999 -9999
1983 04 02 21   -35  -119 -9999   180    40     0 -9999 -9999
1983 04 03 00 -9999 -9999 -9999   160    20     0 -9999     0
1983 04 03 06    89  -119 -9999   220    80     4 -9999     0
1983 04 03 09   108  -130 -9999   320    50     7 -9999 -9999
1983 04 03 21    24 -9999 -9999   110    40     1 -9999 -9999
1983 04 04 00    58  -147 -9999   140    30     7 -9999     0
1983 04 04 06   160  -240 -9999   320    50     7 -9999     0
1983 04 04 09   170 -9999 -9999   290    80     7 -9999 -9999
1983 04 04 21    97  -210 -9999   140    20     0 -9999 -9999
1983 04 05 09   180  -200 -9999   270    50     1 -9999 -9999
1983 04 06 09   146  -154 -9999   180    60     7 -9999 -9999
1983 04 07 00   118   -87 -9999   140    40     2 -9999     0
1983 04 07 06   203   -83 -9999   220    50     2 -9999     0
1983 04 07 09   221  -130 -9999   270    30     2 -9999 -9999
1983 04 07 21    84   -83 -9999    20    60     0 -9999 -9999
1983 04 08 00    62   -72 -9999    20    50     2 -9999     0
1983 04 08 06   103  -109 -9999   340    40     7 -9999     0
1983 04 08 09    86   -76 -9999   360    60     7 -9999 -9999
1983 04 08 21    59   -58 -9999   140    30     2 -9999 -9999
1983 04 09 00    67   -45 -9999    70    20     2 -9999     0
1983 04 09 06   152   -45 -9999   360    20     7 -9999     0
1983 04 09 09   148   -65 -9999   340    30     7 -9999 -9999
1983 04 10 00    71  -114 -9999    20    50     8 -9999     0
1983 04 10 06   129   -87 -9999   340    30     7 -9999     0
1983 04 10 09   132  -114 -9999   360    40     1 -9999 -9999
1983 04 11 06   152  -231 -9999 -9999 -9999     0 -9999     0
1983 04 11 09   162  -147 -9999   220    40     0 -9999 -9999
1983 04 12 00   101   -18 -9999   160    40     4 -9999     0
1983 04 12 21   105   -34 -9999   160    30     7 -9999 -9999
1983 04 13 00   115   -34 -9999   140    20     7 -9999     0
1983 04 13 06    85  -154 -9999    20   120     7 -9999     0
1983 04 13 09    54  -167 -9999    20   110     7 -9999 -9999
1983 04 13 21   -55  -191 -9999    20    80     7 -9999 -9999
1983 04 14 00   -46  -220 -9999    20    70     7 -9999     0
1983 04 14 06   -10  -175 -9999   360    70     7 -9999     0
1983 04 14 09    11  -183 -9999   360    50     2 -9999 -9999
1983 04 15 00   -34  -258 -9999   110    30     0 -9999     0
1983 04 15 06    64  -274 -9999   200    50     0 -9999     0
1983 04 15 09    10  -365 -9999   270    50     1 -9999 -9999
1983 04 15 21    38  -231 -9999   110    40     0 -9999 -9999
1983 04 16 00    60  -175 -9999   180    20     1 -9999     0
1983 04 16 06   163  -154 -9999   220    40     1 -9999     0
1983 04 16 09   174  -154 -9999   220    30     1 -9999 -9999
1983 04 16 21    78  -109 -9999    70    30     0 -9999 -9999
1983 04 17 00   101   -96 -9999    20    20     7 -9999     0
1983 04 17 09   180  -135 -9999   360    30     7 -9999 -9999
1983 04 17 21    95  -100 -9999   110    30     7 -9999 -9999
1983 04 18 00   109   -87 -9999   110    20     1 -9999     0
1983 04 18 06   173  -109 -9999    40    70     7 -9999     0
1983 04 18 09   137  -105 -9999    20   110     8 -9999 -9999
1983 04 18 21    72  -105 -9999   250    30     7 -9999 -9999
1983 04 19 00    41  -154 -9999    20    30     8 -9999     0
1983 04 19 06   108   -34 -9999   340    70     8 -9999     0
1983 04 19 09    88   -31 -9999   160    60     8 -9999 -9999
1983 04 19 21     2    -1 -9999   340    20     8 -9999 -9999
1983 04 20 00     2    -3 -9999     0     0     8 -9999    60
1983 04 20 06    14     8 -9999   200    30     8 -9999    40
1983 04 20 09    19     8 -9999   290    30     8 -9999 -9999
1983 04 21 00    36   -13 -9999    40    20     7 -9999     0
1983 04 21 06   117   -28 -9999   290    60     4 -9999     0
1983 04 21 09   140  -109 -9999   320    30     1 -9999 -9999
1983 04 21 21    38   -55 -9999    90    30     0 -9999 -9999
1983 04 22 00    63   -48 -9999    90    30     2 -9999     0
1983 04 22 06   160   -87 -9999   340    20     7 -9999     0
1983 04 22 09   162  -160 -9999   340    30     7 -9999 -9999
1983 04 22 21    64   -83 -9999   110    30     7 -9999 -9999
1983 04 23 00 -9999 -9999 -9999   110    30     7 -9999     0
1983 04 23 09   168  -160 -9999   320    40     7 -9999 -9999
1983 04 24 00   109   -72 -9999   160    40     8 -9999     0
1983 04 24 06    85   -10 -9999   340    70     8 -9999    -1
1983 04 24 09    67    12 -9999   110    40     8 -9999 -9999
1983 04 24 21    56    -8 -9999   140    30     7 -9999 -9999
1983 04 25 06   144   -55 -9999   290    40     7 -9999     0
1983 04 26 00    83   -26 -9999   110    20     2 -9999     0
1983 04 26 06   177  -160 -9999   270    40     7 -9999     0
1983 04 26 09   180 -9999 -9999   270    30     8 -9999 -9999
1983 04 26 21 -9999 -9999 -9999   160    40     7 -9999 -9999
1983 04 27 00   132   -15 -9999   200    50     1 -9999     0
1983 04 27 06   158   -68 -9999   220    50     7 -9999     0
1983 04 27 21   -29  -175 -9999   290    60     7 -9999 -9999
1983 04 28 00   -36  -210 -9999   290    60     7 -9999     0
1983 04 28 06    12  -160 -9999   340   100     7 -9999     0
1983 04 28 09    33  -292 -9999   320    60     5 -9999 -9999
1983 04 29 00    10  -220 -9999   140    30     7 -9999     0
1983 04 29 06    82  -274 -9999   220    30     7 -9999     0
1983 04 29 09    99  -210 -9999   200    20     7 -9999 -9999
1983 04 29 21    13  -210 -9999    90    30     7 -9999 -9999
1983 04 30 00    52  -109 -9999   140    30     8 -9999     0
1983 04 30 06   126  -167 -9999   180    30     7 -9999     0
1983 04 30 09   136  -183 -9999   340    40     2 -9999 -9999
1983 04 30 21    32  -147 -9999    90    30     0 -9999 -9999
1983 05 01 06   172  -154 -9999   180    30     1 -9999     0
1983 05 02 00   129  -135 -9999   110    30     7 -9999     0
1983 05 02 06   186  -105 -9999   320    20     7 -9999     0
1983 05 02 09   206  -100 -9999     0     0     2 -9999 -9999
1983 05 03 00   111     1 -9999     0     0     7 -9999     0
1983 05 03 06   175    -8 -9999   110    90     5 -9999     0
1983 05 03 09   169   -15 -9999   110    80     7 -9999 -9999
1983 05 03 12   221   140 10146   300    20     3 -9999     0
1983 05 03 21    96    46 -9999   160    30     0 -9999 -9999
1983 05 04 00   113    37 -9999     0     0     7 -9999     0
1983 05 04 06   185   -28 -9999   320    40     4 -9999     0
1983 05 04 21    93    -3 -9999   140    30     0 -9999 -9999
1983 05 05 00   121     4 -9999   160    20     7 -9999     0
1983 05 05 06   183   -23 -9999   320    30     7 -9999    -1
1983 05 05 09   172   -13 -9999    20    70     8 -9999 -9999
1983 05 06 00   143   -13 -9999   100    20     2 -9999     5
1983 05 06 06   216  -124 -9999 -9999 -9999     5 -9999     0
1983 05 06 09   224  -175 -9999   290    40     3 -9999 -9999
1983 05 06 21   104  -124 -9999 -9999 -9999     0 -9999 -9999
1983 05 07 00   167  -124 -9999   110    20     0 -9999     0
1983 05 07 06   240 -9999 -9999   340    40     1 -9999     0
1983 05 07 09   230 -9999 -9999    20    40     2 -9999 -9999
1983 05 08 00   192  -105 -9999   160    30     0 -9999     0
1983 05 08 06   250 -9999 -9999   250    50     7 -9999     0
1983 05 08 09   250  -140 -9999   320    60     7 -9999 -9999
1983 05 09 00   183   -52 -9999   180    30     0 -9999     0
1983 05 09 06   270   -96 -9999   290    50     2 -9999     0
1983 05 09 09   284   -76 -9999   270    50     2 -9999 -9999
1983 05 10 00   211   -48 -9999   110    40     1 -9999     0
1983 05 10 06   242   -10 -9999   360    50     0 -9999     0
1983 05 10 09   252   -20 -9999    20    70     1 -9999 -9999
1983 05 11 00   159    54 -9999   250    20     7 -9999    -1
1983 05 11 06   212   -52 -9999   340    70     4 -9999     0
1983 05 11 09   191    -6 -9999   340   110     7 -9999 -9999
1983 05 11 21 -9999 -9999 -9999     0     0     1 -9999 -9999
1983 05 12 00   127    22 -9999     0     0     7 -9999     0
1983 05 12 06   198   -15 -9999   290    20     2 -9999     0
1983 05 12 09   196   -48 -9999   360    40     7 -9999 -9999
1983 05 12 21   116    -8 -9999   110    30     0 -9999 -9999
1983 05 13 00   167   -18 -9999    90    20     7 -9999     0
1983 05 13 06   190   -48 -9999   160    90     7 -9999     0
1983 05 13 09   170    12 -9999   110    50     8 -9999 -9999
1983 05 13 21    86    62 -9999 -9999 -9999     7 -9999 -9999
1983 05 14 00    90    72 -9999   180    50     7 -9999     0
1983 05 14 09   123    53 -9999   200    30     7 -9999 -9999
1983 05 14 21    72    -6 -9999   110    40     0 -9999 -9999
1983 05 15 00   123    10 -9999   110    30     0 -9999     0
1983 05 15 06   186   -34 -9999   290    50     7 -9999     0
1983 05 15 09   193   -31 -9999     0     0     7 -9999 -9999
1983 05 16 00   156   -45 -9999   140    30     7 -9999     0
1983 05 16 06   226   -61 -9999   180    50     4 -9999     0
1983 05 16 09   217   -55 -9999   160    40     7 -9999 -9999
1983 05 16 21   148     6 -9999   160    40     0 -9999 -9999
1983 05 17 00   176    16 -9999   180    70     6 -9999     0
1983 05 17 06   221   -39 -9999   320    30     2 -9999     0
1983 05 17 09   197    32 -9999    40    50     6 -9999 -9999
1983 05 17 21   110    21 -9999   110    20     1 -9999 -9999
1983 05 18 00   165    21 -9999    20    10     0 -9999     0
1983 05 18 06   222   -68 -9999   220    20     1 -9999     0
1983 05 18 09   230  -114 -9999   220    70     7 -9999 -9999
1983 05 18 21   120    86 -9999   320    50     8 -9999 -9999
1983 05 19 00 -9999 -9999 -9999   200    20     2 -9999    20
1983 05 19 09   228   -65 -9999   270    30     0 -9999 -9999
1983 05 19 21   123 -9999 -9999    90    20     0 -9999 -9999
1983 05 20 00   178    -1 -9999     0     0     1 -9999     0
1983 05 20 09   165  -191 -9999   340    60     8 -9999 -9999
1983 05 20 21 -9999 -9999 -9999 -9999 -9999     8 -9999 -9999
1983 05 21 00    64    24 -9999   290    20     8 -9999     5
1983 05 21 06   124   -18 -9999   200    30     7 -9999     0
1983 05 21 09   154   -61 -9999   200    40     1 -9999 -9999
1983 05 21 21    54   -34 -9999    90    30     0 -9999 -9999
1983 05 22 00   107    -8 -9999   340    30     0 -9999     0
1983 05 22 06   231  -154 -9999   160    70     5 -9999     0
1983 05 22 09   226  -160 -9999   140    90     3 -9999 -9999
1983 05 23 00   138    26 -9999   180    50     8 -9999     0
1983 05 23 06   173    54 -9999    90    20     8 -9999     0
1983 05 23 09   172    46 -9999     0     0     8 -9999 -9999
1983 05 24 00   122    80 -9999    20    20     8 -9999    -1
1983 05 24 06   141    57 -9999   200    20     8 -9999    -1
1983 05 24 18   130    96 -9999   230    10     7 -9999 -9999
1983 05 24 21   105    43 -9999    20    50     8 -9999 -9999
1983 05 25 06    79    64 -9999   340    50     8 -9999    10
1983 05 25 09    97    57 -9999   220    20     8 -9999 -9999
1983 05 25 21    84 -9999 -9999   140    40     2 -9999 -9999
1983 05 26 00   120    37 -9999   140    30     7 -9999     0
1983 05 26 06   207    16 -9999   200    20     1 -9999     0
1983 05 26 09   237  -100 -9999   320    50     0 -9999 -9999
1983 05 26 21   152 -9999 -9999   140    40     0 -9999 -9999
1983 05 27 00   176   -13 -9999   160    30     0 -9999     0
1983 05 27 06   260 -9999 -9999   270    30     0 -9999     0
1983 05 28 00   212   -23 -9999   160    40     2 -9999     0
1983 05 28 06   282   -48 -9999   180    40     7 -9999     0
1983 05 28 09   290   -39 -9999   160    20     7 -9999 -9999
1983 05 28 21   212   -34 -9999   140    40     7 -9999 -9999
1983 05 29 00   229     6 -9999   160    30     7 -9999     0
1983 05 29 09   294   -72 -9999   200    50     1 -9999 -9999
1983 05 30 00   232    -3 -9999    40    20     1 -9999     0
1983 05 30 06   300 -9999 -9999   140    70     7 -9999     0
1983 05 30 09   298   -87 -9999   140    70     7 -9999 -9999
1983 05 30 18   170   137 10025     0     0     8 -9999     0
1983 05 31 00   157   -65 -9999   360    50     2 -9999     0
1983 05 31 06   227   -18 -9999   360    70     7 -9999     0
1983 05 31 09   238     6 -9999   360    30     7 -9999 -9999
1983 06 01 00   196    34 -9999   140    20     7 -9999     0
1983 06 01 09   280     8 -9999    20    20     1 -9999 -9999
1983 06 01 21   194    10 -9999   110    40 -9999 -9999 -9999
1983 06 02 00   232    16 -9999   140    40     0 -9999     0
1983 06 02 09   291    14 -9999   140    60     7 -9999 -9999
1983 06 02 21 -9999 -9999 -9999   160    60     5 -9999 -9999
1983 06 03 00   234    30 -9999   180    30     7 -9999     0
1983 06 03 06   189     1 -9999   340   110     8 -9999    -1
1983 06 03 09   141    54 -9999   340   100     8 -9999 -9999
1983 06 03 21   114    51 -9999     0     0     8 -9999 -9999
1983 06 04 00   112    54 -9999   340    20     7 -9999     0
1983 06 04 06   180   -39 -9999   340    60     6 -9999     0
1983 06 04 21   108   -79 -9999    70    30     7 -9999 -9999
1983 06 05 00   142   -68 -9999   320    20     4 -9999     0
1983 06 05 06   177   -83 -9999   360    40     7 -9999     0
1983 06 05 09   161   -58 -9999   340    30     7 -9999 -9999
1983 06 06 00   140   -34 -9999     0     0     0 -9999     0
1983 06 06 06   187   -83 -9999     0     0     1 -9999     0
1983 06 06 09   208   -96 -9999   220    20     1 -9999 -9999
1983 06 07 00   123   -72 -9999    20    50     0 -9999     0
1983 06 07 06   190  -124 -9999    20    40     7 -9999     0
1983 06 07 09   186  -124 -9999    20    40     7 -9999 -9999
1983 06 07 21   -10  -229 -9999    20    30     0 -9999 -9999
1983 06 08 00   135   -58 -9999   320    20     7 -9999     0
1983 06 08 06   204   -87 -9999   200    20     7 -9999     0
1983 06 08 09   225   -83 -9999   270    20     1 -9999 -9999
1983 06 09 00   197   -55 -9999   110    40     0 -9999     0
1983 06 09 06   263  -119 -9999   180    30     0 -9999     0
1983 06 09 09   271   -58 -9999   250    40     0 -9999 -9999
1983 06 10 00   239    16 -9999   140    20     7 -9999 -9999
1983 06 10 06   268    16 -9999    20    50     7 -9999     0
1983 06 10 09   244     4 -9999   360    90     8 -9999 -9999
1983 06 10 21   110 -9999 -9999    20    70     7 -9999 -9999
1983 06 11 00   126    14 -9999   360    50     8 -9999     1
1983 06 11 06   181   -23 -9999   360    50     5 -9999    -1
1983 06 11 09   199   -13 -9999   360    80     4 -9999 -9999
1983 06 11 21   120   -83 -9999 -9999 -9999     0 -9999 -9999
1983 06 12 00   166   -52 -9999   180    20     0 -9999     0
1983 06 12 06   228   -61 -9999   160    50     1 -9999     0
1983 06 12 09   231   -96 -9999   200    50     1 -9999 -9999
1983 06 12 21   157   -87 -9999   140    50     0 -9999 -9999
1983 06 13 00   208   -28 -9999   160    20     1 -9999     0
1983 06 13 06   264   -28 -9999   200    60     7 -9999     0
1983 06 13 09   258    -1 -9999   200    50     7 -9999 -9999
1983 06 14 00   198    53 -9999   180    40     7 -9999     0
1983 06 14 06   292   -55 -9999   320    50     2 -9999     0
1983 06 14 09   293   -39 -9999   340    40     2 -9999 -9999
1983 06 14 21   203   -18 -9999   180    30     0 -9999 -9999
1983 06 15 00   218   -28 -9999   290    40     7 -9999     0
1983 06 15 06   246    30 -9999   340    80     7 -9999     0
1983 06 15 09   216    49 -9999   320    80     7 -9999 -9999
1983 06 16 00   185    53 -9999   180    40     0 -9999     0
1983 06 16 06   267   -45 -9999    70    20     1 -9999     0
1983 06 16 09   282   -42 -9999   360    10     1 -9999 -9999
1983 06 17 06   219     6 -9999   360    30     7 -9999     0
1983 06 17 09   288   -26 -9999   140    70     7 -9999 -9999
1983 06 18 00   211    75 -9999    70    30     8 -9999    -1
1983 06 18 09   118   112 -9999    20    50     8 -9999 -9999
1983 06 19 00   112    90 -9999    40    40     2 -9999     0
1983 06 19 06   186   101 -9999     0     0     2 -9999     0
1983 06 19 09   278    91 -9999 -9999 -9999     4 -9999 -9999
1983 06 20 00   183    99 -9999     0     0     2 -9999     0
1983 06 20 06   218    85 -9999   160    70     7 -9999     0
1983 06 20 09   215    78 -9999   140    80     7 -9999 -9999
1983 06 20 21   116   105 -9999   140    20     7 -9999 -9999
1983 06 21 00   189   111 -9999   220    20     7 -9999     0
1983 06 21 06   219   116 -9999   110    30     7 -9999     0
1983 06 21 09   215   111 -9999   160    50     7 -9999 -9999
1983 06 22 00   186   126 -9999   200    40     7 -9999     0
1983 06 22 06   247    93 -9999   340    40     2 -9999     0
1983 06 22 21    54    -6 -9999     0     0     0 -9999 -9999
1983 06 23 00   211    99 -9999    40    20     7 -9999     0
1983 06 23 06   180   131 -9999    20    40     7 -9999    20
1983 06 23 12   298   173 10063    70    30     7 -9999     0
1983 06 24 00   156   144 -9999   340    30     7 -9999     0
1983 06 24 06   194   133 -9999   360    30     8 -9999     0
1983 06 24 09   198   124 -9999    20    20     8 -9999 -9999
1983 06 24 21   146    75 -9999    90    30 -9999 -9999 -9999
1983 06 25 00   192   101 -9999   160    20     1 -9999     0
1983 06 25 06   251    83 -9999   140    20     7 -9999     0
1983 06 25 09   261    75 -9999   360    20     7 -9999 -9999
1983 06 25 21   171 -9999 -9999    70    20     7 -9999 -9999
1983 06 26 09   265    26 -9999     0     0     4 -9999 -9999
1983 06 27 00   216    67 -9999   200    40     2 -9999     0
1983 06 27 06   292   -23 -9999   220    50     2 -9999     0
1983 06 27 09   307   -72 -9999   360    40     7 -9999 -9999
1983 06 27 21 -9999 -9999 -9999   110    40     0 -9999 -9999
1983 06 28 00   232    16 -9999   160    20     0 -9999     0
1983 06 28 09   318    -8 -9999   290    20     6 -9999 -9999
1983 06 29 00   232    37 -9999   180    40     0 -9999     0
1983 06 29 06   316    10 -9999   320    30     1 -9999     0
1983 06 29 09   325     8 -9999    40    30     7 -9999 -9999
1983 06 30 00   253    56 -9999   180    30     7 -9999     0
1983 06 30 06   302    49 -9999   340    30     7 -9999     0
1983 06 30 09   274    49 -9999 -9999 -9999     7 -9999 -9999
1983 06 30 21   185    88 -9999    40    40     8 -9999 -9999
1983 07 01 00   191   100 -9999   290    30     7 -9999    -1
1983 07 01 06   164   103 -9999   290    70     8 -9999    60
1983 07 01 09   165   104 -9999     0     0     6 -9999 -9999
1983 07 02 00 -9999 -9999 -9999   220    20     7 -9999    10
1983 07 02 06   193    94 -9999   290    40     7 -9999    -1
1983 07 02 09   209    64 -9999    20    40     2 -9999 -9999
1983 07 03 00   156    77 -9999   360    30     1 -9999     0
1983 07 03 06   214    49 -9999    20    50     6 -9999     0
1983 07 04 00   188    43 -9999     0     0     1 -9999     0
1983 07 04 06   250    34 -9999   140    40     7 -9999     0
1983 07 04 09   257    34 -9999   110    20     7 -9999 -9999
1983 07 04 21   203    -1 -9999   140    30     2 -9999 -9999
1983 07 05 00   218    10 -9999   140    50     7 -9999     0
1983 07 05 06   276    34 -9999   140    20     7 -9999     0
1983 07 05 09   269    37 -9999   220    60     7 -9999 -9999
1983 07 05 21   159   101 -9999   180    20     8 -9999 -9999
1983 07 06 00   190   104 -9999 -9999 -9999     8 -9999    -1
1983 07 06 06   196   111 -9999   360    50     8 -9999    -1
1983 07 06 09   206   106 -9999   360    20     7 -9999 -9999
1983 07 06 21   147    93 -9999   110    30     1 -9999 -9999
1983 07 07 00   198   103 -9999   360    30     7 -9999     0
1983 07 07 06   253    72 -9999   320    40     8 -9999     0
1983 07 07 09   223   113 -9999   220    30     8 -9999 -9999
1983 07 07 21   234   231 10012     0     0     8 -9999 -9999
1983 07 08 00   149   115 -9999    20    60     8 -9999    10
1983 07 08 06 -9999 -9999 -9999   360    20     8 -9999    80
1983 07 08 09   159   130 -9999     0     0     8 -9999 -9999
1983 07 08 21   143   138 -9999    20    20     8 -9999 -9999
1983 07 09 00   143   130 -9999     0     0     8 -9999    90
1983 07 09 06   181   143 -9999    20    20     8 -9999    -1
1983 07 09 18   142    -1 -9999    20    50     8 -9999 -9999
1983 07 09 21   150   134 -9999    70    20     7 -9999 -9999
1983 07 10 00   169   145 -9999    40    20     6 -9999     0
1983 07 10 06   231   148 -9999   290    20     2 -9999     0
1983 07 10 09   251   130 -9999   200    20     4 -9999 -9999
1983 07 10 21   176   143 -9999   340    40     8 -9999 -9999
1983 07 11 00   155   145 -9999   360    20     8 -9999    30
1983 07 11 09   222   139 -9999   290    20     7 -9999 -9999
1983 07 11 21   167 -9999 -9999     0     0     8 -9999 -9999
1983 07 12 00   173   153 -9999   360    20     8 -9999 -9999
1983 07 12 06   217   156 -9999     0     0     7 -9999    -1
1983 07 12 09   236   146 -9999   200    30     2 -9999 -9999
1983 07 13 00   156    95 -9999   200    30     5 -9999    -1
1983 07 13 06   220   -26 -9999   290    70     0 -9999     0
1983 07 13 09   236   -48 -9999   320    80     0 -9999 -9999
1983 07 13 21   148    32 -9999    40    50     0 -9999 -9999
1983 07 14 00   169    21 -9999    40    50     1 -9999     0
1983 07 14 06   227    21 -9999   360    50     5 -9999     0
1983 07 14 09   240    14 -9999   360    30     2 -9999 -9999
1983 07 15 00   194    37 -9999    90    20     0 -9999     0
1983 07 15 21   181     1 -9999   110    30     0 -9999 -9999
1983 07 16 00   222    44 -9999   140    20     0 -9999     0
1983 07 16 06 -9999 -9999 -9999   200    30     1 -9999     0
1983 07 16 09   303    -8 -9999    90    20     1 -9999 -9999
1983 07 16 21   232    16 -9999   140    30     0 -9999 -9999
1983 07 17 06   310   -10 -9999   140    70     2 -9999     0
1983 07 17 09   304    -3 -9999   110    70     5 -9999 -9999
1983 07 17 21   206    53 -9999   160    20     0 -9999 -9999
1983 07 18 06   262    59 -9999   340    10     7 -9999     0
1983 07 18 09   274    65 -9999   320    30     7 -9999 -9999
1983 07 19 00   212    91 -9999   140    20     7 -9999     0
1983 07 20 00   235    85 -9999    90    30     0 -9999     0
1983 07 20 06   313    51 -9999    40    30     2 -9999     0
1983 07 20 09   303    22 -9999   160    60     5 -9999 -9999
1983 07 20 21   246    14 -9999   140    30     7 -9999 -9999
1983 07 21 00   222   112 -9999     0     0     7 -9999     0
1983 07 21 06   279    62 -9999   360    30     7 -9999     0
1983 07 21 09   294    32 -9999   320    30     7 -9999 -9999
1983 07 22 00   219   107 -9999     0     0     7 -9999     0
1983 07 22 06   293    69 -9999     0     0     7 -9999     0
1983 07 22 09   234   100 -9999   290    40     8 -9999 -9999
1983 07 22 21   199    82 -9999   140    20     8 -9999 -9999
1983 07 23 00   219    62 -9999   180    70     7 -9999     0
1983 07 23 06   292    49 -9999   200    60     7 -9999     0
1983 07 23 09   278    41 -9999   200    40     7 -9999 -9999
1983 07 24 00   188   112 -9999   110    40     7 -9999    -1
1983 07 24 06   279    77 -9999   320    30     4 -9999    -1
1983 07 24 09   298    41 -9999   290    50     2 -9999 -9999
1983 07 25 00   221    74 -9999   160    30     8 -9999     0
1983 07 26 00   224   112 -9999   180    30     0 -9999     0
1983 07 26 06   315   105 -9999   320    30     1 -9999     0
1983 07 27 00   240   176 -9999   250    30     1 -9999     0
1983 07 27 06   288   222 -9999    20    60     7 -9999     0
1983 07 27 09   238   113 -9999   360    90     8 -9999 -9999
1983 07 28 00   191   126 -9999   340    30     7 -9999     0
1983 07 28 06   267    43 -9999     0     0     7 -9999     0
1983 07 28 09   277    36 -9999     0     0     7 -9999 -9999
1983 07 28 18   200    64 -9999   360    30     7 -9999 -9999
1983 07 29 00   219   105 -9999   140    20     2 -9999     0
1983 07 29 09   266    94 -9999   200    30     8 -9999 -9999
1983 07 29 21   198    54 -9999   160    40     7 -9999 -9999
1983 07 30 00   220    64 -9999   160    30     2 -9999     0
1983 07 30 06   288    54 -9999   270    20     2 -9999     0
1983 07 31 00   181   124 -9999   140    20     8 -9999     3
1983 07 31 06   257    65 -9999   340    40     7 -9999     1
1983 07 31 09   266 -9999 -9999   320    30     7 -9999 -9999
1983 08 01 00   193    51 -9999   180    30     1 -9999     0
1983 08 01 06   294    36 -9999   250    50     1 -9999     0
1983 08 01 09   305    26 -9999   160    20     1 -9999 -9999
1983 08 02 00   247    74 -9999   160    40     0 -9999     0
1983 08 02 09   341    82 -9999   140    40     1 -9999 -9999
1983 08 03 00   244    82 -9999    40    30     1 -9999     0
1983 08 03 06 -9999 -9999 -9999    20    70     7 -9999     0
1983 08 03 21   187   129 -9999   360    20     1 -9999 -9999
1983 08 04 00   168   131 -9999    20    80     3 -9999     0
1983 08 04 09   158   114 -9999   360    80     8 -9999 -9999
1983 08 05 00   113    86 -9999   360    30     7 -9999    -1
1983 08 05 06   164    89 -9999   360    30     7 -9999     0
1983 08 05 21   106    60 -9999    90    30     0 -9999 -9999
1983 08 06 00   143    60 -9999     0     0     1 -9999     0
1983 08 06 06   208    78 -9999     0     0     0 -9999     0
1983 08 06 09   240    77 -9999   360    20     0 -9999 -9999
1983 08 06 21   199    82 -9999     0     0     0 -9999 -9999
1983 08 07 00   204   125 -9999    40    20     1 -9999     0
1983 08 07 06   278   112 -9999   290    30     1 -9999     0
1983 08 07 09   298   123 -9999     0     0     1 -9999 -9999
1983 08 07 21   228   132 -9999   200    20     0 -9999 -9999
1983 08 08 00   240   132 -9999    70    30     0 -9999     0
1983 08 08 09   327   124 -9999   220    20     1 -9999 -9999
1983 08 09 00   223   138 -9999    20    20     0 -9999     0
1983 08 09 06   305   110 -9999   180    50     1 -9999     0
1983 08 09 09   308    74 -9999   160    50     1 -9999 -9999
1983 08 10 06   287   104 -9999   160    40     1 -9999     0
1983 08 11 00   193   115 -9999   180    70     7 -9999     0
1983 08 11 06   259   126 -9999   220    40     7 -9999     0
1983 08 11 09   276   129 -9999   220    30     6 -9999 -9999
1983 08 11 18   159   141 10075   180    30     7 -9999 -9999
1983 08 12 00   216   155 -9999    70    30     1 -9999     0
1983 08 12 06   296   140 -9999    70    20     6 -9999     0
1983 08 12 09   290   134 -9999   160    50     7 -9999 -9999
1983 08 12 21   166   136 -9999   250    40     8 -9999 -9999
1983 08 13 06   167   155 -9999   340    30     8 -9999    10
1983 08 13 09   162   145 -9999   340    50     8 -9999 -9999
1983 08 13 21   143   125 -9999    20    30     8 -9999 -9999
1983 08 14 00   148   141 -9999    20    20     8 -9999    80
1983 08 14 06   159   150 -9999   320    20     8 -9999    30
1983 08 14 09   164   147 -9999   360    30     2 -9999 -9999
1983 08 14 21   156   146 -9999 -9999 -9999     8 -9999 -9999
1983 08 15 00   155   145 -9999   180    20     8 -9999    -1
1983 08 15 06   166   152 -9999   340    40     8 -9999    20
1983 08 15 09   176   120 -9999    90    30     8 -9999 -9999
1983 08 16 00   144   130 -9999     0     0     7 -9999     0
1983 08 16 21   122   111 -9999     0     0     2 -9999 -9999
1983 08 17 00   140   100 -9999    70    20     2 -9999     0
1983 08 17 06   188   104 -9999   340    30     7 -9999     0
1983 08 17 09   199    69 -9999   140    50     7 -9999 -9999
1983 08 17 21   145   120 -9999   320    20     7 -9999 -9999
1983 08 18 00   152   121 -9999    40    20     7 -9999     0
1983 08 18 09   220   101 -9999    70    20     7 -9999 -9999
1983 08 18 21   154 -9999 -9999   160    20     7 -9999 -9999
1983 08 19 00   168   123 -9999     0     0     1 -9999     0
1983 08 19 06   214   101 -9999   340    30     2 -9999     0
1983 08 19 09   234    85 -9999   340    30     2 -9999 -9999
1983 08 20 00   188    62 -9999 -9999 -9999     0 -9999     0
1983 08 20 06   262 -9999 -9999   270    30     1 -9999     0
1983 08 20 09   265    28 -9999   360    30     1 -9999 -9999
1983 08 20 21   188    96 -9999    70    30     7 -9999 -9999
1983 08 21 00   186   113 -9999     0     0     8 -9999     0
1983 08 21 06   232    98 -9999   200    40     8 -9999     0
1983 08 21 09   206    72 -9999   160    90     8 -9999 -9999
1983 08 21 21   134   107 -9999   110    20     1 -9999 -9999
1983 08 22 00   171   106 -9999    90    10     6 -9999     0
1983 08 22 06   215    78 -9999   360    40     2 -9999    -1
1983 08 22 09   222    78 -9999    20    30     4 -9999 -9999
1983 08 23 00   165    88 -9999   140    30     7 -9999     0
1983 08 23 06   191    74 -9999    20    40     7 -9999     1
1983 08 23 09   222    67 -9999   360    40     1 -9999 -9999
1983 08 24 00   132    83 -9999   360    40     1 -9999     0
1983 08 24 06   193    77 -9999   360    50     7 -9999     0
1983 08 24 09   196    74 -9999   360    30     7 -9999 -9999
1983 08 25 00   163    83 -9999   110    20     6 -9999     0
1983 08 25 06   230    60 -9999     0     0     2 -9999     0
1983 08 25 09   236    44 -9999   290    40     2 -9999 -9999
1983 08 25 21   180    30 -9999   100 -9999     1 -9999 -9999
1983 08 26 00   190    48 -9999   160    30     1 -9999     0
1983 08 26 09   246    34 -9999    40    20     7 -9999 -9999
1983 08 27 00   198    68 -9999   360    30     7 -9999    -1
1983 08 27 06   233    62 -9999   250    30     7 -9999    -1
1983 08 27 09   247     6 -9999   320    50     7 -9999 -9999
1983 08 28 00   158    22 -9999   110    20     0 -9999     0
1983 08 28 06   244   -18 -9999   360    50     1 -9999     0
1983 08 28 09   251     6 -9999   340    20     1 -9999 -9999
1983 08 29 06   270     6 -9999   320    20     0 -9999     0
1983 08 29 21   192     6 -9999   110    30     7 -9999 -9999
1983 08 30 00   210    32 -9999   160    30     7 -9999     0
1983 08 30 06   266    28 -9999   200    50     1 -9999     0
1983 08 30 09   261    41 -9999   140    20     6 -9999 -9999
1983 08 31 00   157    60 -9999   340    70     7 -9999    -1
1983 08 31 06   125   104 -9999   110    40     8 -9999    20
1983 09 01 00   131    78 -9999   360    30     2 -9999    -1
1983 09 01 06   207    71 -9999   320    20     2 -9999     0
1983 09 01 09   213    36 -9999   340    40     2 -9999     0
1983 09 01 21   128    32 -9999   110    30     0 -9999 -9999
1983 09 02 00   158    32 -9999   110    30     0 -9999     0
1983 09 02 06   242    10 -9999   180    30     6 -9999     0
1983 09 02 09   240    14 -9999     0     0     2 -9999 -9999
1983 09 03 09   256    36 -9999   140    60     7 -9999 -9999
1983 09 03 21   246   104 -9999    20    50     2 -9999 -9999
1983 09 04 00   144   106 -9999    40    30     7 -9999    50
1983 09 04 06   194    86 -9999   290    30     6 -9999     0
1983 09 04 09   210    18 -9999   320    50     1 -9999 -9999
1983 09 04 21   116    16 -9999    90    30     0 -9999 -9999
1983 09 05 00   146    22 -9999   110    30     0 -9999     0
1983 09 05 06   238    34 -9999   250    30     1 -9999     0
1983 09 05 09   244    39 -9999   140    40     1 -9999 -9999
1983 09 05 21   178   106 -9999    90    20     0 -9999 -9999
1983 09 06 00   207   107 -9999   140    50     1 -9999     0
1983 09 06 06   275   191 10141   200    70     7 -9999     0
1983 09 06 09   188   140 -9999   110    40     8 -9999 -9999
1983 09 07 00   113    69 -9999   340    30     7 -9999    -1
1983 09 07 06   159    78 -9999   250    30     7 -9999     0
1983 09 07 09   168    65 -9999    20    30     7 -9999 -9999
1983 09 07 21   109    28 -9999   110    20     0 -9999 -9999
1983 09 08 00   126    34 -9999   110    20     0 -9999     0
1983 09 08 09   215    10 -9999    20    20     1 -9999 -9999
1983 09 09 00   144    60 -9999    70    20     7 -9999     0
1983 09 09 09   198    57 -9999    20    30     8 -9999 -9999
1983 09 09 21   114   106 -9999   270    20     8 -9999 -9999
1983 09 10 06   174   105 -9999   220    30     2 -9999     0
1983 09 10 09   192    95 -9999   180    60     3 -9999 -9999
1983 09 10 21    94   -48 -9999    40    60     8 -9999 -9999
1983 09 11 06   220    24 -9999     0     0     7 -9999     0
1983 09 11 21   154    48 -9999    70    30     8 -9999 -9999
1983 09 12 00   144    60 -9999   140    30     3 -9999     0
1983 09 12 06   227    46 -9999   200    30     1 -9999     0
1983 09 12 09   234    21 -9999   180    30     2 -9999 -9999
1983 09 13 00   167     4 -9999   110    30     1 -9999     0
1983 09 13 06   241    -3 -9999   360    20     1 -9999     0
1983 09 13 09   240    -6 -9999   270    40     2 -9999 -9999
1983 09 13 21   170    53 -9999   140    40     0 -9999 -9999
1983 09 14 00   164    83 -9999   110    30     0 -9999     0
1983 09 14 21   176    75 -9999   110    20     0 -9999 -9999
1983 09 15 00   176    96 -9999    20    20     1 -9999     0
1983 09 15 06   246    75 -9999   140    50     3 -9999     0
1983 09 15 09   240    94 -9999   180    40     7 -9999 -9999
1983 09 15 21   178   104 -9999   110    30     7 -9999 -9999
1983 09 16 00   188   117 -9999     0     0     7 -9999     0
1983 09 16 09   240   101 -9999   200    20     2 -9999 -9999
1983 09 16 21   147    67 -9999    90    30     0 -9999     0
1983 09 17 00   152   117 -9999   290    40     8 -9999     0
1983 09 17 06    86    86 -9999   320    50     8 -9999    30
1983 09 17 09    74    65 -9999   340    50     8 -9999 -9999
1983 09 17 21 -9999 -9999 -9999    90    10     1 -9999 -9999
1983 09 18 00    68    24 -9999   110    20     1 -9999     0
1983 09 18 06   160 -9999 -9999    40    20     1 -9999     0
1983 09 18 21    88     6 -9999   110    40     1 -9999 -9999
1983 09 19 00   130   -13 -9999   200    50     1 -9999     0
1983 09 19 06   184    14 -9999   110    20     7 -9999     0
1983 09 19 09   173    21 -9999    40    30     8 -9999 -9999
1983 09 20 00   127    57 -9999   360    30     8 -9999    -1
1983 09 20 06   150    74 -9999    20    70     7 -9999    -1
1983 09 20 09   137    86 -9999    20    70     1 -9999 -9999
1983 09 20 21   113    64 -9999    20    30     7 -9999 -9999
1983 09 21 00   102    64 -9999    90    20     7 -9999     0
1983 09 21 06   184    67 -9999   290    30     1 -9999     0
1983 09 21 09   202   -20 -9999   320    20     1 -9999 -9999
1983 09 21 21   129    84 -9999    20    40     8 -9999 -9999
1983 09 22 00   133    69 -9999    70    20     7 -9999    -1
1983 09 22 06   188    51 -9999    20    30     7 -9999     0
1983 09 22 09   199    43 -9999   320    30     6 -9999 -9999
1983 09 22 21   144    51 -9999    90    20     8 -9999 -9999
1983 09 23 00   146    53 -9999   160    20     7 -9999     0
1983 09 23 06   147   -31 -9999   340    60     3 -9999     0
1983 09 23 09   194   -48 -9999   340    20     1 -9999 -9999
1983 09 23 21   114   -26 -9999    90    40     7 -9999 -9999
1983 09 24 00   122   -37 -9999    90    30     1 -9999     0
1983 09 24 06   205   -52 -9999   290    30     1 -9999     0
1983 09 24 09   206   -68 -9999   320    20     1 -9999 -9999
1983 09 24 21   106   -39 -9999    70    30     2 -9999 -9999
1983 09 25 00   131   -23 -9999    90    20     7 -9999     0
1983 09 25 06   184   -68 -9999   360    30     7 -9999     0
1983 09 25 09   191   -92 -9999   360    20     8 -9999 -9999
1983 09 25 21   117    44 -9999    20    20     8 -9999 -9999
1983 09 26 00   112    46 -9999    20    30     8 -9999     0
1983 09 26 06   161    30 -9999   270    30     7 -9999     0
1983 09 26 09   135    59 -9999    90    30     8 -9999 -9999
1983 09 26 21    92    72 -9999   140    20     8 -9999 -9999
1983 09 27 00    91    74 -9999     0     0     8 -9999     0
1983 09 27 06   166    62 -9999   270    20     1 -9999     0
1983 09 27 21   113    -6 -9999   140    40     0 -9999 -9999
1983 09 28 00   126     1 -9999     0     0     1 -9999     0
1983 09 28 06   187    22 -9999   320    20     2 -9999     0
1983 09 28 09   184   -20 -9999   270    30     1 -9999 -9999
1983 09 28 21   131   -23 -9999   160    20     0 -9999 -9999
1983 09 29 00   130    -3 -9999   140    40     0 -9999     0
1983 09 29 06   224   -61 -9999     0     0     0 -9999     0
1983 09 29 09   223   -39 -9999   220    20     0 -9999 -9999
1983 09 30 00   121   -72 -9999   110    40     0 -9999     0
1983 09 30 06   241  -100 -9999   340    30     1 -9999     0
1983 09 30 09   232   -72 -9999    40    30     7 -9999 -9999
1983 09 30 21   132   -15 -9999    20    20     7 -9999 -9999
1983 10 01 00   144   -15 -9999    20    40     1 -9999     0
1983 10 01 06   202   -34 -9999   360    30     1 -9999     0
1983 10 01 09   205   -13 -9999   360    30     1 -9999 -9999
1983 10 02 09   186   -34 -9999   340    20     8 -9999 -9999
1983 10 02 21    85   -52 -9999   140    20     0 -9999 -9999
1983 10 03 00   105   -72 -9999   100   130     1 -9999     0
1983 10 03 06   206   -68 -9999   160    20     1 -9999     0
1983 10 03 09   209   -72 -9999     0     0     1 -9999 -9999
1983 10 04 00   127   -68 -9999   110    30     2 -9999     0
1983 10 04 06   209   -92 -9999   160    50     1 -9999     0
1983 10 04 09   202   -20 -9999   140    60     7 -9999 -9999
1983 10 05 00   129     8 -9999     0     0     7 -9999     0
1983 10 05 06   199    10 -9999   140    50     2 -9999     0
1983 10 05 09   198    24 -9999   320    30     7 -9999 -9999
1983 10 05 12   208 -9999 10267   110    30     1 -9999     0
1983 10 05 21   112    77 -9999   290    20     2 -9999 -9999
1983 10 06 00   120    81 -9999    90    40     7 -9999     0
1983 10 06 06   123    94 -9999   340    40     8 -9999    -1
1983 10 06 09   150    56 -9999    20    40     2 -9999 -9999
1983 10 06 21 -9999 -9999 -9999   110    30     0 -9999 -9999
1983 10 07 00    87    14 -9999   110    30     0 -9999     0
1983 10 07 06   195   -10 -9999   290    30     1 -9999     0
1983 10 07 09   196   -58 -9999   360    30     0 -9999 -9999
1983 10 07 21   115   -79 -9999   110    40     0 -9999 -9999
1983 10 08 00   119   -65 -9999    90    30     1 -9999     0
1983 10 08 09   230   -48 -9999   160    50     7 -9999 -9999
1983 10 08 21   100    41 -9999   180    20     0 -9999 -9999
1983 10 09 00   114    56 -9999     0     0     4 -9999     0
1983 10 09 21    77   -55 -9999   340    50     8 -9999 -9999
1983 10 10 00    53   -18 -9999    40    30     8 -9999    -1
1983 10 10 06    87   -79 -9999   340    40     7 -9999     0
1983 10 10 21    12  -109 -9999    90    30     0 -9999 -9999
1983 10 11 00 -9999 -9999 -9999   110    20     1 -9999     0
1983 10 11 06   116   -76 -9999   180    30     4 -9999     0
1983 10 11 21    47   -15 -9999     0     0     0 -9999 -9999
1983 10 12 21    48  -109 -9999    90    30     0 -9999 -9999
1983 10 13 00 -9999 -9999 -9999   110    30     4 -9999     0
1983 10 13 06 -9999 -9999 -9999   320    30     7 -9999     0
1983 10 13 09   120  -100 -9999   360    30     8 -9999 -9999
1983 10 13 21    74   -61 -9999   160    30     7 -9999 -9999
1983 10 14 00 -9999 -9999 -9999    90    20     7 -9999     0
1983 10 14 06   147  -100 -9999   340    30     0 -9999     0
1983 10 14 09   138   -87 -9999    20    40     0 -9999 -9999
1983 10 14 21    54   -83 -9999    90    20     0 -9999 -9999
1983 10 15 00    51   -83 -9999   220    20     1 -9999     0
1983 10 15 06   115   -52 -9999     0     0     8 -9999     0
1983 10 15 21    81 -9999 -9999    90    30     8 -9999 -9999
1983 10 16 00    74   -10 -9999     0     0     7 -9999     0
1983 10 19 00    62    16 -9999   110    20     7 -9999     0
1983 10 19 09   102    39 -9999   200    20     8 -9999 -9999
1983 10 19 21    66    44 -9999    90    20     2 -9999 -9999
1983 10 20 00    66    48 -9999   110    20     6 -9999    -1
1983 10 20 06   124    34 -9999   340    30     2 -9999     0
1983 10 21 21    89   -18 -9999   140    20     7 -9999 -9999
1983 10 22 00    64    -8 -9999    70    20     7 -9999     0
1983 10 22 06   134   -39 -9999   340    30     5 -9999     0
1983 10 22 21    79 -9999 -9999   110    40     7 -9999 -9999
1983 10 23 00    99   -23 -9999   110    50     7 -9999     0
1983 10 23 06   108    -8 -9999    20    20     8 -9999     0
1983 10 23 09   106    30 -9999   220    20     8 -9999 -9999
1983 10 23 21     2    -1 -9999    20    40     8 -9999 -9999
1983 10 24 00     7     1 -9999    20    50     8 -9999    30
1983 10 24 09    60   -20 -9999   160    20     0 -9999 -9999
1983 10 24 21     6   -26 -9999   360    40     4 -9999 -9999
1983 10 25 00   -10   -48 -9999   360    30     8 -9999    -1
1983 10 25 09    27   -52 -9999    20    60     4 -9999 -9999
1983 10 25 21   -14   -72 -9999   140    30     0 -9999 -9999
1983 10 26 06    77   -55 -9999   320    20     0 -9999     0
1983 10 26 09    83   -39 -9999   360    20     0 -9999 -9999
1983 10 26 21     6   -48 -9999    40    20     0 -9999 -9999
1983 10 27 00 -9999 -9999 -9999   110    20     2 -9999     0
1983 10 28 00   -11   -48 -9999   110    20     0 -9999     0
1983 10 28 06   112   -65 -9999   250    40     0 -9999     0
1983 10 28 09   106   -96 -9999   320    30     0 -9999 -9999
1983 10 29 00    34  -100 -9999   140    30     1 -9999     0
1983 10 29 06   131  -105 -9999   200    40     0 -9999     0
1983 10 29 09   138   -61 -9999     0     0     0 -9999 -9999
1983 10 29 21    20   -92 -9999   110    40     0 -9999 -9999
1983 10 30 00    13  -124 -9999   110    30     0 -9999     0
1983 10 30 06   131   -83 -9999   360    20     1 -9999     0
1983 10 30 09    23  -114 -9999   320    40     1 -9999 -9999
1983 10 30 21     8   -76 -9999    20    20     0 -9999 -9999
1983 10 31 00    -2   -68 -9999    90    10     0 -9999     0
1983 10 31 06   -92  -135 -9999   360    20     0 -9999     0
1983 10 31 21    30  -130 -9999   110    30     0 -9999 -9999
1983 11 01 00    33  -124 -9999   110    30     0 -9999     0
1983 11 01 06   123   -92 -9999   320    30     7 -9999     0
1983 11 01 09   112   -92 -9999   360    20     7 -9999 -9999
1983 11 01 21    22  -119 -9999    90    30     0 -9999 -9999
1983 11 02 00    12  -109 -9999   180    20     1 -9999     0
1983 11 02 06   107  -124 -9999   340    20     1 -9999     0
1983 11 02 09   105   -96 -9999    40    20     1 -9999 -9999
1983 11 02 21    27  -114 -9999   140    30     0 -9999 -9999
1983 11 03 00    32  -130 -9999   110    40     1 -9999     0
1983 11 03 06    97   -92 -9999   340    40     7 -9999     0
1983 11 03 21    16   -58 -9999   110    30     0 -9999 -9999
1983 11 04 00     7   -76 -9999   110    30     0 -9999     0
1983 11 04 06   109   -76 -9999   270    40     7 -9999     0
1983 11 04 09   112   -61 -9999     0     0     7 -9999 -9999
1983 11 04 21    29  -109 -9999    90    30     0 -9999 -9999
1983 11 05 00    22  -119 -9999    90    30     0 -9999     0
1983 11 05 06   130   -79 -9999     0     0     0 -9999     0
1983 11 05 09   134   -52 -9999     0     0     0 -9999 -9999
1983 11 05 21    37   -96 -9999    90    20     0 -9999 -9999
1983 11 06 00    36  -114 -9999    70    30     0 -9999     0
1983 11 06 06   117   -55 -9999   320    20     0 -9999     0
1983 11 06 21    53    -6 -9999     0     0     7 -9999 -9999
1983 11 07 00    34   -18 -9999   110    30     7 -9999     0
1983 11 07 06    87   -23 -9999   320    30     7 -9999     0
1983 11 07 12    -8  -201 -9999   110    20     0 -9999     0
1983 11 07 21     4   -87 -9999    90    20     0 -9999 -9999
1983 11 08 00     4  -109 -9999   110    30     1 -9999     0
1983 11 08 06   117  -141 -9999   220    40     0 -9999     0
1983 11 08 09   121   -76 -9999     0     0     0 -9999 -9999
1983 11 08 21    42   -79 -9999    20    40     8 -9999 -9999
1983 11 09 00    -8  -124 -9999   340    50     8 -9999     0
1983 11 09 06     7  -200 -9999   290    30     7 -9999     0
1983 11 09 09    -6  -200 -9999   360    50     0 -9999 -9999
1983 11 09 21   -28  -292 -9999   110    30     0 -9999     0
1983 11 10 00   -22  -258 -9999   160    40     0 -9999     0
1983 11 10 06    67  -183 -9999   200    40     0 -9999     0
1983 11 10 09    60  -220 -9999   290    60     7 -9999 -9999
1983 11 10 21   -35  -130 -9999    40    20     0 -9999 -9999
1983 11 11 00   -54  -141 -9999     0     0     0 -9999     0
1983 11 11 06    19  -231 -9999   320    20     0 -9999     0
1983 11 11 09    19  -167 -9999   320    20     0 -9999 -9999
1983 11 12 00   -48  -183 -9999   110    30 -9999 -9999     0
1983 11 12 09    61  -124 -9999   360    30     1 -9999 -9999
1983 11 13 00   -28  -147 -9999   110    30     2 -9999     0
1983 11 13 06    69  -141 -9999   220    20     1 -9999     0
1983 11 13 09    76  -135 -9999   250    20     1 -9999 -9999
1983 11 13 18  -114  -244 -9999    90    10     0 -9999     0
1983 11 13 21   -29  -160 -9999     0     0     0 -9999 -9999
1983 11 14 00   -31  -183 -9999   140    30     0 -9999     0
1983 11 14 09    58  -135 -9999   340    40     1 -9999 -9999
1983 11 14 12   -28   -91 -9999    70    30     0 -9999 -9999
1983 11 15 00   -31  -130 -9999    70    30     0 -9999     0
1983 11 15 06    46  -141 -9999   320    30     0 -9999     0
1983 11 15 09    47  -141 -9999   360    40     0 -9999 -9999
1983 11 15 21   -41  -175 -9999    90    20     0 -9999 -9999
1983 11 16 00   -48  -191 -9999    70    20     0 -9999     0
1983 11 16 06    45 -9999 -9999   360    20     0 -9999     0
1983 11 16 21   -43  -231 -9999   110    30     0 -9999 -9999
1983 11 17 00   -54  -231 -9999   110    30     0 -9999     0
1983 11 17 06    75  -183 -9999   320    20     0 -9999     0
1983 11 17 09    79  -183 -9999   270    20     0 -9999 -9999
1983 11 17 21    -4  -167 -9999    90    30     0 -9999 -9999
1983 11 18 00   -32  -167 -9999   110    20     0 -9999     0
1983 11 18 06    55  -154 -9999   290    20     1 -9999     0
1983 11 18 09    65  -124 -9999     0     0     0 -9999 -9999
1983 11 18 21   -37  -183 -9999   110    30     0 -9999 -9999
1983 11 19 00   -41  -147 -9999     0     0     0 -9999     0
1983 11 19 06    75  -114 -9999   220    20     1 -9999     0
1983 11 19 09    77  -114 -9999   290    20     1 -9999 -9999
1983 11 19 21   -13  -141 -9999    70    20     7 -9999 -9999
1983 11 20 00   -13  -119 -9999    40    20     6 -9999     0
1983 11 20 06    55  -100 -9999   340    20     0 -9999     0
1983 11 20 09    48  -109 -9999   360    20     0 -9999 -9999
1983 11 20 21   -44  -154 -9999    90    30     0 -9999 -9999
1983 11 21 00   -52  -147 -9999    90    20     0 -9999     0
1983 11 21 06    40   -83 -9999   320    30     0 -9999     0
1983 11 21 09    34   -76 -9999   360    30     0 -9999 -9999
1983 11 21 21   -42  -183 -9999   140    30     0 -9999 -9999
1983 11 22 00   -32  -200 -9999   140    30     0 -9999     0
1983 11 22 06 -9999 -9999 -9999   220    30     0 -9999     0
1983 11 22 21   -21 -9999 -9999    20    30     0 -9999 -9999
1983 11 23 00   -50  -135 -9999    40    20     1 -9999     0
1983 11 23 09    10 -9999 -9999   360    30     0 -9999 -9999
1983 11 23 21   -55  -124 -9999   110    30     0 -9999 -9999
1983 11 24 00   -61  -119 -9999   110    30     1 -9999     0
1983 11 24 06     0   -92 -9999   290    30     7 -9999     0
1983 11 24 09    -1  -105 -9999   340    20     7 -9999 -9999
1983 11 24 21   -56   -65 -9999    90    20     0 -9999 -9999
1983 11 25 00   -66  -109 -9999     0     0     1 -9999     0
1983 11 25 06    29   -83 -9999   340    20     0 -9999     0
1983 11 25 09    26   -83 -9999   320    20     0 -9999 -9999
1983 11 25 21   -38  -147 -9999   110    30     0 -9999 -9999
1983 11 26 00   -62  -154 -9999   110    30     0 -9999     0
1983 11 26 06    53  -100 -9999     0     0     0 -9999     0
1983 11 26 09    57   -96 -9999   320    20     0 -9999 -9999
1983 11 26 21   -40  -147 -9999    90    30     0 -9999 -9999
1983 11 27 00   -32  -183 -9999   110    30     0 -9999     0
1983 11 27 06    73   -92 -9999   220    20     0 -9999     0
1983 11 27 09    61   -83 -9999   270    10     7 -9999 -9999
1983 11 27 21   -50  -119 -9999     0     0     0 -9999 -9999
1983 11 28 00   -45  -105 -9999   360    10     1 -9999     0
1983 11 28 06    14  -109 -9999   320    30     7 -9999     0
1983 11 28 21   -61  -147 -9999    70    20     0 -9999 -9999
1983 11 29 00   -63  -147 -9999   360    10     0 -9999     0
1983 11 29 06   -31  -167 -9999   340    40     0 -9999     0
1983 11 29 09   -29  -154 -9999   340    30     0 -9999 -9999
1983 11 29 21  -114  -220 -9999    90    10     0 -9999 -9999
1983 11 30 00   -97  -210 -9999   140    20     0 -9999     0
1983 11 30 06     7  -135 -9999     0     0     0 -9999     0
1983 11 30 09     5  -191 -9999   360    20     0 -9999 -9999
1983 12 01 00   -62  -154 -9999    90    20     7 -9999     0
1983 12 01 06    32  -183 -9999   360    20     1 -9999     0
1983 12 01 09    17  -183 -9999    20    40     0 -9999 -9999
1983 12 01 21   -51  -160 -9999    90    20     0 -9999 -9999
1983 12 02 00   -77  -175 -9999   110    30     1 -9999     0
1983 12 02 06    26  -183 -9999   320    30     0 -9999     0
1983 12 02 21   -14  -183 -9999   110    40     0 -9999 -9999
1983 12 03 00   -19  -175 -9999   110    40     0 -9999     0
1983 12 03 06    75  -114 -9999     0     0     0 -9999     0
1983 12 03 21   -14  -191 -9999    70    30     0 -9999 -9999
1983 12 04 00   -35  -160 -9999     0     0     1 -9999     0
1983 12 04 06     2  -141 -9999   220    10     1 -9999     0
1983 12 04 09    11  -130 -9999   360    20     2 -9999 -9999
1983 12 04 21   -46  -160 -9999    70    30     0 -9999 -9999
1983 12 05 00   -68  -154 -9999   110    30     0 -9999     0
1983 12 05 06    25  -119 -9999   200    30     0 -9999     0
1983 12 05 09    22  -154 -9999   340    20     0 -9999 -9999
1983 12 05 21   -74  -147 -9999    90    20     0 -9999 -9999
1983 12 06 00   -90  -191 -9999     0     0     0 -9999     0
1983 12 06 06    15 -9999 -9999   250    20     0 -9999     0
1983 12 06 21   -70  -244 -9999   110    30     0 -9999 -9999
1983 12 07 00   -80  -231 -9999    70    20     5 -9999     0
1983 12 07 06    24  -210 -9999   360    30     7 -9999     0
1983 12 07 09    24  -200 -9999   360    20     0 -9999 -9999
1983 12 07 21   -52  -210 -9999   110    40     0 -9999 -9999
1983 12 08 00   -67  -210 -9999   110    20     6 -9999     0
1983 12 08 06    19  -154 -9999   290    30     1 -9999     0
1983 12 08 09    29  -147 -9999   160    20     0 -9999 -9999
1983 12 08 21   -52  -160 -9999   220    30     0 -9999 -9999
1983 12 09 00   -50  -167 -9999   140    30     1 -9999     0
1983 12 09 06    -3  -119 -9999   320    20     2 -9999     0
1983 12 09 09     2  -119 -9999   320    40     4 -9999 -9999
1983 12 09 21   -87  -141 -9999    70    20     0 -9999 -9999
1983 12 10 00   -96 -9999 -9999    70    20     1 -9999     0
1983 12 10 09   -34  -191 -9999    20    30     0 -9999 -9999
1983 12 10 21   -31  -258 -9999   160    40     0 -9999 -9999
1983 12 11 00   -19  -292 -9999   140    30     0 -9999     0
1983 12 11 06    20  -138 -9999   200    40     0 -9999     0
1983 12 11 09    21  -160 -9999   250    20     0 -9999 -9999
1983 12 11 21   -97  -210 -9999    90    20     0 -9999 -9999
1983 12 12 00   -82  -210 -9999   140    40     0 -9999     0
1983 12 12 06    43  -210 -9999   220    40     1 -9999     0
1983 12 12 09    35  -160 -9999     0     0     0 -9999 -9999
1983 12 12 21   -37  -135 -9999    20    30     0 -9999 -9999
1983 12 13 00   -66  -135 -9999    70    20     6 -9999     0
1983 12 13 09    -1  -135 -9999   360    30     1 -9999 -9999
1983 12 13 21   -83  -154 -9999    90    20     0 -9999 -9999
1983 12 14 00   -44  -147 -9999    20    20     7 -9999     0
1983 12 14 09   -20  -147 -9999     0     0     1 -9999 -9999
1983 12 14 21   -92  -160 -9999    90    10     0 -9999 -9999
1983 12 15 00   -96  -167 -9999    70    20     0 -9999     0
1983 12 15 06    -1  -124 -9999   360    20     2 -9999     0
1983 12 15 09   -12  -135 -9999    40    30     1 -9999 -9999
1983 12 15 21   -85  -147 -9999   320    30     0 -9999 -9999
1983 12 16 00   -86  -147 -9999    20    30     0 -9999     0
1983 12 16 06   -41  -147 -9999   360    30     1 -9999     0
1983 12 16 09 -9999 -9999 -9999 -9999 -9999     1 -9999 -9999
1983 12 16 21  -111  -154 -9999    70    20     0 -9999 -9999
1983 12 17 00  -105  -160 -9999    90    30     0 -9999     0
1983 12 17 09   -29  -160 -9999    40    30     0 -9999 -9999
1983 12 18 00   -91  -220 -9999   140    30     1 -9999     0
1983 12 18 06   -14  -175 -9999   340    30     0 -9999     0
1983 12 18 09   -26  -167 -9999   360    20     0 -9999 -9999
1983 12 18 21   -98  -175 -9999   110    30     0 -9999 -9999
1983 12 19 00  -108  -175 -9999    90    10     1 -9999     0
1983 12 19 06   -29  -154 -9999   200    40     0 -9999     0
1983 12 19 09   -33  -147 -9999   360    20     1 -9999 -9999
1983 12 19 21  -102  -160 -9999    40    30     8 -9999 -9999
1983 12 20 00   -96  -160 -9999     0     0     8 -9999     0
1983 12 20 06   -74  -160 -9999   290    40     7 -9999    -1
1983 12 20 09   -73  -220 -9999   360    20     7 -9999 -9999
1983 12 20 21  -102  -231 -9999     0     0     7 -9999 -9999
1983 12 21 00  -131  -231 -9999    90    20     1 -9999     0
1983 12 21 06   -62  -200 -9999     0     0     1 -9999     0
1983 12 21 21  -139  -191 -9999    40    30     0 -9999 -9999
1983 12 22 00  -137  -191 -9999   360    20     1 -9999     0
1983 12 22 09   -83  -191 -9999   250    20     1 -9999 -9999
1983 12 22 21  -149  -210 -9999    90    20     0 -9999 -9999
1983 12 23 00  -148  -200 -9999    70    20     0 -9999     0
1983 12 23 06   -64  -191 -9999   270    30     1 -9999     0
1983 12 23 09   -66  -191 -9999   320    30     1 -9999 -9999
1983 12 23 21  -139  -191 -9999   110    20     2 -9999 -9999
1983 12 24 00  -148  -200 -9999   110    20     1 -9999     0
1983 12 24 06   -62  -191 -9999   220    30     0 -9999     0
1983 12 24 09   -64  -175 -9999   140    30     1 -9999 -9999
1983 12 24 21  -141  -200 -9999   180    20     0 -9999 -9999
1983 12 25 00  -135  -191 -9999   180    30     0 -9999     0
1983 12 25 06   -52  -191 -9999   220    20     7 -9999     0
1983 12 25 09   -52  -200 -9999   200    20     7 -9999 -9999
1983 12 25 21  -101  -167 -9999    40    20     0 -9999 -9999
1983 12 26 00  -116  -167 -9999    70    30     1 -9999     0
1983 12 26 09   -52  -160 -9999   360    40     0 -9999 -9999
1983 12 26 21  -100  -175 -9999    20    40     0 -9999 -9999
1983 12 27 00  -125  -175 -9999   140    20     1 -9999     0
1983 12 27 06   -67  -160 -9999   200    30     7 -9999     0
1983 12 27 21  -134  -210 -9999   110    30     0 -9999 -9999
1983 12 28 00  -115  -210 -9999   110    30     7 -9999     0
1983 12 28 09   -48  -220 -9999 -9999 -9999     7 -9999 -9999
1983 12 28 21  -130  -210 -9999    70    30     0 -9999 -9999
1983 12 29 00  -133  -191 -9999    90    20     1 -9999     0
1983 12 29 06   -56  -200 -9999   220    20     1 -9999     0
1983 12 29 09   -49  -183 -9999    20    30     0 -9999 -9999
1983 12 29 21  -130  -191 -9999     0     0     0 -9999 -9999
1983 12 30 06   -75  -147 -9999   220    20     0 -9999     0
1983 12 30 09   -69  -147 -9999     0     0     0 -9999 -9999
1983 12 30 21  -126  -167 -9999   140    30     0 -9999 -9999
1983 12 31 00  -117  -147 -9999   140    30     0 -9999     0
1983 12 31 06   -42  -119 -9999   200    30     0 -9999     0
1983 12 31 09   -36  -124 -9999   200    30     1 -9999 -9999
1983 12 31 21  -129  -210 -9999     0     0     0 -9999 -9999
