1973 01 01 00  -150  -220 -9999   340    50     1 -9999 -9999
1973 01 01 06  -140  -250 -9999   340    70     8 -9999 -9999
1973 01 01 09  -150  -270 -9999   340    40     0 -9999 -9999
1973 01 01 21  -220  -300 -9999   110    10     0 -9999 -9999
1973 01 02 00  -240  -310 -9999    90    20     0 -9999 -9999
1973 01 02 06  -130 -9999 -9999     0     0     0 -9999 -9999
1973 01 02 09  -120  -260 -9999   340    10     0 -9999 -9999
1973 01 02 21  -200  -280 -9999    90    20     0 -9999 -9999
1973 01 03 00  -200  -280 -9999   110    20     1 -9999 -9999
1973 01 03 06  -170  -230 -9999   340    10     3 -9999 -9999
1973 01 03 21  -180  -250 -9999    90    20     0 -9999 -9999
1973 01 04 00  -190  -270 -9999    90    30     0 -9999 -9999
1973 01 04 06   -70  -200 -9999     0     0     0 -9999 -9999
1973 01 04 21  -160  -240 -9999     0     0     0 -9999 -9999
1973 01 05 00  -140  -230 -9999   170    20     8 -9999 -9999
1973 01 05 06  -120  -200 -9999   160    40     8 -9999 -9999
1973 01 05 09  -100  -120 -9999   140    40     8 -9999 -9999
1973 01 05 18  -160  -280 -9999 -9999 -9999     0 -9999 -9999
1973 01 05 21  -130  -290 -9999   110    30     0 -9999 -9999
1973 01 06 00  -140  -210 -9999   110    50     1 -9999 -9999
1973 01 06 06   -20  -140 -9999   200    20     0 -9999 -9999
1973 01 06 09   -30 -9999 -9999 -9999 -9999     0 -9999 -9999
1973 01 06 21  -110  -230 -9999   120    10     0 -9999 -9999
1973 01 07 00  -130  -220 -9999   110    20     1 -9999 -9999
1973 01 07 06   -40  -140 -9999   220    20     7 -9999 -9999
1973 01 07 09   -50  -140 -9999   200    30     7 -9999 -9999
1973 01 07 21   -90  -200 -9999   110    60     0 -9999 -9999
1973 01 08 00  -100  -220 -9999   140    20     0 -9999 -9999
1973 01 08 06    10  -230 -9999   220    30     0 -9999 -9999
1973 01 08 09    20  -180 -9999     0     0     0 -9999 -9999
1973 01 08 21  -110  -190 -9999    90    40     0 -9999 -9999
1973 01 09 00  -120  -200 -9999    90    30     1 -9999 -9999
1973 01 09 06    50  -110 -9999     0     0     1 -9999 -9999
1973 01 09 21   -40  -160 -9999   140    10     1 -9999 -9999
1973 01 10 00   -10  -140 -9999    70    30     6 -9999 -9999
1973 01 10 03  -110  -160 -9999   140    20     3 -9999 -9999
1973 01 10 06    10  -110 -9999   320    20     6 -9999 -9999
1973 01 10 09    10  -100 -9999    40    20     1 -9999 -9999
1973 01 10 21   -80  -150 -9999   110    30     0 -9999 -9999
1973 01 11 00  -110  -150 -9999    40    20     6 -9999 -9999
1973 01 11 06   -30  -170 -9999   200    30     7 -9999 -9999
1973 01 11 09   -30  -150 -9999     0     0     6 -9999 -9999
1973 01 11 21  -110  -160 -9999    70    10     0 -9999 -9999
1973 01 12 00  -120  -160 -9999    90    20     0 -9999 -9999
1973 01 12 06   -20  -150 -9999     0     0     0 -9999 -9999
1973 01 12 09   -30  -140 -9999    20    30     0 -9999 -9999
1973 01 12 21  -130  -170 -9999     0     0     0 -9999 -9999
1973 01 13 00  -120  -170 -9999    70    10     1 -9999 -9999
1973 01 13 06   -10  -140 -9999    20    30     0 -9999 -9999
1973 01 13 09   -20  -140 -9999    40    40     0 -9999 -9999
1973 01 14 00   -90  -140 -9999    90    20     2 -9999 -9999
1973 01 14 06     0  -100 -9999   270    70     7 -9999 -9999
1973 01 14 09   -40  -150 -9999   320    30     7 -9999 -9999
1973 01 14 21  -100  -120 -9999     0     0     8 -9999 -9999
1973 01 15 00  -120  -140 -9999     0     0     6 -9999 -9999
1973 01 15 06 -9999 -9999 -9999     0     0     6 -9999 -9999
1973 01 15 09   -80  -160 -9999   290    20     3 -9999 -9999
1973 01 15 21  -130  -160 -9999    90    20     1 -9999 -9999
1973 01 16 06   -40  -160 -9999   220    20     1 -9999 -9999
1973 01 16 09   -40  -160 -9999   290    20     2 -9999 -9999
1973 01 16 21   -80  -160 -9999   110    50     0 -9999 -9999
1973 01 17 00   -80  -180 -9999   140    40     0 -9999 -9999
1973 01 17 06     0  -140 -9999   250    30     0 -9999 -9999
1973 01 17 21   -90  -160 -9999     0     0     2 -9999 -9999
1973 01 18 00   -80  -180 -9999   160    20     0 -9999 -9999
1973 01 18 06    20  -140 -9999   220    20     0 -9999 -9999
1973 01 18 09    20  -130 -9999   220    20     0 -9999 -9999
1973 01 19 00   -90  -220 -9999    90    30     1 -9999 -9999
1973 01 19 06    50  -120 -9999    20    30     1 -9999 -9999
1973 01 19 09    50  -110 -9999    40    10     6 -9999 -9999
1973 01 19 21   -70  -160 -9999    20    50     0 -9999 -9999
1973 01 20 00   -80  -160 -9999     0     0     7 -9999 -9999
1973 01 20 06   -50  -130 -9999     0     0     2 -9999 -9999
1973 01 20 09   -10   -90 -9999    40    30     1 -9999 -9999
1973 01 21 00   -70  -180 -9999    40    30     1 -9999 -9999
1973 01 21 06   -70  -160 -9999   120    40     7 -9999 -9999
1973 01 21 09   -50  -150 -9999   220    10     8 -9999 -9999
1973 01 21 21   -90  -150 -9999   160    30     0 -9999 -9999
1973 01 22 00   -90  -150 -9999   200    20     8 -9999 -9999
1973 01 22 06   -70  -150 -9999   220    30     8 -9999 -9999
1973 01 22 09   -70  -160 -9999   220    10     8 -9999 -9999
1973 01 22 21  -110  -130 -9999   110    10     8 -9999 -9999
1973 01 23 00  -100  -120 -9999     0     0     8 -9999 -9999
1973 01 23 06   -70  -110 -9999    20    10     3 -9999 -9999
1973 01 23 09   -60  -110 -9999     0     0     7 -9999 -9999
1973 01 23 21  -140  -170 -9999    70    20     0 -9999 -9999
1973 01 24 00  -150  -180 -9999     0     0     1 -9999 -9999
1973 01 24 06   -60  -100 -9999   340    30     3 -9999 -9999
1973 01 24 09   -70  -110 -9999    20    30     2 -9999 -9999
1973 01 24 21  -110  -180 -9999    40    40     2 -9999 -9999
1973 01 25 00  -120  -190 -9999    90    20     7 -9999 -9999
1973 01 25 06   -40  -130 -9999    20    40     6 -9999 -9999
1973 01 25 09   -50  -140 -9999    20    50     1 -9999 -9999
1973 01 26 00  -130  -170 -9999    90    10     2 -9999 -9999
1973 01 26 06   -50  -140 -9999   160    10     2 -9999 -9999
1973 01 26 09   -80  -140 -9999    40    50     7 -9999 -9999
1973 01 26 21  -110  -170 -9999     0     0     8 -9999 -9999
1973 01 27 00  -100  -170 -9999   110    20     8 -9999 -9999
1973 01 27 06   -90  -150 -9999     0     0     8 -9999 -9999
1973 01 27 09  -140  -160 -9999     0     0     8 -9999 -9999
1973 01 27 21  -190  -210 -9999     0     0     2 -9999 -9999
1973 01 28 06  -120  -160 -9999   220    30     6 -9999 -9999
1973 01 28 09  -100  -140 -9999    40    20     2 -9999 -9999
1973 01 28 21  -130  -200 -9999   140    30     1 -9999 -9999
1973 01 29 00  -120  -180 -9999 -9999 -9999     1 -9999 -9999
1973 01 29 06   -30  -140 -9999     0     0     0 -9999 -9999
1973 01 29 09   -30  -160 -9999   160    40     0 -9999 -9999
1973 01 29 21   -40  -190 -9999   160    70     0 -9999 -9999
1973 01 30 00   -40  -180 -9999   160    40     0 -9999 -9999
1973 01 30 06    20  -120 -9999   200    20     0 -9999 -9999
1973 01 30 09    20  -100 -9999   220    10     0 -9999 -9999
1973 01 30 21   -90  -130 -9999   110    20     0 -9999 -9999
1973 01 31 06   -20   -80 -9999   270    20     0 -9999 -9999
1973 01 31 09   -70   -70 -9999   320    30     0 -9999 -9999
1973 01 31 21   -90  -150 -9999    40    10     0 -9999 -9999
1973 02 01 00   -60  -160 -9999   200    20     6 -9999 -9999
1973 02 01 06     0   -90 -9999   320    30     2 -9999 -9999
1973 02 01 21   -70   -80 -9999   160    30     5 -9999 -9999
1973 02 02 00   -70   -90 -9999   180    30     8 -9999 -9999
1973 02 02 06    20  -120 -9999   200    30     7 -9999 -9999
1973 02 02 09    40   -90 -9999     0     0     1 -9999 -9999
1973 02 02 21   -30  -160 -9999   110    50     0 -9999 -9999
1973 02 03 00   -50  -160 -9999    70    20     2 -9999 -9999
1973 02 03 06   -50   -70 -9999   340    40     5 -9999 -9999
1973 02 03 09   -30   -80 -9999    40    20     7 -9999 -9999
1973 02 03 21   -70  -140 -9999 -9999 -9999     0 -9999 -9999
1973 02 04 00 -9999 -9999 -9999    20    30     6 -9999 -9999
1973 02 04 06   -30  -250 -9999   360    60     1 -9999 -9999
1973 02 04 09   -40  -160 -9999    20    20     7 -9999 -9999
1973 02 05 00  -120  -160 -9999    40    20     2 -9999 -9999
1973 02 05 09   -30  -220 -9999   360    50     0 -9999 -9999
1973 02 05 21  -100  -150 -9999    70    20     0 -9999 -9999
1973 02 06 00  -100  -160 -9999     0     0     1 -9999 -9999
1973 02 06 06   -30  -160 -9999   360    30     2 -9999 -9999
1973 02 06 09   -40  -150 -9999    20    60     3 -9999 -9999
1973 02 06 21  -130  -170 -9999     0     0     0 -9999 -9999
1973 02 07 00  -120  -160 -9999     0     0     1 -9999 -9999
1973 02 07 06   -30  -130 -9999   240    20     0 -9999 -9999
1973 02 07 09   -20  -140 -9999    20    20     0 -9999 -9999
1973 02 07 15  -100  -120 10396     0     0     0 -9999 -9999
1973 02 07 21   -70  -140 -9999    40    20     0 -9999 -9999
1973 02 08 00   -90  -130 -9999     0     0     0 -9999 -9999
1973 02 08 06   -40   -70 -9999   290    20     0 -9999 -9999
1973 02 08 09    20   -80 -9999     0     0     0 -9999 -9999
1973 02 08 21   -50  -100 -9999   180    30     0 -9999 -9999
1973 02 09 00  -140  -220 -9999   160    40     8 -9999 -9999
1973 02 09 06   -70  -100 -9999   250    20     8 -9999 -9999
1973 02 09 09   -50   -90 -9999   360    20     8 -9999 -9999
1973 02 09 21   -90  -110 -9999     0     0     7 -9999 -9999
1973 02 10 00  -110  -150 -9999    90    20     2 -9999 -9999
1973 02 10 06   -50  -160 -9999   270    10     7 -9999 -9999
1973 02 10 09   -50  -160 -9999   320    30     7 -9999 -9999
1973 02 10 21   -80  -150 -9999   110    20     0 -9999 -9999
1973 02 11 00   -90  -160 -9999   140    20     0 -9999 -9999
1973 02 11 06    20  -160 -9999     0     0     0 -9999 -9999
1973 02 11 09    30  -140 -9999   290    20     0 -9999 -9999
1973 02 11 21   -60  -140 -9999    40    30     7 -9999 -9999
1973 02 12 00   -60  -160 -9999   320    10     6 -9999 -9999
1973 02 12 06   -20  -100 -9999   200    10     8 -9999 -9999
1973 02 12 09   -20  -100 -9999   290    20     8 -9999 -9999
1973 02 12 21   -80  -140 -9999    90    10     0 -9999 -9999
1973 02 13 00   -90  -140 -9999    90    20     1 -9999 -9999
1973 02 13 09    40  -110 -9999   180    40     0 -9999 -9999
1973 02 14 00   -40  -160 -9999   140    30     6 -9999 -9999
1973 02 14 09    50  -140 -9999   220    20     1 -9999 -9999
1973 02 14 21   -20  -200 -9999   140    20     5 -9999 -9999
1973 02 15 00   -50  -150 -9999   140    20     7 -9999 -9999
1973 02 15 06    60  -190 -9999   340    30     3 -9999 -9999
1973 02 15 09    70  -140 -9999   340    20     6 -9999 -9999
1973 02 15 21   -50  -140 -9999   360    80     1 -9999 -9999
1973 02 16 00   -10  -210 -9999    20    60     5 -9999 -9999
1973 02 16 06   -40  -210 -9999   360    40     6 -9999 -9999
1973 02 16 21   -70  -190 -9999   160    30     0 -9999 -9999
1973 02 17 00   -80  -230 -9999   160    50     1 -9999 -9999
1973 02 17 03  -120  -240 -9999     0     0     8 -9999 -9999
1973 02 17 06    40  -170 -9999   180    50     1 -9999 -9999
1973 02 17 09    40  -130 -9999   180    60     0 -9999 -9999
1973 02 17 21   -10  -150 -9999    20    20     7 -9999 -9999
1973 02 18 06   -40  -190 -9999    20    60     3 -9999 -9999
1973 02 18 09   -80  -100 -9999   360    90     8 -9999 -9999
1973 02 18 21  -120  -170 -9999    40    30     8 -9999 -9999
1973 02 19 00  -130  -180 -9999     0     0     6 -9999 -9999
1973 02 19 06   -70  -150 -9999   140    40     5 -9999 -9999
1973 02 19 21   -40  -160 -9999   160    40     0 -9999 -9999
1973 02 20 00   -50  -190 -9999   140    40     1 -9999 -9999
1973 02 20 06    80  -280 -9999   180    20     1 -9999 -9999
1973 02 20 09    80  -230 -9999   200    40     2 -9999 -9999
1973 02 20 21   -20  -180 -9999   140    30     3 -9999 -9999
1973 02 21 00   -20  -180 -9999   140    30     3 -9999 -9999
1973 02 21 06    60  -170 -9999   340    30     7 -9999 -9999
1973 02 21 09    20   -80 -9999   360    90     8 -9999 -9999
1973 02 21 21   -60  -110 -9999    20    50     8 -9999 -9999
1973 02 22 00   -80  -140 -9999   360    20     8 -9999 -9999
1973 02 22 06   -50  -160 -9999   360    50     2 -9999 -9999
1973 02 22 09   -50  -150 -9999   360    30     1 -9999 -9999
1973 02 22 21   -80  -180 -9999     0     0     7 -9999 -9999
1973 02 23 00   -90  -180 -9999    40    20     2 -9999 -9999
1973 02 23 06   -20  -140 -9999   260    40     2 -9999 -9999
1973 02 23 09     0  -210 -9999   360    30     6 -9999 -9999
1973 02 23 21   -50   -80 -9999     0     0     0 -9999 -9999
1973 02 25 00   -20  -160 -9999    40    30     1 -9999 -9999
1973 02 25 06    50  -150 -9999   360    40     0 -9999 -9999
1973 02 25 09    60  -160 -9999   340    20     0 -9999 -9999
1973 02 25 21   -10  -130 -9999   220    20     0 -9999 -9999
1973 02 26 00   -30  -130 -9999   110    20     3 -9999 -9999
1973 02 26 06    30  -140 -9999   360    10     7 -9999 -9999
1973 02 26 09    30  -140 -9999   320    40     7 -9999 -9999
1973 02 27 00   -30  -140 -9999     0     0     7 -9999 -9999
1973 02 27 06    30  -130 -9999     0     0     7 -9999 -9999
1973 02 27 21   -30   -90 -9999     0     0     8 -9999 -9999
1973 02 28 00   -50   -80 -9999     0     0     2 -9999 -9999
1973 02 28 06    20   -90 -9999   250    10     7 -9999 -9999
1973 02 28 09    20  -120 -9999   360    30     8 -9999 -9999
1973 02 28 21   -10  -120 -9999   200    30     8 -9999 -9999
1973 03 01 00   -10  -110 -9999     0     0     8 -9999 -9999
1973 03 01 06    10   -60 -9999    20    40     8 -9999 -9999
1973 03 01 09    10  -270 -9999   200    40     1 -9999 -9999
1973 03 01 21   -30   -80 -9999   160    30     0 -9999 -9999
1973 03 02 00   -50  -110 -9999   110    30     1 -9999 -9999
1973 03 02 06    70   -90 -9999   270    20     2 -9999 -9999
1973 03 02 09    80   -90 -9999   290    20     6 -9999 -9999
1973 03 02 21   -30  -180 -9999    20    50     0 -9999 -9999
1973 03 03 00   -40   -60 -9999   360    50     6 -9999 -9999
1973 03 03 06     0  -110 -9999   360    50     7 -9999 -9999
1973 03 03 09   -10  -120 -9999   360    40     7 -9999 -9999
1973 03 03 12   -30  -320 -9999   340    30     7 -9999 -9999
1973 03 03 21   -70  -210 -9999    40    50     0 -9999 -9999
1973 03 04 06     0  -230 -9999   270    30     1 -9999 -9999
1973 03 04 09    10  -210 -9999     0     0     1 -9999 -9999
1973 03 04 15    50  -110 10250   320    10     0 -9999 -9999
1973 03 04 21   -30   -80 -9999     0     0     1 -9999 -9999
1973 03 05 00   -30   -80 -9999    70    20     7 -9999 -9999
1973 03 05 06    30  -110 -9999    20    20     8 -9999 -9999
1973 03 05 09     0   -40 -9999    20    30     8 -9999 -9999
1973 03 05 21   -40   -60 -9999    20    30     8 -9999 -9999
1973 03 06 06   -40   -60 -9999   340    20     7 -9999 -9999
1973 03 06 21   -80  -140 -9999   140    40     2 -9999 -9999
1973 03 07 00   -70  -140 -9999   140    30     1 -9999 -9999
1973 03 07 06    50  -100 -9999   160    30     2 -9999 -9999
1973 03 07 09    50  -100 -9999   160    40     7 -9999 -9999
1973 03 07 21    40  -100 -9999   140   100     8 -9999 -9999
1973 03 08 00    40   -60 -9999   110   100     7 -9999 -9999
1973 03 08 06    40   -40 -9999   180    30     8 -9999 -9999
1973 03 08 09   -10   -10 -9999     0     0     8 -9999 -9999
1973 03 08 12    10     0 10166   340    30     8 -9999 -9999
1973 03 08 21   -60   -90 -9999    90    30     0 -9999 -9999
1973 03 09 00   -70  -110 -9999    90    20     0 -9999 -9999
1973 03 09 06    40   -40 -9999    20    50     7 -9999 -9999
1973 03 09 09    50   -30 -9999    20    20     8 -9999 -9999
1973 03 09 21   -10   -80 -9999   110    20     0 -9999 -9999
1973 03 10 00    10  -110 -9999   140    30     2 -9999 -9999
1973 03 10 06   110   -20 -9999   220    50     2 -9999 -9999
1973 03 10 09   100   -20 -9999   250    20     7 -9999 -9999
1973 03 10 21    20   -60 -9999    20    70     2 -9999 -9999
1973 03 11 00    10   -60 -9999    20    50     6 -9999 -9999
1973 03 11 06    40  -110 -9999   340    20     8 -9999 -9999
1973 03 11 09    40  -120 -9999    20    30     8 -9999 -9999
1973 03 12 06    40  -120 -9999    70    20     8 -9999 -9999
1973 03 12 09    40  -180 -9999   160    70     8 -9999 -9999
1973 03 12 21    30   -60 -9999   140    50     8 -9999 -9999
1973 03 13 00    10   -10 -9999     0     0     8 -9999 -9999
1973 03 13 06   -20   -30 -9999     0     0     8 -9999 -9999
1973 03 13 09   -30   -50 -9999     0     0     8 -9999 -9999
1973 03 13 21   -80  -100 -9999    70    30     7 -9999 -9999
1973 03 14 00   -90  -130 -9999    90    30     1 -9999 -9999
1973 03 14 06    10   -70 -9999    40    20     1 -9999 -9999
1973 03 14 09    20   -60 -9999    90    10     1 -9999 -9999
1973 03 14 21  -130  -240 -9999   200    20     2 -9999 -9999
1973 03 15 00   -20   -90 -9999     0     0     6 -9999 -9999
1973 03 15 03    40 -9999 -9999   320    20     1 -9999 -9999
1973 03 15 06    40 -9999 -9999   320    20     1 -9999 -9999
1973 03 15 21   -20   -90 -9999   140    20     0 -9999 -9999
1973 03 16 00   -40  -120 -9999   140    20     0 -9999 -9999
1973 03 16 06    50  -120 -9999   360    30     1 -9999 -9999
1973 03 16 09    60  -110 -9999    20    30     5 -9999 -9999
1973 03 16 21   -20   -70 -9999    70    20     1 -9999 -9999
1973 03 17 00   -10   -60 -9999    90    20     2 -9999 -9999
1973 03 17 06    80  -130 -9999   340    20     7 -9999 -9999
1973 03 17 09    80  -130 -9999    20    10     6 -9999 -9999
1973 03 17 21   -10  -110 -9999   110    40     1 -9999 -9999
1973 03 18 00     0  -120 -9999    90    40     0 -9999 -9999
1973 03 18 06   110  -100 -9999     0     0     1 -9999 -9999
1973 03 18 09   110  -180 -9999   220    40     3 -9999 -9999
1973 03 18 21    10   -90 -9999   110    40     0 -9999 -9999
1973 03 19 00    10   -90 -9999    90    20     1 -9999 -9999
1973 03 19 06    60  -120 -9999    20    90     9 -9999 -9999
1973 03 19 09    30  -240 -9999    20   140     5 -9999 -9999
1973 03 19 15   100  -120 10194   320    70     1 -9999 -9999
1973 03 19 21   -50  -160 -9999   180    20     0 -9999 -9999
1973 03 20 00   -50  -170 -9999     0     0     7 -9999 -9999
1973 03 20 06    20  -180 -9999   340    30     7 -9999 -9999
1973 03 20 09    30  -200 -9999   340    30     7 -9999 -9999
1973 03 21 06    90  -110 -9999   250    10     5 -9999 -9999
1973 03 21 09    70  -150 -9999   360    60     0 -9999 -9999
1973 03 21 21   -20  -100 -9999    70    20     1 -9999 -9999
1973 03 22 00   -20  -120 -9999    40    20     0 -9999 -9999
1973 03 22 06    60  -190 -9999   320    40     1 -9999 -9999
1973 03 22 09    90  -210 -9999   360    20     1 -9999 -9999
1973 03 22 21     0  -220 -9999   110    40     5 -9999 -9999
1973 03 23 00    10  -220 -9999    90    40     7 -9999 -9999
1973 03 23 06   100  -240 -9999   140    20     7 -9999 -9999
1973 03 23 09   100  -170 -9999     0     0     8 -9999 -9999
1973 03 23 21    10  -130 -9999   180    20     1 -9999 -9999
1973 03 24 00    20  -130 -9999   140    40     1 -9999 -9999
1973 03 24 06    70   -60 -9999    20    40     8 -9999 -9999
1973 03 24 09    80   -80 -9999   320    30     0 -9999 -9999
1973 03 24 21    10  -140 -9999   210    40     0 -9999 -9999
1973 03 25 00    40  -110 -9999   110    30     7 -9999 -9999
1973 03 25 06   130  -130 -9999   340    10     1 -9999 -9999
1973 03 25 09   150  -110 -9999     0     0     7 -9999 -9999
1973 03 25 21    60  -120 -9999   160    20     1 -9999 -9999
1973 03 26 00    90  -130 -9999   110    40     2 -9999 -9999
1973 03 26 09   210  -150 -9999   270    30     3 -9999 -9999
1973 03 26 21    20  -210 -9999    40    70     1 -9999 -9999
1973 03 27 00    80   -50 -9999   110    20     7 -9999 -9999
1973 03 27 06   160   -60 -9999   290    20     7 -9999 -9999
1973 03 27 09   170   -50 -9999     0     0     7 -9999 -9999
1973 03 27 21    90   -40 -9999    70    20     8 -9999 -9999
1973 03 28 00    60  -100 -9999    40    50     7 -9999 -9999
1973 03 28 06   110  -100 -9999   360    60     3 -9999 -9999
1973 03 28 09   100  -120 -9999    20    70     7 -9999 -9999
1973 03 28 21    10  -120 -9999     0     0     2 -9999 -9999
1973 03 29 00    50  -130 -9999   140    20     7 -9999 -9999
1973 03 29 06   160  -110 -9999    20    20     7 -9999 -9999
1973 03 29 09   150  -110 -9999   360    40     1 -9999 -9999
1973 03 29 15   130    30 10134   220    30     3 -9999 -9999
1973 03 30 00    80   -60 -9999     0     0     1 -9999 -9999
1973 03 30 06   150  -100 -9999    90    20     7 -9999 -9999
1973 03 30 09   150  -130 -9999    20    20     7 -9999 -9999
1973 03 30 21    50  -110 -9999    90    40     0 -9999 -9999
1973 03 31 00    70   -90 -9999   110    30     1 -9999 -9999
1973 03 31 06   150  -120 -9999    20    40     7 -9999 -9999
1973 03 31 09   140  -120 -9999    40    60     8 -9999 -9999
1973 04 01 00    80   -90 -9999    90    30     7 -9999 -9999
1973 04 01 06 -9999 -9999 -9999   360    70     7 -9999 -9999
1973 04 01 09   120  -250 -9999   360   100     8 -9999 -9999
1973 04 01 21 -9999 -9999 -9999    40    60     0 -9999 -9999
1973 04 02 00   -50  -120 -9999    40    60     5 -9999 -9999
1973 04 02 09    30  -210 -9999   340    30     7 -9999 -9999
1973 04 02 21   -40  -170 -9999    90    20     0 -9999 -9999
1973 04 03 00   -40  -180 -9999   110    20     7 -9999 -9999
1973 04 03 06    60  -220 -9999   340    20     7 -9999 -9999
1973 04 03 09    70  -230 -9999   340    30     7 -9999 -9999
1973 04 03 21     0  -270 -9999   140    40     0 -9999 -9999
1973 04 04 00    40  -240 -9999   140    40     0 -9999 -9999
1973 04 04 06   110  -190 -9999   340    30     1 -9999 -9999
1973 04 04 09   110  -200 -9999   320    30     6 -9999 -9999
1973 04 04 21    60  -220 -9999   140    40     6 -9999 -9999
1973 04 05 00    80  -160 -9999   160    30     3 -9999 -9999
1973 04 05 06   170  -170 -9999   250    50     1 -9999 -9999
1973 04 05 09   170  -160 -9999   340    50     0 -9999 -9999
1973 04 05 21    70   -80 -9999   110    20     7 -9999 -9999
1973 04 06 00    70   -90 -9999   110    20     6 -9999 -9999
1973 04 06 06 -9999 -9999 -9999    20    30     7 -9999 -9999
1973 04 06 09   160  -110 -9999   340    30     8 -9999 -9999
1973 04 06 21    90  -100 -9999   140    40     2 -9999 -9999
1973 04 07 00   120   -70 -9999   140    30     1 -9999 -9999
1973 04 07 06   200   -60 -9999   360    30     2 -9999 -9999
1973 04 07 09   190   -90 -9999    20    30     7 -9999 -9999
1973 04 07 21    60   -40 -9999   360    10     7 -9999 -9999
1973 04 08 00   100   -50 -9999    90    20     2 -9999 -9999
1973 04 08 06   110   -70 -9999   340    70     0 -9999 -9999
1973 04 08 09   130  -150 -9999   360    90     0 -9999 -9999
1973 04 08 12   120    30 10175 -9999 -9999     1 -9999 -9999
1973 04 09 00    60   -80 -9999     0     0     2 -9999 -9999
1973 04 09 06   130   -90 -9999   360    50     6 -9999 -9999
1973 04 09 09   140   -90 -9999   360    50     7 -9999 -9999
1973 04 10 00    40   -90 -9999   180    30     8 -9999 -9999
1973 04 10 06    90  -140 -9999   360    20     8 -9999 -9999
1973 04 10 09    90  -200 -9999    20    30     8 -9999 -9999
1973 04 10 21   -10  -180 -9999    70    20     0 -9999 -9999
1973 04 11 00     0  -170 -9999   200    60     3 -9999 -9999
1973 04 11 06   100  -230 -9999   250    40     2 -9999 -9999
1973 04 11 09   110  -280 -9999   220    30     1 -9999 -9999
1973 04 11 21    10  -100 -9999     0     0     0 -9999 -9999
1973 04 12 00    60   -80 -9999     0     0     1 -9999 -9999
1973 04 12 09   150  -180 -9999   360    50     5 -9999 -9999
1973 04 12 21   100  -170 -9999   140    50     3 -9999 -9999
1973 04 13 00   130 -9999 -9999   260    60     8 -9999 -9999
1973 04 13 09   190  -100 -9999   200   120     8 -9999 -9999
1973 04 15 00    50  -180 -9999    90    30     8 -9999 -9999
1973 04 15 06    70   -10 -9999   360    40     8 -9999 -9999
1973 04 15 09    40   -10 -9999   360    70     8 -9999 -9999
1973 04 15 21   -10   -90 -9999    40    50     8 -9999 -9999
1973 04 16 00   -10  -200 -9999    20    30     6 -9999 -9999
1973 04 16 09    50  -270 -9999   340    20     0 -9999 -9999
1973 04 16 12    80  -280 10292   290    40     0 -9999 -9999
1973 04 16 21   -40  -150 -9999   140    30     0 -9999 -9999
1973 04 17 00    10  -110 -9999   140    30     1 -9999 -9999
1973 04 17 06    90  -170 -9999     0     0     2 -9999 -9999
1973 04 17 09   110  -200 -9999   340    30     4 -9999 -9999
1973 04 17 21    10  -200 -9999   140    40     0 -9999 -9999
1973 04 18 00    60  -150 -9999   140    20     1 -9999 -9999
1973 04 18 03    20  -250 -9999     0     0     0 -9999 -9999
1973 04 18 06   140  -130 -9999     0     0     1 -9999 -9999
1973 04 18 09   150  -170 -9999   320    60     1 -9999 -9999
1973 04 18 21    50  -130 -9999     0     0     2 -9999 -9999
1973 04 19 00    70  -130 -9999     0     0     0 -9999 -9999
1973 04 19 06   160  -200 -9999   340    80     0 -9999 -9999
1973 04 19 21    70  -140 -9999   160    30     0 -9999 -9999
1973 04 20 00    90  -170 -9999   160    40     0 -9999 -9999
1973 04 20 06   180  -220 -9999   270   100     1 -9999 -9999
1973 04 20 09   190  -220 -9999   320    50     1 -9999 -9999
1973 04 20 21   100  -100 -9999   160    30     0 -9999 -9999
1973 04 21 00   120   -90 -9999   200    40     1 -9999 -9999
1973 04 21 06   200  -160 -9999   320    70     5 -9999 -9999
1973 04 21 09   210  -140 -9999   340    80     7 -9999 -9999
1973 04 21 21    90   -50 -9999   110    30     1 -9999 -9999
1973 04 22 00   130   -60 -9999   200    30     7 -9999 -9999
1973 04 22 06   210   -70 -9999   270    30     2 -9999 -9999
1973 04 22 09   210   -80 -9999   200    50     8 -9999 -9999
1973 04 23 00   160   -90 -9999   160    20     2 -9999 -9999
1973 04 23 06   240   -90 -9999   270    50     3 -9999 -9999
1973 04 23 09   250  -130 -9999   320    70     2 -9999 -9999
1973 04 23 18    50  -180 -9999   260    20     8 -9999 -9999
1973 04 23 21   140   -80 -9999    40    40     8 -9999 -9999
1973 04 24 00 -9999 -9999 -9999    40    60     7 -9999 -9999
1973 04 24 09   190   -80 -9999   360    60     5 -9999 -9999
1973 04 24 21   120   -50 -9999   100    30     8 -9999 -9999
1973 04 25 00   130   -50 -9999   320    20     7 -9999 -9999
1973 04 25 06   190   -40 -9999    20    40     6 -9999 -9999
1973 04 25 21   110   -20 -9999    20    20     8 -9999 -9999
1973 04 26 00   140   -20 -9999    40    20     7 -9999 -9999
1973 04 26 09   230   -20 -9999     0     0     7 -9999 -9999
1973 04 26 21   130   -50 -9999   110    40     2 -9999 -9999
1973 04 27 00   180   -40 -9999   110    30     7 -9999 -9999
1973 04 27 06   230   -30 -9999   270    20     8 -9999 -9999
1973 04 27 09   240   -50 -9999    70    20     7 -9999 -9999
1973 04 28 00   180     0 -9999    70    20     7 -9999 -9999
1973 04 28 06   260   -20 -9999   250    20     7 -9999 -9999
1973 04 28 09   250   -60 -9999   180    50     7 -9999 -9999
1973 04 28 21 -9999 -9999 -9999   110    50     0 -9999 -9999
1973 04 29 00   190    20 -9999    20    20     7 -9999 -9999
1973 04 29 06   240    40 -9999   360    30     7 -9999 -9999
1973 04 29 09   240     0 -9999   360    50     8 -9999 -9999
1973 04 30 00   160    40 -9999   320    20     8 -9999 -9999
1973 04 30 06   230    70 -9999   270    40     7 -9999 -9999
1973 04 30 09   250    50 -9999   270    20     2 -9999 -9999
1973 04 30 21   140    50 -9999   180    20     1 -9999 -9999
1973 05 01 00   160    50 -9999    20    30     6 -9999 -9999
1973 05 01 06   180     0 -9999   360   130     9 -9999 -9999
1973 05 01 09   120    60 -9999    20    80     7 -9999 -9999
1973 05 01 21    80   -20 -9999    40    30     8 -9999 -9999
1973 05 02 00    90     0 -9999     0     0     7 -9999 -9999
1973 05 02 09   130  -140 -9999    20    70     8 -9999 -9999
1973 05 02 21    40   -30 -9999   160    20     1 -9999 -9999
1973 05 03 00    80   -20 -9999   160    10     0 -9999 -9999
1973 05 03 09   170  -120 -9999   250    30     2 -9999 -9999
1973 05 03 21   130   -90 -9999 -9999 -9999     2 -9999 -9999
1973 05 04 00   140    20 -9999   220    60     7 -9999 -9999
1973 05 04 06   220   -60 -9999   340    70     8 -9999 -9999
1973 05 04 09   220   -70 -9999   320    40     6 -9999 -9999
1973 05 04 21   100  -100 -9999   110    40     0 -9999 -9999
1973 05 05 00   170   -90 -9999   180    30     2 -9999 -9999
1973 05 05 06   220   -20 -9999   340    30     8 -9999 -9999
1973 05 05 09   210   -40 -9999     0     0     8 -9999 -9999
1973 05 06 00   120   -20 -9999    20    90     2 -9999 -9999
1973 05 06 06   140     0 -9999    40    80     7 -9999 -9999
1973 05 06 09   100    40 -9999   360    40     8 -9999 -9999
1973 05 06 21    80    20 -9999     0     0     8 -9999 -9999
1973 05 07 00    90    60 -9999     0     0     8 -9999 -9999
1973 05 07 06   150   -40 -9999   340    40     7 -9999 -9999
1973 05 07 09   150   -40 -9999   320    40     7 -9999 -9999
1973 05 07 21    50   -80 -9999    40    30     0 -9999 -9999
1973 05 08 00    80  -140 -9999    70    50     1 -9999 -9999
1973 05 08 06   140  -210 -9999    40    40     7 -9999 -9999
1973 05 08 09   140  -150 -9999    40    60     7 -9999 -9999
1973 05 08 21    40   -90 -9999   110    20     1 -9999 -9999
1973 05 09 00   110   -60 -9999   140    30     2 -9999 -9999
1973 05 09 06   170   -70 -9999   360    20     7 -9999 -9999
1973 05 09 09   180   -70 -9999     0     0     7 -9999 -9999
1973 05 09 21   130   -60 -9999   200    20     8 -9999 -9999
1973 05 10 06   170    20 -9999   200   100     6 -9999 -9999
1973 05 10 09   170    40 -9999   200    60     3 -9999 -9999
1973 05 10 21   120    20 -9999   160    40     1 -9999 -9999
1973 05 11 00   160    40 -9999   180    30     1 -9999 -9999
1973 05 11 06   220   -30 -9999   270    20     7 -9999 -9999
1973 05 11 09   220   -50 -9999   360    20     6 -9999 -9999
1973 05 11 21   130   -80 -9999    90    40     0 -9999 -9999
1973 05 12 06   250   -70 -9999   270    20     6 -9999 -9999
1973 05 12 09   250  -100 -9999     0     0     7 -9999 -9999
1973 05 12 21   170   -50 -9999   220    20     8 -9999 -9999
1973 05 13 00   170    50 -9999   200    40     7 -9999 -9999
1973 05 13 06   110    50 -9999   140    20     7 -9999 -9999
1973 05 13 09   180    70 -9999    40    20     8 -9999 -9999
1973 05 14 00   170     0 -9999   160    60     2 -9999 -9999
1973 05 14 06   230    50 -9999     0     0     4 -9999 -9999
1973 05 14 09   240    30 -9999   160    60     3 -9999 -9999
1973 05 14 21   150    10 -9999     0     0     1 -9999 -9999
1973 05 15 00   150    80 -9999   220    60     7 -9999 -9999
1973 05 15 06   220    20 -9999   220    60     7 -9999 -9999
1973 05 15 09   220    40 -9999    90    20     8 -9999 -9999
1973 05 15 21    90    80 -9999 -9999 -9999     7 -9999 -9999
1973 05 16 00    90     0 -9999   340    60     8 -9999 -9999
1973 05 16 09    70    60 -9999   360    60     8 -9999 -9999
1973 05 16 21    40 -9999 -9999 -9999 -9999     8 -9999 -9999
1973 05 17 00    30  -110 -9999   290    40     0 -9999 -9999
1973 05 17 06   110  -160 -9999   290    50     1 -9999 -9999
1973 05 17 09   150  -120 -9999   290    40     0 -9999 -9999
1973 05 17 21    40   -90 -9999    90    20     0 -9999 -9999
1973 05 18 00   130  -110 -9999   140    30     2 -9999 -9999
1973 05 18 06   190  -160 -9999   320    70     3 -9999 -9999
1973 05 18 09   190  -130 -9999   320    80     2 -9999 -9999
1973 05 18 21    60  -120 -9999     0     0     8 -9999 -9999
1973 05 19 00   120   -80 -9999     0     0     2 -9999 -9999
1973 05 19 06   180  -100 -9999     0     0     6 -9999 -9999
1973 05 19 09   200   -60 -9999     0     0     3 -9999 -9999
1973 05 19 21 -9999 -9999 -9999   140    30     1 -9999 -9999
1973 05 20 00   170   -60 -9999   180    30     8 -9999 -9999
1973 05 20 06   230   -40 -9999   270    70     7 -9999 -9999
1973 05 20 09   230   -20 -9999   200    30     3 -9999 -9999
1973 05 20 21   170    20 -9999   160    50     8 -9999 -9999
1973 05 21 00   170    40 -9999     0     0     8 -9999 -9999
1973 05 21 06   210 -9999 -9999    40    60     8 -9999 -9999
1973 05 21 09   230    30 -9999     0     0     6 -9999 -9999
1973 05 21 21   150   -40 -9999    70    30     0 -9999 -9999
1973 05 22 00   180     0 -9999   200    20     7 -9999 -9999
1973 05 22 06   250   -20 -9999   250    40     6 -9999 -9999
1973 05 22 09   250   -10 -9999   180    20     7 -9999 -9999
1973 05 22 21   170     0 -9999   160    30     6 -9999 -9999
1973 05 23 00   200    30 -9999   180    30     7 -9999 -9999
1973 05 23 06   240    40 -9999   250    20     8 -9999 -9999
1973 05 23 09   220    10 -9999   250    40     8 -9999 -9999
1973 05 23 21   160    50 -9999   220    50     8 -9999 -9999
1973 05 24 00   160    70 -9999   180    20     7 -9999 -9999
1973 05 24 06   260    50 -9999   270    20     1 -9999 -9999
1973 05 24 09   230    30 -9999   220    50     7 -9999 -9999
1973 05 24 21   150    70 -9999   200    20     8 -9999 -9999
1973 05 25 06   220    90 -9999    90    60     2 -9999 -9999
1973 05 25 09   200    30 -9999    20   100     0 -9999 -9999
1973 05 25 21   100    20 -9999    20    40     6 -9999 -9999
1973 05 26 00   110    10 -9999   180    20     7 -9999 -9999
1973 05 26 06   190   -70 -9999   360    20     7 -9999 -9999
1973 05 26 09   190   -50 -9999     0     0     6 -9999 -9999
1973 05 27 00   160    30 -9999     0     0     2 -9999 -9999
1973 05 27 21    40  -140 -9999    90    20     0 -9999 -9999
1973 05 28 00   110  -140 -9999   200    20     1 -9999 -9999
1973 05 28 06   170  -140 -9999   320    20     1 -9999 -9999
1973 05 28 09   180  -220 -9999     0     0     1 -9999 -9999
1973 05 28 21    60 -9999 -9999     0     0     0 -9999 -9999
1973 05 29 00   160  -180 -9999     0     0     4 -9999 -9999
1973 05 29 21   130  -110 -9999   140    30     1 -9999 -9999
1973 05 30 00   180   -40 -9999     0     0     0 -9999 -9999
1973 05 30 09   250   -90 -9999   320    30     7 -9999 -9999
1973 05 30 21   140  -160 -9999    90    30     5 -9999 -9999
1973 05 31 00   200   -10 -9999     0     0     0 -9999 -9999
1973 05 31 06   260   -20 -9999     0     0     2 -9999 -9999
1973 05 31 09   260   -50 -9999   360    30     3 -9999 -9999
1973 06 01 00   200    20 -9999     0     0     7 -9999 -9999
1973 06 01 06   270   -30 -9999   280    30     8 -9999 -9999
1973 06 01 09   260   -20 -9999   250    80     8 -9999 -9999
1973 06 01 21   170    20 -9999   200   200     7 -9999 -9999
1973 06 02 00   170    40 -9999    70    50     7 -9999 -9999
1973 06 02 06   230    30 -9999    20    30     4 -9999 -9999
1973 06 02 09   230    30 -9999    20    40     6 -9999 -9999
1973 06 02 21   160   -20 -9999   240    30     1 -9999 -9999
1973 06 03 00   210    20 -9999     0     0     1 -9999 -9999
1973 06 03 06   250   -40 -9999   160    30     7 -9999 -9999
1973 06 03 09   250   -20 -9999   360    20     8 -9999 -9999
1973 06 03 21    10   -60 -9999   160    10     0 -9999 -9999
1973 06 04 00    90    30 -9999     0     0     6 -9999 -9999
1973 06 04 06   240   -90 -9999   340    60     1 -9999 -9999
1973 06 04 09   240   -90 -9999   360    60     2 -9999 -9999
1973 06 04 21   130   -70 -9999    70    20     0 -9999 -9999
1973 06 05 00   210   -30 -9999     0     0     0 -9999 -9999
1973 06 05 06   260   -60 -9999     0     0     1 -9999 -9999
1973 06 05 09   280   -20 -9999     0     0     1 -9999 -9999
1973 06 05 21   160   -90 -9999   110    50     0 -9999 -9999
1973 06 06 00   240   -60 -9999   140    50     0 -9999 -9999
1973 06 06 09   290   -50 -9999   270    30     7 -9999 -9999
1973 06 06 21   170    20 -9999   140    30     0 -9999 -9999
1973 06 07 00   200    20 -9999   200    50     6 -9999 -9999
1973 06 07 09   270   -10 -9999   360    60     6 -9999 -9999
1973 06 07 21   140    10 -9999    40    30     1 -9999 -9999
1973 06 08 06   140    70 -9999   360    90     8 -9999 -9999
1973 06 08 09   170    60 -9999   290    20     2 -9999 -9999
1973 06 08 21   120    30 -9999    90    40     7 -9999 -9999
1973 06 09 00   120    40 -9999   110    30     8 -9999 -9999
1973 06 09 06   160    10 -9999   360    20     8 -9999 -9999
1973 06 09 09   170    10 -9999   180    80     6 -9999 -9999
1973 06 09 21   100    10 -9999   110    40     1 -9999 -9999
1973 06 10 00   150    30 -9999   160    30     1 -9999 -9999
1973 06 10 06   220     0 -9999     0     0     2 -9999 -9999
1973 06 10 09   220     0 -9999     0     0     2 -9999 -9999
1973 06 10 21   170   -40 -9999   140    70     1 -9999 -9999
1973 06 11 00   200   -90 -9999   110    80     1 -9999 -9999
1973 06 11 06   250   -10 -9999   180    70     2 -9999 -9999
1973 06 11 09   260   -10 -9999   140    40     7 -9999 -9999
1973 06 11 21   190 -9999 -9999   200    30     2 -9999 -9999
1973 06 12 00   200    50 -9999   340    20     8 -9999 -9999
1973 06 12 06   250    30 -9999   180    50     6 -9999     0
1973 06 12 21   190    10 -9999   110    30     8 -9999 -9999
1973 06 13 00   190    20 -9999    90    20     7 -9999 -9999
1973 06 13 06   250   -10 -9999   270    40     6 -9999 -9999
1973 06 13 09   250    10 -9999    90    30     4 -9999 -9999
1973 06 14 00   150    90 -9999   160    20     8 -9999 -9999
1973 06 14 06   180    70 -9999   220    60     8 -9999     0
1973 06 14 09   180    70 -9999   200    50     8 -9999 -9999
1973 06 14 21   120    30 -9999   180    30     1 -9999 -9999
1973 06 15 00   150    60 -9999   200    50     1 -9999 -9999
1973 06 15 06   250   -20 -9999   360    20     2 -9999 -9999
1973 06 15 09   250     0 -9999     0     0     7 -9999 -9999
1973 06 15 21   160   -20 -9999   110    30     7 -9999 -9999
1973 06 16 00   210    20 -9999   180    30     7 -9999 -9999
1973 06 16 06   260    20 -9999   220    20     8 -9999 -9999
1973 06 16 09   260    20 -9999   180    50     8 -9999 -9999
1973 06 17 00   220    30 -9999     0     0     1 -9999 -9999
1973 06 17 06   260     0 -9999   260    30     8 -9999 -9999
1973 06 17 09   260    10 -9999   210    20     8 -9999 -9999
1973 06 17 21   160 -9999 -9999    90    40     2 -9999 -9999
1973 06 18 00   220    50 -9999   180    20     3 -9999 -9999
1973 06 18 06   260    30 -9999   180    70     7 -9999     0
1973 06 18 09   270    20 -9999    40    30     8 -9999 -9999
1973 06 18 21   170    20 -9999     0     0     5 -9999 -9999
1973 06 19 00   230    60 -9999     0     0     7 -9999 -9999
1973 06 19 06   280    10 -9999 -9999 -9999     7 -9999 -9999
1973 06 19 09   280    30 -9999   140    60     7 -9999 -9999
1973 06 20 00   220    40 -9999   360    20     7 -9999 -9999
1973 06 20 21   170    80 -9999    90    20     7 -9999 -9999
1973 06 21 00   210    80 -9999   360    20     5 -9999 -9999
1973 06 21 06   160    70 -9999     0     0     7 -9999 -9999
1973 06 21 09   270    70 -9999     0     0     7 -9999 -9999
1973 06 21 21   190   100 -9999     0     0     7 -9999 -9999
1973 06 22 00   190   110 -9999    90    50     7 -9999 -9999
1973 06 22 06   290    90 -9999     0     0     6 -9999 -9999
1973 06 22 09   290    90 -9999   220    30     7 -9999 -9999
1973 06 22 21   190   100 -9999     0     0     7 -9999 -9999
1973 06 23 00   190   110 -9999   360    40     7 -9999 -9999
1973 06 23 06   190   130 -9999   360    60     8 -9999 -9999
1973 06 23 09   170   140 -9999   270    40     8 -9999 -9999
1973 06 24 00   180   110 -9999   160    30     2 -9999 -9999
1973 06 24 06   220    90 -9999   200    30     7 -9999 -9999
1973 06 24 09   240    50 -9999   320   100     7 -9999 -9999
1973 06 25 00   130    90 -9999   160    20     8 -9999 -9999
1973 06 25 06   180    90 -9999   180    40     8 -9999    20
1973 06 25 21   150    80 -9999   160    40     4 -9999 -9999
1973 06 26 00   160    60 -9999   180    40     7 -9999 -9999
1973 06 26 06   260    40 -9999   360    50     7 -9999     0
1973 06 26 09   210   100 -9999   140    20     7 -9999 -9999
1973 06 26 21   140    70 -9999   110    20     1 -9999 -9999
1973 06 27 09   280    50 -9999    70    30     1 -9999 -9999
1973 06 27 21   180    40 -9999   110    40     0 -9999 -9999
1973 06 28 09   300    20 -9999   140    60     3 -9999 -9999
1973 06 28 21   230    30 -9999 -9999 -9999     0 -9999 -9999
1973 06 29 00   250    60 -9999   180    20     4 -9999 -9999
1973 06 29 06   210    40 -9999     0     0     7 -9999 -9999
1973 06 29 09   230   120 -9999   290    20     7 -9999 -9999
1973 06 30 06   170   100 -9999     0     0     8 -9999 -9999
1973 06 30 09   180    80 -9999     0     0     7 -9999 -9999
1973 07 01 00   170    50 -9999   180    30     1 -9999 -9999
1973 07 01 06   240   -10 -9999   200    20     1 -9999 -9999
1973 07 01 09   260   -10 -9999   320    20     1 -9999 -9999
1973 07 01 21   180   -10 -9999   170    50     0 -9999 -9999
1973 07 02 00   220    10 -9999   180    50     1 -9999 -9999
1973 07 02 06   280   -20 -9999   180    80     1 -9999 -9999
1973 07 02 09   290    10 -9999   220    20     1 -9999 -9999
1973 07 02 21   190    30 -9999    40    20     1 -9999 -9999
1973 07 03 00   190   -10 -9999    40   100     6 -9999 -9999
1973 07 03 06   160    80 -9999   360    80     7 -9999    70
1973 07 03 09   150    90 -9999   360    50     8 -9999 -9999
1973 07 03 21   140    50 -9999   110    40     0 -9999 -9999
1973 07 04 00   150    70 -9999   160    20     0 -9999 -9999
1973 07 04 21   200    50 -9999   180    60     0 -9999 -9999
1973 07 05 00   240    80 -9999   180    60     1 -9999 -9999
1973 07 05 06   280    40 -9999   220    50     1 -9999 -9999
1973 07 05 21   220   110 -9999   160    90     1 -9999 -9999
1973 07 06 09   290    80 -9999   140   200     0 -9999 -9999
1973 07 06 21   210   120 -9999   140   160     2 -9999 -9999
1973 07 07 21   190   120 -9999     0     0     8 -9999 -9999
1973 07 09 00   180    70 -9999 -9999 -9999 -9999 -9999     0
1973 07 09 21   160   160 -9999   220    20     7 -9999 -9999
1973 07 10 00   190 -9999 -9999    70    10     7 -9999 -9999
1973 07 10 06   270   150 -9999 -9999 -9999 -9999 -9999 -9999
1973 07 10 09   260   140 -9999   140    80     7 -9999 -9999
1973 07 10 21 -9999 -9999 -9999    90    50     9 -9999 -9999
1973 07 11 00   220   170 -9999   180    20     7 -9999    20
1973 07 11 21   160   140 -9999   160    20     6 -9999 -9999
1973 07 12 00   180   130 -9999   180    40     2 -9999 -9999
1973 07 12 06   240   110 -9999     0     0     7 -9999 -9999
1973 07 12 21   160   100 -9999    90    20     1 -9999 -9999
1973 07 13 00   200   100 -9999   200    30     2 -9999 -9999
1973 07 13 06   260    70 -9999   320    30     3 -9999 -9999
1973 07 13 09   220    50 -9999   340    60     8 -9999 -9999
1973 07 13 21   170   100 -9999     0     0     7 -9999 -9999
1973 07 14 00   170   120 -9999   200    20     2 -9999 -9999
1973 07 14 06   240    80 -9999   220    20     2 -9999 -9999
1973 07 14 09   260    60 -9999   320    40     5 -9999 -9999
1973 07 15 00   180   120 -9999     0     0     7 -9999 -9999
1973 07 15 06   160   100 -9999   180    30     7 -9999    80
1973 07 15 09   230   110 -9999     0     0     7 -9999 -9999
1973 07 15 21   180    90 -9999   180   100     1 -9999 -9999
1973 07 16 00   200    80 -9999   140    60     1 -9999 -9999
1973 07 16 06   260    50 -9999   160   100     1 -9999 -9999
1973 07 16 09   270    40 -9999   140    70     1 -9999 -9999
1973 07 16 21   180    90 -9999    90    20     3 -9999 -9999
1973 07 17 00   190   110 -9999     0     0     7 -9999 -9999
1973 07 17 06   200   140 -9999    90    20     7 -9999   120
1973 07 17 09   220   120 -9999    20    20     3 -9999 -9999
1973 07 17 21   170    70 -9999   180    30     6 -9999 -9999
1973 07 18 00   190   100 -9999   160    60     1 -9999 -9999
1973 07 18 09   270     0 -9999   360    80     3 -9999 -9999
1973 07 18 21   170    40 -9999   140    20     2 -9999 -9999
1973 07 19 06   280     0 -9999   320    40     2 -9999 -9999
1973 07 19 09   280     0 -9999   360    70     7 -9999 -9999
1973 07 19 21   190    80 -9999     0     0     6 -9999 -9999
1973 07 20 00   200    90 -9999     0     0     1 -9999 -9999
1973 07 20 06   290    20 -9999   270    50     1 -9999 -9999
1973 07 20 09   290    30 -9999   220    40     6 -9999 -9999
1973 07 21 00   210    10 -9999   140    30     1 -9999 -9999
1973 07 21 06   280   -80 -9999   240    80     3 -9999 -9999
1973 07 21 21   190 -9999 -9999    90    20     3 -9999 -9999
1973 07 22 00   200    50 -9999    70    20     6 -9999 -9999
1973 07 22 06   270    10 -9999   320    80     6 -9999 -9999
1973 07 22 09   290    10 -9999   320    50     6 -9999 -9999
1973 07 22 21   190    40 -9999     0     0     7 -9999 -9999
1973 07 23 00   210    60 -9999   250    40     6 -9999 -9999
1973 07 23 06   270    10 -9999     0     0     2 -9999 -9999
1973 07 23 21   200    30 -9999 -9999 -9999     8 -9999 -9999
1973 07 24 00   210    60 -9999   140    20     8 -9999 -9999
1973 07 24 06   260    30 -9999   200   110     7 -9999 -9999
1973 07 24 09   270    40 -9999   220    70     7 -9999 -9999
1973 07 24 21   180    40 -9999   140    40     0 -9999 -9999
1973 07 25 00   230    20 -9999   160    50     1 -9999 -9999
1973 07 25 06   300    10 -9999    40    20     1 -9999 -9999
1973 07 25 09   300   -10 -9999     0     0     1 -9999 -9999
1973 07 26 00   240    30 -9999   140    40     1 -9999 -9999
1973 07 26 06   310    10 -9999   270    20     1 -9999 -9999
1973 07 26 09   320    50 -9999   140    20     1 -9999 -9999
1973 07 27 00   250    60 -9999     0     0     7 -9999 -9999
1973 07 27 06   290    50 -9999   340    40     7 -9999 -9999
1973 07 27 21   200   120 -9999     0     0     1 -9999 -9999
1973 07 28 00   210   120 -9999 -9999 -9999     3 -9999     0
1973 07 28 06   280   100 -9999   360   100     2 -9999 -9999
1973 07 28 09   300    80 -9999 -9999 -9999     2 -9999 -9999
1973 07 28 21   200    70 -9999   140    30     0 -9999 -9999
1973 07 29 00   260   110 -9999   140    20     7 -9999 -9999
1973 07 29 06   300    90 -9999   290    20     7 -9999 -9999
1973 07 29 09   200    90 -9999   360   140     7 -9999 -9999
1973 07 30 00   160   130 -9999     0     0     7 -9999     2
1973 07 30 06   240    90 -9999     0     0     7 -9999 -9999
1973 07 30 09   270    60 -9999   270   200     7 -9999 -9999
1973 07 30 21   170    90 -9999   110    20     6 -9999 -9999
1973 07 31 00   190    70 -9999     0     0     7 -9999 -9999
1973 07 31 06   250    50 -9999    40    20     8 -9999 -9999
1973 07 31 09   270    60 -9999   290    40     8 -9999 -9999
1973 07 31 21   170    40 -9999   220    40     6 -9999 -9999
1973 08 01 00   210    40 -9999   220    20     3 -9999 -9999
1973 08 01 06   290    20 -9999   220    20     2 -9999 -9999
1973 08 01 09   310    10 -9999   320    20     2 -9999 -9999
1973 08 01 21   200    40 -9999   180    20     0 -9999 -9999
1973 08 02 00   240    20 -9999   180    40     2 -9999 -9999
1973 08 02 06   330   -10 -9999 -9999 -9999     4 -9999 -9999
1973 08 02 21   210    40 -9999   110    20     7 -9999 -9999
1973 08 03 00   220    70 -9999    90    20     7 -9999 -9999
1973 08 03 06   310     0 -9999   320    40     7 -9999 -9999
1973 08 03 09   310     0 -9999   340    60     7 -9999 -9999
1973 08 03 21   210   -30 -9999 -9999 -9999     0 -9999 -9999
1973 08 04 00   250   -30 -9999   110    60     0 -9999 -9999
1973 08 04 03   210   -30 -9999   240    20     1 -9999 -9999
1973 08 04 06 -9999   -30 -9999 -9999 -9999     1 -9999 -9999
1973 08 04 09   130   -60 -9999   180   100     1 -9999 -9999
1973 08 04 21   260    50 -9999   200   110     7 -9999 -9999
1973 08 05 00   240    70 -9999   180    60     3 -9999     0
1973 08 05 06   300    50 -9999   220    40     7 -9999 -9999
1973 08 05 09   310    60 -9999     0     0     7 -9999 -9999
1973 08 05 21   240    80 -9999   180    50     1 -9999 -9999
1973 08 06 00   250    90 -9999   160    30     0 -9999 -9999
1973 08 06 03   300   130 -9999    70    50     0 -9999 -9999
1973 08 06 06   310    70 -9999   140   150     1 -9999 -9999
1973 08 06 09   320    80 -9999   160   100     0 -9999 -9999
1973 08 06 21   170   160 -9999     0     0     0 -9999 -9999
1973 08 07 00   190   140 -9999   360    20     7 -9999 -9999
1973 08 07 06   260    70 -9999   360    30     2 -9999 -9999
1973 08 07 09   270    80 -9999     0     0     1 -9999 -9999
1973 08 07 21   190 -9999 -9999   110    20     0 -9999 -9999
1973 08 08 00   230   140 -9999   110    20     2 -9999 -9999
1973 08 08 06   290   100 -9999   160   100     3 -9999 -9999
1973 08 08 09   300   100 -9999   160    80     1 -9999 -9999
1973 08 08 21   230   140 -9999   160   120     1 -9999 -9999
1973 08 09 21   230   120 -9999   160   150     0 -9999 -9999
1973 08 10 00   240   120 -9999   180    80     1 -9999 -9999
1973 08 10 06   310   120 -9999   200    90     0 -9999 -9999
1973 08 10 09   320   110 -9999   200   110     0 -9999 -9999
1973 08 10 21   190    90 -9999   340    40     8 -9999 -9999
1973 08 11 06   220   100 -9999   360    60     1 -9999 -9999
1973 08 11 09   210   100 -9999    40    80     7 -9999 -9999
1973 08 11 18     0 -9999 -9999 -9999 -9999 -9999 -9999 -9999
1973 08 11 21   170  -120 -9999    70    20     8 -9999 -9999
1973 08 12 00   160   130 -9999    40    30     7 -9999 -9999
1973 08 12 06   160   120 -9999    40    50     8 -9999 -9999
1973 08 12 21   140   140 -9999     0     0     9 -9999 -9999
1973 08 13 00   170   140 -9999   110    20     7 -9999     0
1973 08 13 06   210   150 -9999   360    50     7 -9999 -9999
1973 08 13 09   220   150 -9999   360    30     7 -9999 -9999
1973 08 13 21   180   150 -9999    90    20     6 -9999 -9999
1973 08 14 00   180   170 -9999   250    20     1 -9999     2
1973 08 14 06 -9999 -9999 -9999     0     0     7 -9999 -9999
1973 08 14 21   220   140 -9999   290    60     7 -9999 -9999
1973 08 15 00   170   160 -9999   250    70     8 -9999    70
1973 08 15 06   170   160 -9999   220    30     8 -9999 -9999
1973 08 15 09   200   160 -9999   180    20     7 -9999 -9999
1973 08 15 12   220   -40 -9999 -9999 -9999     7 -9999 -9999
1973 08 16 00   180    90 -9999   140    20     1 -9999 -9999
1973 08 16 09   270    80 -9999   200   200     7 -9999 -9999
1973 08 16 21   160   120 -9999    20    20     8 -9999 -9999
1973 08 17 00   150   120 -9999     0     0     8 -9999    30
1973 08 17 06   220   100 -9999   270    40     3 -9999    10
1973 08 17 09   230   100 -9999   270    70     2 -9999 -9999
1973 08 17 21   150    80 -9999   140    50     0 -9999 -9999
1973 08 18 00   180   100 -9999    40    30     1 -9999 -9999
1973 08 18 06   250    90 -9999     0     0     7 -9999 -9999
1973 08 18 09   260    90 -9999     0     0     7 -9999 -9999
1973 08 18 21   210   120 -9999   140    80     8 -9999 -9999
1973 08 19 00   170   130 -9999     0     0     8 -9999    10
1973 08 19 06   190   150 -9999   340    40     7 -9999    30
1973 08 19 21   160 -9999 -9999   180    20     8 -9999 -9999
1973 08 20 00   270   150 -9999     0     0     7 -9999 -9999
1973 08 20 09   200   160 -9999   140    30     7 -9999 -9999
1973 08 20 21   170   120 -9999   140    40     7 -9999 -9999
1973 08 21 00   190   130 -9999   140    30     7 -9999 -9999
1973 08 21 09   220   110 -9999    90    30     7 -9999 -9999
1973 08 22 00   210   110 -9999   160    50     1 -9999 -9999
1973 08 22 06   270    80 -9999   140   120     1 -9999 -9999
1973 08 22 09   270   100 -9999   140   110     1 -9999 -9999
1973 08 22 12   290   130 -9999   140    60     0 -9999 -9999
1973 08 22 21   180   100 -9999    90    40     0 -9999 -9999
1973 08 23 00   220 -9999 -9999   110    30     1 -9999 -9999
1973 08 23 06   290   150 -9999   250    40     7 -9999 -9999
1973 08 23 09   280   150 -9999   220    20     7 -9999 -9999
1973 08 23 21   180   110 -9999    40    40     5 -9999 -9999
1973 08 24 00   190   120 -9999    70    20     4 -9999 -9999
1973 08 24 03   250    90 -9999     0     0     1 -9999 -9999
1973 08 24 06   280    70 -9999   220    30     3 -9999 -9999
1973 08 24 09   290    60 -9999   220    30     3 -9999 -9999
1973 08 24 21   180   100 -9999    40    70     8 -9999 -9999
1973 08 25 00   170   110 -9999    20    70     7 -9999     0
1973 08 25 06   190   120 -9999    20    20     8 -9999    10
1973 08 25 09   200   130 -9999     0     0     8 -9999 -9999
1973 08 25 21   140   130 -9999     0     0     8 -9999 -9999
1973 08 26 00   130   110 -9999   180    20     8 -9999    50
1973 08 26 06   150   110 -9999     0     0     7 -9999    40
1973 08 26 09   170   120 -9999   250    30     3 -9999 -9999
1973 08 26 21 -9999 -9999 -9999 -9999 -9999     0 -9999 -9999
1973 08 27 00   130    90 -9999     0     0     1 -9999 -9999
1973 08 27 06   220    60 -9999   200    50     3 -9999 -9999
1973 08 27 09   240    70 -9999   220    40     6 -9999 -9999
1973 08 28 00   170    70 -9999    40    20     8 -9999 -9999
1973 08 28 06   230    50 -9999    20    20     7 -9999 -9999
1973 08 28 09   240    60 -9999    20    30     7 -9999 -9999
1973 08 28 21   140 -9999 -9999    90    20     0 -9999 -9999
1973 08 29 00   160    60 -9999     0     0     6 -9999 -9999
1973 08 29 06   220    40 -9999   160    50     7 -9999 -9999
1973 08 29 09   220    60 -9999     0     0     8 -9999 -9999
1973 08 29 21   140   120 -9999   160    30     6 -9999 -9999
1973 08 30 00   150   120 -9999   140    20     2 -9999 -9999
1973 08 30 06   230    90 -9999   220    30     1 -9999 -9999
1973 08 30 09   240    60 -9999     0     0     1 -9999 -9999
1973 08 30 21   140    50 -9999   110    30     0 -9999 -9999
1973 08 31 00    80 -9999 -9999    90    90     0 -9999 -9999
1973 08 31 06   260    80 -9999     0     0     2 -9999 -9999
1973 08 31 09   270    40 -9999   340    30     2 -9999 -9999
1973 08 31 21   150    60 -9999     0     0     0 -9999 -9999
1973 09 01 00   180    70 -9999   110    20     0 -9999 -9999
1973 09 01 09   260    50 -9999   220    20     3 -9999 -9999
1973 09 02 00   200    70 -9999   140    40     7 -9999 -9999
1973 09 02 06   260    20 -9999   140    80     7 -9999 -9999
1973 09 02 09   250    40 -9999   160   100     7 -9999 -9999
1973 09 02 21   200    70 -9999   360    20     8 -9999 -9999
1973 09 03 06   200    60 -9999   140   110     7 -9999 -9999
1973 09 03 09   190    80 -9999   160   110     7 -9999 -9999
1973 09 04 00   150   120 -9999     0     0     1 -9999 -9999
1973 09 04 06   190   120 -9999   320    40     7 -9999 -9999
1973 09 04 09   210   100 -9999    20    20     5 -9999 -9999
1973 09 04 21   130   100 -9999     0     0     1 -9999 -9999
1973 09 05 00   150   100 -9999    90    20     7 -9999 -9999
1973 09 05 06   220   110 -9999   360    20     7 -9999 -9999
1973 09 05 09   220   110 -9999   270    20     7 -9999 -9999
1973 09 05 21   170   130 -9999    70    20     8 -9999 -9999
1973 09 06 00   170   120 -9999   160    20     7 -9999 -9999
1973 09 06 06   170   110 -9999   160    70     7 -9999    20
1973 09 06 09   150   140 -9999   360    30     8 -9999 -9999
1973 09 06 21   130   120 -9999    20    20     7 -9999 -9999
1973 09 07 00   150   100 -9999    70    20     3 -9999     0
1973 09 07 06   190   120 -9999    20    40     6 -9999 -9999
1973 09 07 09   210    40 -9999   340    50     4 -9999 -9999
1973 09 07 21   130    50 -9999   160    40     0 -9999 -9999
1973 09 08 00   140    70 -9999     0     0     1 -9999 -9999
1973 09 08 09   220   -50 -9999   340    40     1 -9999 -9999
1973 09 08 21   100    40 -9999    90    20     0 -9999 -9999
1973 09 09 00   130    30 -9999    90    20     1 -9999 -9999
1973 09 09 06   190    10 -9999    20    40     1 -9999 -9999
1973 09 09 09   190    40 -9999    20    70     3 -9999 -9999
1973 09 09 21   100    50 -9999   110    20     0 -9999 -9999
1973 09 10 00   120    60 -9999   180    20     7 -9999 -9999
1973 09 10 06   170    70 -9999   290    20     8 -9999 -9999
1973 09 10 09   170    70 -9999     0     0     8 -9999 -9999
1973 09 11 00   130    90 -9999   140    20     7 -9999 -9999
1973 09 11 06   200    60 -9999   360    40     4 -9999 -9999
1973 09 11 09   200    40 -9999   360    40     2 -9999 -9999
1973 09 11 21   100   -40 -9999   110    50     0 -9999 -9999
1973 09 12 00   140   -30 -9999   140    40     0 -9999 -9999
1973 09 12 06   220    10 -9999     0     0     1 -9999 -9999
1973 09 12 09   220    10 -9999   360    20     1 -9999 -9999
1973 09 12 21   160    20 -9999   200    60     7 -9999 -9999
1973 09 13 00   160    40 -9999   180    30     7 -9999 -9999
1973 09 13 06   220   -30 -9999   140    70     6 -9999 -9999
1973 09 13 09   220   -10 -9999   140    90     7 -9999 -9999
1973 09 13 21   150    80 -9999   200    40     7 -9999 -9999
1973 09 14 00   140    80 -9999   180    40     7 -9999 -9999
1973 09 14 09   190    30 -9999     0     0     1 -9999 -9999
1973 09 15 00   130    40 -9999   180    20     7 -9999 -9999
1973 09 15 06   180    80 -9999    40    70     7 -9999 -9999
1973 09 15 09   160    80 -9999    20    80     7 -9999 -9999
1973 09 15 21    90    90 -9999   360    20     8 -9999 -9999
1973 09 16 00    80    70 -9999   320    50     8 -9999    20
1973 09 16 06 -9999 -9999 -9999     0     0     6 -9999     0
1973 09 16 09    90 -9999 -9999     0     0     7 -9999 -9999
1973 09 16 21    70    60 -9999     0     0     6 -9999 -9999
1973 09 17 00    80    60 -9999     0     0     1 -9999 -9999
1973 09 17 06   140    70 -9999   340    30     3 -9999 -9999
1973 09 17 09   160    60 -9999     0     0     5 -9999 -9999
1973 09 17 21    80    30 -9999   140    20     1 -9999 -9999
1973 09 18 00   110    40 -9999   140    20     1 -9999 -9999
1973 09 18 06   180    10 -9999   270    20     2 -9999 -9999
1973 09 18 09   190    20 -9999   270    20     2 -9999 -9999
1973 09 18 21   120    10 -9999   180    20     0 -9999 -9999
1973 09 19 06   210   -30 -9999   290    50     3 -9999 -9999
1973 09 19 09   220   -30 -9999   290    20     2 -9999 -9999
1973 09 19 21   110   -20 -9999   200    30     1 -9999 -9999
1973 09 20 00   130     0 -9999   140    30     1 -9999 -9999
1973 09 20 06   220   -10 -9999     0     0     1 -9999 -9999
1973 09 20 09   230   -30 -9999     0     0     1 -9999 -9999
1973 09 20 21   120   -30 -9999   110    40     0 -9999 -9999
1973 09 21 00   150   -20 -9999   140    30     0 -9999 -9999
1973 09 21 09   230   -70 -9999     0     0     0 -9999 -9999
1973 09 21 21   140    20 -9999   140    30     2 -9999 -9999
1973 09 22 00   160    60 -9999   140    20     9 -9999 -9999
1973 09 22 06   230    70 -9999     0     0     2 -9999 -9999
1973 09 22 09   250    40 -9999   270    40     5 -9999 -9999
1973 09 23 00   170    70 -9999     0     0     7 -9999 -9999
1973 09 23 06   220   100 -9999    40    40     7 -9999     0
1973 09 23 09   190   100 -9999    20    40     8 -9999 -9999
1973 09 23 21   110    70 -9999    20    80     8 -9999 -9999
1973 09 24 00    80    60 -9999    40   100     1 -9999     5
1973 09 24 06   140    40 -9999   360    30     1 -9999 -9999
1973 09 24 09   140     0 -9999    20    80     1 -9999 -9999
1973 09 24 21    70    20 -9999     0     0     7 -9999 -9999
1973 09 25 00    90    20 -9999     0     0     7 -9999     0
1973 09 25 06   140    20 -9999   280    30     1 -9999 -9999
1973 09 25 09   160    20 -9999   250    20     1 -9999 -9999
1973 09 25 21    80    10 -9999   140    20     0 -9999 -9999
1973 09 26 00   100    40 -9999 -9999 -9999     1 -9999 -9999
1973 09 26 06   180    20 -9999   340    20     2 -9999 -9999
1973 09 26 09   190    30 -9999   140    40     2 -9999 -9999
1973 09 26 21   100    60 -9999     0     0     6 -9999 -9999
1973 09 27 00   120    50 -9999   140    20     8 -9999 -9999
1973 09 27 06    90    80 -9999    40    40     8 -9999    30
1973 09 27 09    90    80 -9999 -9999 -9999     8 -9999 -9999
1973 09 27 12   120  -110 -9999   270    40     0 -9999 -9999
1973 09 27 21    70    60 -9999     0     0     0 -9999 -9999
1973 09 28 00    80    70 -9999   110    20     1 -9999 -9999
1973 09 28 03   120 -9999 -9999    70    80     7 -9999 -9999
1973 09 28 09   160    40 -9999     0     0     5 -9999 -9999
1973 09 28 21    80    20 -9999   140    40     0 -9999 -9999
1973 09 29 09   200   -10 -9999   270    20     0 -9999 -9999
1973 09 29 21   100   -20 -9999   110    30     0 -9999 -9999
1973 09 30 06   210    20 -9999   140   100     7 -9999 -9999
1973 09 30 09   200    10 -9999   140   120     6 -9999 -9999
1973 09 30 21   140    50 -9999    70    40     8 -9999 -9999
1973 10 01 06   170    90 -9999     0     0     8 -9999 -9999
1973 10 01 09   160    90 -9999   360    60     8 -9999 -9999
1973 10 01 21    60    60 -9999   320    20 -9999 -9999 -9999
1973 10 02 00    60    50 -9999   320    20     8 -9999   100
1973 10 02 06    80    60 -9999    20    20     8 -9999    50
1973 10 02 09    80    50 -9999     0     0     8 -9999 -9999
1973 10 02 21    90    80 -9999     0     0     8 -9999 -9999
1973 10 03 00    90    70 -9999   320    10     8 -9999    10
1973 10 03 09   100   100 -9999   320    20     8 -9999 -9999
1973 10 03 21    60    60 -9999    20    50     9 -9999 -9999
1973 10 04 00    60    50 -9999    40    20     8 -9999     0
1973 10 04 06    70    60 -9999    20    60     8 -9999    60
1973 10 04 09    60    50 -9999    40    60     8 -9999 -9999
1973 10 04 21    50    50 -9999     0     0     8 -9999 -9999
1973 10 05 00    50    40 -9999     0     0     8 -9999 -9999
1973 10 05 06    70    50 -9999   360    20     7 -9999 -9999
1973 10 05 21    60    30 -9999   360    20     7 -9999 -9999
1973 10 06 00    50    20 -9999    20    20     2 -9999 -9999
1973 10 06 06    80   -20 -9999    20    30     1 -9999 -9999
1973 10 06 09    80     0 -9999    20    70     2 -9999 -9999
1973 10 06 21    20     0 -9999     0     0     0 -9999 -9999
1973 10 07 00    30     0 -9999   110    20     1 -9999 -9999
1973 10 07 06   100     0 -9999   320    20     2 -9999 -9999
1973 10 07 09   110    20 -9999   360    20     1 -9999 -9999
1973 10 07 21    30   -20 -9999   110    30     0 -9999 -9999
1973 10 08 00    70   -40 -9999   140    30     7 -9999 -9999
1973 10 08 06   130     0 -9999   320    30     6 -9999 -9999
1973 10 08 09   130    10 -9999    40    30     7 -9999 -9999
1973 10 08 21    40    20 -9999   200    20     1 -9999 -9999
1973 10 09 00    70    30 -9999   180    30     7 -9999 -9999
1973 10 09 06   130    40 -9999   290    30     8 -9999 -9999
1973 10 09 21    60   -40 -9999   140    40     0 -9999 -9999
1973 10 10 00    70   -50 -9999   140    50     2 -9999 -9999
1973 10 10 06   170   -20 -9999   320    20     7 -9999 -9999
1973 10 10 09   170   -20 -9999     0     0     7 -9999 -9999
1973 10 10 21    80   -10 -9999    20    80     8 -9999 -9999
1973 10 11 00    70   -40 -9999    40    70     6 -9999 -9999
1973 10 11 06    80   -90 -9999   360    70     8 -9999 -9999
1973 10 11 09    80   -80 -9999   360    20     8 -9999 -9999
1973 10 11 21    40    20 -9999    20    20     8 -9999 -9999
1973 10 12 00    50    20 -9999     0     0     8 -9999     5
1973 10 12 06    80    20 -9999   360    30     6 -9999     0
1973 10 12 09    90   -10 -9999   340    20     3 -9999 -9999
1973 10 12 21    20   -10 -9999   160    30     2 -9999 -9999
1973 10 13 06    90   -30 -9999    20    50     2 -9999 -9999
1973 10 13 09    90   -60 -9999    70    30     3 -9999 -9999
1973 10 13 21    50     0 -9999     0     0     8 -9999 -9999
1973 10 14 00    40   -40 -9999     0     0     2 -9999 -9999
1973 10 14 06   100   -70 -9999   220    30     2 -9999 -9999
1973 10 14 09   100   -60 -9999   320    20     1 -9999 -9999
1973 10 14 21    20   -30 -9999   160    30     0 -9999 -9999
1973 10 15 00    30   -20 -9999   160    20     1 -9999 -9999
1973 10 15 09   110   -30 -9999   360    20     1 -9999 -9999
1973 10 15 21    20   -10 -9999    90    30     0 -9999 -9999
1973 10 16 00    30   -40 -9999     0     0     1 -9999 -9999
1973 10 16 06   130   -70 -9999    20    30     2 -9999 -9999
1973 10 16 09   120   -50 -9999   200   200     6 -9999 -9999
1973 10 17 00    30   -50 -9999    70    20 -9999 -9999 -9999
1973 10 17 06   140   -70 -9999   320    30     1 -9999 -9999
1973 10 17 09   130   -50 -9999    20    30     0 -9999 -9999
1973 10 17 21    50   -10 -9999   140    40     1 -9999 -9999
1973 10 18 00    60   -10 -9999   140    30     0 -9999 -9999
1973 10 18 09   140    30 -9999     0     0     4 -9999 -9999
1973 10 18 21    70    10 -9999   220    40     8 -9999 -9999
1973 10 19 00    60    10 -9999   220    30     8 -9999     0
1973 10 19 06   140   -80 -9999   320    60     3 -9999 -9999
1973 10 19 09   120  -110 -9999   320    90     7 -9999 -9999
1973 10 20 00    50   -40 -9999     0     0     1 -9999 -9999
1973 10 20 06    90  -140 -9999   340    50     1 -9999 -9999
1973 10 20 21     0  -120 -9999     0     0     0 -9999 -9999
1973 10 21 00    10  -110 -9999    70    20     1 -9999 -9999
1973 10 21 06    90  -130 -9999   360    20     1 -9999 -9999
1973 10 21 09    90  -100 -9999     0     0     7 -9999 -9999
1973 10 21 21    70   -60 -9999     0     0     7 -9999 -9999
1973 10 22 06    80   -50 -9999   340    60     7 -9999     0
1973 10 22 09    90   -60 -9999   340    80     7 -9999 -9999
1973 10 22 21    30   -70 -9999    40    30     6 -9999 -9999
1973 10 23 00   -10   -40 -9999   220    20     4 -9999 -9999
1973 10 23 06    70  -110 -9999    40    40     1 -9999 -9999
1973 10 23 21    20   -90 -9999 -9999 -9999     0 -9999 -9999
1973 10 24 00    10   -60 -9999   110    30     0 -9999 -9999
1973 10 24 06   120   -50 -9999   220    40     3 -9999 -9999
1973 10 24 09   120   -50 -9999     0     0     1 -9999 -9999
1973 10 24 21    30    20 -9999   140    60     8 -9999 -9999
1973 10 25 00    60     0 -9999   220    20     8 -9999    10
1973 10 25 06    70   -90 -9999   290    30     7 -9999 -9999
1973 10 25 09    70   -70 -9999   270    30     1 -9999 -9999
1973 10 25 21   -30   -40 -9999   340    40     8 -9999 -9999
1973 10 26 00   -40   -60 -9999    20    40     5 -9999    40
1973 10 26 06   -10   -60 -9999   110    20     6 -9999 -9999
1973 10 26 09    10 -9999 -9999   140    30     2 -9999 -9999
1973 10 26 21   -20  -110 -9999   180    40     0 -9999 -9999
1973 10 27 00     0  -130 -9999   140    40     0 -9999 -9999
1973 10 27 06   100  -160 -9999   220    50     0 -9999 -9999
1973 10 27 09   110  -140 -9999   200    40     0 -9999 -9999
1973 10 28 00    30   -60 -9999   110    30     0 -9999 -9999
1973 10 28 06   120   -40 -9999     0     0     1 -9999 -9999
1973 10 28 09   130   -30 -9999   320    20     2 -9999 -9999
1973 10 28 18   180   140 -9999     0     0     5 -9999 -9999
1973 10 28 21    20   -30 -9999    90    20     0 -9999 -9999
1973 10 29 00    20   -50 -9999   110    20     3 -9999 -9999
1973 10 29 06   130   -70 -9999   250    30     7 -9999 -9999
1973 10 29 09   120   -50 -9999     0     0     6 -9999 -9999
1973 10 29 21    20  -160 -9999    90    30     0 -9999 -9999
1973 10 30 00    20   -50 -9999    90    30     1 -9999 -9999
1973 10 30 06   120   -80 -9999   320    40     2 -9999 -9999
1973 10 30 09   130   -80 -9999     0     0     1 -9999 -9999
1973 10 30 21    30   -60 -9999   140    40     0 -9999 -9999
1973 10 31 00    20   -60 -9999   140    40     0 -9999 -9999
1973 10 31 06   130  -100 -9999   220    30     0 -9999 -9999
1973 10 31 09   130  -110 -9999     0     0     0 -9999 -9999
1973 10 31 21    30  -100 -9999   110    30     0 -9999 -9999
1973 11 01 00    40  -110 -9999   140    50     0 -9999 -9999
1973 11 01 06   150  -110 -9999   340    30     1 -9999 -9999
1973 11 01 12   -10  -220 -9999   280    20     7 -9999 -9999
1973 11 01 21    30   -50 -9999    70    20     0 -9999 -9999
1973 11 02 00    40   -40 -9999   110    30     0 -9999 -9999
1973 11 02 06    90   -70 -9999    20    50     1 -9999 -9999
1973 11 02 09    90   -70 -9999   360    40     2 -9999 -9999
1973 11 02 21    40  -100 -9999    70    40     8 -9999 -9999
1973 11 03 00 -9999 -9999 -9999 -9999 -9999     7 -9999 -9999
1973 11 03 06    80   -90 -9999   320    20     7 -9999 -9999
1973 11 03 09    80   -90 -9999   360    40     7 -9999 -9999
1973 11 03 21     0   -70 -9999   140    30     0 -9999 -9999
1973 11 04 00     0   -50 -9999     0     0     7 -9999 -9999
1973 11 04 06    70  -110 -9999    40    60     6 -9999 -9999
1973 11 04 09    40  -110 -9999    20    90     7 -9999 -9999
1973 11 04 21   -30  -120 -9999    70    30     0 -9999 -9999
1973 11 05 00   -40  -130 -9999   110    30     0 -9999 -9999
1973 11 05 06    60  -170 -9999   180    20     0 -9999 -9999
1973 11 05 09    70  -120 -9999     0     0     0 -9999 -9999
1973 11 05 15    60    40 -9999   220    30     0 -9999 -9999
1973 11 05 21    30   -90 -9999   160    50     0 -9999 -9999
1973 11 06 00    50  -100 -9999   180    50     0 -9999 -9999
1973 11 06 06   120   -40 -9999   220    70     0 -9999 -9999
1973 11 06 09   130   -40 -9999   200    40     0 -9999 -9999
1973 11 06 21    50   -60 -9999 -9999 -9999     0 -9999 -9999
1973 11 07 00    50   -60 -9999   160    60     1 -9999 -9999
1973 11 07 06 -9999 -9999 -9999   250    30     0 -9999 -9999
1973 11 07 09   130   -70 -9999     0     0     0 -9999 -9999
1973 11 07 21    20  -110 -9999    20    70     0 -9999 -9999
1973 11 08 00     0   -60 -9999   360    40     8 -9999 -9999
1973 11 08 03   -30 -9999 -9999     0     0     1 -9999 -9999
1973 11 08 06    10   -60 -9999   360    70     7 -9999 -9999
1973 11 08 21    70  -210 -9999   110    20     0 -9999 -9999
1973 11 09 00   -80  -210 -9999   140    20     0 -9999 -9999
1973 11 09 06    10  -250 -9999   360    40     0 -9999 -9999
1973 11 09 09    10  -250 -9999    20    20     0 -9999 -9999
1973 11 09 21   -40  -170 -9999    70    40     0 -9999 -9999
1973 11 10 00   -50  -200 -9999 -9999 -9999     0 -9999 -9999
1973 11 10 06    20  -110 -9999    20    50     0 -9999 -9999
1973 11 10 09    10  -100 -9999    20    70     1 -9999 -9999
1973 11 10 21   -70  -160 -9999     0     0     0 -9999 -9999
1973 11 11 00   -70  -160 -9999   140    30     7 -9999 -9999
1973 11 11 06    20   -90 -9999   250    20     7 -9999 -9999
1973 11 11 09    20  -140 -9999     0     0     7 -9999 -9999
1973 11 11 21   -40  -150 -9999   140    30     0 -9999 -9999
1973 11 12 06    60  -190 -9999   200    20     1 -9999 -9999
1973 11 12 09    50  -160 -9999   360    20     0 -9999 -9999
1973 11 12 21   -30  -130 -9999   110    30     1 -9999 -9999
1973 11 13 00 -9999 -9999 -9999    90    20     1 -9999 -9999
1973 11 13 06    70  -150 -9999   360    20     0 -9999 -9999
1973 11 13 09    70  -140 -9999   290    20     0 -9999 -9999
1973 11 13 21    10  -150 -9999   200    10     7 -9999 -9999
1973 11 14 00   -20  -110 -9999     0     0     7 -9999 -9999
1973 11 14 06    40  -170 -9999   290    70     3 -9999 -9999
1973 11 14 09    30  -140 -9999   360    70     7 -9999 -9999
1973 11 14 21    10  -160 -9999   140    30     7 -9999 -9999
1973 11 15 00   -10  -150 -9999   160    20     7 -9999 -9999
1973 11 15 06    70  -170 -9999   270    30     7 -9999 -9999
1973 11 15 09    60  -190 -9999   340    80     7 -9999 -9999
1973 11 15 21   -20  -160 -9999   340    20     1 -9999 -9999
1973 11 16 00   -40  -140 -9999    40    30     3 -9999 -9999
1973 11 16 06    20  -170 -9999   340    30     4 -9999 -9999
1973 11 16 09    20  -160 -9999   360    20     2 -9999 -9999
1973 11 16 21   -40  -140 -9999    70    20     2 -9999 -9999
1973 11 17 00   -40  -140 -9999    40    30     1 -9999 -9999
1973 11 17 06    30  -140 -9999   260    40     0 -9999 -9999
1973 11 17 09    20  -140 -9999   360    50     0 -9999 -9999
1973 11 17 21   -40  -130 -9999   110    30     0 -9999 -9999
1973 11 18 00   -40  -120 -9999    70    20     0 -9999 -9999
1973 11 18 06    60  -110 -9999   290    20     0 -9999 -9999
1973 11 18 09    50  -120 -9999    40    20     0 -9999 -9999
1973 11 18 21   -30 -9999 -9999    90    20     0 -9999 -9999
1973 11 19 00   -40  -130 -9999   110    20     0 -9999 -9999
1973 11 19 06    70  -130 -9999     0     0     6 -9999 -9999
1973 11 19 09    60  -120 -9999     0     0     7 -9999 -9999
1973 11 19 21   -20  -100 -9999    70    20     0 -9999 -9999
1973 11 20 00   -20   -90 -9999    70    20     1 -9999 -9999
1973 11 20 06    90  -100 -9999   200    40     1 -9999 -9999
1973 11 20 09    80  -100 -9999   220    10     0 -9999 -9999
1973 11 20 21   -20  -110 -9999   110    30     0 -9999 -9999
1973 11 21 00   -30  -120 -9999    90    30     0 -9999 -9999
1973 11 21 06    80  -100 -9999     0     0     0 -9999 -9999
1973 11 21 09    70   -70 -9999     0     0     0 -9999 -9999
1973 11 21 21     0  -120 -9999   110    30     0 -9999 -9999
1973 11 22 00    30  -150 -9999   110    50     1 -9999 -9999
1973 11 22 06    80   -90 -9999     0     0     1 -9999 -9999
1973 11 22 09    70   -70 -9999    40    20     0 -9999 -9999
1973 11 22 12   -40  -340 -9999   270    50     7 -9999 -9999
1973 11 22 21   -20   -90 -9999   320    20     0 -9999 -9999
1973 11 23 00   -40   -90 -9999    40    20     1 -9999 -9999
1973 11 23 06    20   -90 -9999   340    20     5 -9999 -9999
1973 11 23 09    20   -90 -9999    40    30     2 -9999 -9999
1973 11 23 21   -40  -110 -9999    20    30     0 -9999 -9999
1973 11 24 00   -70  -110 -9999   160    20     1 -9999 -9999
1973 11 24 06    10  -120 -9999     0     0     0 -9999 -9999
1973 11 24 09   -10  -120 -9999    20    20     0 -9999 -9999
1973 11 24 21   -40  -190 -9999   160    40     0 -9999 -9999
1973 11 25 00   -70  -150 -9999   180    20     0 -9999 -9999
1973 11 25 06    40  -120 -9999   270    40     1 -9999 -9999
1973 11 25 09    30  -110 -9999   250    20     1 -9999 -9999
1973 11 25 12   -60  -300 -9999     0     0     2 -9999 -9999
1973 11 25 21   -40  -160 -9999   110    30     0 -9999 -9999
1973 11 26 00   -40  -140 -9999   160    30     0 -9999 -9999
1973 11 26 06    50  -140 -9999   340    40     0 -9999 -9999
1973 11 26 09    40  -140 -9999   360    20     0 -9999 -9999
1973 11 26 12     0  -190 -9999 -9999 -9999     8 -9999 -9999
1973 11 26 21   -60  -140 -9999   140    20     0 -9999 -9999
1973 11 27 00   -30  -180 -9999   160    30     0 -9999 -9999
1973 11 27 06    70  -170 -9999   200    50     0 -9999 -9999
1973 11 27 09    80  -120 -9999   200    20     0 -9999 -9999
1973 11 27 21   -40  -140 -9999   340    20     0 -9999 -9999
1973 11 28 00   -20  -160 -9999    20    30     1 -9999 -9999
1973 11 28 06    10  -160 -9999   290    20     5 -9999 -9999
1973 11 28 09    10  -100 -9999    20    20     7 -9999 -9999
1973 11 28 21   -60  -120 -9999    70    20     0 -9999 -9999
1973 11 29 00   -70  -120 -9999    90    30     0 -9999 -9999
1973 11 29 06    30  -120 -9999   270    20     0 -9999 -9999
1973 11 29 09    30  -110 -9999   270    20     0 -9999 -9999
1973 11 29 12   -80  -340 -9999    80    30     0 -9999 -9999
1973 11 29 21   -50  -130 -9999   140    40     0 -9999 -9999
1973 11 30 00   -70  -150 -9999   110    20     0 -9999 -9999
1973 11 30 06    50  -140 -9999   220    30     0 -9999 -9999
1973 11 30 09    40  -120 -9999   220    20     0 -9999 -9999
1973 11 30 21   -40  -170 -9999   110    40     0 -9999 -9999
1973 12 01 00   -30  -150 -9999   220    40     1 -9999 -9999
1973 12 01 06    20  -130 -9999   360    20     0 -9999 -9999
1973 12 01 09    30  -120 -9999     0     0     1 -9999 -9999
1973 12 01 21   -40  -140 -9999    20    20     0 -9999 -9999
1973 12 02 00   -70  -140 -9999    70    30     0 -9999 -9999
1973 12 02 06     0  -120 -9999   340    30     0 -9999 -9999
1973 12 02 09   -10  -130 -9999    40    30     0 -9999 -9999
1973 12 02 21   -70  -200 -9999    70    30     0 -9999 -9999
1973 12 03 00   -90  -170 -9999     0     0     0 -9999 -9999
1973 12 03 06   -10  -200 -9999    20    30     2 -9999 -9999
1973 12 03 09   -20  -190 -9999    20    60     1 -9999 -9999
1973 12 03 21  -110  -190 -9999   110    30     0 -9999 -9999
1973 12 04 00  -110  -190 -9999   160    30     1 -9999 -9999
1973 12 04 06     0  -190 -9999    20    30     1 -9999 -9999
1973 12 04 09   -20  -200 -9999    20    30     7 -9999 -9999
1973 12 04 21  -100  -200 -9999   110    30     0 -9999 -9999
1973 12 05 00  -110  -190 -9999    90    20     2 -9999 -9999
1973 12 05 06     0  -120 -9999   360    20     2 -9999 -9999
1973 12 05 09   -10  -130 -9999   360    20     1 -9999 -9999
1973 12 05 21   -90  -160 -9999    90    20     0 -9999 -9999
1973 12 06 00  -100  -170 -9999   140    30     1 -9999 -9999
1973 12 06 06    10  -170 -9999   220    20     2 -9999 -9999
1973 12 06 09   -10  -140 -9999   220    20     7 -9999 -9999
1973 12 06 21   -30  -170 -9999   200    20     7 -9999 -9999
1973 12 07 00   -70  -170 -9999   140    20     7 -9999 -9999
1973 12 07 06    10  -140 -9999   360    30     1 -9999 -9999
1973 12 07 21   -80  -160 -9999   110    30     0 -9999 -9999
1973 12 08 06    20  -120 -9999   270    20     1 -9999 -9999
1973 12 08 09    10  -140 -9999    40    50     0 -9999 -9999
1973 12 08 21   -70  -160 -9999    90    20     0 -9999 -9999
1973 12 09 00   -70  -160 -9999    70    20     0 -9999 -9999
1973 12 09 06   -20  -150 -9999   320    30     0 -9999 -9999
1973 12 09 09   -10  -140 -9999   360    20     0 -9999 -9999
1973 12 09 21  -110  -210 -9999   140    50     0 -9999 -9999
1973 12 10 00  -140  -200 -9999   110    30     1 -9999 -9999
1973 12 10 06     0  -160 -9999   340    20     1 -9999 -9999
1973 12 10 09     0  -210 -9999    20    20     1 -9999 -9999
1973 12 10 21   -90  -170 -9999    70    40     0 -9999 -9999
1973 12 11 00   -60  -190 -9999    40    50     1 -9999 -9999
1973 12 11 06   -20  -160 -9999   360    40     0 -9999 -9999
1973 12 11 09   -20  -170 -9999   360    20     0 -9999 -9999
1973 12 11 21  -110  -220 -9999   110    30     0 -9999 -9999
1973 12 12 00  -100  -230 -9999   110    20     1 -9999 -9999
1973 12 12 06    10  -190 -9999    20    30     1 -9999 -9999
1973 12 13 00  -100  -180 -9999   140    40     1 -9999 -9999
1973 12 13 06   -20  -170 -9999   360    20     0 -9999 -9999
1973 12 13 09   -20  -160 -9999     0     0     1 -9999 -9999
1973 12 13 12   -90  -320 -9999   260    20     1 -9999 -9999
1973 12 13 21  -110  -190 -9999    70    20     0 -9999 -9999
1973 12 14 06   -20  -190 -9999   220    30     1 -9999 -9999
1973 12 14 09   -10  -190 -9999     0     0     1 -9999 -9999
1973 12 14 21  -100  -180 -9999   110    30     0 -9999 -9999
1973 12 15 00  -140  -260 -9999    70   110     0 -9999 -9999
1973 12 15 06     0  -130 -9999   360    20     0 -9999 -9999
1973 12 15 09   -10  -150 -9999   360    40     0 -9999 -9999
1973 12 15 21  -100  -170 -9999    70    30     0 -9999 -9999
1973 12 16 00  -110  -180 -9999   110    30     0 -9999 -9999
1973 12 16 06     0  -170 -9999   250    30     0 -9999 -9999
1973 12 16 09    10  -160 -9999     0     0     0 -9999 -9999
1973 12 16 21  -100  -210 -9999   110    30     0 -9999 -9999
1973 12 17 00  -120  -200 -9999   110    40     1 -9999 -9999
1973 12 17 06   -20  -150 -9999   340    40     1 -9999 -9999
1973 12 17 09   -40  -140 -9999    40    30     1 -9999 -9999
1973 12 17 21  -120  -180 -9999   140    30     0 -9999 -9999
1973 12 18 00  -130  -180 -9999   160    30     0 -9999 -9999
1973 12 18 06   -30  -160 -9999   250    30     0 -9999 -9999
1973 12 18 09   -30  -140 -9999     0     0     0 -9999 -9999
1973 12 19 00  -110  -210 -9999   140    40     0 -9999 -9999
1973 12 19 06     0  -210 -9999   220    30     0 -9999 -9999
1973 12 19 09 -9999 -9999 -9999   200    10     1 -9999 -9999
1973 12 19 21   -90  -180 -9999     0     0     0 -9999 -9999
1973 12 20 00   -90  -170 -9999   320    40     0 -9999 -9999
1973 12 20 06   -70  -200 -9999   340    70     1 -9999 -9999
1973 12 20 09  -100  -240 -9999   360   150     9 -9999 -9999
1973 12 20 12  -130  -310 -9999     0     0     0 -9999 -9999
1973 12 20 21  -190  -230 -9999   110    40     0 -9999 -9999
1973 12 21 00  -190  -240 -9999     0     0     0 -9999 -9999
1973 12 21 06  -110  -210 -9999   250    10     0 -9999 -9999
1973 12 21 09  -100  -230 -9999     0     0     0 -9999 -9999
1973 12 21 21  -160  -320 -9999   110    20     0 -9999 -9999
1973 12 22 00  -150  -290 -9999     0     0     0 -9999 -9999
1973 12 22 06   -50  -250 -9999     0     0     0 -9999 -9999
1973 12 22 09   -50  -220 -9999    20    20     0 -9999 -9999
1973 12 22 21  -140  -320 -9999    90    20     0 -9999 -9999
1973 12 23 00  -130  -290 -9999   200    30     0 -9999 -9999
1973 12 23 06   -30  -270 -9999   270    20     0 -9999 -9999
1973 12 23 09   -50  -220 -9999     0     0     0 -9999 -9999
1973 12 23 21  -150  -270 -9999   110    20     0 -9999 -9999
1973 12 24 00  -150  -260 -9999     0     0     0 -9999 -9999
1973 12 24 06   -70  -230 -9999   270    20     0 -9999 -9999
1973 12 24 09   -70  -200 -9999   360    10     0 -9999 -9999
1973 12 24 21  -130  -220 -9999   160    30     0 -9999 -9999
1973 12 25 00  -110  -220 -9999   200    30     0 -9999 -9999
1973 12 25 06   -20  -220 -9999   220    20     0 -9999 -9999
1973 12 25 09   -30  -230 -9999     0     0     0 -9999 -9999
1973 12 25 21  -110  -220 -9999    40    30     0 -9999 -9999
1973 12 26 00  -110  -220 -9999    40    20     7 -9999 -9999
1973 12 26 06   -60  -190 -9999    20    10     2 -9999 -9999
1973 12 26 09   -50  -190 -9999   320    20     0 -9999 -9999
1973 12 26 21  -160  -270 -9999    40    30     0 -9999 -9999
1973 12 27 00  -180  -280 -9999    70    20     0 -9999 -9999
1973 12 27 09   -90  -280 -9999    40    20     0 -9999 -9999
1973 12 27 21  -130  -250 -9999   140    20     0 -9999 -9999
1973 12 28 00  -120  -240 -9999   140    50     0 -9999 -9999
1973 12 28 06   -40  -210 -9999   200    30     2 -9999 -9999
1973 12 28 09   -40  -200 -9999     0     0     1 -9999 -9999
1973 12 28 21  -100  -180 -9999    40    40     0 -9999 -9999
1973 12 29 00  -120  -170 -9999    40    20     7 -9999 -9999
1973 12 29 06   -70  -160 -9999   340    30     1 -9999 -9999
1973 12 29 09   -60  -160 -9999   360    30     2 -9999 -9999
1973 12 29 21   -90  -170 -9999    70    20     0 -9999 -9999
1973 12 30 00  -120  -180 -9999     0     0     1 -9999 -9999
1973 12 30 06   -30  -170 -9999   320    50     1 -9999 -9999
1973 12 30 09   -30  -160 -9999   360    20     1 -9999 -9999
1973 12 30 21  -110  -190 -9999   110    30     0 -9999 -9999
1973 12 31 00  -120  -190 -9999    90    20     0 -9999 -9999
1973 12 31 06     0  -150 -9999   220    20     0 -9999 -9999
1973 12 31 09     0  -200 -9999   220    30     0 -9999 -9999
1973 12 31 12 -9999 -9999 -9999   240    30     0 -9999 -9999
1973 12 31 21   -70  -140 -9999   140    50     0 -9999 -9999
