1963 07 01 00   161    11 -9999   320    72 -9999 -9999 -9999
1963 07 02 00   200    50 -9999    90    10     2 -9999 -9999
1963 07 02 06   250    22 -9999   220    10     7 -9999 -9999
1963 07 03 00   211    72 -9999   220    41     0 -9999 -9999
1963 07 05 00   211   139 -9999     0     0     7 -9999 -9999
1963 07 06 00   161   150 -9999    40    62     8 -9999 -9999
1963 07 06 06   228    89 -9999    20    72     4 -9999     6
1963 07 07 06   278    61 -9999   220    21     7 -9999 -9999
1963 07 08 00   222   100 -9999     0     0     3 -9999 -9999
1963 07 08 06   289    78 -9999     0     0     6 -9999 -9999
1963 07 09 00   250    39 -9999   140    51     2 -9999 -9999
1963 07 09 06   300    39 -9999   160    51     6 -9999 -9999
1963 07 11 06   250    61 -9999     0     0     2 -9999 -9999
1963 07 12 06   322    11 -9999   180    31     7 -9999 -9999
1963 07 13 00   139   128 -9999   340    21     8 -9999    30
1963 07 14 00   139   139 -9999    40    87     8 -9999    40
1963 07 16 00   128   100 -9999   110    31     4 -9999 -9999
1963 07 17 06   272    50 -9999   360    21     7 -9999 -9999
1963 07 17 18   211   100 10014    20    10     1 -9999 -9999
1963 07 18 00   228    61 -9999   190    21     1 -9999 -9999
1963 07 20 00   250   100 -9999   140    41     7 -9999 -9999
1963 07 21 00   150   139 -9999   220    51     8 -9999    30
1963 07 21 18   272   228 10037   140    10     7 -9999 -9999
1963 07 22 00   189   128 -9999     0     0     3 -9999 -9999
1963 07 23 00   239   161 -9999     0     0     3 -9999    10
1963 07 24 06   300    78 -9999   320    31     2 -9999 -9999
1963 07 25 00   239   111 -9999   110    10     1 -9999 -9999
1963 07 26 00   222   122 -9999   220    21     7 -9999 -9999
1963 07 26 03   289   228 10002   220    21     2 -9999 -9999
1963 07 26 06   200   161 -9999   360    41     8 -9999     6
1963 07 27 00   150   111 -9999   180    31     7 -9999 -9999
1963 07 28 00   200   100 -9999   110    21     0 -9999 -9999
1963 07 28 06   261    72 -9999   340    41     1 -9999 -9999
1963 07 29 00   222    72 -9999    90    10     0 -9999 -9999
1963 07 29 03   322   200 10059     0     0     3 -9999 -9999
1963 07 31 06   278    72 -9999   140    10     1 -9999 -9999
1963 08 01 06   278    61 -9999   110    72 -9999 -9999 -9999
1963 08 01 09   289    78 -9999   110    51     4 -9999 -9999
1963 08 01 21   211   100 -9999   140    31     3 -9999 -9999
1963 08 02 09   211    72 -9999   220    21     5 -9999 -9999
1963 08 03 00   239   128 -9999   160    21     1 -9999 -9999
1963 08 03 09   311   128 -9999    40    41     5 -9999 -9999
1963 08 03 21   200   122 -9999     0     0     0 -9999 -9999
1963 08 04 06   300    78 -9999   320    10     5 -9999 -9999
1963 08 05 00   250   122 -9999     0     0     6 -9999 -9999
1963 08 05 06   261   139 -9999   180    31     7 -9999 -9999
1963 08 05 09   211   161 -9999    40    82 -9999 -9999 -9999
1963 08 06 06   222   139 -9999    20    41     6 -9999 -9999
1963 08 07 06   222   100 -9999    40    98     1 -9999 -9999
1963 08 07 21   150    78 -9999    40    62     0 -9999 -9999
1963 08 08 06   239    50 -9999   360    82     1 -9999 -9999
1963 08 08 21   150    72 -9999    40    31     2 -9999 -9999
1963 08 09 09   239   100 -9999   360    62     1 -9999 -9999
1963 08 10 09   272    61 -9999   220    10     1 -9999 -9999
1963 08 11 06   272    50 -9999   360    21     7 -9999 -9999
1963 08 11 09   278    61 -9999   340    10     7 -9999 -9999
1963 08 13 00   222    78 -9999   140    31     7 -9999 -9999
1963 08 13 21   139   139 -9999   220    21     8 -9999 -9999
1963 08 14 06   189   128 -9999   220    10     8 -9999 -9999
1963 08 16 09   300    11 -9999   320    21     3 -9999 -9999
1963 08 18 00   222    78 -9999   180    41     7 -9999 -9999
1963 08 19 00   189    72 -9999   180    21     2 -9999 -9999
1963 08 19 09   239    78 -9999    20    41     7 -9999 -9999
1963 08 21 06   289    72 -9999    90    87     6 -9999     3
1963 08 21 09   272    50 -9999   110    51     1 -9999 -9999
1963 08 22 00   189    78 -9999    40    10     6 -9999 -9999
1963 08 22 06   278    61 -9999   320    31     7 -9999 -9999
1963 08 23 00   211    72 -9999    90    10     1 -9999 -9999
1963 08 23 09   300    61 -9999   270    31     2 -9999 -9999
1963 08 23 21   189    72 -9999   180    21     0 -9999 -9999
1963 08 24 06   300    72 -9999   180    41     3 -9999 -9999
1963 08 24 09   289    50 -9999   140    72     1 -9999 -9999
1963 08 24 21   178    50 -9999   140    10     1 -9999 -9999
1963 08 25 06   272    89 -9999     0     0     6 -9999 -9999
1963 08 26 00   189   111 -9999   320    10     7 -9999 -9999
1963 08 26 06   250    78 -9999   320    10     4 -9999 -9999
1963 08 26 09   300    78 -9999   360    31     2 -9999 -9999
1963 08 27 00   228   100 -9999     0     0     7 -9999 -9999
1963 08 27 09   289   139 -9999   140    31     7 -9999 -9999
1963 08 27 18   250   128 -9999     0     0     1 -9999 -9999
1963 08 27 21   189   139 -9999    40    41     3 -9999 -9999
1963 08 28 06   278   150 -9999   360    41     7 -9999 -9999
1963 08 28 09   211   178 -9999   360    41     7 -9999 -9999
1963 08 28 21   172   161 -9999     0     0     7 -9999 -9999
1963 08 29 00   178   172 -9999     0     0     8 -9999     6
1963 08 30 06   261   111 -9999   290    31     4 -9999 -9999
1963 08 30 09   272    89 -9999   360    21     7 -9999 -9999
1963 08 31 06   211    28 -9999   360    21     7 -9999     3
1963 09 01 09   228   -22 -9999   320    10     1 -9999 -9999
1963 09 02 00   172   -39 -9999    90    41     1 -9999 -9999
1963 09 02 06   250    11 -9999   220    21     2 -9999 -9999
1963 09 02 09   261    22 -9999     0     0     7 -9999 -9999
1963 09 03 00   150     0 -9999   360    51     7 -9999 -9999
1963 09 03 06   211    11 -9999   320    41     1 -9999 -9999
1963 09 03 09   228    22 -9999   320    31     1 -9999 -9999
1963 09 04 00   161    22 -9999    70    10     7 -9999 -9999
1963 09 05 00   211    61 -9999   140    62     7 -9999 -9999
1963 09 05 06   261   100 -9999   140    82     7 -9999 -9999
1963 09 05 21   139    72 -9999   180    31     2 -9999 -9999
1963 09 06 06   250    78 -9999   360    31     7 -9999 -9999
1963 09 07 09   272    22 -9999   320    31 -9999 -9999 -9999
1963 09 08 00   211   100 -9999   180    51     7 -9999 -9999
1963 09 08 09   289    61 -9999   180    62     1 -9999 -9999
1963 09 09 00   189    72 -9999    40    10 -9999 -9999 -9999
1963 09 09 09   261   100 -9999   270    10     7 -9999 -9999
1963 09 09 21   172   128 -9999   360    31     1 -9999 -9999
1963 09 10 09   272    89 -9999   320    21     2 -9999 -9999
1963 09 11 06   239   111 -9999   220    41     1 -9999 -9999
1963 09 11 09   261   111 -9999   290    31     1 -9999 -9999
1963 09 11 21   161    39 -9999   140    41     1 -9999 -9999
1963 09 12 06   311    72 -9999   220    21 -9999 -9999 -9999
1963 09 13 00   178   -22 -9999   360    51     7 -9999 -9999
1963 09 13 06   228   111 -9999   360    41     6 -9999 -9999
1963 09 13 09   239    72 -9999   360    51     7 -9999 -9999
1963 09 13 12   228   211 10084   110    21     2 -9999 -9999
1963 09 13 18   211   200 10072   230    10     5 -9999 -9999
1963 09 14 09   122    61 -9999    40    41     8 -9999 -9999
1963 09 14 21   100    78 -9999     0     0     8 -9999 -9999
1963 09 15 09   161    50 -9999     0     0     7 -9999 -9999
1963 09 15 21   111    50 -9999     0     0     7 -9999 -9999
1963 09 16 06   111    89 -9999     0     0     8 -9999    40
1963 09 17 09   111    78 -9999     0     0     8 -9999 -9999
1963 09 17 21    89    78 -9999    40    21     7 -9999 -9999
1963 09 18 06   172    78 -9999    40    21     7 -9999 -9999
1963 09 19 06   172    61 -9999   360    31     7 -9999 -9999
1963 09 19 09   178    61 -9999    40    31     7 -9999 -9999
1963 09 19 21   111    39 -9999    90    10     2 -9999 -9999
1963 09 20 06   228    28 -9999   160    10     5 -9999 -9999
1963 09 20 09   228    28 -9999   180    10     6 -9999 -9999
1963 09 21 06   228    28 -9999   270    41     1 -9999 -9999
1963 09 22 06   178    72 -9999   320    21     7 -9999 -9999
1963 09 22 09   178    72 -9999   360    21     7 -9999 -9999
1963 09 23 06   172    50 -9999   320    82     1 -9999 -9999
1963 09 23 09   172    28 -9999   320    82     1 -9999 -9999
1963 09 24 09   178    28 -9999   320    62     1 -9999 -9999
1963 09 25 09   200    39 -9999   340    31     1 -9999 -9999
1963 09 25 21    61  -122 -9999   110    41     0 -9999 -9999
1963 09 26 00   111   -89 -9999     0     0     1 -9999 -9999
1963 09 26 21   139   -61 -9999   140    62     0 -9999 -9999
1963 09 27 06   228   -39 -9999   320    10     7 -9999 -9999
1963 09 27 21   139    72 -9999   320    10     8 -9999 -9999
1963 09 28 06   200    50 -9999    20    41     6 -9999 -9999
1963 09 28 09   200   -50 -9999   360    82     3 -9999 -9999
1963 09 28 21   139    11 -9999     0     0     7 -9999 -9999
1963 09 29 06   172   -72 -9999   320    41     4 -9999 -9999
1963 10 04 00    11  -150 -9999   110    21     1 -9999 -9999
1963 10 04 06   111  -200 -9999   360    21     1 -9999 -9999
1963 10 04 18    89    61 10200   220    31     0 -9999 -9999
1963 10 06 21   111    11 -9999     0     0     5 -9999 -9999
1963 10 07 06   172    22 -9999   320    31     7 -9999 -9999
1963 10 07 09   150   -39 -9999   320    51     7 -9999 -9999
1963 10 07 12   150   100 10207   160    10     0 -9999 -9999
1963 10 07 21    78   -50 -9999    90    31     0 -9999 -9999
1963 10 09 18   122     0 -9999   180    21     1 -9999 -9999
1963 10 10 00   139   -22 -9999   140    21     6 -9999 -9999
1963 10 10 09   161    61 -9999   140    72     6 -9999 -9999
1963 10 10 12   128   128 10247    90    21     0 -9999 -9999
1963 10 12 18    28   -11 10221   180    31     0 -9999 -9999
1963 10 14 06   128   -78 -9999   320    51     0 -9999 -9999
1963 10 14 21    22   -50 -9999   360    31 -9999 -9999 -9999
1963 10 15 06    61  -111 -9999     0     0     0 -9999 -9999
1963 10 15 09    72   -89 -9999   360    10     1 -9999 -9999
1963 10 15 21    22   -78 -9999     0     0     4 -9999 -9999
1963 10 16 06    72  -122 -9999   340    62     1 -9999 -9999
1963 10 16 09    61  -122 -9999   360    21     1 -9999 -9999
1963 10 17 18    11   -22 10151   280    82     2 -9999 -9999
1963 10 17 21   -22  -139 -9999   300   118     0 -9999 -9999
1963 10 18 21   -22  -128 -9999    70    31     0 -9999 -9999
1963 10 19 09   100  -200 -9999   360    51     1 -9999 -9999
1963 10 19 21   -11  -122 -9999    90    41     0 -9999 -9999
1963 10 25 21   100   -39 -9999   140    51     1 -9999 -9999
1963 10 26 00   100   -28 -9999   180    31     1 -9999 -9999
1963 10 26 06    89   -61 -9999   210    72     1 -9999 -9999
1963 10 27 00    78   -50 -9999   180    21     1 -9999 -9999
1963 10 27 03   122   -39 10131   290    21     2 -9999 -9999
1963 10 27 06   172   -50 10155   290    21     2 -9999 -9999
1963 10 28 09   128  -111 -9999     0     0     1 -9999 -9999
1963 10 29 00    61   -22 -9999   360    21     7 -9999 -9999
1963 10 31 09   139   -72 -9999   360    31     2 -9999 -9999
1963 10 31 21    78   -50 -9999    40    31     6 -9999 -9999
1963 11 01 00    50   -50 -9999     0     0     7 -9999 -9999
1963 11 01 06   122   -78 -9999   220    21     7 -9999 -9999
1963 11 01 21    39   -22 -9999     0     0     7 -9999 -9999
1963 11 02 00    22   -39 -9999   210    21     4 -9999 -9999
1963 11 02 09   100     0 -9999   360    21     1 -9999 -9999
1963 11 02 21    22   -50 -9999     0     0     0 -9999 -9999
1963 11 03 06   128   -22 -9999   240    31     0 -9999 -9999
1963 11 03 09   122     0 -9999   360    21     1 -9999 -9999
1963 11 04 09    61   -72 -9999   360    21     8 -9999 -9999
1963 11 05 21   111  -161 -9999   140    21     1 -9999 -9999
1963 11 06 00    50  -172 -9999   140    21     2 -9999 -9999
1963 11 07 00   -50   -89 -9999   180    10     2 -9999 -9999
1963 11 07 06    22  -111 -9999   320    21     1 -9999 -9999
1963 11 07 09    11  -139 -9999   360    41     1 -9999 -9999
1963 11 08 00   -50  -161 -9999    20    21     7 -9999 -9999
1963 11 08 06    11  -122 -9999    30    21     1 -9999 -9999
1963 11 09 06    28   -89 -9999   250    31     1 -9999     6
1963 11 09 09    28   -78 -9999   220    31     0 -9999 -9999
1963 11 10 00   -28   -89 -9999    90    21     1 -9999 -9999
1963 11 10 06    28   -72 -9999   320    41     6 -9999 -9999
1963 11 10 21   -28  -128 -9999   140    10     0 -9999 -9999
1963 11 11 06    61   -89 -9999   220    21     1 -9999 -9999
1963 11 11 21   -28  -139 -9999     0     0     0 -9999 -9999
1963 11 12 06    89  -122 -9999   270    10     0 -9999 -9999
1963 11 12 09    72  -100 -9999   250    10     0 -9999 -9999
1963 11 12 21   -50  -161 -9999     0     0     0 -9999 -9999
1963 11 13 00   -61  -161 -9999     0     0     1 -9999 -9999
1963 11 13 06    72  -100 -9999   320    31     0 -9999 -9999
1963 11 14 06     0  -128 -9999   180    31     7 -9999 -9999
1963 11 15 00   -72   -78 -9999     0     0     9 -9999 -9999
1963 11 15 06    39   -28 -9999   320    21     5 -9999 -9999
1963 11 16 21   -39  -100 -9999    90    21     1 -9999 -9999
1963 11 17 09    61   -72 -9999   270    21     6 -9999 -9999
1963 11 18 09    72   -78 -9999     0     0     1 -9999 -9999
1963 11 19 06    72   -78 -9999   270    21     1 -9999 -9999
1963 11 19 09    78   -72 -9999     0     0     1 -9999 -9999
1963 11 19 21     0   -89 -9999 -9999 -9999     0 -9999 -9999
1963 11 20 00   -22   -78 -9999    20    21     1 -9999 -9999
1963 11 21 09    22  -111 -9999   320    21     2 -9999 -9999
1963 11 22 21    11     0 -9999   180    21     6 -9999 -9999
1963 11 23 00     0   -89 -9999   320    21     7 -9999 -9999
1963 11 23 06    22   -39 -9999   320    98     7 -9999     6
1963 11 23 09    11  -139 -9999   320    62     7 -9999 -9999
1963 11 29 09   -11  -172 -9999   320    21     7 -9999 -9999
1963 12 01 00  -111  -139 -9999     0     0     7 -9999 -9999
1963 12 01 21   -89  -100 -9999   110    21     0 -9999 -9999
1963 12 03 09    22  -111 -9999     0     0     1 -9999 -9999
1963 12 06 21  -128  -189 -9999    70    21     0 -9999 -9999
1963 12 07 00  -122  -239 -9999    90    21     1 -9999 -9999
1963 12 07 06   -28  -261 -9999     0     0     1 -9999 -9999
1963 12 08 00   -50  -161 -9999   360    21     8 -9999 -9999
1963 12 08 09   -61   -72 -9999     0     0     8 -9999 -9999
1963 12 09 06   -11  -100 -9999     0     0     2 -9999 -9999
1963 12 10 06   -28  -100 -9999     0     0     1 -9999     6
1963 12 10 09   -39   -89 -9999   220    21     1 -9999 -9999
1963 12 12 09    11  -122 -9999     0     0     0 -9999 -9999
1963 12 13 06    28  -100 -9999     0     0     0 -9999 -9999
1963 12 13 09    22   -89 -9999   360    10     0 -9999 -9999
1963 12 14 21  -139  -172 -9999   180    21     0 -9999 -9999
1963 12 15 06     0  -122 -9999   270    10     7 -9999 -9999
1963 12 15 09   -39  -111 -9999   320    10     7 -9999 -9999
1963 12 16 06   -22  -139 -9999   320    10     0 -9999 -9999
1963 12 19 00   -50  -150 -9999    90    31     1 -9999 -9999
1963 12 19 09    22  -139 -9999   320    31     1 -9999 -9999
1963 12 19 21   -11  -161 -9999   360    21     0 -9999 -9999
1963 12 20 06   -28  -128 -9999   320    31     0 -9999 -9999
1963 12 20 09   -28  -128 -9999     0     0     1 -9999 -9999
1963 12 22 06    11  -189 -9999   180    41     0 -9999 -9999
1963 12 22 09    11   -72 -9999   270    21     1 -9999 -9999
1963 12 22 21   -72  -150 -9999   290   139     0 -9999 -9999
1963 12 23 00  -111  -161 -9999   360    72     1 -9999 -9999
1963 12 23 06  -122  -261 -9999   320    72     0 -9999 -9999
1963 12 23 09  -128  -250 -9999   360    41     0 -9999 -9999
1963 12 23 21  -211  -289 -9999     0     0     0 -9999 -9999
1963 12 24 00  -211  -278 -9999    20    10     4 -9999 -9999
1963 12 25 06   -78  -222 -9999     0     0     0 -9999 -9999
1963 12 26 00   -72  -178 -9999    40    21     1 -9999 -9999
1963 12 26 06    11  -189 -9999   220    21     1 -9999 -9999
1963 12 27 06    72  -189 -9999   220    21     1 -9999 -9999
1963 12 28 00   -78  -161 -9999    40    41     7 -9999 -9999
1963 12 29 00  -111  -211 -9999   140    21     1 -9999 -9999
1963 12 29 09   -28  -200 -9999   360    21     2 -9999 -9999
1963 12 30 00  -128  -189 -9999    90    21     0 -9999 -9999
1963 12 30 09   -28  -172 -9999   320    10     0 -9999 -9999
1963 12 31 06   -28  -189 -9999   270    21     1 -9999 -9999
1963 12 31 09   -39  -178 -9999   320    72     1 -9999 -9999
