1979 01 01 00   -90  -150 -9999   180    20     0 -9999 -9999
1979 01 01 06    20  -140 -9999   220    30     1 -9999    80
1979 01 01 09    20  -150 -9999   220    20     1 -9999 -9999
1979 01 01 21   -70  -180 -9999     0     0     0 -9999 -9999
1979 01 02 09    40  -120 -9999     0     0     0 -9999 -9999
1979 01 02 21   -40  -160 -9999   110    30     0 -9999 -9999
1979 01 03 00   -40  -160 -9999   140    30     0 -9999 -9999
1979 01 03 06    40  -160 -9999   220    20     1 -9999 -9999
1979 01 03 21   -50 -9999 -9999    70    20     0 -9999 -9999
1979 01 04 00   -40  -130 -9999    70    30     1 -9999 -9999
1979 01 04 06    20  -140 -9999   270    20     1 -9999 -9999
1979 01 04 09    20  -110 -9999   360    20     1 -9999 -9999
1979 01 04 21   -30  -130 -9999   110    40     0 -9999 -9999
1979 01 05 00   -40  -140 -9999   110    40     1 -9999 -9999
1979 01 05 06    40  -160 -9999   220    20     1 -9999 -9999
1979 01 05 09    40  -180 -9999   140    30     1 -9999 -9999
1979 01 05 21   -20  -170 -9999     0     0     7 -9999 -9999
1979 01 06 00   -30  -160 -9999   220    20     7 -9999 -9999
1979 01 06 09    20  -150 -9999   160    30     0 -9999 -9999
1979 01 06 21    20  -240 -9999   160    40     0 -9999 -9999
1979 01 07 09   100  -160 -9999   290    20     3 -9999 -9999
1979 01 07 18  -110  -270 -9999     0     0     0 -9999 -9999
1979 01 07 21   -30  -160 -9999    90    30     0 -9999 -9999
1979 01 08 00   -40  -170 -9999     0     0     1 -9999 -9999
1979 01 08 06    80  -150 -9999   180    30     0 -9999 -9999
1979 01 08 09    70  -130 -9999     0     0     0 -9999 -9999
1979 01 08 12   -40  -280 -9999   160    30     7 -9999 -9999
1979 01 08 21   -10  -240 -9999   140    30     0 -9999 -9999
1979 01 09 00    10  -230 -9999   140    40     1 -9999 -9999
1979 01 09 06    80  -140 -9999   320    20     1 -9999 -9999
1979 01 09 09    60  -150 -9999    20    30     1 -9999 -9999
1979 01 10 06   -10  -140 -9999   180    20     0 -9999 -9999
1979 01 10 09   -60  -180 -9999   320    40     7 -9999 -9999
1979 01 10 12   -20   -80 10365   140    30     0 -9999 -9999
1979 01 10 21   -60  -200 -9999   360    20     8 -9999 -9999
1979 01 11 00 -9999 -9999 -9999   180    30     6 -9999 -9999
1979 01 11 09   -40  -180 -9999    20    60     1 -9999 -9999
1979 01 11 21   -90  -130 -9999   220    20     2 -9999 -9999
1979 01 12 00  -120  -160 -9999   140    20     1 -9999 -9999
1979 01 12 06   -30  -140 -9999    40    20     2 -9999 -9999
1979 01 12 09   -50  -160 -9999    20    60     7 -9999 -9999
1979 01 12 21  -100  -160 -9999    20    50     8 -9999 -9999
1979 01 13 00  -130  -190 -9999    20    70     8 -9999     0
1979 01 13 06  -130  -150 -9999   360    30     8 -9999 -9999
1979 01 13 09  -140  -160 -9999    20    50     8 -9999 -9999
1979 01 13 18  -220  -370 -9999   360    50     0 -9999 -9999
1979 01 13 21  -180  -230 -9999    40    20     4 -9999 -9999
1979 01 14 00  -180  -210 -9999    40    20     2 -9999 -9999
1979 01 14 21  -160  -240 -9999   160    30     0 -9999 -9999
1979 01 15 00  -130  -360 -9999    30    40     1 -9999 -9999
1979 01 15 06   -50  -270 -9999   180    60     0 -9999 -9999
1979 01 15 09   -40  -280 -9999   250    20     1 -9999 -9999
1979 01 15 21  -130  -240 -9999   160    30     0 -9999 -9999
1979 01 16 00  -150  -240 -9999   110    30     1 -9999 -9999
1979 01 16 06   -50  -240 -9999   290    40     1 -9999 -9999
1979 01 16 09   -60  -190 -9999   320    20     1 -9999 -9999
1979 01 16 21  -130  -190 -9999    20    60     3 -9999 -9999
1979 01 17 00  -150  -200 -9999   360    60     2 -9999 -9999
1979 01 17 09  -130  -250 -9999   360    50     7 -9999 -9999
1979 01 17 21  -190  -290 -9999   110    30     0 -9999 -9999
1979 01 18 00  -160  -280 -9999   140    40     1 -9999 -9999
1979 01 18 06   -60  -250 -9999     0     0     2 -9999 -9999
1979 01 18 09   -50  -250 -9999     0     0     7 -9999 -9999
1979 01 18 18  -130  -180 -9999   290    50     7 -9999 -9999
1979 01 18 21  -130  -220 -9999   110    30     0 -9999 -9999
1979 01 19 00  -120  -220 -9999     0     0     7 -9999 -9999
1979 01 19 06   -70  -230 -9999   220    30     1 -9999 -9999
1979 01 19 09   -60  -240 -9999   200    20     1 -9999 -9999
1979 01 19 15  -200 -9999 10159   180   260     1 -9999 -9999
1979 01 19 21 -9999 -9999 -9999   360    60     0 -9999 -9999
1979 01 20 00  -140  -200 -9999    20    20     1 -9999 -9999
1979 01 20 06   -90  -300 -9999    20    30     3 -9999 -9999
1979 01 20 09   -80  -320 -9999   270    20     2 -9999 -9999
1979 01 20 21  -120  -220 -9999   110    40     0 -9999 -9999
1979 01 21 00  -140  -220 -9999   110    40     1 -9999 -9999
1979 01 21 21  -100  -300 -9999   140    40     0 -9999 -9999
1979 01 22 00  -130  -270 -9999   110    30     1 -9999 -9999
1979 01 22 06     0  -220 -9999   220    20     1 -9999 -9999
1979 01 22 09   -10  -250 -9999   320    20     1 -9999 -9999
1979 01 23 00  -120  -260 -9999    90    30     1 -9999 -9999
1979 01 23 06   -10  -250 -9999   200    20     7 -9999 -9999
1979 01 23 09   -10  -230 -9999   220    20     6 -9999 -9999
1979 01 23 21   -50  -230 -9999   140    50     1 -9999 -9999
1979 01 24 00   -40  -270 -9999   140    30     0 -9999 -9999
1979 01 24 09    50  -350 -9999   200    20     0 -9999 -9999
1979 01 25 00   -90  -240 -9999    90    30     1 -9999 -9999
1979 01 25 09    10  -180 -9999   200    40     1 -9999 -9999
1979 01 25 21    40  -270 -9999   160    20     0 -9999 -9999
1979 01 26 00   -40  -220 -9999   160    20     1 -9999 -9999
1979 01 26 06    30  -200 -9999   200    30     1 -9999 -9999
1979 01 26 09    50  -190 -9999   360    20     2 -9999 -9999
1979 01 26 21   -70  -220 -9999   140    20     0 -9999 -9999
1979 01 27 00  -100  -210 -9999   220    20     7 -9999 -9999
1979 01 27 06   -50  -210 -9999   360    40     7 -9999 -9999
1979 01 27 09   -30  -210 -9999   360    20     3 -9999 -9999
1979 01 27 18   -30  -130 10320    60    30     8 -9999 -9999
1979 01 27 21  -120  -220 -9999     0     0     0 -9999 -9999
1979 01 28 00  -120  -220 -9999   340    20     5 -9999 -9999
1979 01 28 06   -80  -220 -9999   360    40     7 -9999 -9999
1979 01 28 09  -100  -170 -9999   360    60     8 -9999 -9999
1979 01 28 21  -160  -210 -9999    40    30     0 -9999 -9999
1979 01 29 09   -90  -200 -9999    20    50     2 -9999 -9999
1979 01 30 00  -140  -230 -9999    70    20     7 -9999 -9999
1979 01 30 06  -100  -210 -9999   270    30     2 -9999 -9999
1979 01 30 09  -100  -220 -9999   320    40     7 -9999 -9999
1979 01 30 21  -130  -200 -9999     0     0     0 -9999 -9999
1979 01 31 00  -140  -190 -9999     0     0     7 -9999 -9999
1979 01 31 06   -80  -240 -9999   220    10     1 -9999 -9999
1979 01 31 09   -70  -200 -9999   360    20     0 -9999 -9999
1979 02 01 00  -100  -180 -9999   110    30     1 -9999 -9999
1979 02 01 06    10  -230 -9999   250    20     0 -9999 -9999
1979 02 01 09    10  -220 -9999   320    20     1 -9999 -9999
1979 02 02 00  -100  -240 -9999   140    30     0 -9999 -9999
1979 02 02 06   -10  -240 -9999     0     0     0 -9999 -9999
1979 02 02 09   -60   -90 10195    70    30     8 -9999 -9999
1979 02 02 21   -90  -220 -9999    70    30     0 -9999 -9999
1979 02 03 00  -100  -210 -9999    90    30     0 -9999 -9999
1979 02 03 06    10  -230 -9999   220    20     0 -9999 -9999
1979 02 03 09    10  -210 -9999   340    20     1 -9999 -9999
1979 02 03 21   -60  -220 -9999   110    40     1 -9999 -9999
1979 02 04 00   -50  -210 -9999   140    20     4 -9999 -9999
1979 02 04 06    10  -110 10295   180    50     8 -9999 -9999
1979 02 04 09    10  -280 -9999   270    30     7 -9999 -9999
1979 02 04 21   -80  -210 -9999    40    30     0 -9999 -9999
1979 02 05 00  -110  -210 -9999    70    30     0 -9999 -9999
1979 02 05 09    20  -240 -9999   200    40     0 -9999 -9999
1979 02 05 21   -10  -250 -9999   140    40     0 -9999 -9999
1979 02 06 00   -30  -230 -9999   110    50     1 -9999 -9999
1979 02 06 06    60  -250 -9999   220    20     6 -9999 -9999
1979 02 06 09    50  -200 -9999     0     0     2 -9999 -9999
1979 02 06 12   -60  -320 -9999   150    20     0 -9999 -9999
1979 02 06 21   -40  -190 -9999    70    30     1 -9999 -9999
1979 02 07 00   -50  -140 -9999     0     0     1 -9999 -9999
1979 02 07 06    40  -220 -9999   200    40     0 -9999 -9999
1979 02 07 09    60  -150 -9999     0     0     0 -9999 -9999
1979 02 07 21   -30  -160 -9999   110    40     0 -9999 -9999
1979 02 08 00   -50  -190 -9999    90    30     2 -9999 -9999
1979 02 08 06    50  -110 -9999   270   200     7 -9999 -9999
1979 02 08 09    50  -200 -9999   270    30     8 -9999 -9999
1979 02 09 00   -40  -180 -9999   110    30     6 -9999 -9999
1979 02 09 03  -100  -280 -9999    80    10     1 -9999 -9999
1979 02 09 06    40  -170 -9999    20    20     1 -9999 -9999
1979 02 09 09    60  -160 -9999   290    30     1 -9999 -9999
1979 02 09 21   -60  -210 -9999    90    30     0 -9999 -9999
1979 02 10 00   -50  -180 -9999   110    40     0 -9999 -9999
1979 02 10 06    90  -180 -9999   200    30     5 -9999 -9999
1979 02 10 09   100  -210 -9999   220    30     5 -9999 -9999
1979 02 10 21   -60  -180 -9999    90    20     0 -9999 -9999
1979 02 11 00   -40  -190 -9999   110    40     0 -9999 -9999
1979 02 11 06    60  -190 -9999   220    30     0 -9999 -9999
1979 02 11 09    70  -150 -9999    40    20     0 -9999 -9999
1979 02 11 21   -10  -210 -9999   140    20     7 -9999 -9999
1979 02 12 00   -20  -160 -9999   160    20     7 -9999 -9999
1979 02 12 06 -9999 -9999 -9999   250    30     1 -9999 -9999
1979 02 12 09    60  -140 -9999   270    20     0 -9999 -9999
1979 02 12 21   -60  -210 -9999    70    20     0 -9999 -9999
1979 02 13 00   -80  -200 -9999   180    20     1 -9999 -9999
1979 02 13 03   -60  -280 -9999    70    50     6 -9999 -9999
1979 02 13 06     0  -180 -9999   250    20     0 -9999 -9999
1979 02 13 09    30  -170 -9999     0     0     2 -9999 -9999
1979 02 13 21   -80  -190 -9999    70    30     0 -9999 -9999
1979 02 14 06    10  -200 -9999   360    40     0 -9999 -9999
1979 02 14 09    20  -230 -9999   340    40     0 -9999 -9999
1979 02 14 21   -70  -250 -9999   110    50     0 -9999 -9999
1979 02 15 00   -80  -200 -9999     0     0     3 -9999 -9999
1979 02 15 06    20  -190 -9999   270    30     6 -9999 -9999
1979 02 15 09    40  -220 -9999   320    60     7 -9999 -9999
1979 02 15 21   -60  -250 -9999    40    30     0 -9999 -9999
1979 02 16 00   -90  -250 -9999    90    30     2 -9999 -9999
1979 02 16 06    30  -190 -9999   340    20     7 -9999 -9999
1979 02 16 09    50  -190 -9999   320    40     1 -9999 -9999
1979 02 16 21   -50  -180 -9999    90    30     1 -9999 -9999
1979 02 17 00   -60  -180 -9999    90    20     1 -9999 -9999
1979 02 17 06    60  -180 -9999   180    40     0 -9999 -9999
1979 02 17 09    80  -140 -9999   200    40     1 -9999 -9999
1979 02 17 21   -10  -190 -9999   110    40     0 -9999 -9999
1979 02 18 00   -20  -200 -9999   160    20     0 -9999 -9999
1979 02 18 06   100  -140 -9999   220    20     0 -9999 -9999
1979 02 18 09   130  -110 -9999     0     0     1 -9999 -9999
1979 02 18 21    10  -170 -9999   140    40     2 -9999 -9999
1979 02 19 00     0  -170 -9999   110    40     0 -9999 -9999
1979 02 19 09   130  -140 -9999     0     0     0 -9999 -9999
1979 02 20 09   160  -160 -9999    20    30     0 -9999 -9999
1979 02 21 00   -30  -130 -9999   200    50     8 -9999 -9999
1979 02 21 06   -60   -80 -9999   220    30     8 -9999    10
1979 02 21 09   -60   -80 -9999   220    20     8 -9999 -9999
1979 02 21 21  -100  -110 -9999   320    20     8 -9999 -9999
1979 02 22 00  -110  -120 -9999   270    20     8 -9999 -9999
1979 02 22 06   -90  -120 -9999   270    20     7 -9999 -9999
1979 02 22 09   -90  -120 -9999     0     0     7 -9999 -9999
1979 02 22 21   -90  -130 -9999     0     0     4 -9999 -9999
1979 02 23 00  -100  -140 -9999    20    20     8 -9999 -9999
1979 02 23 06   -70  -120 -9999   340    40     2 -9999 -9999
1979 02 23 09   -60  -120 -9999   340    30     8 -9999 -9999
1979 02 23 18   -40   -50 10186   220    20     8 -9999 -9999
1979 02 23 21   -80  -130 -9999    90    20     3 -9999 -9999
1979 02 24 00   -80  -140 -9999   140    20     7 -9999 -9999
1979 02 24 06   -20   -90 -9999   320    30     7 -9999 -9999
1979 02 24 09   -10  -120 -9999   360    40     7 -9999 -9999
1979 02 24 21   -50  -110 -9999     0     0     7 -9999 -9999
1979 02 25 00   -60  -110 -9999   220    30     7 -9999 -9999
1979 02 25 06   100   -80 10146   250    30     1 -9999 -9999
1979 02 25 09   -10  -160 -9999   320    60     2 -9999 -9999
1979 02 26 06     0  -160 -9999   340    30     0 -9999 -9999
1979 02 26 09    10  -140 -9999   320    20     0 -9999 -9999
1979 02 26 21   -60  -220 -9999    20    50     0 -9999 -9999
1979 02 27 00   -70  -220 -9999    20    50     0 -9999 -9999
1979 02 27 06   -10  -210 -9999    20    50     0 -9999 -9999
1979 02 27 09   -10  -200 -9999    20    50     0 -9999 -9999
1979 02 27 21  -100  -200 -9999    70    30     0 -9999 -9999
1979 02 28 00   -70  -220 -9999   220    20     7 -9999 -9999
1979 02 28 09   -10  -240 -9999   320    20     7 -9999 -9999
1979 02 28 12   -30  -250 -9999   180    30     1 -9999 -9999
1979 02 28 21   -30  -130 -9999     0     0     6 -9999 -9999
1979 03 01 00   -40  -210 -9999     0     0     5 -9999 -9999
1979 03 01 03   -70 -9999 -9999    40    80     1 -9999 -9999
1979 03 01 06    10  -200 -9999    20    40     7 -9999     0
1979 03 01 09    60   -60 10301 -9999 -9999     3 -9999 -9999
1979 03 01 12    20   -30 10300   200    30     0 -9999 -9999
1979 03 01 21   -50  -130 -9999    90    20     7 -9999 -9999
1979 03 02 00  -130 -9999 -9999    70    50     1 -9999 -9999
1979 03 02 06    50  -110 -9999   220    30     0 -9999 -9999
1979 03 02 09    60  -100 -9999   320    20     0 -9999 -9999
1979 03 02 12    10  -350 -9999   340    20     0 -9999 -9999
1979 03 02 21   -10  -160 -9999   110    30     0 -9999 -9999
1979 03 03 00     0  -210 -9999   110    40 -9999 -9999 -9999
1979 03 03 06    70   -90 -9999   320    30     0 -9999 -9999
1979 03 03 09    70   -80 -9999   320    30     3 -9999 -9999
1979 03 03 21   -20  -150 -9999   340    50     2 -9999 -9999
1979 03 04 00   -40  -140 -9999    20    40     7 -9999 -9999
1979 03 04 06    20  -140 -9999   320    30     7 -9999     0
1979 03 04 09    30  -140 -9999   290    30     7 -9999 -9999
1979 03 05 09    70  -160 -9999     0     0     7 -9999 -9999
1979 03 05 21   -30  -230 -9999   110    30     0 -9999 -9999
1979 03 06 00   -10  -210 -9999   160    20     7 -9999 -9999
1979 03 06 09    60  -200 -9999   360    60     7 -9999 -9999
1979 03 06 21   -30  -170 -9999    70    30     1 -9999 -9999
1979 03 07 09    80  -140 -9999    20    30     1 -9999 -9999
1979 03 07 21    50  -100 -9999     0     0     2 -9999 -9999
1979 03 08 00    40  -120 -9999     0     0     7 -9999     0
1979 03 08 06    30  -150 -9999     0     0     8 -9999     0
1979 03 08 09   -10  -140 -9999   320    20     8 -9999 -9999
1979 03 08 21   -10  -160 -9999   360    30     8 -9999 -9999
1979 03 09 00   -10  -170 -9999   360    20     8 -9999     0
1979 03 09 06    30  -220 -9999   360    60     7 -9999     0
1979 03 09 09    30  -180 -9999   360    60     6 -9999 -9999
1979 03 09 21   -30  -140 -9999   140    30     7 -9999 -9999
1979 03 10 00   -30  -130 -9999   360    30     7 -9999 -9999
1979 03 10 06 -9999 -9999 -9999   340    30     7 -9999     0
1979 03 10 21   -60   -80 -9999   180    30     7 -9999 -9999
1979 03 11 00   -60  -120 -9999   160    20     1 -9999 -9999
1979 03 11 06    20  -110 -9999   180    20     1 -9999     0
1979 03 11 09    30  -110 -9999   290    30     1 -9999 -9999
1979 03 11 21   -60  -180 -9999    90    30     1 -9999 -9999
1979 03 12 00 -9999 -9999  9837    90    30     7 -9999 -9999
1979 03 12 06    30  -140 -9999   360    80     7 -9999     0
1979 03 12 09   -20   -40 -9999    20    50     8 -9999 -9999
1979 03 13 00  -110 -9999 -9999     0     0     0 -9999 -9999
1979 03 13 06   -40  -180 -9999   220    30     0 -9999     0
1979 03 13 09   -20  -160 -9999   250    20     0 -9999 -9999
1979 03 13 21   -60   -70 -9999   140    30     0 -9999 -9999
1979 03 14 06    30  -180 -9999   220    30     0 -9999     0
1979 03 14 09    30  -160 -9999     0     0     0 -9999 -9999
1979 03 14 18  -130  -240 -9999     0     0     0 -9999     0
1979 03 14 21   -30  -220 -9999   140    20     3 -9999 -9999
1979 03 15 00   -30  -170 -9999   160    10     7 -9999 -9999
1979 03 15 06    20  -210 -9999   360    30     7 -9999     0
1979 03 15 09 -9999 -9999 -9999 -9999 -9999     1 -9999 -9999
1979 03 15 21   -40  -210 -9999    20    40     7 -9999 -9999
1979 03 16 00   -40  -190 -9999     0     0     7 -9999 -9999
1979 03 16 06    10  -220 -9999   360    50     1 -9999     0
1979 03 16 09     0  -210 -9999   360    40     1 -9999 -9999
1979 03 16 21   -60  -170 -9999    70    20     1 -9999 -9999
1979 03 17 00   -60  -170 -9999   110    20     0 -9999 -9999
1979 03 17 06    40  -200 -9999   220    20     1 -9999     0
1979 03 17 09    40  -190 -9999   290    10     3 -9999 -9999
1979 03 17 21   -40  -140 -9999   140    40     0 -9999 -9999
1979 03 18 00   -30  -130 -9999    90    40     0 -9999 -9999
1979 03 18 06    60  -140 -9999   290    30     1 -9999     0
1979 03 18 09    70  -200 -9999   220    20     1 -9999 -9999
1979 03 18 21   -20  -200 -9999   140    20     1 -9999 -9999
1979 03 19 00   -10  -220 -9999   110    20     1 -9999 -9999
1979 03 19 06    90  -180 -9999   200    60     5 -9999     0
1979 03 19 09   100  -220 -9999   200    40     7 -9999 -9999
1979 03 19 21    40   -80 -9999   340    20     7 -9999 -9999
1979 03 20 00     0  -120 -9999    40    10     7 -9999 -9999
1979 03 20 06    70  -170 -9999   320    20     7 -9999     0
1979 03 20 09    90 -9999 -9999   340    20     5 -9999 -9999
1979 03 20 21    10   -60 -9999    40    50     8 -9999 -9999
1979 03 21 06    70   -80 -9999   220    40     4 -9999     0
1979 03 21 09    50  -100 -9999    20    70     7 -9999 -9999
1979 03 21 21   -60  -110 -9999    40    20     8 -9999 -9999
1979 03 22 00   -60  -100 -9999     0     0     7 -9999 -9999
1979 03 22 09   -30  -130 -9999   340    90     7 -9999 -9999
1979 03 22 21  -100  -160 -9999   110    40     0 -9999 -9999
1979 03 23 06    40  -170 -9999   200    30     0 -9999     0
1979 03 23 09    60  -240 -9999   200    20     1 -9999 -9999
1979 03 23 21     0   -30 10195   220    20     0 -9999 -9999
1979 03 24 00    10  -160 -9999 -9999 -9999     7 -9999 -9999
1979 03 24 09   100  -240 -9999   320    40     7 -9999 -9999
1979 03 24 21   -20   -80 -9999    20    30     1 -9999 -9999
1979 03 25 00   -20   -90 -9999    70    20     1 -9999 -9999
1979 03 25 09    70  -140 -9999     0     0     1 -9999 -9999
1979 03 25 21    50  -140 -9999   160    40     0 -9999 -9999
1979 03 26 06   130  -160 -9999   220    50     5 -9999     0
1979 03 26 09   150  -190 -9999   270    40     1 -9999 -9999
1979 03 26 21    70  -160 -9999   110    50     2 -9999 -9999
1979 03 27 00    80  -150 -9999   110    40     0 -9999     0
1979 03 27 09   130  -130 -9999   340    80     7 -9999 -9999
1979 03 27 21    60  -110 -9999    20    50     8 -9999 -9999
1979 03 28 00    50  -140 -9999    40    60     7 -9999     0
1979 03 28 09    80  -220 -9999   360    70     0 -9999 -9999
1979 03 28 21   -20   -70 -9999   360    60     7 -9999 -9999
1979 03 29 00   -10  -110 -9999    20    60     8 -9999    -1
1979 03 29 06    50  -320 -9999    20    50     7 -9999     0
1979 03 29 09    50  -300 -9999    20    40     7 -9999 -9999
1979 03 29 21    10 -9999 -9999 -9999 -9999     7 -9999 -9999
1979 03 30 06   100   -90 -9999   220    40     6 -9999 -9999
1979 03 30 09   110  -120 -9999   270    20     7 -9999 -9999
1979 03 30 21    30  -160 -9999    20    60     4 -9999 -9999
1979 03 31 06    40   -10 -9999 -9999 -9999     3 -9999    -1
1979 03 31 09   -30   -60 -9999   360   180     8 -9999 -9999
1979 03 31 21   -70  -210 -9999   360    40     7 -9999 -9999
1979 04 01 00   -80  -160 -9999    20    40     6 -9999 -9999
1979 04 01 21   -70  -190 -9999   110    20     0 -9999 -9999
1979 04 02 09    50  -190 -9999   250    20     8 -9999 -9999
1979 04 02 21   -10  -160 -9999     0     0     0 -9999 -9999
1979 04 03 06    90  -190 -9999 -9999 -9999     1 -9999 -9999
1979 04 03 09   100  -170 -9999   360    30     1 -9999 -9999
1979 04 03 21    20  -150 -9999   110    30     0 -9999 -9999
1979 04 04 00   -10  -200 -9999    20    80     7 -9999 -9999
1979 04 04 06   150  -150 -9999   340    50     7 -9999     0
1979 04 04 09   160    20 10151   200    60     1 -9999 -9999
1979 04 04 12   130    20 10165   180    20     8 -9999 -9999
1979 04 04 21    50   -40 -9999     0     0     1 -9999 -9999
1979 04 05 09   120   -10 -9999     0     0     8 -9999 -9999
1979 04 06 00    40     0 -9999    20    50     7 -9999     0
1979 04 06 06   110  -100 -9999    20    40     8 -9999     0
1979 04 06 09   110  -100 -9999    20    80     7 -9999 -9999
1979 04 06 21    30   -60 -9999     0     0     3 -9999 -9999
1979 04 07 00    40   -70 -9999    20    70     7 -9999     0
1979 04 07 06    50   -60 -9999   340    40     8 -9999     0
1979 04 07 21   -20  -100 -9999     0     0     0 -9999 -9999
1979 04 08 00    20  -230 -9999    20    40     6 -9999 -9999
1979 04 08 06    70  -190 -9999   360    40     7 -9999 -9999
1979 04 08 09    90  -150 -9999   340    20     7 -9999 -9999
1979 04 08 21    30  -160 -9999   110    40     1 -9999 -9999
1979 04 09 00    60  -140 -9999   140    30     7 -9999    -1
1979 04 09 06   150  -200 -9999   290    30     2 -9999 -9999
1979 04 09 09   160  -180 -9999   220    30     4 -9999 -9999
1979 04 09 21    70   -20 -9999    40    20     8 -9999 -9999
1979 04 10 00    70   -20 -9999   140    10     4 -9999     0
1979 04 10 06   150  -160 -9999   200    70     1 -9999     0
1979 04 10 09   160  -110 -9999   180    60     7 -9999 -9999
1979 04 10 21   150   -50 -9999   200    70     8 -9999 -9999
1979 04 11 00   130   -30 -9999   220    30     8 -9999 -9999
1979 04 11 09 -9999 -9999 10009   360    70     8 -9999 -9999
1979 04 11 21   -70 -9999 -9999   360    20     8 -9999 -9999
1979 04 12 00   -70  -150 -9999   180   200     8 -9999    -1
1979 04 12 09   -20  -160 -9999   320    60     8 -9999 -9999
1979 04 12 21   -70  -210 -9999   110    20     0 -9999 -9999
1979 04 13 06    30  -250 -9999   320    20     0 -9999     0
1979 04 13 09    50  -230 -9999   320    20     0 -9999 -9999
1979 04 13 21   -10  -180 -9999   200    30     0 -9999 -9999
1979 04 14 00    20  -150 -9999   140    20     0 -9999 -9999
1979 04 14 06   110  -150 -9999     0     0     0 -9999     0
1979 04 14 09   140  -170 -9999   250    30     0 -9999 -9999
1979 04 14 21    50   -90 -9999   110    30     1 -9999 -9999
1979 04 15 09   170  -150 -9999   320    20     1 -9999 -9999
1979 04 15 21   110  -180 -9999   110    30     7 -9999 -9999
1979 04 16 00   130   -90 -9999   110    30     7 -9999     0
1979 04 16 06   180  -120 -9999   340    30     7 -9999     0
1979 04 16 09   190   -90 -9999   340    60     7 -9999 -9999
1979 04 16 21    90   -40 -9999    70    20     8 -9999 -9999
1979 04 17 00   120   -40 -9999    40    30     7 -9999     0
1979 04 17 09   170   -50 -9999   340    50     7 -9999 -9999
1979 04 17 21    90   -40 -9999   110    30     1 -9999 -9999
1979 04 18 00   110   -20 -9999     0     0     1 -9999     0
1979 04 18 06   200   -60 -9999   340    60     1 -9999     0
1979 04 18 09   210   -50 -9999   360    40     1 -9999 -9999
1979 04 18 15    60 -9999 -9999   140    20     0 -9999 -9999
1979 04 18 21   110   -40 -9999    40    20     0 -9999 -9999
1979 04 19 00   140   -30 -9999    90    20     1 -9999     0
1979 04 19 06   220   -90 -9999 -9999 -9999     1 -9999 -9999
1979 04 19 12   190  -160 -9999    20    10     7 -9999 -9999
1979 04 19 21   170  -150 -9999   110    70     0 -9999 -9999
1979 04 20 00   190   -70 -9999   110    60     0 -9999 -9999
1979 04 20 06   260   -80 -9999   110   110     0 -9999     0
1979 04 20 09   260   -10 -9999   110   100     0 -9999 -9999
1979 04 20 21   150    20 -9999     0     0     3 -9999 -9999
1979 04 21 06   210    30 -9999   270    20     7 -9999     0
1979 04 21 09   220    30 -9999   340    30     7 -9999 -9999
1979 04 22 00   130   -10 -9999   360    20     0 -9999     0
1979 04 22 09   170   -50 -9999   340    50     7 -9999 -9999
1979 04 23 00   110   -20 -9999     0     0     7 -9999     0
1979 04 23 03    80  -150 -9999   200 -9999     0 -9999 -9999
1979 04 23 09   200   -80 -9999   250    30     7 -9999 -9999
1979 04 23 21 -9999 -9999 -9999   180    30     1 -9999 -9999
1979 04 24 00   140   -40 -9999   160    40     7 -9999 -9999
1979 04 24 06   180   -40 -9999     0     0     8 -9999     0
1979 04 24 09   180  -110 -9999   360    60     8 -9999 -9999
1979 04 25 00    50    30 -9999     0     0     1 -9999    80
1979 04 25 06   120    10 -9999   340    30     3 -9999     0
1979 04 25 09   140   -20 -9999   320    30     7 -9999 -9999
1979 04 25 21 -9999 -9999 -9999   110    20     8 -9999 -9999
1979 04 26 06   180   -40 -9999   200    40     7 -9999     0
1979 04 26 09   180   -50 -9999   160    20     8 -9999 -9999
1979 04 26 21 -9999 -9999 -9999   290    50     8 -9999 -9999
1979 04 27 09   150  -160 -9999   290   100     7 -9999 -9999
1979 04 27 21    90   -70 -9999    20    60     8 -9999 -9999
1979 04 28 00    90   -50 10122    20    20     8 -9999 -9999
1979 04 28 06   120   -40 -9999   340    50     7 -9999    -1
1979 04 28 09   120   -50 -9999   340    30     8 -9999 -9999
1979 04 29 06   130  -110 -9999   270    30     7 -9999     0
1979 04 29 09   150  -100 -9999   320    60     6 -9999 -9999
1979 04 29 21    60  -120 -9999    40    30     1 -9999 -9999
1979 04 30 00    80  -120 -9999    20    20     7 -9999     0
1979 04 30 09   120  -170 -9999   360    80     1 -9999 -9999
1979 05 01 00    60  -150 -9999   140    20     0 -9999     0
1979 05 01 09   130  -160 -9999     0     0     2 -9999 -9999
1979 05 01 18    70    40 10128   250    30     0 -9999 -9999
1979 05 01 21    70    30 10107   110    40     0 -9999 -9999
1979 05 02 00   100   -60 -9999     0     0     7 -9999 -9999
1979 05 02 06   170 -9999 -9999   360    50     1 -9999     0
1979 05 02 09   110 -9999 -9999   320    60     0 -9999 -9999
1979 05 03 00   120  -160 -9999   200    20     0 -9999     0
1979 05 03 09   210  -120 -9999   320    70     1 -9999 -9999
1979 05 03 21   150  -120 -9999   160    40     7 -9999 -9999
1979 05 04 00   150   -90 -9999   340    20     7 -9999 -9999
1979 05 04 06   190  -100 -9999   340    60     6 -9999     0
1979 05 04 09   170   -90 -9999    20   100     0 -9999 -9999
1979 05 04 21    70   -90 -9999   360    30     8 -9999 -9999
1979 05 05 00    80  -130 -9999    20    20     7 -9999 -9999
1979 05 05 06   130  -270 -9999   340    60     2 -9999     0
1979 05 05 09   130  -190 -9999    20    40     2 -9999 -9999
1979 05 06 00   120  -190 -9999   140    30     7 -9999     0
1979 05 06 09   190  -130 -9999     0     0     6 -9999 -9999
1979 05 06 21   110   -90 -9999   110    30     0 -9999 -9999
1979 05 07 00   110   -60 -9999     0     0     1 -9999     0
1979 05 07 09   220   -70 -9999   220    20     7 -9999 -9999
1979 05 07 21   100   -70 -9999 -9999 -9999     8 -9999 -9999
1979 05 08 00   110   -60 -9999    40    30     7 -9999 -9999
1979 05 08 09   160   -20 -9999   270    30     8 -9999 -9999
1979 05 09 00    70  -100 -9999    20    40     7 -9999     0
1979 05 09 09   150  -120 -9999   360    20     2 -9999 -9999
1979 05 09 18   100  -130 -9999    40    50     7 -9999     0
1979 05 09 21 -9999 -9999 -9999   110    40     1 -9999 -9999
1979 05 10 00   130  -110 -9999   110    40     1 -9999     0
1979 05 10 06   180  -100 -9999   180    60     3 -9999     0
1979 05 10 09   190   -80 -9999   220    50     3 -9999 -9999
1979 05 10 21   150   -80 -9999   110    60     8 -9999 -9999
1979 05 11 00   160   100 10152    20    10     6 -9999 -9999
1979 05 11 06   160     0 -9999   160    90     7 -9999     0
1979 05 11 09   150     0 -9999   160    50     7 -9999 -9999
1979 05 11 12   120  -160 -9999   320   100     7 -9999 -9999
1979 05 11 21    60    20 -9999     0     0     6 -9999 -9999
1979 05 12 00    90    30 -9999     0     0     7 -9999     0
1979 05 12 09   200   -10 -9999   200    30     6 -9999 -9999
1979 05 12 21   120   -10 -9999   110    30     3 -9999 -9999
1979 05 13 00   150    20 -9999     0     0     8 -9999 -9999
1979 05 13 06   210   -20 -9999   250    50     7 -9999 -9999
1979 05 13 09   160   -60 -9999   360   100     8 -9999 -9999
1979 05 13 21    40    10 -9999   320    20     8 -9999 -9999
1979 05 14 00    40   -10 -9999   140    30     8 -9999     5
1979 05 14 06    50   -20 -9999   290    70     8 -9999    30
1979 05 14 09    60  -110 -9999   320    60     8 -9999 -9999
1979 05 14 21   -10   -50 -9999     0     0     1 -9999 -9999
1979 05 15 00    20  -100 -9999   140    20     0 -9999     0
1979 05 15 06   130  -260 -9999   180    10     7 -9999 -9999
1979 05 15 09   120  -220 -9999   340   120     0 -9999 -9999
1979 05 15 21    40  -100 -9999    20    60     6 -9999 -9999
1979 05 16 00    30  -130 -9999    20    60     2 -9999 -9999
1979 05 16 06    90  -190 -9999   360    50     1 -9999     0
1979 05 16 09   110  -190 -9999    20    60     1 -9999 -9999
1979 05 16 21     0  -180 10009    90    30     8 -9999 -9999
1979 05 17 00    90   -80 -9999     0     0     0 -9999     0
1979 05 17 06   170 -9999 -9999    20    20     2 -9999     0
1979 05 17 21    70   -90 -9999   110    30     0 -9999 -9999
1979 05 18 06   200   -70 -9999   200    20     1 -9999     0
1979 05 18 09   210   -90 -9999   320    20     1 -9999 -9999
1979 05 18 21   170  -100 -9999   140    60     7 -9999 -9999
1979 05 19 00   180   -50 -9999   180    30     7 -9999 -9999
1979 05 19 06   240     0 -9999   180    60     1 -9999     0
1979 05 19 09   250   -10 -9999   200    50     7 -9999 -9999
1979 05 19 21   150    50 -9999   160    30     0 -9999 -9999
1979 05 20 00   180    60 -9999   160    30     0 -9999 -9999
1979 05 20 06   260   -70 -9999   340    40     0 -9999     0
1979 05 20 09   270   -40 -9999    20    20     0 -9999 -9999
1979 05 20 21   190   -30 -9999   110    60     1 -9999 -9999
1979 05 21 00   200   -10 -9999     0     0     3 -9999 -9999
1979 05 21 06   290   -20 -9999   360    30     0 -9999     0
1979 05 21 09   270   -70 -9999   320    80     4 -9999 -9999
1979 05 22 06   150  -130 -9999   320    70     0 -9999     0
1979 05 22 21    70  -140 -9999    90    40     0 -9999 -9999
1979 05 23 00   150   -90 -9999   110    20     0 -9999     0
1979 05 23 03   240   -20 10092   340    40     0 -9999 -9999
1979 05 23 06   200  -120 -9999   200    20     1 -9999     0
1979 05 23 09   220   -60 -9999     0     0     1 -9999 -9999
1979 05 24 00   190   -80 -9999   110    30     0 -9999 -9999
1979 05 24 09   250   -90 -9999   220    50     1 -9999 -9999
1979 05 24 21   190   -80 -9999   140    70     3 -9999 -9999
1979 05 25 00   200   -90 -9999   140    80     7 -9999 -9999
1979 05 25 06 -9999 -9999 -9999   180    40     2 -9999     0
1979 05 25 09   240  -100 -9999   140    80     7 -9999 -9999
1979 05 25 21   180   -50 -9999   140    30     6 -9999 -9999
1979 05 26 06   230   -30 -9999   140    60     7 -9999     0
1979 05 26 09   220   -20 -9999    90    50     7 -9999 -9999
1979 05 27 00   160     0 -9999   140    40     2 -9999 -9999
1979 05 27 06   230   -10 -9999   140   100     1 -9999     0
1979 05 27 09   240   -40 -9999   140   110     1 -9999 -9999
1979 05 27 21   150    40 -9999    20    20     0 -9999 -9999
1979 05 28 00   170    50 -9999    20    20     0 -9999 -9999
1979 05 28 06   210    60 -9999   140    50     7 -9999     0
1979 05 28 09   250    60 -9999   140    50     7 -9999 -9999
1979 05 28 21   130   130 -9999     0     0     8 -9999 -9999
1979 05 29 00   140   120 -9999   340    30     8 -9999 -9999
1979 05 29 06   190    80 -9999   320    20     8 -9999     0
1979 05 29 09   190    70 -9999   340    30     8 -9999 -9999
1979 05 29 21   150   100 -9999    70    30     8 -9999 -9999
1979 05 30 06   190   100 -9999     0     0     8 -9999     3
1979 05 30 09   180   100 -9999   160    60     7 -9999 -9999
1979 05 30 12   270   150 10064   300    20     5 -9999 -9999
1979 05 30 21   180   100 -9999    20    30     8 -9999 -9999
1979 05 31 00   170   110 -9999     0     0     8 -9999 -9999
1979 05 31 06   150   130 -9999    40    40     8 -9999    70
1979 06 01 00   130   120 -9999     0     0     7 -9999    50
1979 06 01 06   200   100 -9999   270    20     1 -9999     0
1979 06 01 09   220    90 -9999   320    30     2 -9999 -9999
1979 06 01 18   190   110 10045   220    40     0 -9999     0
1979 06 01 21   140    80 -9999   110    20     0 -9999 -9999
1979 06 02 06   260     0 -9999   360    10     6 -9999     0
1979 06 02 09   260    40 -9999     0     0     7 -9999 -9999
1979 06 02 21   140     0 -9999   340    80     8 -9999 -9999
1979 06 03 00   130    30 -9999   320    30     7 -9999    -1
1979 06 03 06   130   110 -9999     0     0     8 -9999     3
1979 06 03 09   150    70 -9999   360    20     3 -9999 -9999
1979 06 04 00   160   -10 -9999   160    30     0 -9999     0
1979 06 04 06   200   -60 -9999   340    60     1 -9999     0
1979 06 04 09   200   -60 -9999   320    50     1 -9999 -9999
1979 06 04 21   100    30 -9999    20    30     1 -9999 -9999
1979 06 05 00   140    30 -9999   340    20     2 -9999 -9999
1979 06 05 09   220     0 -9999    20    50     4 -9999 -9999
1979 06 05 12 -9999 -9999 -9999 -9999 -9999     6 -9999 -9999
1979 06 05 21   130    30 -9999   110    20     4 -9999 -9999
1979 06 06 00   190    60 -9999     0     0     2 -9999 -9999
1979 06 06 06   240    40 -9999    70    20     2 -9999 -9999
1979 06 06 09   250    40 -9999     0     0     3 -9999 -9999
1979 06 06 21   180    10 -9999   140    40     2 -9999 -9999
1979 06 07 00   210    20 -9999   160    30     1 -9999 -9999
1979 06 07 09   270   -10 -9999   360    30     5 -9999 -9999
1979 06 07 21   180    50 -9999     0     0     7 -9999 -9999
1979 06 08 00   200    60 -9999     0     0     7 -9999 -9999
1979 06 08 09   240   -50 -9999   360    60     7 -9999 -9999
1979 06 09 00   180    30 -9999     0     0     7 -9999 -9999
1979 06 09 06   210   -50 -9999    20    60     2 -9999     0
1979 06 09 09   240   110 10154   250    30     2 -9999 -9999
1979 06 09 21   100   -20 -9999    70    20     0 -9999 -9999
1979 06 10 00   140   -30 -9999   140    20     0 -9999     0
1979 06 10 06   200   -70 -9999   360    20     1 -9999     0
1979 06 10 09   210   -80 -9999   360    60     0 -9999 -9999
1979 06 10 21   110   -60 -9999    90    30     0 -9999 -9999
1979 06 11 00   190  -180 -9999     0     0     0 -9999 -9999
1979 06 11 06   240   -30 -9999    20    20     0 -9999 -9999
1979 06 11 09   260   -10 -9999   270    20     0 -9999 -9999
1979 06 11 21   150   -70 -9999    90    30     0 -9999 -9999
1979 06 12 00   220   -40 -9999   140    20     0 -9999 -9999
1979 06 12 09   290   -10 -9999     0     0     1 -9999 -9999
1979 06 12 21   180   -70 -9999   110    40     2 -9999 -9999
1979 06 13 09   310   -40 -9999    40    20     1 -9999 -9999
1979 06 13 21   210   -40 -9999    70    30     0 -9999 -9999
1979 06 14 00   240    40 -9999     0     0     3 -9999 -9999
1979 06 14 06   300   -40 -9999   110    60     2 -9999     0
1979 06 14 09   300   -30 -9999   140    60     7 -9999 -9999
1979 06 14 12   210   -50 -9999   360   120     8 -9999 -9999
1979 06 14 21   200    10 -9999    90    30     2 -9999 -9999
1979 06 15 00   220    50 -9999   160    20     3 -9999 -9999
1979 06 15 06   280    40 -9999    70    50     1 -9999     0
1979 06 15 21   200   170 10105    20    20     1 -9999 -9999
1979 06 16 00   240    60 -9999   180    50     1 -9999 -9999
1979 06 16 09   290   -20 -9999   160    60     7 -9999 -9999
1979 06 16 21   230    50 -9999   160    20     8 -9999 -9999
1979 06 17 00   210    80 -9999   200    40     7 -9999 -9999
1979 06 17 06   250    70 -9999   200    40     8 -9999     0
1979 06 17 09   230    70 -9999   360    50     8 -9999 -9999
1979 06 17 21   140   130 -9999     0     0     8 -9999 -9999
1979 06 18 00   150   120 -9999   220    10     7 -9999    50
1979 06 18 06   200   120 -9999   320    20     7 -9999    50
1979 06 18 09   170   120 -9999   250    20     7 -9999 -9999
1979 06 18 21   130   110 -9999   320    20     7 -9999 -9999
1979 06 19 00   130    80 -9999   360    50     3 -9999     0
1979 06 19 06   190    50 -9999    20    80     2 -9999     0
1979 06 19 09   190    30 -9999    20    60     2 -9999 -9999
1979 06 19 21   120    30 -9999   110    30     1 -9999 -9999
1979 06 20 00   170    40 -9999   110    20     1 -9999 -9999
1979 06 20 09   240    10 -9999     0     0     3 -9999 -9999
1979 06 20 18   150     0 -9999   110    40     0 -9999 -9999
1979 06 21 00   210    10 -9999   160    30     6 -9999 -9999
1979 06 21 09   280   -20 -9999   250    30     7 -9999 -9999
1979 06 21 21   210    20 -9999    90    40     2 -9999 -9999
1979 06 22 00   210    30 -9999   340    30     7 -9999 -9999
1979 06 22 09   180   110 -9999   360    80     8 -9999 -9999
1979 06 23 00   130   100 -9999   360    30 -9999 -9999    -1
1979 06 23 09   170    90 -9999   360    30     6 -9999 -9999
1979 06 23 21   120    70 -9999   140    30     0 -9999 -9999
1979 06 24 00   220   -60 -9999    40    60     1 -9999 -9999
1979 06 24 12   220  -130 -9999   340    50     2 -9999 -9999
1979 06 24 18   120   -50 -9999 -9999 -9999     0 -9999     0
1979 06 24 21   170    30 -9999   140    30     3 -9999 -9999
1979 06 25 06   240    50 -9999   340    40     2 -9999     0
1979 06 25 09   250    40 -9999   360    60     5 -9999 -9999
1979 06 25 21   140    80 -9999    90    30     1 -9999 -9999
1979 06 26 00   190    90 -9999    20    20     1 -9999 -9999
1979 06 26 06   310   180  9918    40    30     5 -9999     0
1979 06 26 09   240    70 -9999    20    40     4 -9999 -9999
1979 06 27 00   190    90 -9999     0     0     1 -9999 -9999
1979 06 27 06   250    70 -9999   340    30     2 -9999     0
1979 06 27 09   260    50 -9999   270    30     2 -9999 -9999
1979 06 27 12   210   -30 -9999    20    20     4 -9999    -1
1979 06 27 21   200    70 -9999    70    50     3 -9999 -9999
1979 06 28 00   240    90 -9999   110    20     1 -9999     5
1979 06 28 06   280    80 -9999   360    20     6 -9999     0
1979 06 28 09   290    60 -9999    20    30     2 -9999 -9999
1979 06 29 00   240   120 -9999   110    30     1 -9999    10
1979 06 29 09   290    70 -9999    20    30     3 -9999 -9999
1979 06 29 20   190    80 -9999    90    30     1 -9999 -9999
1979 06 29 21 -9999 -9999 -9999    90    30     1 -9999 -9999
1979 06 30 00   120    90 -9999    40    30     2 -9999 -9999
1979 06 30 06   280    70 -9999    20    50     2 -9999     0
1979 06 30 09   290    80 -9999   360    40     2 -9999 -9999
1979 07 01 00   210   180 10054   260    30     8 -9999    -1
1979 07 01 03   230   190 10054    20    10     8 -9999 -9999
1979 07 01 09   120   120 -9999   340    30     8 -9999 -9999
1979 07 02 21   130   100 -9999     0     0     7 -9999 -9999
1979 07 03 09   230   100 -9999   360    50     7 -9999 -9999
1979 07 03 21   160   130 -9999     0     0     7 -9999 -9999
1979 07 04 09   250    90 -9999   360    10     7 -9999 -9999
1979 07 04 21   170   110 -9999     0     0     2 -9999 -9999
1979 07 05 09   230   120 -9999   220    30     7 -9999 -9999
1979 07 05 21 -9999 -9999 -9999   140    20     7 -9999 -9999
1979 07 06 06   250   100 -9999   250    30     7 -9999     0
1979 07 06 09   230   110 -9999    20    50     6 -9999 -9999
1979 07 06 21   150   100 -9999   110    30     1 -9999 -9999
1979 07 07 00   200   110 -9999     0     0     0 -9999 -9999
1979 07 07 06   260    90 -9999     0     0     3 -9999     0
1979 07 07 09   270    80 -9999   220    20     7 -9999 -9999
1979 07 08 00   210   120 -9999   160    30     7 -9999 -9999
1979 07 08 09   190   130 -9999    70    70     7 -9999 -9999
1979 07 08 21   160   110 -9999   110    40     1 -9999 -9999
1979 07 09 06   250   160 -9999    90    20     4 -9999    -1
1979 07 09 09   270 -9999 -9999   320    30     3 -9999 -9999
1979 07 09 21   160    30 -9999    90    40     2 -9999 -9999
1979 07 10 00   220    40 -9999 -9999 -9999     7 -9999 -9999
1979 07 10 06   280    70 -9999   250    60     5 -9999     0
1979 07 10 09   290    30 -9999   200    20     3 -9999 -9999
1979 07 10 12   150   -20 -9999   290    90     7 -9999    -1
1979 07 10 21   220    40 -9999    40    30     7 -9999 -9999
1979 07 11 00   220    30 -9999    40    50     8 -9999 -9999
1979 07 11 06   150   130 -9999   220    30     8 -9999    40
1979 07 11 09   150   120 -9999     0     0     8 -9999 -9999
1979 07 11 12   300   270 10002     0     0     7 -9999 -9999
1979 07 11 21   130   100 -9999   180    30     0 -9999 -9999
1979 07 12 00   170   100 -9999   140    20     1 -9999 -9999
1979 07 12 06   240    90 -9999   200    20     2 -9999     0
1979 07 12 09   250    90 -9999   270    20     5 -9999 -9999
1979 07 12 21   160    90 -9999   110    20     1 -9999 -9999
1979 07 13 00   180    80 -9999   140    30     0 -9999    -1
1979 07 13 06   250    50 -9999   200    40     2 -9999     0
1979 07 14 00   240    60 -9999   110    20     2 -9999 -9999
1979 07 14 06   280    40 -9999   360    20     7 -9999     0
1979 07 14 09   280    40 -9999    20    20     7 -9999 -9999
1979 07 14 21   220   100 -9999   340    30     8 -9999 -9999
1979 07 15 00   210    80 -9999   360    30     8 -9999    -1
1979 07 15 21   190    60 -9999   110    20     7 -9999 -9999
1979 07 16 00   210    80 -9999   110    20     7 -9999 -9999
1979 07 16 06   250    20 -9999   360    20     8 -9999     0
1979 07 16 09   250    10 -9999   360    50     7 -9999 -9999
1979 07 16 21   160   100 -9999     0     0     8 -9999 -9999
1979 07 17 00   170   100 -9999     0     0     7 -9999    -1
1979 07 17 06   220    80 -9999   320    10     6 -9999     0
1979 07 17 09   230    70 -9999   320    30     6 -9999 -9999
1979 07 17 21   140    80 -9999   200    30     2 -9999 -9999
1979 07 18 00   130    90 -9999   220    40     8 -9999 -9999
1979 07 18 09   170   100 -9999     0     0     7 -9999 -9999
1979 07 18 21   140   110 -9999    40    30     3 -9999 -9999
1979 07 19 00   160   120 -9999   340    20     7 -9999 -9999
1979 07 19 06   230   100 -9999   360    30     7 -9999     0
1979 07 19 09   230   100 -9999    20    30     7 -9999 -9999
1979 07 20 00   190    90 -9999   160    20     2 -9999 -9999
1979 07 20 21 -9999 -9999 -9999    70    40     6 -9999 -9999
1979 07 21 00   190   100 -9999   160    30     2 -9999 -9999
1979 07 21 09   250    90 -9999   220    30 -9999 -9999 -9999
1979 07 21 21   150   100 -9999   110    30     0 -9999 -9999
1979 07 22 00   190   120 -9999     0     0     1 -9999 -9999
1979 07 22 09   270    80 -9999     0     0     1 -9999 -9999
1979 07 22 21   200    90 -9999    40    20     7 -9999 -9999
1979 07 23 00   200   110 -9999   360    70     7 -9999    -1
1979 07 23 06   210   160 -9999   180    40     7 -9999    20
1979 07 23 09   230   130 -9999   180    20     2 -9999 -9999
1979 07 23 12   280    40 10035   180    30     7 -9999    -1
1979 07 23 21   170   140 -9999   110    30     0 -9999 -9999
1979 07 24 06 -9999 -9999 -9999   340    10     2 -9999     0
1979 07 24 09   270    60 -9999    70    30     1 -9999 -9999
1979 07 24 21   210    80 -9999   110    60     1 -9999 -9999
1979 07 25 00   240    90 -9999     0     0     2 -9999 -9999
1979 07 25 09   290    90 -9999   180    50     7 -9999 -9999
1979 07 25 21   240   120 -9999   140    70     7 -9999 -9999
1979 07 26 00   210   140 -9999   140    20     8 -9999 -9999
1979 07 26 06 -9999 -9999 -9999    40    20     8 -9999 -9999
1979 07 26 09   170   170 -9999   180    20     8 -9999 -9999
1979 07 26 21   160   150 -9999    20    30     8 -9999 -9999
1979 07 27 00   160   150 -9999    40    30     6 -9999    -1
1979 07 27 06   210   140 -9999   290    20     7 -9999     0
1979 07 27 09   290   270 10051    10    40     8 -9999 -9999
1979 07 28 00   110    10 -9999    90    50     1 -9999 -9999
1979 07 28 09   180   160 -9999   290    20     8 -9999 -9999
1979 07 28 21   150   150 -9999    20    40     7 -9999 -9999
1979 07 29 00   160   140 -9999    20    20     7 -9999    10
1979 07 29 06   180 -9999 -9999   180    30     8 -9999 -9999
1979 07 29 09   180   160 -9999   220    30     8 -9999 -9999
1979 07 30 06   160   150 -9999   270    30     8 -9999    30
1979 07 30 09   150   150 -9999   220    20     8 -9999 -9999
1979 07 30 21   140   130 -9999    70    20     7 -9999 -9999
1979 07 31 00   150   140 -9999     0     0     7 -9999 -9999
1979 07 31 09   210   120 -9999   220    20     5 -9999 -9999
1979 07 31 21   150   120 -9999   110    30     0 -9999 -9999
1979 08 01 00   190   130 -9999   140    20     1 -9999 -9999
1979 08 01 09   250   130 -9999   200    20     7 -9999 -9999
1979 08 01 21   180   150 -9999     0     0     8 -9999 -9999
1979 08 02 00   180   160 -9999     0     0     7 -9999    10
1979 08 02 06   160   150 -9999   220    20     8 -9999    80
1979 08 02 09   180   140 -9999   220    30     7 -9999 -9999
1979 08 02 12   190   -50 -9999   280    30     3 -9999 -9999
1979 08 02 21   160   140 -9999   110    20     5 -9999 -9999
1979 08 03 00   170   130 -9999     0     0     5 -9999 -9999
1979 08 03 06   210 -9999 -9999   180    30     1 -9999     0
1979 08 03 09   230   150 -9999     0     0     7 -9999 -9999
1979 08 03 21   160   120 -9999   110    20     0 -9999 -9999
1979 08 04 00   200   120 -9999    90    20     1 -9999 -9999
1979 08 04 06   260   100 -9999   270    20     1 -9999     0
1979 08 04 09   270   110 -9999   110    20     1 -9999 -9999
1979 08 04 21   250   230 -9999   200    30     1 -9999 -9999
1979 08 05 09   290    60 -9999   160    80     2 -9999 -9999
1979 08 05 21   230   150 -9999   110    40     7 -9999 -9999
1979 08 06 06   270   140 -9999   140    90     7 -9999   290
1979 08 06 09   260   140 -9999   140    80     7 -9999 -9999
1979 08 07 00   190   170 -9999   200    40     7 -9999 -9999
1979 08 07 06   250   140 -9999   250    20     3 -9999     0
1979 08 07 09   260   140 -9999     0     0     1 -9999 -9999
1979 08 08 00   150    30 -9999    90    90     1 -9999 -9999
1979 08 09 00   240   150  9946   110    20     0 -9999 -9999
1979 08 09 21   210   140 -9999    40    30     7 -9999 -9999
1979 08 10 06   230   150 -9999    20   100     7 -9999     0
1979 08 10 09   190   120 -9999    20   100     8 -9999 -9999
1979 08 10 21   160   140 -9999    40    30     8 -9999 -9999
1979 08 11 00   150   130 -9999     0     0     8 -9999     5
1979 08 11 06   180   120 -9999     0     0     8 -9999    -1
1979 08 11 09   200   140 -9999   340    30     6 -9999 -9999
1979 08 11 21   160   140 -9999     0     0     2 -9999 -9999
1979 08 12 00   180   150 -9999     0     0     7 -9999 -9999
1979 08 12 06   150   150 -9999   290    30     8 -9999    20
1979 08 12 09   140   140 -9999   340    30     8 -9999 -9999
1979 08 12 21   110   100 -9999     0     0     8 -9999 -9999
1979 08 13 06   150   120 -9999   290    30     7 -9999    -1
1979 08 13 09   170   110 -9999 -9999 -9999     7 -9999 -9999
1979 08 13 21   130   110 -9999     0     0     6 -9999 -9999
1979 08 14 00   150   100 -9999     0     0     7 -9999 -9999
1979 08 14 06   180   100 -9999 -9999 -9999     8 -9999     0
1979 08 14 09   180   100 -9999     0     0     7 -9999 -9999
1979 08 14 21   140   110 -9999    90    10     7 -9999 -9999
1979 08 15 06   230    90 -9999    20    20     1 -9999     0
1979 08 15 09   240    80 -9999    20    40     1 -9999 -9999
1979 08 15 21   160   100 -9999     0     0     7 -9999 -9999
1979 08 16 00   150   130 -9999   340    20     8 -9999 -9999
1979 08 16 06   200   120 -9999    20    60     6 -9999    10
1979 08 16 09   210   100 -9999    20    60     1 -9999 -9999
1979 08 16 21   130    90 -9999   110    20     1 -9999 -9999
1979 08 17 00   170   100 -9999   140    20     2 -9999 -9999
1979 08 17 06   230    40 -9999   320    30     2 -9999     0
1979 08 17 09   240    20 -9999   340    30     1 -9999 -9999
1979 08 17 21   150    60 -9999   110    30     0 -9999 -9999
1979 08 18 00   190    80 -9999   110    30     0 -9999 -9999
1979 08 18 06   250    60 -9999   220    30     4 -9999     0
1979 08 18 21   180    40 -9999   110    40     2 -9999 -9999
1979 08 19 00   200    90 -9999   200    40     7 -9999 -9999
1979 08 19 06   230   100 -9999   180    80     2 -9999     5
1979 08 19 09   240    80 -9999   180    50     3 -9999 -9999
1979 08 19 21   200   110 -9999   160    40     3 -9999 -9999
1979 08 20 00   210   100 -9999   160    40     0 -9999 -9999
1979 08 20 06   300   120 -9999   160    40     0 -9999     0
1979 08 20 09   290    70 -9999   140    70     0 -9999 -9999
1979 08 20 21   160    40 -9999   360    70     0 -9999 -9999
1979 08 21 00   170    80 -9999    40    80     2 -9999 -9999
1979 08 21 09   150    20 -9999   360    70     8 -9999 -9999
1979 08 21 21   130   110 -9999     0     0     8 -9999 -9999
1979 08 22 00   130   110 -9999     0     0     8 -9999     0
1979 08 22 09   200   110 -9999     0     0     7 -9999 -9999
1979 08 22 21   180   110 -9999    70    30     8 -9999 -9999
1979 08 23 06   200   150 -9999     0     0     8 -9999    -1
1979 08 23 21   170   150 -9999     0     0     8 -9999 -9999
1979 08 24 00   180   140 -9999     0     0     6 -9999 -9999
1979 08 24 06   230   140 -9999   290    40     7 -9999     0
1979 08 24 09   230   160 -9999    40    20     7 -9999 -9999
1979 08 24 16   180   150 -9999     0     0     1 -9999 -9999
1979 08 24 18   130     0 -9999    20    10     7 -9999     0
1979 08 24 21   180 -9999 -9999     0     0     1 -9999 -9999
1979 08 25 00   190 -9999 -9999   340    30     7 -9999 -9999
1979 08 25 09   170   130 -9999    40    20     7 -9999 -9999
1979 08 25 21   100    80 -9999    20    40     8 -9999 -9999
1979 08 26 09   160    60 -9999   220    40     7 -9999 -9999
1979 08 26 21 -9999 -9999 -9999   160    20     8 -9999 -9999
1979 08 27 00   120    70 -9999     0     0     7 -9999 -9999
1979 08 27 06   180 -9999 -9999     0     0     7 -9999     0
1979 08 27 09   190    40 -9999   320    20 -9999 -9999 -9999
1979 08 28 00   120    50 -9999     0     0     7 -9999     0
1979 08 28 06   190    50 -9999   220    20     1 -9999     0
1979 08 28 21   120   -10 -9999   110    40     0 -9999 -9999
1979 08 29 00   150    30 -9999    90    20     0 -9999     0
1979 08 29 06   240 -9999 -9999   160    20     0 -9999     0
1979 08 29 09   260   -30 -9999     0     0     1 -9999 -9999
1979 08 29 21   190    20 -9999    70    20     8 -9999 -9999
1979 08 30 00   150   100 -9999   360    40     8 -9999 -9999
1979 08 30 09   190    70 -9999   360    20     4 -9999 -9999
1979 08 30 21    90     0 -9999   110    30     0 -9999 -9999
1979 08 31 21    90   -40 -9999    40    20     0 -9999 -9999
1979 09 01 00   110   -30 -9999   140    20     0 -9999     0
1979 09 01 06   180   -70 -9999   320    20     0 -9999     0
1979 09 01 09   200   -90 -9999   220    30     0 -9999 -9999
1979 09 01 12   190   -80 -9999   360    30     1 -9999 -9999
1979 09 01 21   120    10 -9999   110    40     0 -9999 -9999
1979 09 02 00   140    50 -9999   110    30     2 -9999     0
1979 09 02 06   220     0 -9999   250    20     7 -9999     0
1979 09 02 09   220   -10 -9999   360    10     7 -9999 -9999
1979 09 02 12   140   -60 -9999   210    80     1 -9999 -9999
1979 09 02 21   130     0 -9999   110    30     0 -9999 -9999
1979 09 03 00 -9999 -9999 -9999   140    30     1 -9999     0
1979 09 03 03   200   100 10110     0     0     5 -9999 -9999
1979 09 03 09   240   -20 -9999   340    60     3 -9999 -9999
1979 09 03 21   150     0 -9999   110    30     3 -9999 -9999
1979 09 04 00   150    20 -9999   140    20     7 -9999 -9999
1979 09 04 09   180    60 -9999   110    20     7 -9999 -9999
1979 09 04 21   150    40 -9999 -9999 -9999     8 -9999 -9999
1979 09 05 00   130   -20 -9999    20    30     7 -9999 -9999
1979 09 05 09   190   -50 -9999   360    50     1 -9999 -9999
1979 09 05 21   120   -70 -9999   140    40     0 -9999 -9999
1979 09 06 00   150   -40 -9999   110    40     1 -9999     0
1979 09 06 06   230   -70 -9999   180    40     0 -9999     0
1979 09 06 09   240   -50 -9999   250    30     3 -9999 -9999
1979 09 06 21   110   -10 -9999     0     0     3 -9999 -9999
1979 09 07 00   140     0 -9999   110    30     1 -9999     0
1979 09 07 06   210   -30 -9999   290    40     2 -9999     0
1979 09 07 09   230   -50 -9999   250    30     6 -9999 -9999
1979 09 07 21   130   -10 -9999   110    30     7 -9999 -9999
1979 09 08 00   160     0 -9999    90    30     0 -9999 -9999
1979 09 08 06   230   -30 -9999   250    20     1 -9999     0
1979 09 08 09   230   -50 -9999   340    30     1 -9999 -9999
1979 09 08 21   160   -20 -9999    90    50     0 -9999 -9999
1979 09 09 00   100    10 -9999   110    60     0 -9999 -9999
1979 09 09 06   270    30 -9999   290    30     2 -9999 -9999
1979 09 09 21   180    80 -9999   110    30     7 -9999 -9999
1979 09 10 09   210   100 -9999   140    40     7 -9999 -9999
1979 09 10 21   150   100 -9999    70    20     8 -9999 -9999
1979 09 11 00   160    90 -9999    20    40     8 -9999 -9999
1979 09 11 09   130   100 -9999   110    40     8 -9999 -9999
1979 09 11 21    90    20 -9999    20    30     6 -9999 -9999
1979 09 12 09   150   -50 -9999   340    20     7 -9999 -9999
1979 09 12 21    90    20 -9999   110    30     3 -9999 -9999
1979 09 13 00   120    30 -9999   110    20     7 -9999 -9999
1979 09 13 06 -9999 -9999 -9999    20    10     7 -9999 -9999
1979 09 13 09   190    20 -9999     0     0     7 -9999 -9999
1979 09 13 21   110    30 -9999   110    30     8 -9999 -9999
1979 09 14 06   180    50 -9999   180    30     7 -9999     0
1979 09 14 21   100    30 -9999   160    10     0 -9999 -9999
1979 09 15 00    40  -100 -9999    90    20     2 -9999 -9999
1979 09 15 06   190    20 -9999   220    20     7 -9999     0
1979 09 15 09   210     0 -9999   290    20     3 -9999 -9999
1979 09 15 21   110     0 -9999   110    30     0 -9999 -9999
1979 09 16 00   130    20 -9999   110    30     0 -9999     0
1979 09 16 06   250     0 -9999   200    20     1 -9999     0
1979 09 16 09   250    10 -9999   180    40     0 -9999 -9999
1979 09 16 12   110   -30 -9999   200    20     3 -9999 -9999
1979 09 16 15   130 -9999 -9999    40    20     6 -9999 -9999
1979 09 16 21   180    50 -9999   110    50     0 -9999 -9999
1979 09 17 06   240    80 -9999   340    20     0 -9999     0
1979 09 17 09   250    80 -9999   140    60     7 -9999 -9999
1979 09 17 21   140    40 -9999    40    30     0 -9999 -9999
1979 09 18 00   130    60 -9999     0     0     2 -9999 -9999
1979 09 18 06   200    90 -9999   200    60     7 -9999     0
1979 09 18 09   190   100 -9999   360    40     8 -9999 -9999
1979 09 18 21   130   100 -9999   360    20     1 -9999 -9999
1979 09 19 00   200   170 10184    20    20     7 -9999 -9999
1979 09 19 06   170    70 -9999   320    30     8 -9999     0
1979 09 19 09   170    50 -9999   340    30     8 -9999 -9999
1979 09 19 12   110   -50 -9999    80    70     3 -9999    -1
1979 09 20 06   110   100 -9999   250    20     8 -9999    20
1979 09 20 09   120   100 -9999   340    20     8 -9999 -9999
1979 09 20 18 -9999 -9999 -9999    40    40     6 -9999     0
1979 09 20 21   110    80 -9999     0     0     8 -9999 -9999
1979 09 21 00 -9999 -9999 -9999    70    20 -9999 -9999 -9999
1979 09 21 06   160    20 -9999    20    30     7 -9999     0
1979 09 21 09   170    10 -9999   360    30     7 -9999 -9999
1979 09 22 06   130   -10 -9999   250    20     7 -9999     0
1979 09 22 09   130   -20 -9999   360    20     8 -9999 -9999
1979 09 22 21    90    30 -9999   180    20     3 -9999 -9999
1979 09 23 00   130    80 10237   260    10     7 -9999 -9999
1979 09 23 06   110 -9999 -9999   170    50     0 -9999     0
1979 09 23 09   130    40 -9999   250    40     6 -9999 -9999
1979 09 24 00    90    40 -9999    90    20     0 -9999     0
1979 09 24 06   170     0 -9999   220    10     1 -9999     0
1979 09 24 09   180   -30 -9999   340    30     1 -9999 -9999
1979 09 24 21    90   -10 -9999    90    30     0 -9999 -9999
1979 09 25 00   110   -20 -9999   110    40     1 -9999     0
1979 09 25 06   190   -10 -9999   140    40     7 -9999     0
1979 09 25 09   170   -20 -9999   160    70     7 -9999 -9999
1979 09 25 12   130  -100 -9999    20    70     7 -9999 -9999
1979 09 25 21    90    20 -9999     0     0     0 -9999 -9999
1979 09 26 00    90   -50 -9999    10    30     7 -9999 -9999
1979 09 26 06   170     0 -9999   220    30     1 -9999     0
1979 09 26 09   160    40 -9999   140    50     2 -9999 -9999
1979 09 26 21    80    40 -9999   110    20     1 -9999 -9999
1979 09 27 00    90    40 -9999   110    20     2 -9999     0
1979 09 27 06   140 -9999 -9999   290    30     7 -9999     0
1979 09 27 09   160    40 -9999   250    20     7 -9999 -9999
1979 09 27 21   110    90 -9999   320    20     7 -9999 -9999
1979 09 28 00   110    90 -9999     0     0     7 -9999 -9999
1979 09 28 06   170    70 -9999     0     0     6 -9999     0
1979 09 28 09   180    70 -9999     0     0     3 -9999 -9999
1979 09 28 21   100    50 -9999   140    30     0 -9999 -9999
1979 09 29 00   110    40 -9999   110    30     0 -9999     0
1979 09 29 06   190    10 -9999   320    20     2 -9999     0
1979 09 29 09   200   -10 -9999   340    30     3 -9999 -9999
1979 09 29 21   -20  -120 -9999   150    10     0 -9999 -9999
1979 09 30 00    80    60 -9999    40    70     7 -9999    80
1979 09 30 09   140    30 -9999   360    50     2 -9999 -9999
1979 09 30 21    50    10 -9999    70    20     0 -9999 -9999
1979 10 01 00    70 -9999 -9999    70    20     2 -9999     0
1979 10 01 06   140   -10 -9999   320    40     5 -9999     0
1979 10 01 09   110    30 -9999    40    30     2 -9999 -9999
1979 10 01 12    90  -180 -9999    40    30     1 -9999 -9999
1979 10 01 21    40     0 -9999   160    20     0 -9999 -9999
1979 10 02 00    50    20 -9999    90    20     1 -9999     0
1979 10 02 09   130   -20 -9999    20    30     3 -9999 -9999
1979 10 02 12   140     0 -9999    40    30     0 -9999 -9999
1979 10 02 21    50   -10 -9999    70    30     0 -9999 -9999
1979 10 03 00    60   -10 -9999    70    20     1 -9999 -9999
1979 10 03 06   140   -40 -9999    70    10     1 -9999 -9999
1979 10 03 09   150   -50 -9999     0     0     1 -9999 -9999
1979 10 03 21    60   -50 -9999   110    30     0 -9999 -9999
1979 10 04 00    90   -40 -9999   110    40     1 -9999 -9999
1979 10 04 06   150   -60 -9999   340    40     5 -9999     0
1979 10 04 09   150   -50 -9999    20    30     2 -9999 -9999
1979 10 04 21    50   -40 -9999    90    30     1 -9999 -9999
1979 10 05 06   150   -70 -9999   340    20     1 -9999     0
1979 10 05 09   150   -60 -9999   360    40     1 -9999 -9999
1979 10 05 21    50   -50 -9999    70    20     0 -9999 -9999
1979 10 06 00    50   -70 -9999    90    30     0 -9999     0
1979 10 06 09   150  -130 -9999   360    50     0 -9999 -9999
1979 10 06 21    50   -90 -9999    90    30     1 -9999 -9999
1979 10 07 00    80   -90 -9999    90    30     7 -9999     0
1979 10 07 09   150   -90 -9999   220    30     7 -9999 -9999
1979 10 07 21    90   -30 -9999   160    20     6 -9999 -9999
1979 10 08 00   100    10 -9999   160    30     1 -9999     0
1979 10 08 06   160   -20 -9999   220    30     1 -9999     0
1979 10 08 09   170   -70 -9999   360    20     1 -9999 -9999
1979 10 08 18    60   -40 10186     0     0     0 -9999     0
1979 10 08 21   100   -60 -9999 -9999 -9999     0 -9999 -9999
1979 10 09 00   100   -50 -9999   160    40     0 -9999     0
1979 10 09 06   190   -80 -9999 -9999 -9999     1 -9999     0
1979 10 09 09   200   -70 -9999   320    10     1 -9999 -9999
1979 10 09 21   100   -40 -9999     0     0     7 -9999 -9999
1979 10 10 00   100   -50 -9999   110    40     2 -9999     0
1979 10 10 03    80   -80 -9999    70    30     2 -9999 -9999
1979 10 10 06   190   -80 -9999   360    20     1 -9999     0
1979 10 10 09   190   -50 -9999     0     0     1 -9999 -9999
1979 10 11 00   120   -30 -9999   110    50     0 -9999     0
1979 10 11 06   210   -30 -9999 -9999 -9999     1 -9999     0
1979 10 11 09   200    10 -9999   200    60     0 -9999 -9999
1979 10 11 21   110    30 -9999   160    20     0 -9999 -9999
1979 10 12 00    90    10 -9999   110    40     4 -9999     0
1979 10 12 06   190    50 -9999     0     0     7 -9999     0
1979 10 12 09   210   100 10182   180    20     1 -9999 -9999
1979 10 12 18    50  -110 -9999   360    30     7 -9999 -9999
1979 10 12 21    70    40 -9999    90    30     0 -9999 -9999
1979 10 13 00    80    20 -9999    90    20     0 -9999     0
1979 10 13 09   180  -180 -9999   180    20     0 -9999 -9999
1979 10 13 21   100   -30 -9999   140    40     0 -9999 -9999
1979 10 14 00   140   -40 -9999   140    50     0 -9999     0
1979 10 14 06   230  -100 -9999   180    90     1 -9999     0
1979 10 14 09   210   -10 -9999   110    70     1 -9999 -9999
1979 10 14 21   120    50 -9999   200    30     1 -9999 -9999
1979 10 15 06   100    50 -9999   360    60     8 -9999    -1
1979 10 15 09   110    50 -9999    90    70     7 -9999 -9999
1979 10 15 21 -9999 -9999 -9999   360    30     2 -9999 -9999
1979 10 16 00    30  -120 -9999   360    40     7 -9999     0
1979 10 16 06    80   -80 -9999   340    20     2 -9999     0
1979 10 16 09    90  -100 -9999   340    20     1 -9999 -9999
1979 10 16 21    40  -140 -9999   110    30     1 -9999 -9999
1979 10 17 00    40   -70 -9999   110    30     1 -9999     0
1979 10 17 06   130   -70 -9999   220    30     2 -9999     0
1979 10 17 09   140  -100 -9999   360    30     0 -9999 -9999
1979 10 17 21    40   -90 -9999   110    40     0 -9999 -9999
1979 10 18 00    40  -100 -9999   110    40     0 -9999     0
1979 10 18 06   170   -90 -9999     0     0     0 -9999     0
1979 10 18 09   160   -60 -9999   250    10     0 -9999 -9999
1979 10 19 00    70   -90 -9999   360    30     2 -9999     0
1979 10 19 21   -60  -160 -9999    70    30     0 -9999 -9999
1979 10 21 06   140   -90 -9999   220    30     0 -9999     0
1979 10 21 09   150  -100 -9999   250    20     0 -9999 -9999
1979 10 21 21    30  -140 -9999   110    40     0 -9999 -9999
1979 10 22 00    40  -140 -9999   110    30     0 -9999     0
1979 10 22 06   160  -120 -9999   220    30     0 -9999     0
1979 10 22 09   170  -130 -9999   320    30     0 -9999 -9999
1979 10 22 21    90  -110 -9999   360    30     0 -9999 -9999
1979 10 23 00    60   -80 -9999    40    30     7 -9999     0
1979 10 23 09   120     0 -9999   340    30     7 -9999 -9999
1979 10 23 12    30  -170 -9999   210    20     6 -9999 -9999
1979 10 23 21    30   -50 -9999    90    20     1 -9999 -9999
1979 10 24 00 -9999 -9999  9800 -9999 -9999     1 -9999     0
1979 10 24 06   130   -50 -9999   340    30     7 -9999     0
1979 10 24 09   120   -50 -9999   250    20     7 -9999 -9999
1979 10 24 21    30   -50 -9999     0     0     0 -9999 -9999
1979 10 25 00    40   -60 -9999    90    20     0 -9999 -9999
1979 10 25 06   120   -90 -9999   320    40     2 -9999     0
1979 10 25 21    40   -70 -9999   110    40     0 -9999 -9999
1979 10 26 00    50   -70 -9999   110    30     0 -9999     0
1979 10 26 21    50 -9999 -9999   110    30     0 -9999 -9999
1979 10 27 00    60  -110 -9999   160    30     0 -9999     0
1979 10 27 06   160   -80 -9999   220    20     1 -9999     0
1979 10 27 09   170   -70 -9999   290    30     1 -9999 -9999
1979 10 27 21    70   -40 -9999    90    30     2 -9999 -9999
1979 10 28 00    70   -40 -9999   110    30     1 -9999     0
1979 10 28 06   170   -30 -9999   270    30     1 -9999     0
1979 10 28 09   170   -30 -9999     0     0     1 -9999 -9999
1979 10 28 21    80   -40 -9999   110    30     0 -9999 -9999
1979 10 29 00    90   -40 -9999   140    40     3 -9999     0
1979 10 29 06   170   -70 -9999   340    30     1 -9999     0
1979 10 29 09   170   -70 -9999     0     0     0 -9999 -9999
1979 10 29 21    70   -70 -9999   110    30     0 -9999 -9999
1979 10 30 00    70   -70 -9999   110    30     6 -9999     0
1979 10 30 06   170   -70 -9999   270    30     1 -9999     0
1979 10 30 09   170   -70 -9999     0     0     0 -9999 -9999
1979 10 30 21   -10  -140 -9999    60    70     0 -9999 -9999
1979 10 31 00    70   -80 -9999   110    30     1 -9999     0
1979 10 31 06   170   -90 -9999   220    30     1 -9999     0
1979 10 31 21    70   -80 -9999   110    40     0 -9999 -9999
1979 11 01 00    70   -90 -9999    90    20     1 -9999     0
1979 11 01 06   180   -90 -9999   290    20     1 -9999     0
1979 11 01 09   180   -90 -9999    20    20     3 -9999 -9999
1979 11 01 21    60   -70 -9999   110    30     1 -9999 -9999
1979 11 02 00 -9999 -9999 -9999   140    30     4 -9999 -9999
1979 11 02 03   110    50 10258    20    20     7 -9999 -9999
1979 11 02 06   140   -40 -9999   340    20     7 -9999     0
1979 11 02 09   150   -50 -9999   340    40     7 -9999 -9999
1979 11 03 00    80   -20 -9999    90    20     8 -9999     0
1979 11 03 06   160   -70 -9999   290    30     1 -9999     0
1979 11 03 09   160   -90 -9999   320    40     2 -9999 -9999
1979 11 03 12    40  -140 -9999   320    60     3 -9999 -9999
1979 11 03 21   -30   -40 -9999   360    50     8 -9999 -9999
1979 11 04 00    80    80 10142    20    30     7 -9999     0
1979 11 04 09     0  -100 -9999     0     0     1 -9999 -9999
1979 11 04 21   -10  -110 -9999   140    30     0 -9999 -9999
1979 11 05 00     0   -90 -9999   110    50     0 -9999 -9999
1979 11 05 06   110   -30 -9999   220    20     1 -9999     0
1979 11 05 09   120   -20 -9999     0     0     0 -9999 -9999
1979 11 05 21    40   -20 -9999   110    50     0 -9999 -9999
1979 11 06 00    50   -50 -9999   110    40     0 -9999     0
1979 11 06 06   170   -60 -9999   200    30     0 -9999     0
1979 11 06 09   170  -100 -9999   220    20     0 -9999 -9999
1979 11 06 21    50   -60 -9999   140    30     0 -9999 -9999
1979 11 07 00    40   -60 -9999    90    20     0 -9999     0
1979 11 07 06   160     0 -9999   340    20     0 -9999     0
1979 11 07 09   160     0 -9999     0     0     0 -9999 -9999
1979 11 07 21    50   -50 -9999 -9999 -9999     0 -9999 -9999
1979 11 08 00    50   -60 -9999   110    30     0 -9999     0
1979 11 08 06   120    20 -9999   220    40     0 -9999     0
1979 11 08 09   110   -10 -9999   290    20     7 -9999 -9999
1979 11 08 21     0  -110 -9999    20    50     6 -9999 -9999
1979 11 09 00   -30  -150 -9999   340    60     7 -9999     0
1979 11 09 06   -40  -110 -9999    40    40     8 -9999    -1
1979 11 09 21  -180  -340 -9999     0     0     3 -9999 -9999
1979 11 10 00  -100  -210 -9999     0     0     1 -9999 -9999
1979 11 10 06   -30  -230 -9999   200    20     5 -9999     0
1979 11 10 09   -40  -190 -9999     0     0     7 -9999 -9999
1979 11 10 21   -80  -200 -9999     0     0     0 -9999 -9999
1979 11 11 00  -110  -220 -9999     0     0     0 -9999 -9999
1979 11 11 06   -30  -180 -9999   340    40     0 -9999     0
1979 11 11 09   -30  -190 -9999   360    50     0 -9999 -9999
1979 11 11 21   -70  -160 -9999    70    20     0 -9999 -9999
1979 11 12 00   100  -190 -9999    70    20     0 -9999 -9999
1979 11 12 06   -20  -170 -9999   360    40     0 -9999     0
1979 11 12 09   -10  -160 -9999    20    20     0 -9999 -9999
1979 11 14 06    30  -140 -9999     0     0     0 -9999 -9999
1979 11 14 09    40  -130 -9999   290    30     0 -9999 -9999
1979 11 14 21   -30  -110 10237   340    20     0 -9999 -9999
1979 11 15 00   -40  -140 -9999   180    30     7 -9999 -9999
1979 11 15 06    20  -100 -9999   360    30     7 -9999 -9999
1979 11 15 21   -60   -70 -9999   360    30     8 -9999 -9999
1979 11 16 00   -70   -90 -9999   360    40     8 -9999    10
1979 11 16 03  -110  -190 -9999   250   130     1 -9999 -9999
1979 11 16 06   -60  -110 -9999   340    40     8 -9999    -1
1979 11 16 09   -60  -110 -9999   340    30     8 -9999 -9999
1979 11 16 12  -140  -230 -9999   290   110     0 -9999 -9999
1979 11 16 18  -100  -190 -9999   170    20     0 -9999 -9999
1979 11 16 21  -110  -110 -9999   320    30     8 -9999 -9999
1979 11 17 00  -120  -120 -9999   320    30     8 -9999    10
1979 11 17 06  -110  -110 -9999   320    40     7 -9999 -9999
1979 11 17 21  -140  -160 -9999   140    30     0 -9999 -9999
1979 11 18 00  -170 -9999 -9999    70    60     0 -9999 -9999
1979 11 18 06   -10   -90 -9999   200    20     6 -9999     0
1979 11 18 09   -30   -90 -9999     0     0     7 -9999 -9999
1979 11 19 06   -30  -120 -9999   200    50     0 -9999     0
1979 11 19 09   -20   -60 -9999   140    30     0 -9999 -9999
1979 11 19 21   -70  -160 -9999     0     0     1 -9999 -9999
1979 11 20 00   -80  -160 -9999    20    60     3 -9999 -9999
1979 11 20 06   -70  -160 -9999   320    70     8 -9999    -1
1979 11 20 09   -70  -230 -9999   320    50     6 -9999 -9999
1979 11 20 21  -120  -130 -9999   110    40     0 -9999 -9999
1979 11 21 00  -110  -140 -9999   110    20     1 -9999 -9999
1979 11 24 21  -120  -130 -9999   110    30     0 -9999 -9999
1979 11 26 00   -60  -180 -9999   160    40     3 -9999 -9999
1979 11 26 03    50   -70 10308   180    20     0 -9999 -9999
1979 11 26 06     0  -160 -9999   200    30     1 -9999     0
1979 11 27 06   -40  -140 -9999    20    30     1 -9999     0
1979 12 01 00  -110  -260 -9999    90    40     5 -9999 -9999
1979 12 01 21   -20  -150 -9999   160    40     0 -9999 -9999
1979 12 02 00   -40   -80 -9999     0     0     7 -9999 -9999
1979 12 03 09    40   -90 -9999   290    20     0 -9999 -9999
1979 12 03 21   -70  -160 -9999    70    20     0 -9999 -9999
1979 12 04 00  -100  -170 -9999     0     0     1 -9999 -9999
1979 12 04 06    10  -170 10293   220    10     0 -9999     0
1979 12 04 09    20  -130 -9999   340    20     0 -9999 -9999
1979 12 04 21   -40  -160 -9999   180    30     4 -9999 -9999
1979 12 05 00   -40  -170 -9999   160    40     7 -9999 -9999
1979 12 05 06    30  -130 -9999     0     0     0 -9999     0
1979 12 05 09    30  -130 -9999     0     0     0 -9999 -9999
1979 12 05 21   -30  -120 -9999    90    20     7 -9999 -9999
1979 12 06 00   -60  -120 -9999    70    20     7 -9999 -9999
1979 12 06 06    40  -120 -9999     0     0     1 -9999     0
1979 12 06 09    40  -130 -9999   360    30     0 -9999 -9999
1979 12 06 21   -50  -160 -9999   140    40     0 -9999 -9999
1979 12 07 00   -70  -160 -9999    90    30     0 -9999 -9999
1979 12 07 09    40  -130 -9999   360    40     7 -9999 -9999
1979 12 07 21   -40  -130 -9999   140    20     2 -9999 -9999
1979 12 08 00   -40  -140 -9999   110    20     4 -9999 -9999
1979 12 08 09    30  -120 -9999     0     0     2 -9999 -9999
1979 12 08 21  -120  -180 -9999    70    60     0 -9999 -9999
1979 12 09 00   -60  -150 -9999   140    40     0 -9999 -9999
1979 12 09 06    50  -140 -9999   220    30     0 -9999     0
1979 12 09 09    70  -120 -9999     0     0     0 -9999 -9999
1979 12 09 21   -50  -140 -9999    90    30     0 -9999 -9999
1979 12 10 00   -70  -160 -9999    90    30     1 -9999 -9999
1979 12 10 06    40  -120 -9999     0     0     6 -9999     0
1979 12 10 09    20  -110 -9999    20    40     7 -9999 -9999
1979 12 10 21   -80 -9999 -9999    90    20     0 -9999 -9999
1979 12 11 00   -90  -150 -9999     0     0     0 -9999 -9999
1979 12 11 09     0  -120 -9999    20    30     0 -9999 -9999
1979 12 11 21   -70  -180 -9999   110    40     0 -9999 -9999
1979 12 12 00   -90  -180 -9999    90    30     0 -9999 -9999
1979 12 12 06    40  -160 -9999   320    30     0 -9999     0
1979 12 12 09    30  -140 -9999    20    20     0 -9999 -9999
1979 12 12 12 -9999 -9999 -9999   220    10     0 -9999 -9999
1979 12 12 21   -70  -130 -9999     0     0     0 -9999 -9999
1979 12 13 06   -10  -140 -9999     0     0     1 -9999     0
1979 12 13 09   -10  -140 -9999   320    20     1 -9999 -9999
1979 12 13 21   -90  -150 -9999     0     0     0 -9999 -9999
1979 12 14 00   -90  -150 -9999     0     0     1 -9999 -9999
1979 12 14 06 -9999 -9999 -9999     0     0     1 -9999     0
1979 12 14 09   -10  -130 -9999    20    40     1 -9999 -9999
1979 12 14 21   -60  -140 -9999    70    30     1 -9999 -9999
1979 12 15 00   -60  -130 -9999    90    20     1 -9999 -9999
1979 12 15 06    10  -210 -9999     0     0     2 -9999     0
1979 12 15 21   -80  -160 -9999   220    20     0 -9999 -9999
1979 12 16 00   -50   -70 10261   260    20     7 -9999 -9999
1979 12 16 06   -10  -140 -9999   220    30     1 -9999     0
1979 12 16 09     0  -140 -9999     0     0     1 -9999 -9999
1979 12 17 00   -80  -140 -9999   140    20 -9999 -9999 -9999
1979 12 17 06     0  -110 -9999   220    30     7 -9999     0
1979 12 17 09   -10  -130 -9999   200    20     7 -9999 -9999
1979 12 17 21   -20  -130 -9999     0     0     7 -9999 -9999
1979 12 18 00   -40  -110 -9999   110    30     2 -9999 -9999
1979 12 21 03  -130  -170 -9999   160    30     7 -9999 -9999
1979 12 21 09   -50  -160 -9999   250    20     6 -9999 -9999
1979 12 21 21  -110  -220 -9999   110    20     0 -9999 -9999
1979 12 22 00  -100  -230 -9999   140    20     1 -9999 -9999
1979 12 22 09   -50  -240 -9999   270    20     1 -9999 -9999
1979 12 22 21   -60  -190 -9999   160    40     2 -9999 -9999
1979 12 23 00   -80  -160 -9999   110    20     7 -9999 -9999
1979 12 23 06   -80  -210 -9999   360    40     4 -9999     0
1979 12 23 09   -80  -210 -9999   360    40     1 -9999 -9999
1979 12 23 21  -140  -200 -9999    40    20     0 -9999 -9999
1979 12 24 00  -170  -230 -9999    70    20     0 -9999 -9999
1979 12 24 06   -70  -240 -9999   200    20     0 -9999     0
1979 12 24 09   -60  -270 -9999     0     0     0 -9999 -9999
1979 12 25 00  -130  -250 -9999   140    20     1 -9999 -9999
1979 12 25 06   -40  -200 -9999     0     0     1 -9999     0
1979 12 25 09   -40  -220 -9999   360    30     7 -9999 -9999
1979 12 26 00  -120  -180 -9999   140    20     1 -9999 -9999
1979 12 26 06 -9999 -9999 -9999 -9999 -9999     1 -9999 -9999
1979 12 27 00  -110  -160 -9999   110    20     0 -9999 -9999
1979 12 27 06   -20  -170 -9999     0     0     0 -9999     0
1979 12 28 03 -9999 -9999 10309 -9999 -9999 -9999 -9999 -9999
1979 12 28 06    20  -200 -9999   200    40     7 -9999     0
1979 12 28 09    30  -230 -9999     0     0     4 -9999 -9999
1979 12 28 18  -140  -290 -9999   110    20     7 -9999 -9999
1979 12 28 21   -60  -250 -9999 -9999 -9999     0 -9999 -9999
1979 12 29 00   -70  -250 -9999   140    30     3 -9999 -9999
1979 12 29 06    40  -240 -9999   220    40     3 -9999     0
1979 12 29 21  -150  -240 -9999    80    70 -9999 -9999 -9999
1979 12 30 06   -20  -150 -9999   340    30     0 -9999     0
1979 12 30 09   -30  -180 -9999    20    40     1 -9999 -9999
1979 12 31 00  -110  -210 -9999    40    20     1 -9999 -9999
1979 12 31 06    10  -180 -9999   320    60     7 -9999     0
1979 12 31 09     0  -170 -9999   270    30     7 -9999 -9999
