1996 01 01 00   -80  -251 -9999   160    30     0 -9999     0
1996 01 01 06    -6  -231 -9999     0     0     2 -9999     0
1996 01 01 09    11  -237 -9999     0     0     2 -9999 -9999
1996 01 01 21   -41  -150 -9999   360    30     7 -9999 -9999
1996 01 02 00   -60  -143 -9999   360    20     7 -9999     0
1996 01 02 06   -14  -103 -9999     0     0     7 -9999     0
1996 01 02 09    -9  -112 -9999   320    20     1 -9999 -9999
1996 01 02 21   -49  -204 -9999   110 -9999     0 -9999 -9999
1996 01 03 00   -63  -223 -9999   110    30     0 -9999     0
1996 01 03 06    58  -119 -9999   200    30     0 -9999     0
1996 01 03 09    63  -107 -9999   220    20     0 -9999 -9999
1996 01 03 21   -48  -170 -9999    20    40     0 -9999 -9999
1996 01 04 00   -46  -188 -9999   340    30     1 -9999     0
1996 01 04 06   -20  -187 -9999   290    30     1 -9999     0
1996 01 04 09   -11  -196 -9999   320    20     1 -9999 -9999
1996 01 04 21   -72  -199 -9999   110    30     0 -9999 -9999
1996 01 05 00   -54  -199 -9999   160    20     0 -9999     0
1996 01 05 06 -9999 -9999 -9999   200    40     7 -9999     0
1996 01 05 09    31  -160 -9999     0     0     0 -9999 -9999
1996 01 05 21   -11  -195 -9999   180    40     1 -9999 -9999
1996 01 06 00    -1  -125 -9999   160    30     0 -9999     0
1996 01 06 06    13  -131 -9999   290    20     0 -9999     0
1996 01 06 09   -27  -159 -9999   360    40     6 -9999 -9999
1996 01 06 21  -135  -232 -9999   360    30     1 -9999 -9999
1996 01 07 00  -152  -263 -9999   360    30     0 -9999     0
1996 01 07 06  -131  -244 -9999   340    20     0 -9999     0
1996 01 07 09  -127  -247 -9999   360    20     0 -9999 -9999
1996 01 08 00  -171  -289 -9999    90    30     0 -9999     0
1996 01 08 06   -47  -325 -9999   320    20     0 -9999     0
1996 01 08 09   -53  -263 -9999     0     0     0 -9999 -9999
1996 01 08 21  -113  -222 -9999     0     0     4 -9999 -9999
1996 01 09 00  -124  -224 -9999    40    20     0 -9999     0
1996 01 09 06   -64  -175 -9999   220    20     0 -9999     0
1996 01 09 09   -45  -203 -9999     0     0     0 -9999 -9999
1996 01 09 21   -97  -219 -9999 -9999 -9999 -9999 -9999 -9999
1996 01 10 00  -105  -237 -9999   140    20     1 -9999     0
1996 01 10 06    29  -209 -9999   360    30     2 -9999     0
1996 01 10 09    15  -213 -9999    20    30     1 -9999 -9999
1996 01 10 21    21  -137 -9999   110    80     0 -9999 -9999
1996 01 11 00    17  -186 -9999   160    70     1 -9999     0
1996 01 11 06   -13  -184 -9999   360    40     1 -9999     0
1996 01 11 09   -28  -183 -9999    20    30     7 -9999 -9999
1996 01 11 21   -85  -187 -9999     0     0     8 -9999 -9999
1996 01 12 00   -97  -122 -9999     0     0     8 -9999     0
1996 01 12 06   -99  -120 -9999   180    20     8 -9999     3
1996 01 12 09  -101  -122 -9999   200    20     8 -9999 -9999
1996 01 12 21  -139  -192 -9999    70    30     0 -9999 -9999
1996 01 13 00  -123  -213 -9999    70    20     7 -9999     0
1996 01 13 06   -70  -179 -9999   200    20     0 -9999     0
1996 01 13 09   -68  -156 -9999   360    30     0 -9999 -9999
1996 01 13 21  -108  -179 -9999    70    30     5 -9999 -9999
1996 01 14 00  -105  -166 -9999   360    20     7 -9999     0
1996 01 14 06   -69  -177 -9999   360    30     3 -9999     0
1996 01 14 09   -77  -153 -9999   320    20     1 -9999 -9999
1996 01 14 21  -151  -225 -9999    40    20     0 -9999 -9999
1996 01 15 00  -158  -218 -9999    20    30     0 -9999     0
1996 01 15 06   -96  -208 -9999   360    30     0 -9999     0
1996 01 15 09   -92  -218 -9999   360    20     0 -9999 -9999
1996 01 15 21  -141  -218 -9999   140    20     0 -9999 -9999
1996 01 16 00  -130  -208 -9999     0     0     5 -9999     0
1996 01 16 06   -56  -204 -9999   360    20     7 -9999     0
1996 01 16 09   -93  -165 -9999   200    30     8 -9999 -9999
1996 01 16 21  -147  -206 -9999    90    20     0 -9999 -9999
1996 01 17 00  -147  -200 -9999     0     0     1 -9999     0
1996 01 17 06   -94  -181 -9999     0     0     4 -9999     0
1996 01 17 09  -105  -174 -9999   360    40     6 -9999 -9999
1996 01 17 21  -146  -201 -9999   140    30     0 -9999 -9999
1996 01 18 00  -135  -202 -9999   160    30     6 -9999     0
1996 01 18 06   -90  -223 -9999   200    20     7 -9999     0
1996 01 18 09   -91  -247 -9999   220    20     7 -9999 -9999
1996 01 19 00  -111  -155 -9999   160    20     0 -9999     0
1996 01 19 06   -55  -133 -9999   320    20     0 -9999     0
1996 01 19 09   -55  -145 -9999   360    40     0 -9999 -9999
1996 01 19 21  -110  -168 -9999    40    10     0 -9999 -9999
1996 01 20 00  -127  -181 -9999     0     0     0 -9999     0
1996 01 20 06   -57  -167 -9999   340    30     0 -9999     0
1996 01 20 09   -59  -179 -9999    20    30     0 -9999 -9999
1996 01 20 21  -129  -188 -9999    70    20     0 -9999 -9999
1996 01 21 00  -128  -187 -9999   110    30     0 -9999     0
1996 01 21 21   -79  -190 -9999   110    20     0 -9999 -9999
1996 01 22 00   -73  -266 -9999   140    30     7 -9999     0
1996 01 22 06   -67  -170 -9999   360    20     6 -9999     0
1996 01 22 21  -129  -226 -9999   110    30     0 -9999 -9999
1996 01 23 00  -142  -241 -9999    90    20     0 -9999     0
1996 01 23 09   -49  -180 -9999   360    30     1 -9999 -9999
1996 01 23 21   -85  -211 -9999    20    20     8 -9999 -9999
1996 01 24 21   -93  -211 -9999   160    20     0 -9999 -9999
1996 01 25 00  -103  -222 -9999   110    30     0 -9999     0
1996 01 25 06   -35  -170 -9999   340    30     7 -9999     0
1996 01 25 09   -34  -256 -9999   320    30     7 -9999 -9999
1996 01 26 00  -127  -153 -9999     0     0     5 -9999     1
1996 01 26 06   -77  -165 -9999   270    20     0 -9999     0
1996 01 26 09   -63  -224 -9999   200    20     0 -9999 -9999
1996 01 26 21  -127  -244 -9999   110    30     0 -9999 -9999
1996 01 27 21  -109  -244 -9999   110    30     0 -9999 -9999
1996 01 28 06   -39  -206 -9999   220    20     7 -9999     0
1996 01 28 09   -33  -228 -9999     0     0     2 -9999 -9999
1996 01 28 21   -93  -230 -9999    40    30     0 -9999 -9999
1996 01 29 00   -87  -226 -9999   140    30     6 -9999     0
1996 01 29 06    -7  -224 -9999     0     0     1 -9999     0
1996 01 30 00   -84  -251 -9999   360    40     1 -9999     0
1996 01 30 06   -49  -215 -9999   360    50     0 -9999 -9999
1996 01 30 09   -56  -236 -9999    20    50     2 -9999 -9999
1996 01 30 21  -119  -240 -9999     0     0     2 -9999 -9999
1996 01 31 00  -138  -248 -9999   180    10     1 -9999     0
1996 01 31 06   -67  -248 -9999   320    20     0 -9999     0
1996 01 31 09   -61  -230 -9999   360    30     0 -9999 -9999
1996 01 31 21  -143  -255 -9999    90    10     0 -9999 -9999
1996 02 01 00  -148  -251 -9999   140    20     0 -9999     0
1996 02 01 06   -49  -181 -9999   320    10     0 -9999     0
1996 02 01 09   -37  -210 -9999   340    30     0 -9999 -9999
1996 02 01 21  -108  -230 -9999     0     0     0 -9999 -9999
1996 02 02 00  -119  -222 -9999    40    20     0 -9999     0
1996 02 02 06   -24  -175 -9999   290    10     0 -9999     0
1996 02 02 09   -28  -193 -9999   360    40     0 -9999 -9999
1996 02 02 21  -104  -206 -9999   110    30     0 -9999 -9999
1996 02 03 00  -105  -212 -9999   140    20     7 -9999     0
1996 02 03 06    -2 -9999 -9999   220    20     0 -9999     0
1996 02 03 09 -9999 -9999 -9999   140    10     0 -9999 -9999
1996 02 03 21   -83  -215 -9999    20    10     0 -9999 -9999
1996 02 04 00   -95  -206 -9999    40    20     0 -9999     0
1996 02 04 06   -17  -164 -9999   250    20     0 -9999     0
1996 02 04 09     3  -167 -9999     0     0     0 -9999 -9999
1996 02 04 21   -76  -215 -9999 -9999 -9999     2 -9999 -9999
1996 02 05 00   -75  -189 -9999   110    20     2 -9999     0
1996 02 05 06    35  -219 -9999     0     0     2 -9999     0
1996 02 05 21   -67  -206 -9999   360    20     0 -9999 -9999
1996 02 06 00   -52  -187 -9999    20    30     7 -9999     0
1996 02 06 06   -19  -203 -9999   290    40     7 -9999     0
1996 02 06 09    -9  -175 -9999   340    40     6 -9999 -9999
1996 02 06 21  -102  -241 -9999    40    20     0 -9999 -9999
1996 02 07 00  -105  -244 -9999    70    20     0 -9999     0
1996 02 07 06   -26  -265 -9999   340    40     0 -9999     0
1996 02 07 09   -29  -205 -9999   340    50     0 -9999 -9999
1996 02 07 21  -123  -243 -9999    70    20     0 -9999 -9999
1996 02 08 00  -128  -245 -9999     0     0     0 -9999     0
1996 02 08 06   -56  -226 -9999     0     0     0 -9999     0
1996 02 08 09   -50  -192 -9999   340    20     0 -9999 -9999
1996 02 08 21  -116  -250 -9999   140    30     0 -9999 -9999
1996 02 09 00   -91  -226 -9999   160    30     0 -9999     0
1996 02 09 06    66  -344 -9999   200    70     0 -9999     0
1996 02 09 09    70  -299 -9999   200    60     0 -9999 -9999
1996 02 09 21   -55  -243 -9999   140    30     0 -9999 -9999
1996 02 10 00   -71  -235 -9999     0     0     0 -9999     0
1996 02 10 06   -26  -236 -9999   200    50     0 -9999     0
1996 02 10 09     9  -182 -9999   250    20     0 -9999 -9999
1996 02 10 21   -34  -217 -9999   110    40     0 -9999 -9999
1996 02 11 00   -57  -215 -9999   110    20     0 -9999     0
1996 02 11 06    68  -222 -9999   290    10     0 -9999     0
1996 02 11 21   -24  -188 -9999     0     0     0 -9999 -9999
1996 02 12 00    12  -164 -9999   140    30     0 -9999     0
1996 02 12 06   101  -165 -9999   200    50     4 -9999     0
1996 02 12 09   142  -144 -9999   250    30     1 -9999 -9999
1996 02 12 21    57  -137 -9999   180    20     0 -9999 -9999
1996 02 13 00    51  -184 -9999   160    30     0 -9999     0
1996 02 13 09    58 -9999 -9999   340    70     3 -9999 -9999
1996 02 14 09    41  -138 -9999   360    60     0 -9999 -9999
1996 02 14 21   -57  -149 -9999    40    40     0 -9999 -9999
1996 02 15 00   -60  -167 -9999    20    70     2 -9999     0
1996 02 15 06   -14  -150 -9999    20    40     1 -9999     0
1996 02 15 09   -22  -155 -9999   360    50     1 -9999 -9999
1996 02 15 21   -98  -241 -9999   360    20     8 -9999 -9999
1996 02 16 00  -111  -232 -9999   220    40     8 -9999     0
1996 02 16 06  -100  -208 -9999   200    50     8 -9999     0
1996 02 16 09   -87  -198 -9999   200    40     8 -9999 -9999
1996 02 16 21  -140  -163 -9999   360    30     8 -9999 -9999
1996 02 17 00  -144  -149 -9999   160    20     8 -9999    -1
1996 02 17 06   -89  -148 -9999   200    20     7 -9999     0
1996 02 17 09   -81  -173 -9999   340    20     7 -9999 -9999
1996 02 17 21  -106  -175 -9999     0     0     5 -9999 -9999
1996 02 18 06   -63  -236 -9999    20    30     7 -9999     0
1996 02 18 09   -79  -227 -9999   360    60     7 -9999 -9999
1996 02 18 21  -123  -240 -9999    40    20     2 -9999 -9999
1996 02 19 00  -127  -227 -9999     0     0     7 -9999     0
1996 02 19 09   -95  -310 -9999   340    50     3 -9999 -9999
1996 02 20 21  -149  -276 -9999   110    20     0 -9999 -9999
1996 02 21 06   -68  -265 -9999   320    20     1 -9999     0
1996 02 21 09   -58  -256 -9999   340    40     0 -9999 -9999
1996 02 21 21  -101  -240 -9999   110    10     0 -9999 -9999
1996 02 22 00 -9999 -9999 -9999 -9999 -9999     3 -9999     0
1996 02 22 06   -48  -245 -9999   290    20     0 -9999     0
1996 02 22 21  -110  -238 -9999    90    30     0 -9999 -9999
1996 02 23 09   -27  -199 -9999     0     0     0 -9999 -9999
1996 02 23 21  -109  -216 -9999    40    10     0 -9999 -9999
1996 02 24 00  -111  -207 -9999    70    30     0 -9999     0
1996 02 24 06   -21  -182 -9999   360    30     0 -9999     0
1996 02 24 09   -16  -202 -9999   340    30     0 -9999 -9999
1996 02 24 21   -81  -186 -9999    90    20     0 -9999 -9999
1996 02 25 00   -69  -193 -9999    90    30     1 -9999     0
1996 02 25 09   -25  -223 -9999   360    30     7 -9999 -9999
1996 02 25 21  -102  -265 -9999   360    30     0 -9999 -9999
1996 02 26 00  -102  -265 -9999    20    30     0 -9999     0
1996 02 26 06   -35  -204 -9999     0     0     0 -9999     0
1996 02 26 21   -87  -259 -9999   110    30     0 -9999 -9999
1996 02 27 06    37  -182 -9999   270    20     0 -9999     0
1996 02 27 09    43  -180 -9999    20    20     0 -9999 -9999
1996 02 27 21   -59  -130 -9999   110    20     0 -9999 -9999
1996 02 28 00   -61  -162 -9999    70    20     0 -9999     0
1996 02 28 06    31  -129 -9999   340    10     4 -9999     0
1996 02 28 09    36  -141 -9999   360    30     1 -9999 -9999
1996 02 28 21   -68  -199 -9999     0     0     0 -9999 -9999
1996 02 29 00   -72  -209 -9999    20    60     0 -9999     0
1996 02 29 06   -40  -203 -9999   360    70     0 -9999     0
1996 02 29 09   -35  -196 -9999   360    30     0 -9999 -9999
1996 02 29 21   -59  -223 -9999   160    40     0 -9999 -9999
1996 03 01 00   -69  -266 -9999   140    30     0 -9999     0
1996 03 01 06    44  -141 -9999   320    20     1 -9999     0
1996 03 01 21   -57  -207 -9999     0     0     0 -9999 -9999
1996 03 02 00   -55  -221 -9999    90    30     0 -9999     0
1996 03 03 21     3  -208 -9999     0     0     7 -9999 -9999
1996 03 04 21    48  -156 -9999   160    40     0 -9999 -9999
1996 03 06 00     5  -133 -9999    20    40     7 -9999     0
1996 03 06 09    33  -142 -9999   360    70     1 -9999 -9999
1996 03 07 00   -80  -264 -9999   200    30     2 -9999     0
1996 03 07 06   -35 -9999 -9999    20    80     6 -9999     0
1996 03 07 09   -54  -302 -9999   360    90     6 -9999 -9999
1996 03 07 21  -113  -274 -9999    20    60     0 -9999 -9999
1996 03 08 09   -41  -213 -9999   360    50     0 -9999 -9999
1996 03 08 21  -109  -216 -9999    70    20     0 -9999 -9999
1996 03 09 00  -127  -224 -9999     0     0     0 -9999     0
1996 03 09 09   -24  -175 -9999   360    30     7 -9999 -9999
1996 03 09 21   -73  -220 -9999     0     0     7 -9999 -9999
1996 03 10 06     2  -175 -9999   320    10     1 -9999     0
1996 03 10 21   -45  -212 -9999    70    20     0 -9999 -9999
1996 03 11 00   -47  -229 -9999    70    20     7 -9999     0
1996 03 11 09    -2  -143 -9999   320    40     7 -9999 -9999
1996 03 11 21   -38  -156 -9999   140    30     0 -9999 -9999
1996 03 12 00   -39  -134 -9999   180    20     7 -9999     0
1996 03 12 06    40  -143 -9999   250    70     0 -9999     0
1996 03 12 09    51  -129 -9999   290    60     0 -9999 -9999
1996 03 12 21   -35  -192 -9999    90    30     0 -9999 -9999
1996 03 13 00   -47  -227 -9999   110    20     0 -9999     0
1996 03 13 06    63  -202 -9999   320    30     2 -9999     0
1996 03 13 09    63  -224 -9999   340    40     7 -9999 -9999
1996 03 13 21     1  -177 -9999   140    30     0 -9999 -9999
1996 03 14 00     7  -187 -9999   140    20     7 -9999     0
1996 03 14 21    46  -132 -9999   220    30     0 -9999 -9999
1996 03 15 09   113   -46 -9999   340    40     7 -9999 -9999
1996 03 15 21   -60  -126 -9999    20    60     8 -9999 -9999
1996 03 16 00   -73  -158 -9999   320    40     7 -9999     1
1996 03 16 09   -24  -283 -9999   340    40     0 -9999 -9999
1996 03 16 21   -63  -179 -9999     0     0     0 -9999 -9999
1996 03 17 00   -65 -9999 -9999     0     0     0 -9999     0
1996 03 17 06    -8  -187 -9999   290    30     0 -9999     0
1996 03 17 09     1  -204 -9999   320    30     0 -9999 -9999
1996 03 17 21   -60  -214 -9999    90    30     0 -9999 -9999
1996 03 18 00   -57  -207 -9999   110    20     0 -9999     0
1996 03 18 06    42  -192 -9999    40    20     0 -9999     0
1996 03 18 21    -3  -137 -9999    20    30     3 -9999 -9999
1996 03 19 00   -10  -141 -9999   160    20     7 -9999     0
1996 03 19 21    36  -121 -9999     0     0     1 -9999 -9999
1996 03 20 09    44   -40 -9999     0     0     8 -9999 -9999
1996 03 20 21   -31   -38 -9999    40    30     0 -9999 -9999
1996 03 21 00     1   -41 -9999    40    20     0 -9999     0
1996 03 21 06    10 -9999 -9999    20    30     0 -9999     0
1996 03 21 09    89   -38 -9999   340    40     7 -9999 -9999
1996 03 21 21   -17   -49 -9999     0     0     7 -9999 -9999
1996 03 22 00    -6   -43 -9999   200    30     8 -9999     0
1996 03 22 06   -39   -52 -9999   220    40     8 -9999    10
1996 03 22 09   -32   -42 -9999   320    10     8 -9999 -9999
1996 03 22 21   -47   -56 -9999    40    10     8 -9999 -9999
1996 03 23 00   -46   -55 -9999    20    30     8 -9999     1
1996 03 23 09   -30  -100 -9999   360    40     8 -9999 -9999
1996 03 23 21 -9999 -9999 -9999   110    30     0 -9999 -9999
1996 03 24 00 -9999 -9999 -9999   110    20     7 -9999     0
1996 03 24 06    35   -95 -9999     0     0     0 -9999     0
1996 03 24 09    51  -124 -9999   200    30     0 -9999 -9999
1996 03 24 21     8   -63 -9999   140    20     0 -9999 -9999
1996 03 25 00     2   -67 -9999    90    20     6 -9999     0
1996 03 25 06 -9999 -9999 -9999   340    30     5 -9999     0
1996 03 25 09    81   -76 -9999   320    40     4 -9999 -9999
1996 03 25 21    15  -122 -9999    20    20     2 -9999 -9999
1996 03 26 00    14  -142 -9999   180    20     7 -9999     0
1996 03 26 06    62  -142 -9999   340    30     7 -9999     0
1996 03 26 09    59  -200 -9999   360    40     7 -9999 -9999
1996 03 26 21    15  -102 -9999   180    20     0 -9999 -9999
1996 03 27 00    47   -54 -9999   160    40     5 -9999     0
1996 03 27 09   110   -39 -9999   200    60     1 -9999 -9999
1996 03 27 21    75   -74 -9999   140    50     0 -9999 -9999
1996 03 28 00    82  -159 -9999   180    30     0 -9999     0
1996 03 28 09   172   -59 -9999   220    50     0 -9999 -9999
1996 03 29 06   103   -36 -9999    40    50     0 -9999     0
1996 03 29 09   100 -9999 -9999    20   100     0 -9999 -9999
1996 03 29 21     7  -101 -9999    90    50     0 -9999 -9999
1996 03 30 00    -3  -129 -9999     0     0     8 -9999     0
1996 03 31 00   -21  -113 -9999   270    50     8 -9999     0
1996 03 31 06   -13  -115 -9999   270    40     8 -9999     0
1996 03 31 09    -9  -105 -9999   180    20     7 -9999 -9999
1996 03 31 21   -60  -103 -9999     0     0     0 -9999 -9999
1996 04 01 00   -55  -119 -9999     0     0     7 -9999     0
1996 04 01 09    27  -181 -9999   220    10     0 -9999 -9999
1996 04 01 21   -42  -204 -9999   110    20     0 -9999 -9999
1996 04 02 00   -26  -151 -9999   140    30     2 -9999     0
1996 04 02 06    41  -136 -9999    90    30     7 -9999     0
1996 04 02 09    35  -208 -9999    40    40     8 -9999 -9999
1996 04 02 21   -35  -170 -9999     0     0     0 -9999 -9999
1996 04 03 00    -7  -154 -9999     0     0     0 -9999     0
1996 04 03 09    56  -221 -9999    40    50     0 -9999 -9999
1996 04 03 21   -12  -178 -9999   110    30     0 -9999 -9999
1996 04 04 00    15  -185 -9999   180    30     0 -9999     0
1996 04 04 09   133   -86 -9999   250    40     0 -9999 -9999
1996 04 04 21    43   -35 -9999    90    30     7 -9999 -9999
1996 04 05 00    43   -17 -9999    90    40     8 -9999    10
1996 04 05 09    26   -45 -9999    90    20     5 -9999 -9999
1996 04 06 00    -6  -128 -9999   140    20     7 -9999     0
1996 04 06 09    79  -105 -9999   320    50     7 -9999 -9999
1996 04 06 21    29  -133 -9999    40    20     7 -9999 -9999
1996 04 07 00    31  -129 -9999    90    20     7 -9999     0
1996 04 07 06    95  -144 -9999    90    20     2 -9999     0
1996 04 07 09    89  -180 -9999    90    30     2 -9999 -9999
1996 04 08 00    39   -92 -9999   110    20     7 -9999     0
1996 04 08 06    78  -145 -9999    40    30     8 -9999     0
1996 04 08 09    84  -141 -9999   360    40     8 -9999 -9999
1996 04 09 09    78  -125 -9999    40    40     1 -9999 -9999
1996 04 10 06   114   -55 -9999   140    70     6 -9999     0
1996 04 10 09   120   -43 -9999   140    60     1 -9999 -9999
1996 04 10 21    53   -52 -9999   340    20     2 -9999 -9999
1996 04 11 00    86   -54 -9999   140    50     1 -9999     0
1996 04 11 09   112   -31 -9999   160    90     3 -9999 -9999
1996 04 11 21    35    -7 -9999    20    40     8 -9999 -9999
1996 04 12 00    43    -3 -9999     0     0     7 -9999     0
1996 04 12 09    93    -6 -9999   360    70     8 -9999 -9999
1996 04 12 21    33     9 -9999     0     0     2 -9999 -9999
1996 04 13 00    43     5 -9999     0     0     7 -9999     1
1996 04 13 06    60   -25 -9999   290    50     7 -9999     0
1996 04 13 09    52    10 -9999    20    40     2 -9999 -9999
1996 04 13 21    11   -48 -9999    70    30     0 -9999 -9999
1996 04 14 00    29   -26 -9999     0     0     2 -9999     0
1996 04 15 00    51   -51 -9999   160    30     2 -9999     0
1996 04 15 06   142 -9999 -9999   290    70     7 -9999 -9999
1996 04 15 09   158  -108 -9999   290    90     7 -9999 -9999
1996 04 15 21   107   -15 -9999   320    60     8 -9999 -9999
1996 04 16 00   100   -23 -9999   320   110     8 -9999     0
1996 04 16 09   106   -21 -9999   290   110     8 -9999 -9999
1996 04 16 21    67    -3 -9999   160    30     8 -9999 -9999
1996 04 17 00    79    -2 -9999   160    30     8 -9999     0
1996 04 17 09   142   -25 -9999    40    30     7 -9999 -9999
1996 04 17 21    79    25 -9999     0     0     8 -9999 -9999
1996 04 18 00    64    34 -9999   340    20     8 -9999    30
1996 04 18 09    86    -4 -9999    20    60     7 -9999 -9999
1996 04 18 21    13   -39 -9999   110    30     0 -9999 -9999
1996 04 19 00    47   -48 -9999    90    30     0 -9999     0
1996 04 19 09   111  -112 -9999   360    40     4 -9999 -9999
1996 04 19 21   175   135 10156    70    10     8 -9999 -9999
1996 04 20 00    53  -185 -9999   140    60     7 -9999     0
1996 04 20 09   116  -198 -9999   290    30     7 -9999 -9999
1996 04 20 21    22  -157 -9999   110    30     0 -9999 -9999
1996 04 21 00    65  -163 -9999   160    30     0 -9999     0
1996 04 21 09   180  -139 -9999   250    80     0 -9999 -9999
1996 04 21 21   105   -82 -9999   140    30     0 -9999 -9999
1996 04 22 06   219   -76 -9999   220    50     0 -9999     0
1996 04 22 09   233  -155 -9999   220    30     0 -9999     0
1996 04 22 21   109   -82 -9999    40    20     0 -9999 -9999
1996 04 23 00   117   -38 -9999   340    50     7 -9999     0
1996 04 23 06   131   -68 -9999   360    70     7 -9999     0
1996 04 23 09   121   -86 -9999   340    60     8 -9999 -9999
1996 04 23 21    65  -147 -9999    70    20     0 -9999 -9999
1996 04 24 00    81  -112 -9999   180    20     7 -9999     0
1996 04 24 09   156  -191 -9999   180    50     0 -9999 -9999
1996 04 24 21    14  -138 10165   290 -9999     4 -9999 -9999
1996 04 25 00   139   -99 -9999   140    40     0 -9999     0
1996 04 25 09   218   -73 -9999    20    10     2 -9999 -9999
1996 04 25 21   141   -87 -9999    40    20     7 -9999 -9999
1996 04 26 00   152   -81 -9999   110    30     7 -9999     0
1996 04 26 09   223  -141 -9999   180    80     6 -9999 -9999
1996 04 26 21    99    57 -9999     0     0     0 -9999 -9999
1996 04 27 00   121    47 -9999    90    20     7 -9999     0
1996 04 27 09   157    56 -9999   220    10     7 -9999 -9999
1996 04 27 21   107    75 -9999     0     0     4 -9999 -9999
1996 04 28 00   121    74 -9999     0     0     0 -9999     0
1996 04 28 09   211   -18 -9999    20    80     0 -9999 -9999
1996 04 28 21   105    37 -9999    90    20     0 -9999 -9999
1996 04 29 00   138    42 -9999   110    20     0 -9999     0
1996 04 29 06   219    24 -9999   180    50     4 -9999     0
1996 04 29 09   269   -25 -9999   340   150     7 -9999 -9999
1996 04 29 21   114     9 -9999   320    50     8 -9999 -9999
1996 04 30 00    95    39 -9999     0     0     8 -9999     5
1996 04 30 06   157     7 -9999   320    30     6 -9999     0
1996 04 30 09   163   -50 -9999   320    40     3 -9999 -9999
1996 04 30 21    37  -248 -9999    90    30     0 -9999 -9999
1996 05 01 00    59  -136 -9999     0     0     0 -9999     0
1996 05 01 09   175  -177 -9999   160    60     7 -9999 -9999
1996 05 02 09   179    16 -9999   290    40     1 -9999 -9999
1996 05 02 21    93    32 -9999   140    30     0 -9999 -9999
1996 05 03 00 -9999 -9999 -9999   140    20     0 -9999     0
1996 05 03 09   229   -68 -9999   360    50     1 -9999 -9999
1996 05 03 21   134   -29 -9999    10 -9999 -9999 -9999 -9999
1996 05 04 00   188   -45 -9999   140    40     0 -9999     0
1996 05 04 06   252   -21 -9999   200    80     0 -9999     0
1996 05 04 09   262     6 -9999   220    50     0 -9999 -9999
1996 05 04 21   157    41 -9999    40    50     7 -9999 -9999
1996 05 05 00   139   -20 -9999   360    70     8 -9999    -1
1996 05 05 21    72   -21 -9999    20    40     0 -9999 -9999
1996 05 06 00    93   -90 -9999   340    30     0 -9999     0
1996 05 06 21    29  -140 -9999    20    30     0 -9999 -9999
1996 05 07 00    45   -78 -9999   360    50     0 -9999     0
1996 05 07 09   134  -340 -9999   340    90     0 -9999 -9999
1996 05 07 21    31  -214 -9999    90    30     0 -9999 -9999
1996 05 08 00    79  -156 -9999   180    20     0 -9999     0
1996 05 08 09   176  -192 -9999   320    40     0 -9999 -9999
1996 05 08 21    88  -200 -9999   140    30     0 -9999 -9999
1996 05 09 00   125  -154 -9999    40    30     0 -9999     0
1996 05 09 06   118  -135 -9999   340   100     1 -9999     0
1996 05 09 09   210  -201 -9999   340    90     0 -9999 -9999
1996 05 09 21    27   -86 -9999    20    50     0 -9999 -9999
1996 05 10 00    47  -155 -9999    20    60     0 -9999     0
1996 05 10 09   117  -202 -9999   340    80     0 -9999 -9999
1996 05 10 21    37  -153 -9999    90    30     0 -9999 -9999
1996 05 11 00    93  -151 -9999    90    20     0 -9999     0
1996 05 12 21   113   -94 -9999   110    40     0 -9999 -9999
1996 05 13 00   144   -86 -9999   140    20     5 -9999     0
1996 05 13 09   218   -85 -9999   290    30     6 -9999 -9999
1996 05 13 21   139    49 -9999   160    50     6 -9999 -9999
1996 05 14 00   148    -8 -9999   180    80     7 -9999     0
1996 05 14 21    95    53 -9999    70    20     8 -9999 -9999
1996 05 15 00    98    54 -9999   360    30     8 -9999    -1
1996 05 15 01    95    82 -9999   220    30     8 -9999    20
1996 05 15 09    99    82 -9999   180    30     8 -9999 -9999
1996 05 15 21    56    37 -9999    90    20     9 -9999 -9999
1996 05 16 00    99    55 -9999   200    30     0 -9999     0
1996 05 16 06   180    58 -9999   360    30     6 -9999     0
1996 05 16 09   192    36 -9999     0     0     1 -9999 -9999
1996 05 16 21   119    16 -9999   110    30     0 -9999 -9999
1996 05 17 00    57    35 -9999   110    30     7 -9999     0
1996 05 17 21   113    65 -9999   140    40     2 -9999 -9999
1996 05 18 00   145    34 -9999   160    10     0 -9999     1
1996 05 18 06   210  -208 -9999   340    60     4 -9999     0
1996 05 18 09   210  -236 -9999   340    40     0 -9999 -9999
1996 05 18 21    85  -108 -9999    90    20     0 -9999 -9999
1996 05 19 00 -9999 -9999 -9999     0    10     0 -9999 -9999
1996 05 19 09 -9999 -9999 -9999    40    30     0 -9999 -9999
1996 05 19 21   121  -182 -9999    90    30     0 -9999 -9999
1996 05 20 00   188  -132 -9999   110    30     0 -9999     0
1996 05 20 09   238  -174 -9999   160    70     0 -9999 -9999
1996 05 20 21   186  -154 -9999   140   110     1 -9999 -9999
1996 05 21 00   198  -163 -9999   110    90     2 -9999     0
1996 05 21 21   181    13 -9999   180    40     7 -9999 -9999
1996 05 22 09   153    65 -9999    40    80     7 -9999 -9999
1996 05 22 21    72    68 -9999   180    30     0 -9999 -9999
1996 05 23 00    86    78 -9999 -9999 -9999     7 -9999     0
1996 05 23 06   174    80 -9999   180    20     7 -9999     0
1996 05 23 09   204    70 -9999     0     0     4 -9999 -9999
1996 05 23 21   130    37 -9999   140    30     7 -9999 -9999
1996 05 24 00   182    46 -9999   110    20     0 -9999     0
1996 05 24 06   255    24 -9999     0     0     1 -9999     0
1996 05 24 09   275    25 -9999   340    40     2 -9999 -9999
1996 05 24 21   172    13 -9999   110    20     0 -9999 -9999
1996 05 25 00   212    80 -9999   180    40     0 -9999     0
1996 05 25 06   278   -30 -9999   340    50     6 -9999     0
1996 05 25 09   275   -20 -9999   360    60     6 -9999 -9999
1996 05 25 21   161    -6 -9999   180    40     4 -9999 -9999
1996 05 26 00   185    -6 -9999   180    30     0 -9999     0
1996 05 26 06   265   -47 -9999    20    60     1 -9999     0
1996 05 26 09   264   -35 -9999   340    60     4 -9999 -9999
1996 05 26 21   172   -24 -9999   110    40     0 -9999 -9999
1996 05 27 00   208    22 -9999     0     0     0 -9999     0
1996 05 27 09   277   -84 -9999   340    40     1 -9999 -9999
1996 05 27 21   186   -69 -9999   110    50     0 -9999 -9999
1996 05 28 00   230   -46 -9999   110    40     0 -9999     0
1996 05 28 09   276  -107 -9999   160    80     0 -9999 -9999
1996 05 28 21   196    30 -9999   140    60     0 -9999 -9999
1996 05 29 00   205    41 -9999   140    70     0 -9999     0
1996 05 29 06   262    26 -9999   140    80     0 -9999     0
1996 05 29 09   265    39 -9999   160   120     0 -9999 -9999
1996 05 29 21   182    93 -9999   140   100     0 -9999 -9999
1996 05 30 06   233    91 -9999   140   120 -9999 -9999     0
1996 05 30 09 -9999 -9999 -9999   140    90     2 -9999 -9999
1996 05 30 21   164    55 -9999   340    50     8 -9999 -9999
1996 05 31 00   154    49 -9999    20    30     8 -9999     0
1996 05 31 06   212   -22 -9999   340    50     7 -9999     0
1996 05 31 09   220     2 -9999   360    40     7 -9999 -9999
1996 05 31 21   158    23 -9999    90    30     8 -9999 -9999
1996 06 01 09   255   -36 -9999   160    60     7 -9999 -9999
1996 06 01 21   174   -13 -9999    20    30     7 -9999 -9999
1996 06 02 00   196     4 -9999    20    40     7 -9999     0
1996 06 02 09   251 -9999 -9999   140    70     9 -9999 -9999
1996 06 02 21   154    97 -9999     0     0     8 -9999 -9999
1996 06 03 09   218    28 -9999   140    40     8 -9999 -9999
1996 06 03 21   134    98 -9999    20    20     2 -9999 -9999
1996 06 04 00   145   100 -9999   340    40     2 -9999     0
1996 06 04 09   235    82 -9999   320    30     2 -9999 -9999
1996 06 04 21   137   111 -9999     0     0     7 -9999 -9999
1996 06 05 00   156   100 -9999   360    30     7 -9999     0
1996 06 05 21    63    53 -9999     0     0     8 -9999 -9999
1996 06 06 09   185   -28 -9999     0     0     7 -9999 -9999
1996 06 06 21   139    25 -9999   140    30     7 -9999 -9999
1996 06 07 00   155    27 -9999   180    40     7 -9999     0
1996 06 07 06    90 -9999 -9999   200    20     7 -9999     0
1996 06 07 09   237   -10 -9999   340    30     7 -9999 -9999
1996 06 07 21   153    15 -9999   180    30     6 -9999 -9999
1996 06 08 06   241   -41 -9999   180    50     2 -9999     0
1996 06 08 09   240    -3 -9999   180    50     1 -9999 -9999
1996 06 08 21   163    -6 -9999   160    30     0 -9999 -9999
1996 06 09 06   265   -24 -9999   180    20     7 -9999     0
1996 06 09 09   277   -28 -9999   360    30     7 -9999 -9999
1996 06 09 21   177   -33 -9999   140    30     0 -9999 -9999
1996 06 10 00   204    -5 -9999   180    20     0 -9999     0
1996 06 10 09   259 -9999 -9999   340    50     0 -9999 -9999
1996 06 10 21   156   -62 -9999   110    40     0 -9999 -9999
1996 06 11 00   227   -28 -9999    90    30     0 -9999     0
1996 06 11 09   287   -15 -9999   340    30     7 -9999 -9999
1996 06 11 21   200    -1 -9999   180    50     0 -9999 -9999
1996 06 12 00   220    13 -9999   180    60     7 -9999     0
1996 06 12 06   299   -44 -9999   250    20     7 -9999     0
1996 06 12 09   291   -33 -9999   320    30     7 -9999 -9999
1996 06 12 21   177    36 -9999    70    20     0 -9999 -9999
1996 06 13 00   238    34 -9999    90    20     0 -9999     0
1996 06 13 06   287   -14 -9999     0     0     7 -9999     0
1996 06 13 09   293   -11 -9999     0     0     7 -9999 -9999
1996 06 13 21   249   -15 -9999   140    40     0 -9999 -9999
1996 06 14 00   270    26 -9999   160    40     7 -9999     0
1996 06 14 09   240    55 -9999   340    70     8 -9999 -9999
1996 06 14 21   166    74 -9999   110    20     7 -9999 -9999
1996 06 15 09   257     2 -9999   160    70     0 -9999 -9999
1996 06 15 21   173   123 -9999   140    20     8 -9999 -9999
1996 06 16 00   189   121 -9999   180    20     7 -9999     0
1996 06 16 09   244    55 -9999   340    40     2 -9999 -9999
1996 06 16 21   146    58 -9999   110    20     0 -9999 -9999
1996 06 17 06   280    50 -9999   250    20     2 -9999     0
1996 06 17 09   280    13 -9999   140    40     2 -9999 -9999
1996 06 17 21   156   126 -9999    40    60     8 -9999 -9999
1996 06 18 09   162    91 -9999   340    70     7 -9999 -9999
1996 06 18 21   107    77 -9999     0     0     0 -9999 -9999
1996 06 19 09   178    11 -9999   340    80     3 -9999 -9999
1996 06 19 21    93    32 -9999     0     0     0 -9999 -9999
1996 06 20 09   232   -45 -9999    20    50     0 -9999 -9999
1996 06 20 21   147     0 -9999   140    30     0 -9999 -9999
1996 06 21 09   269   -33 -9999   180    60     7 -9999 -9999
1996 06 21 21   212    21 -9999   340    20     7 -9999 -9999
1996 06 22 00   222    35 -9999     0     0     8 -9999     0
1996 06 22 06   240    25 -9999   320    30     7 -9999     0
1996 06 22 09   254    13 -9999   340    20     7 -9999 -9999
1996 06 22 21   163    11 -9999    90    10     2 -9999 -9999
1996 06 23 00   204    60 -9999     0     0     7 -9999     0
1996 06 23 09   254    32 -9999     0     0     7 -9999 -9999
1996 06 23 21   168    44 -9999   160    20     0 -9999 -9999
1996 06 24 06   267    15 -9999   250    30     1 -9999     0
1996 06 24 09   282    17 -9999   180    50     2 -9999 -9999
1996 06 24 21   206    37 -9999   160    40     0 -9999 -9999
1996 06 25 09   228    72 -9999   140    60     7 -9999 -9999
1996 06 26 09   288   -24 -9999   290   820     2 -9999 -9999
1996 06 26 21   208    14 -9999    20    80     7 -9999 -9999
1996 06 27 09   253    54 -9999   250    50     7 -9999 -9999
1996 06 27 21   141    84 -9999   160    30     2 -9999 -9999
1996 06 28 00   170    75 -9999   200    30     1 -9999     0
1996 06 28 06   248    51 -9999   290    20     2 -9999     0
1996 06 28 09   232    46 -9999   270    20     7 -9999 -9999
1996 06 28 21   164    65 -9999   160    20     0 -9999 -9999
1996 06 29 00   201    54 -9999   180    20     0 -9999     0
1996 06 29 09   287   -90 -9999   290    50     1 -9999 -9999
1996 06 29 21   196   -34 -9999   110    30     0 -9999 -9999
1996 06 30 00   251   -11 -9999   160    20     0 -9999     0
1996 06 30 06   301   -42 -9999     0     0     1 -9999     0
1996 06 30 21   234    -6 -9999   110    30     0 -9999 -9999
1996 07 01 09   318     0 -9999   160    40     7 -9999 -9999
1996 07 01 21   215   105 -9999   110    50     8 -9999 -9999
1996 07 02 00   156   136 -9999   340    40     8 -9999 -9999
1996 07 02 06   149   137 -9999     0     0     8 -9999    60
1996 07 02 09   162   132 -9999   180    20     8 -9999 -9999
1996 07 02 21   139    92 -9999   140    30     0 -9999 -9999
1996 07 03 21   200    74 -9999   110    30     0 -9999 -9999
1996 07 04 09   291    31 -9999    20   100     9 -9999 -9999
1996 07 04 21   174    62 -9999   110    20     0 -9999 -9999
1996 07 05 00   226    63 -9999     0     0     0 -9999     0
1996 07 05 06   277    51 -9999   340    20     1 -9999 -9999
1996 07 05 09   291    38 -9999   290    20     2 -9999 -9999
1996 07 05 21   220    41 -9999    90    30     0 -9999 -9999
1996 07 06 06   314    61 -9999   290    40     5 -9999     0
1996 07 06 09   296    76 -9999   360    40     7 -9999 -9999
1996 07 06 21   166   143 -9999   200    30     8 -9999 -9999
1996 07 07 00   160   144 -9999     0     0     8 -9999     3
1996 07 07 09   186   136 -9999   200    30     8 -9999 -9999
1996 07 07 21   174   128 -9999     0     0     8 -9999 -9999
1996 07 08 00   179   133 -9999    90    20     8 -9999     0
1996 07 08 06   188   140 -9999    20    30     7 -9999    -1
1996 07 08 09   167   146 -9999    70    30     8 -9999 -9999
1996 07 08 21   144   127 -9999    40    40     7 -9999 -9999
1996 07 09 00   190   127 -9999     0     0     6 -9999     0
1996 07 09 21   141    80 -9999   110    30     0 -9999 -9999
1996 07 10 00   170    90 -9999     0     0     1 -9999     0
1996 07 10 06   244    44 -9999   360    30     2 -9999     0
1996 07 10 09   253    51 -9999   360    50     2 -9999 -9999
1996 07 10 21   176    40 -9999   110    30     0 -9999 -9999
1996 07 11 00   224    60 -9999   110    30     5 -9999     0
1996 07 11 06   263    52 -9999   320    50     5 -9999     0
1996 07 11 09   238    59 -9999   320    70     9 -9999 -9999
1996 07 11 21   141    70 -9999    90    30     0 -9999 -9999
1996 07 12 00   201    76 -9999    70    20     0 -9999     0
1996 07 12 09   273   -75 -9999   290    40     6 -9999 -9999
1996 07 12 21   187    29 -9999   110    30     0 -9999 -9999
1996 07 13 09   293    60 -9999    20    20     2 -9999 -9999
1996 07 13 21   208    57 -9999    70    40     0 -9999 -9999
1996 07 14 21   200   103 -9999     0     0     2 -9999 -9999
1996 07 15 09   238   121 -9999   250    50     8 -9999 -9999
1996 07 15 21   170   134 -9999   140    20     7 -9999 -9999
1996 07 16 00   202   125 -9999     0     0     3 -9999     0
1996 07 16 09   261    99 -9999   180    30     4 -9999 -9999
1996 07 16 21   175   108 -9999     0     0     6 -9999 -9999
1996 07 17 00   212   127 -9999     0     0     3 -9999     0
1996 07 17 06   248    48 -9999    90    60     6 -9999     0
1996 07 17 09   251    94 -9999   160    30     7 -9999 -9999
1996 07 17 21   186    83 -9999    90    40     0 -9999 -9999
1996 07 18 00   234    94 -9999    70    20     0 -9999     0
1996 07 18 09   292    90 -9999   220    40     7 -9999 -9999
1996 07 18 21   216    73 -9999    90    30     0 -9999 -9999
1996 07 19 00   253   103 -9999    90    20     0 -9999     0
1996 07 19 09   293   105 -9999     0     0     4 -9999 -9999
1996 07 19 21   203   113 -9999   140    30     2 -9999 -9999
1996 07 20 00   227   132 -9999     0     0     7 -9999     0
1996 07 20 09   299    91 -9999   360    40     2 -9999 -9999
1996 07 20 21   201    93 -9999    90    20     4 -9999 -9999
1996 07 21 00   244   112 -9999     0     0     0 -9999     0
1996 07 21 09   309    82 -9999     0     0     2 -9999 -9999
1996 07 21 21   230   130 -9999   140    40     0 -9999 -9999
1996 07 22 00   260    95 -9999   110    40     7 -9999     0
1996 07 22 06   315    82 -9999   180    20     7 -9999     0
1996 07 22 09   311    62 -9999   200    60     7 -9999 -9999
1996 07 22 21   238   129 -9999   180    20     0 -9999 -9999
1996 07 23 00   261   144 -9999     0     0     6 -9999     0
1996 07 23 06   294   112 -9999   340    40     7 -9999 -9999
1996 07 23 09   288   118 -9999   360    40     7 -9999 -9999
1996 07 23 21   190   149 -9999    90    30     7 -9999 -9999
1996 07 24 00   200   143 -9999     0     0     8 -9999     3
1996 07 24 09   289   130 -9999     0     0     7 -9999 -9999
1996 07 24 21   221   125 -9999    90    20     2 -9999 -9999
1996 07 25 00   236   134 -9999     0     0     6 -9999     0
1996 07 25 06   282 -9999 -9999     0     0     7 -9999    -1
1996 07 25 09   292   132 -9999   140    30     7 -9999 -9999
1996 07 25 21   228   146 -9999    90    30     8 -9999 -9999
1996 07 26 00   241   162 -9999     0     0     7 -9999    -1
1996 07 26 06   289   115 -9999   140    70     7 -9999     0
1996 07 26 09   261   137 -9999   140    60     7 -9999 -9999
1996 07 28 06   220 -9999 -9999   250    20     6 -9999     0
1996 07 28 09   251   145 -9999   290    50     4 -9999 -9999
1996 07 28 21   182   142 -9999   160    20     7 -9999 -9999
1996 07 29 00   184   139 -9999     0     0     7 -9999     0
1996 07 29 09   254   149 -9999     0     0     6 -9999 -9999
1996 07 29 21   171   162 -9999   360    30     7 -9999 -9999
1996 07 30 00   180   145 -9999    40    60     8 -9999    -1
1996 07 30 21   188   163 -9999    90    20     7 -9999 -9999
1996 07 31 00   208   163 -9999   320    10     1 -9999     0
1996 07 31 09   145   137 -9999   360    50     7 -9999 -9999
1996 08 01 00   162   110 -9999   200    30     1 -9999     0
1996 08 01 06   211   100 -9999   250    30     5 -9999     0
1996 08 01 09   230    97 -9999   270    30     6 -9999 -9999
1996 08 01 21   147   111 -9999    90    30     0 -9999 -9999
1996 08 02 00   185   116 -9999    20    20     0 -9999     0
1996 08 02 06   238   110 -9999    40    30     0 -9999     0
1996 08 02 09   257    88 -9999   340    20     0 -9999 -9999
1996 08 02 21   182    92 -9999    90    40     0 -9999 -9999
1996 08 03 00   207    86 -9999   110    40     0 -9999     0
1996 08 03 06   269   101 -9999   220    20     1 -9999     0
1996 08 03 09   269   119 -9999   140    50     0 -9999 -9999
1996 08 03 21   196   134 -9999   110    20     3 -9999 -9999
1996 08 04 00   209   154 -9999   110    20     5 -9999     0
1996 08 04 21   196   179 -9999     0     0     0 -9999 -9999
1996 08 05 00   218   181 -9999    40    20     0 -9999     0
1996 08 05 09   295   161 -9999    20    40     1 -9999 -9999
1996 08 06 00   233   173 -9999    20    20     7 -9999     0
1996 08 06 06   264   150 -9999    40    20     7 -9999    -1
1996 08 06 09   251   159 -9999   110    20     7 -9999 -9999
1996 08 06 21   178   169 -9999    90    30     8 -9999 -9999
1996 08 07 00   180   168 -9999   200    30     8 -9999    70
1996 08 07 06   189   172 -9999   360    40     7 -9999   180
1996 08 07 09   191   170 -9999    20    70     7 -9999 -9999
1996 08 07 21   173   164 -9999    40    40     7 -9999 -9999
1996 08 08 00   180   171 -9999     0     0     7 -9999   190
1996 08 08 09   200   177 -9999 -9999 -9999     8 -9999 -9999
1996 08 08 21   185   177 -9999     0     0     8 -9999 -9999
1996 08 09 00   183   177 -9999    40    30     8 -9999    -1
1996 08 09 21   156   136 -9999   110    20     1 -9999 -9999
1996 08 10 00   183   139 -9999    40    20     5 -9999     0
1996 08 10 06   217   153 -9999   340    50     8 -9999     0
1996 08 10 09   226   151 -9999   360    40     7 -9999 -9999
1996 08 10 21   156   126 -9999     0     0     0 -9999 -9999
1996 08 11 00   179   131 -9999     0     0     0 -9999     0
1996 08 11 21   169   109 -9999    90    30     0 -9999 -9999
1996 08 12 00   204   129 -9999    90    30     0 -9999     0
1996 08 12 06   258   122 -9999    20    30     1 -9999     0
1996 08 12 09   266   133 -9999   360    40     0 -9999 -9999
1996 08 12 21   186   111 -9999   110    30     0 -9999 -9999
1996 08 13 00   220   139 -9999   140    30     1 -9999     0
1996 08 13 09   299   144 -9999   360    30     1 -9999 -9999
1996 08 13 21   215   121 -9999   160    30     0 -9999 -9999
1996 08 14 00   238   134 -9999   160    30     0 -9999     0
1996 08 14 06   303   161 -9999   180    50     1 -9999     0
1996 08 14 09   294   169 -9999   140    50     1 -9999 -9999
1996 08 14 21   224   142 -9999   180    60     0 -9999 -9999
1996 08 15 00   247   146 -9999   140    60     0 -9999     0
1996 08 15 06   301   176 -9999   160    30     0 -9999     0
1996 08 15 09   305   181 -9999   160    40     0 -9999 -9999
1996 08 15 21   229   165 -9999   110    30     0 -9999 -9999
1996 08 16 00   255   183 -9999   140    60     0 -9999     0
1996 08 16 06   311   197 -9999    90    10     0 -9999     0
1996 08 16 09   317   209 -9999   160    40     0 -9999 -9999
1996 08 16 21   234   171 -9999     0     0     0 -9999 -9999
1996 08 17 00   206   174 -9999   200    60     0 -9999     0
1996 08 17 09   287   193 -9999   180    30     7 -9999 -9999
1996 08 17 21   211   158 -9999   180    30     7 -9999 -9999
1996 08 18 00   207   156 -9999   200    50     7 -9999     0
1996 08 18 06   274   198 -9999   200    40     7 -9999     0
1996 08 18 09   239   179 -9999   340    50     7 -9999 -9999
1996 08 18 21   152   132 -9999   340    20     8 -9999 -9999
1996 08 19 00   158   133 -9999   360    10     8 -9999    -1
1996 08 19 06   168   144 -9999   360    30     8 -9999    -1
1996 08 19 09   157   142 -9999   360    50     8 -9999 -9999
1996 08 19 21   157   155 -9999     0     0     8 -9999 -9999
1996 08 20 00   180   164 -9999   290    20     8 -9999    10
1996 08 20 06   203   177 -9999     0     0     8 -9999     0
1996 08 20 09   220   184 -9999    20    20     8 -9999 -9999
1996 08 20 21   172   172 -9999   200    40     8 -9999 -9999
1996 08 21 00   160   158 -9999   220    20     8 -9999    10
1996 08 21 09   169   158 -9999     0     0     8 -9999 -9999
1996 08 21 21   115   108 -9999    40    40     8 -9999 -9999
1996 08 22 09   111   107 -9999    20    40     8 -9999 -9999
1996 08 22 21   129   124 -9999     0     0     8 -9999 -9999
1996 08 23 00   123   120 -9999     0     0     8 -9999     0
1996 08 23 09   136   133 -9999     0     0     8 -9999 -9999
1996 08 23 21   118   116 -9999    20    40     8 -9999 -9999
1996 08 24 00   116   116 -9999   360    30     8 -9999     3
1996 08 24 09   132   127 -9999   340    40     8 -9999 -9999
1996 08 24 21   119   114 -9999     0     0     7 -9999 -9999
1996 08 25 00   130   123 -9999     0     0     7 -9999     0
1996 08 25 06   170   141 -9999 -9999 -9999 -9999 -9999    -1
1996 08 25 09   171   144 -9999   290    20     8 -9999 -9999
1996 08 25 21   140   132 -9999   110    20     0 -9999 -9999
1996 08 26 06   214   153 -9999     0     0     2 -9999     0
1996 08 26 09   234   167 -9999     0     0     1 -9999 -9999
1996 08 26 21   152   118 -9999    90    30     0 -9999 -9999
1996 08 27 00   171   119 -9999    90    30     0 -9999     0
1996 08 27 06   240   140 -9999   250    30     2 -9999 -9999
1996 08 27 09   248   152 -9999     0     0     1 -9999 -9999
1996 08 27 21   166   126 -9999   110    30     2 -9999 -9999
1996 08 28 00   178   134 -9999   110    30     6 -9999     0
1996 08 28 09   263   152 -9999   360    70     2 -9999 -9999
1996 08 28 21   152 -9999 -9999   140    30     0 -9999 -9999
1996 08 29 00   190   120 -9999   140    30     0 -9999     0
1996 08 29 09   269   158 -9999    70    20     0 -9999 -9999
1996 08 30 00   203   126 -9999   140    30     0 -9999     0
1996 08 30 09   266   163 -9999   140    70     0 -9999 -9999
1996 08 30 21   209   144 -9999   160    70     0 -9999 -9999
1996 08 31 00   226    58 -9999   110    30     0 -9999     0
1996 08 31 09   223    45 -9999   340    50     0 -9999 -9999
1996 08 31 21   125   -18 -9999   340    50     7 -9999 -9999
1996 09 01 06    87    65 -9999     0     0     8 -9999    40
1996 09 01 09    98    67 -9999     0     0     8 -9999 -9999
1996 09 01 21    99    68 -9999   160    20     7 -9999 -9999
1996 09 02 06   171 -9999 -9999 -9999 -9999 -9999 -9999     0
1996 09 02 09   182    17 -9999   220    40     1 -9999 -9999
1996 09 02 21   103 -9999 -9999   140    20     0 -9999 -9999
1996 09 03 00   121    16 -9999   110    30     0 -9999     0
1996 09 03 06   210     7 -9999   290    20     2 -9999     0
1996 09 03 09   220   -19 -9999    40    20     0 -9999 -9999
1996 09 03 21   133    28 -9999    90    30     2 -9999 -9999
1996 09 04 00   157    19 -9999 -9999 -9999     7 -9999     0
1996 09 04 06   202    33 -9999   360    70     7 -9999     0
1996 09 04 09   182    37 -9999    20    40     8 -9999 -9999
1996 09 04 21   121    49 -9999    90    30     0 -9999 -9999
1996 09 05 00   140 -9999 -9999   110    30     0 -9999     0
1996 09 05 09   229    26 -9999   340    30     2 -9999 -9999
1996 09 05 21   157    38 -9999   110    30     0 -9999 -9999
1996 09 06 09   166    98 -9999    20    80     7 -9999 -9999
1996 09 06 21   116   102 -9999   140    30     0 -9999 -9999
1996 09 07 00   131    97 -9999   110    30     6 -9999     0
1996 09 07 06   190   113 -9999   290    20     5 -9999     0
1996 09 07 21   145    83 -9999   200    20     7 -9999 -9999
1996 09 08 00   147    89 -9999   140    30     4 -9999     0
1996 09 08 21   129    38 -9999   110    30     0 -9999 -9999
1996 09 09 00   147    52 -9999    90    30     0 -9999     0
1996 09 09 09   232    77 -9999   340    30     7 -9999 -9999
1996 09 09 21   156    88 -9999    90    30     0 -9999 -9999
1996 09 10 00   165    82 -9999   110    30     7 -9999     0
1996 09 10 06 -9999 -9999 -9999   200    40     7 -9999     0
1996 09 10 09   240    84 -9999   200    40     2 -9999 -9999
1996 09 10 21   156    96 -9999    90    30     0 -9999 -9999
1996 09 11 00   166    91 -9999   180    50     1 -9999     0
1996 09 11 06   250 -9999 -9999   320    20     7 -9999     0
1996 09 11 09   260   -61 -9999   290    50     7 -9999 -9999
1996 09 11 21   190   -41 -9999   160    30     0 -9999 -9999
1996 09 12 00   176    31 -9999     0     0 -9999 -9999     0
1996 09 12 06   250     4 -9999   270    20     0 -9999     0
1996 09 12 21   181     0 -9999   160    30     0 -9999 -9999
1996 09 13 00   185    -3 -9999   110    30     2 -9999     0
1996 09 13 06   261    42 -9999   180    30     0 -9999     0
1996 09 13 09   279     2 -9999   290    30     0 -9999 -9999
1996 09 13 21   187    14 -9999   340    40     2 -9999 -9999
1996 09 14 00   163    -9 -9999    40    40     7 -9999     0
1996 09 14 21   137    33 -9999   180    20     0 -9999     0
1996 09 15 09   204    12 -9999    70    20     1 -9999 -9999
1996 09 15 21   168    24 -9999   140    40     0 -9999 -9999
1996 09 16 00   174    20 -9999   110    50     7 -9999 -9999
1996 09 16 09   147    91 -9999   360    50     7 -9999 -9999
1996 09 16 21    91    57 -9999   140    20     0 -9999 -9999
1996 09 17 09   218    81 -9999   340    20     7 -9999 -9999
1996 09 17 21   133   -59 -9999    20    80     7 -9999 -9999
1996 09 18 00   143   -39 -9999   360    30     7 -9999     0
1996 09 18 09   202   -35 -9999   340    40     1 -9999 -9999
1996 09 18 21   103   -69 -9999    90    40     0 -9999 -9999
1996 09 19 00   113   -50 -9999   110    20     2 -9999     0
1996 09 19 09   210   -30 -9999   110    20     0 -9999 -9999
1996 09 19 21   125    38 -9999    90    20     0 -9999 -9999
1996 09 20 00   159    38 -9999    40    20     1 -9999     0
1996 09 20 06   239 -9999 -9999   180    30     1 -9999     0
1996 09 20 09   241    23 -9999   250    50     7 -9999 -9999
1996 09 20 21   143    36 -9999    90    20     0 -9999 -9999
1996 09 21 00   155    45 -9999    70    20     0 -9999     0
1996 09 21 06   236   -46 -9999   340    30     0 -9999     0
1996 09 21 09   240   -23 -9999   340    30     0 -9999 -9999
1996 09 21 21   135   -64 -9999    90    30     0 -9999 -9999
1996 09 22 00   142   -50 -9999   110    20     0 -9999     0
1996 09 22 06   249   -76 -9999   290    20     0 -9999     0
1996 09 22 09   250   -51 -9999   140    20     0 -9999 -9999
1996 09 22 21   160   -49 -9999    90    30     0 -9999 -9999
1996 09 23 00   179   -59 -9999    90    40     0 -9999     0
1996 09 23 06   254   -81 -9999    20    30     0 -9999     0
1996 09 23 09   252   -55 -9999   320    20     0 -9999 -9999
1996 09 23 21   145  -106 -9999   110    40     3 -9999 -9999
1996 09 24 00   166   -49 -9999    90    30     0 -9999     0
1996 09 24 09   255   -20 -9999   340    30     0 -9999 -9999
1996 09 24 21   163   -75 -9999    90    40     0 -9999 -9999
1996 09 25 00   174   -53 -9999    90    40     0 -9999     0
1996 09 25 09   256    -6 -9999   340    20     1 -9999 -9999
1996 09 25 21   174    -6 -9999   110    40     0 -9999 -9999
1996 09 26 00   192    28 -9999   140    60     0 -9999     0
1996 09 26 06   234    38 -9999   160    60     4 -9999     0
1996 09 26 09   207    54 -9999   110    70     7 -9999 -9999
1996 09 26 21   139    69 -9999   160    40     0 -9999 -9999
1996 09 27 00   147    66 -9999   110    40     0 -9999     0
1996 09 27 06   220    76 -9999   180    10     1 -9999     0
1996 09 27 09   216    82 -9999   290    30     2 -9999 -9999
1996 09 27 21   130    67 -9999   360    20     0 -9999 -9999
1996 09 28 00   146    60 -9999    90    20     0 -9999     0
1996 09 28 06   182    68 -9999   360    60     7 -9999     0
1996 09 28 09   180    26 -9999    20    60     7 -9999 -9999
1996 09 28 21   121    82 -9999   140    50     8 -9999 -9999
1996 09 29 00   127    92 -9999   110    30     8 -9999    40
1996 09 29 06   192   113 -9999   360    30     7 -9999    10
1996 09 29 09   205    90 -9999   250    20     2 -9999 -9999
1996 09 29 21   137    88 -9999     0     0     8 -9999 -9999
1996 09 30 00   142    83 -9999   160    20     2 -9999     0
1996 09 30 06   209    75 -9999   220    10     2 -9999     0
1996 09 30 09   211    60 -9999   200    50     7 -9999 -9999
1996 09 30 21   101    36 -9999   290    20     0 -9999 -9999
1996 10 01 00    95    53 -9999   160    20     4 -9999     0
1996 10 01 06   164   -18 -9999   320    70     1 -9999     0
1996 10 01 09   174   -40 -9999   340    40     0 -9999 -9999
1996 10 01 21    78    -6 -9999    90    30     0 -9999 -9999
1996 10 02 06   193   -48 -9999    90    10     0 -9999     0
1996 10 02 09   200   -40 -9999   360    20     0 -9999 -9999
1996 10 02 21   112   -32 -9999   110    40     0 -9999 -9999
1996 10 03 09   203   -46 -9999   360    50     0 -9999 -9999
1996 10 03 21   100   -31 -9999    20    40     7 -9999 -9999
1996 10 04 00    53     1 -9999   360    50     7 -9999    -1
1996 10 04 21    14    -9 -9999     0     0     3 -9999 -9999
1996 10 05 00    22   -19 -9999     0     0     1 -9999    10
1996 10 05 09    84   -63 -9999   320    20     0 -9999 -9999
1996 10 05 21    25   -28 -9999    70    20     7 -9999 -9999
1996 10 06 00    30   -21 -9999    70    20     7 -9999     0
1996 10 06 06    98   -62 -9999   290    30     7 -9999     0
1996 10 06 09    99   -73 -9999     0     0     7 -9999 -9999
1996 10 06 21    37   -28 -9999   110    40     0 -9999 -9999
1996 10 07 00    50   -23 -9999 -9999 -9999 -9999 -9999     0
1996 10 07 06   133   -52 -9999     0     0     7 -9999     0
1996 10 07 09   140   -42 -9999   200    30     2 -9999 -9999
1996 10 07 21    50   -33 -9999   110    30     0 -9999 -9999
1996 10 08 00    67   -39 -9999    90    40     0 -9999     0
1996 10 08 06   159   -40 -9999     0     0     1 -9999     0
1996 10 08 09   154   -38 -9999   340    20     5 -9999 -9999
1996 10 08 21    76   -18 -9999    90    30     0 -9999 -9999
1996 10 09 00    92   -11 -9999    90    30     7 -9999     0
1996 10 09 06   156    -8 -9999    20    20     7 -9999     0
1996 10 09 09   154    -8 -9999     0     0     7 -9999 -9999
1996 10 09 21    77     6 -9999    90    30     0 -9999 -9999
1996 10 10 00    84    -1 -9999    90    30     0 -9999     0
1996 10 10 06   174    10 -9999   250    20     1 -9999     0
1996 10 10 09   171     5 -9999   320    20     2 -9999 -9999
1996 10 10 21    80   -32 -9999   110    40     0 -9999 -9999
1996 10 11 00    85   -46 -9999   140    30     0 -9999     0
1996 10 11 06   182   -57 -9999     0     0     0 -9999     0
1996 10 11 09   188   -61 -9999     0     0     0 -9999 -9999
1996 10 11 21   102   -25 -9999   270    40     7 -9999 -9999
1996 10 12 00    90    40 -9999    40    80     7 -9999    10
1996 10 12 09   116    40 -9999   320    20     7 -9999 -9999
1996 10 12 21    50     8 -9999   160    30     0 -9999 -9999
1996 10 13 00    63     2 -9999   140    30     0 -9999     0
1996 10 13 06   154     4 -9999   200    30     0 -9999     0
1996 10 13 21    66   -17 -9999   110    40     0 -9999 -9999
1996 10 14 00    73   -20 -9999    90    30     0 -9999     0
1996 10 14 06   164   -68 -9999   320    20     0 -9999     0
1996 10 14 09   164   -63 -9999   360    30     0 -9999 -9999
1996 10 14 21    84   -55 -9999   110    40     0 -9999 -9999
1996 10 15 00    93   -51 -9999    90    30     1 -9999     0
1996 10 15 06   192   -29 -9999     0     0     7 -9999     0
1996 10 15 21 -9999 -9999 -9999   180    30     8 -9999 -9999
1996 10 16 06   115    13 -9999    40    20     7 -9999    -1
1996 10 16 09   144     7 -9999     0     0     0 -9999 -9999
1996 10 16 21    72    -3 -9999   140    20     0 -9999 -9999
1996 10 17 00    76   -28 -9999   140    30     0 -9999     0
1996 10 17 06   179   -29 -9999   270    10     4 -9999     0
1996 10 17 09   177   -50 -9999     0     0     2 -9999 -9999
1996 10 17 21    94   -49 -9999   110    40     0 -9999 -9999
1996 10 18 00    87   -42 -9999    90    30     1 -9999     0
1996 10 18 06   185   -45 -9999   220    20     1 -9999     0
1996 10 18 09   174   -13 -9999   340    20     6 -9999 -9999
1996 10 18 21   108   -18 -9999   220    20     0 -9999 -9999
1996 10 19 00    79    12 -9999    20    20     0 -9999     0
1996 10 19 06   166    51 -9999   270    30     7 -9999     0
1996 10 19 09   158    54 -9999    20    20     7 -9999 -9999
1996 10 19 21    82   -16 -9999    70    30     0 -9999 -9999
1996 10 20 00    91   -39 -9999    90    20     0 -9999     0
1996 10 20 06   190    10 -9999   250    20     7 -9999     0
1996 10 20 09   192   -58 -9999   140    70     3 -9999 -9999
1996 10 20 21   110    41 -9999   160    40     0 -9999 -9999
1996 10 21 00   116    46 -9999   180    80     7 -9999     0
1996 10 21 06   149    71 -9999     0     0     7 -9999     0
1996 10 21 21    85    24 -9999    40    30     8 -9999 -9999
1996 10 22 00    71    41 -9999    40    30     8 -9999    10
1996 10 22 06    67   -73 -9999   360    60     7 -9999     1
1996 10 22 21   -10   -69 -9999    90    20     0 -9999 -9999
1996 10 23 00     0   -71 -9999   140    30     0 -9999     0
1996 10 23 06    98  -123 -9999   220    50     2 -9999     0
1996 10 23 09   104  -132 -9999   200    40     2 -9999 -9999
1996 10 23 21    40  -111 -9999   140    30     0 -9999 -9999
1996 10 24 06    83  -104 -9999   340    60     6 -9999     0
1996 10 24 09    84   -77 -9999   340    50     2 -9999 -9999
1996 10 24 21     9   -78 -9999    90    20     0 -9999 -9999
1996 10 25 00     9   -86 -9999    70    20     1 -9999     0
1996 10 25 06    82   -96 -9999   290    30     1 -9999     0
1996 10 25 09    88   -93 -9999   220    20     1 -9999 -9999
1996 10 25 21    29  -107 -9999   140    30     0 -9999 -9999
1996 10 26 00    44  -113 -9999   140    50     0 -9999     0
1996 10 26 06   138  -127 -9999   200    60     0 -9999     0
1996 10 26 09   152   -86 -9999     0     0     0 -9999 -9999
1996 10 27 00    45  -145 -9999   110    40     0 -9999     0
1996 10 27 06   152  -142 -9999   220    20     1 -9999     0
1996 10 27 09   148  -251 -9999   320    40     5 -9999 -9999
1996 10 27 21    56   -97 -9999   140    20     7 -9999 -9999
1996 10 28 06   148  -167 -9999   180    40     0 -9999     0
1996 10 28 09   156   -48 -9999   200    40     0 -9999 -9999
1996 10 28 21    77   -89 -9999    70    20     0 -9999 -9999
1996 10 29 00    45  -110 -9999   110    30     0 -9999     0
1996 10 29 06   165   -60 -9999     0     0     0 -9999     0
1996 10 29 09   168   -48 -9999   200    30     0 -9999 -9999
1996 10 29 21    93  -104 -9999   140    30     0 -9999 -9999
1996 10 30 00   108  -124 -9999   160    40     0 -9999     0
1996 10 30 06   155   -68 -9999   340    50     1 -9999     0
1996 10 30 09   127   -86 -9999   360    60     1 -9999 -9999
1996 10 30 21    60   -49 -9999    20    40     7 -9999 -9999
1996 10 31 00    56   -52 -9999    20    20     8 -9999     0
1996 10 31 06    76   -53 -9999   360    20     8 -9999     0
1996 10 31 09    68   -55 -9999   340    20     8 -9999 -9999
1996 10 31 21    32    -5 -9999     0     0     8 -9999 -9999
1996 11 01 00    30    -2 -9999   180    40     8 -9999     0
1996 11 01 09    77   -20 -9999     0     0     5 -9999 -9999
1996 11 01 21    26   -36 -9999   110    30     0 -9999 -9999
1996 11 02 00    29   -26 -9999   140    30     0 -9999     0
1996 11 02 06   119   -42 -9999   220    30     0 -9999     0
1996 11 02 09   114   -48 -9999   180    20     0 -9999 -9999
1996 11 02 21    34   -14 -9999   140    20     2 -9999 -9999
1996 11 03 09    86   -23 -9999     0     0     7 -9999 -9999
1996 11 04 00    42   -10 -9999   110    30     0 -9999     0
1996 11 04 06   100   -62 -9999   360    50     0 -9999     0
1996 11 04 09    89   -66 -9999   360    40     0 -9999 -9999
1996 11 04 21     6   -86 -9999    40    30     0 -9999 -9999
1996 11 05 00    33  -109 -9999    20    50     0 -9999     0
1996 11 05 06    74  -102 -9999    20    50     7 -9999     0
1996 11 05 09    59   -88 -9999   360    50     7 -9999 -9999
1996 11 05 21    -2   -77 -9999     0     0     0 -9999 -9999
1996 11 06 00    23   -72 -9999    40    30     7 -9999     0
1996 11 06 06    56   -80 -9999   340    30     7 -9999     0
1996 11 06 09    50   -43 -9999    20    40     8 -9999 -9999
1996 11 06 21    -2   -81 -9999   180    20     0 -9999 -9999
1996 11 07 00     0   -67 -9999   160    20     0 -9999     0
1996 11 07 06    56   -63 -9999     0     0     6 -9999     0
1996 11 07 09    57   -58 -9999     0     0     6 -9999 -9999
1996 11 08 00    12    -8 -9999   160    40     0 -9999     0
1996 11 08 06    98   -57 -9999   180    20     0 -9999     0
1996 11 08 09   110  -102 -9999   270    30     0 -9999 -9999
1996 11 08 21    47  -154 -9999   140    30     0 -9999 -9999
1996 11 09 00    35  -126 -9999   140    30     0 -9999     0
1996 11 09 06   135  -122 -9999   220    20     0 -9999     0
1996 11 09 09   115  -111 -9999   360    30     0 -9999 -9999
1996 11 09 21    52   -95 -9999   140    30     0 -9999 -9999
1996 11 10 00    25   -85 -9999    40    30     0 -9999     0
1996 11 10 06    95  -105 -9999   360    70     1 -9999     0
1996 11 10 09    80   -83 -9999    20    60     0 -9999 -9999
1996 11 10 21    40   -61 -9999   360    60     8 -9999 -9999
1996 11 11 00   -10  -102 -9999    40    30     8 -9999     0
1996 11 11 06    10  -102 -9999   360    60     7 -9999     0
1996 11 11 09   -16  -126 -9999    40    60     7 -9999 -9999
1996 11 12 00   -31   -76 -9999    20    20     8 -9999     0
1996 11 12 06   -30  -119 -9999   180    20     8 -9999     0
1996 11 12 09   -22  -178 -9999   360    30     7 -9999 -9999
1996 11 12 21   -24  -114 -9999     0     0     8 -9999 -9999
1996 11 13 00   -26  -112 -9999     0     0     8 -9999     0
1996 11 13 09   -14  -180 -9999   360    60     7 -9999 -9999
1996 11 13 21   -24  -175 -9999     0     0     8 -9999 -9999
1996 11 14 00   -26  -188 -9999     0     0     8 -9999     0
1996 11 14 06    14  -152 -9999   360    20     7 -9999     0
1996 11 14 21   -37  -149 -9999     0     0     0 -9999 -9999
1996 11 15 00   -27  -109 -9999     0     0     2 -9999     0
1996 11 15 06   -17   -98 -9999   340    20     8 -9999    -1
1996 11 15 09   -60   -79 -9999     0     0     8 -9999 -9999
1996 11 15 21   -98  -189 -9999    70    20     0 -9999 -9999
1996 11 16 00   -91  -170 -9999    40    20     1 -9999     0
1996 11 16 06   -33  -161 -9999     0     0     2 -9999     0
1996 11 16 09   -34  -156 -9999     0     0     2 -9999 -9999
1996 11 16 21  -102  -194 -9999    90    20     0 -9999 -9999
1996 11 17 00  -118  -199 -9999   160    20     0 -9999     0
1996 11 17 06   -36  -183 -9999   200    40     0 -9999     0
1996 11 17 09   -33  -175 -9999   160    20     0 -9999 -9999
1996 11 17 21   -65  -171 -9999    70    30     0 -9999 -9999
1996 11 18 00   -68  -144 -9999    90    20     0 -9999     0
1996 11 18 06    32   -94 -9999     0     0     0 -9999     0
1996 11 18 21   -20  -139 -9999     0     0     0 -9999 -9999
1996 11 19 00   -37  -126 -9999     0     0     6 -9999     0
1996 11 19 06    14  -110 -9999   220    30     2 -9999     0
1996 11 19 09    20  -103 -9999     0     0     7 -9999 -9999
1996 11 20 00   -43  -142 -9999    20    30     0 -9999     0
1996 11 20 06    31  -130 -9999     0     0     0 -9999     0
1996 11 20 09    32  -146 -9999     0     0     0 -9999 -9999
1996 11 20 21   -15  -135 -9999     0     0     0 -9999 -9999
1996 11 21 00   -28  -156 -9999   340    40     0 -9999     0
1996 11 21 06     8  -146 -9999    40    30     0 -9999     0
1996 11 21 09    16  -145 -9999     0     0     0 -9999 -9999
1996 11 21 21   -40  -145 -9999     0     0     0 -9999 -9999
1996 11 22 00   -56  -142 -9999     0     0     0 -9999     0
1996 11 22 06     3  -127 -9999 -9999 -9999     1 -9999     0
1996 11 22 09     0  -133 -9999   340    30     1 -9999 -9999
1996 11 22 21   -37  -168 -9999   140    30     0 -9999 -9999
1996 11 23 06    22  -163 -9999   270    30     7 -9999     0
1996 11 23 09    16  -100 -9999   320    50     7 -9999 -9999
1996 11 23 21   -50  -137 -9999     0     0     0 -9999 -9999
1996 11 24 00   -54  -132 -9999   140    30     0 -9999     0
1996 11 24 06    53  -174 -9999   220    40     0 -9999     0
1996 11 24 09    46  -148 -9999   200    40     0 -9999 -9999
1996 11 24 21    -4  -149 -9999   160    20     7 -9999 -9999
1996 11 25 00   -19  -161 -9999 -9999 -9999     2 -9999     0
1996 11 25 06    30  -156 -9999   340    30     0 -9999     0
1996 11 25 09    29  -152 -9999     0     0     2 -9999 -9999
1996 11 25 21  -106  -177 -9999   360    50     4 -9999 -9999
1996 11 26 00  -120  -188 -9999     0     0     1 -9999    -1
1996 11 26 06   -82  -234 -9999     0     0     0 -9999     0
1996 11 26 09   -80  -229 -9999   160    20     0 -9999 -9999
1996 11 26 21   -66  -172 -9999   110    40     0 -9999 -9999
1996 11 27 00   -58  -150 -9999   140    30     1 -9999     0
1996 11 27 06     8  -145 -9999   200    30     1 -9999     0
1996 11 27 09    -2  -149 -9999   340    30     1 -9999 -9999
1996 11 28 00   -81  -194 -9999   360    30     8 -9999     0
1996 11 28 06   -69  -178 -9999   270    20     7 -9999    -1
1996 11 28 09   -72  -170 -9999   320    70     7 -9999 -9999
1996 11 28 21  -108  -218 -9999     0     0     4 -9999 -9999
1996 11 29 00  -102  -201 -9999     0     0     8 -9999     0
1996 11 29 09   -70  -173 -9999   360    70     2 -9999 -9999
1996 11 29 21  -120  -205 -9999    40    20     0 -9999 -9999
1996 11 30 00  -141  -210 -9999     0     0     0 -9999     0
1996 11 30 06   -57  -253 -9999     0     0     0 -9999     0
1996 11 30 09   -46  -239 -9999     0     0     0 -9999 -9999
1996 11 30 21   -84  -192 -9999     0     0     0 -9999 -9999
1996 12 01 00   -91  -176 -9999     0     0     0 -9999     0
1996 12 01 06    14  -169 -9999     0     0     0 -9999     0
1996 12 01 21   -52  -195 -9999   160    30     0 -9999 -9999
1996 12 02 00   -51  -192 -9999   180    30     0 -9999     0
1996 12 02 06    25  -197 -9999   220    20     0 -9999     0
1996 12 02 09    19  -165 -9999     0     0     0 -9999 -9999
1996 12 02 21   -64  -175 -9999    70    20     6 -9999 -9999
1996 12 03 00   -57  -155 -9999   340    20     7 -9999     0
1996 12 03 06   -14  -179 -9999   360    60     7 -9999     0
1996 12 03 09   -28  -184 -9999   360    50     7 -9999 -9999
1996 12 03 21   -96  -152 -9999   360    40     1 -9999 -9999
1996 12 04 00  -103  -145 -9999   360    30     1 -9999     3
1996 12 04 06   -91  -237 -9999   320    50     4 -9999     0
1996 12 04 09   -98  -256 -9999   340    60     2 -9999 -9999
1996 12 04 21  -167  -280 -9999   360    40     0 -9999 -9999
1996 12 05 00  -172  -287 -9999    40    20     0 -9999     0
1996 12 05 06  -125  -277 -9999     0     0     0 -9999     0
1996 12 05 09  -111  -292 -9999   270    30     1 -9999 -9999
1996 12 06 00  -138  -245 -9999   360    20     0 -9999     0
1996 12 06 06   -68  -240 -9999   340    40     0 -9999     0
1996 12 06 21   -99  -198 -9999   110    30     0 -9999 -9999
1996 12 07 00  -109  -193 -9999    70    20     1 -9999     0
1996 12 07 06   -50  -218 -9999   340    20     0 -9999     0
1996 12 07 09   -44  -211 -9999     0     0     0 -9999 -9999
1996 12 07 21  -122  -228 -9999    70    10     0 -9999 -9999
1996 12 08 00  -125  -233 -9999     0     0     0 -9999     0
1996 12 08 06   -59  -224 -9999     0     0     2 -9999     0
1996 12 08 09   -50  -229 -9999     0     0     0 -9999 -9999
1996 12 08 21  -101  -200 -9999     0     0     0 -9999 -9999
1996 12 09 00  -112  -210 -9999     0     0     0 -9999     0
1996 12 09 06   -25  -195 -9999     0     0     0 -9999     0
1996 12 09 09   -29  -180 -9999     0     0     0 -9999 -9999
1996 12 09 21   -86  -205 -9999     0     0     0 -9999 -9999
1996 12 10 06   -14  -189 -9999   220    30     0 -9999     0
1996 12 10 09    -5  -180 -9999   110    20     0 -9999 -9999
1996 12 10 21   -93  -211 -9999   110    30     0 -9999     0
1996 12 11 00   -91  -207 -9999   140    30     0 -9999     0
1996 12 11 06   -23  -216 -9999   200    50     1 -9999     0
1996 12 11 09   -20  -216 -9999   180    30     0 -9999 -9999
1996 12 11 21   -83  -216 -9999   140    30     0 -9999 -9999
1996 12 12 00   -73  -268 -9999   140    30     0 -9999     0
1996 12 12 06    16  -212 -9999   220    30     0 -9999     0
1996 12 12 09    19  -211 -9999     0     0     0 -9999 -9999
1996 12 12 21   -58  -230 -9999    90    30     0 -9999 -9999
1996 12 13 00   -71  -225 -9999   140    20     0 -9999     0
1996 12 13 06    40  -248 -9999   200    40     0 -9999     0
1996 12 13 09    47  -287 -9999     0     0     0 -9999 -9999
1996 12 13 21   -43  -216 -9999   140    30     0 -9999 -9999
1996 12 14 00   -44  -254 -9999   160    20     0 -9999     0
1996 12 14 06    43  -319 -9999   220    20     0 -9999     0
1996 12 14 21   -58  -163 -9999     0     0     0 -9999 -9999
1996 12 15 00   -57  -199 -9999   360    30     0 -9999     0
1996 12 15 06   -23  -145 -9999   360    30     1 -9999     0
1996 12 15 09   -26  -122 -9999   340    40     1 -9999 -9999
1996 12 15 21   -59  -172 -9999   160    50     0 -9999 -9999
1996 12 16 00   -48  -164 -9999   160    30     7 -9999     0
1996 12 16 06   -64  -144 -9999   340    50     7 -9999     0
1996 12 16 09   -74  -154 -9999   340    60     2 -9999 -9999
1996 12 16 21  -171  -228 -9999   180    30     0 -9999 -9999
1996 12 17 00  -165  -209 -9999   140    20     0 -9999     0
1996 12 17 06   -76  -252 -9999   340    20     0 -9999     0
1996 12 17 09   -98  -243 -9999   360    20     0 -9999 -9999
1996 12 17 21  -132  -201 -9999     0     0     0 -9999 -9999
1996 12 18 00  -136  -191 -9999    40    20     0 -9999     0
1996 12 18 06   -75  -191 -9999     0     0     0 -9999     0
1996 12 18 09   -62  -222 -9999     0     0     0 -9999 -9999
1996 12 18 21  -109  -244 -9999   110    30     0 -9999 -9999
1996 12 19 00  -102  -145 -9999   110    30     0 -9999     0
1996 12 19 06   -29  -280 -9999   200    20     7 -9999     0
1996 12 19 09   -19  -248 -9999   200    20     7 -9999 -9999
1996 12 20 00  -106  -197 -9999    70    30     0 -9999     0
1996 12 20 06   -11  -228 -9999   180    50     0 -9999     0
1996 12 20 09     3  -168 -9999     0     0     0 -9999 -9999
1996 12 20 21   -68  -156 -9999   140    20     0 -9999 -9999
1996 12 21 00   -76  -164 -9999    90    20     1 -9999     0
1996 12 21 06    23  -123 -9999     0     0     1 -9999     0
1996 12 21 09    21  -122 -9999   360    20     1 -9999 -9999
1996 12 21 21   -75  -150 -9999     0     0     0 -9999 -9999
1996 12 22 00   -82  -162 -9999    90    20     0 -9999     0
1996 12 22 09    30  -131 -9999   180    20     0 -9999 -9999
1996 12 22 21   -31  -176 -9999   110    30     0 -9999 -9999
1996 12 23 00   -59  -172 -9999   160    30     0 -9999     0
1996 12 23 06    49  -218 -9999   180    50     0 -9999     0
1996 12 23 09    62  -188 -9999     0     0     0 -9999 -9999
1996 12 23 21   -46  -159 -9999     0     0     0 -9999 -9999
1996 12 24 00   -40  -199 -9999    20    30     0 -9999     0
1996 12 24 06    43  -171 -9999   290    20     1 -9999     0
1996 12 24 09    41  -154 -9999   180    20     0 -9999 -9999
1996 12 24 21   -24  -161 -9999   110    30     0 -9999 -9999
1996 12 25 00   -34  -220 -9999    90    50     0 -9999     0
1996 12 25 06    71  -238 -9999   200    30     0 -9999     0
1996 12 25 09   121    63 10232    40    10     0 -9999 -9999
1996 12 25 21   -31  -231 -9999    90    20     0 -9999 -9999
1996 12 26 00   -36  -225 -9999   110    30     1 -9999     0
1996 12 26 06    42  -176 -9999   340    20     7 -9999     0
1996 12 26 09    47  -195 -9999   340    40     1 -9999 -9999
1996 12 26 21   -52  -165 -9999     0     0     0 -9999 -9999
1996 12 27 00   -55  -186 -9999   140    30     0 -9999     0
1996 12 27 06    67  -209 -9999   180    30     1 -9999     0
1996 12 27 09    89  -155 -9999     0     0     1 -9999 -9999
1996 12 27 21   -38  -194 -9999   140    20     0 -9999 -9999
1996 12 28 00   -49  -196 -9999   160    20     0 -9999     0
1996 12 28 06    37  -223 -9999   200    40     0 -9999     0
1996 12 28 09    44  -196 -9999   200    30     0 -9999 -9999
1996 12 28 21     1  -195 -9999   110    30     1 -9999 -9999
1996 12 29 00    -4  -202 -9999   160    30     0 -9999     0
1996 12 29 06   106  -263 -9999     0     0     6 -9999     0
1996 12 29 09    82  -261 -9999   220    20     6 -9999 -9999
1996 12 30 00    -9  -152 -9999   220    50 -9999 -9999     0
1996 12 30 06    79  -155 -9999    70    20     7 -9999     0
1996 12 30 09    75  -114 -9999     0     0     7 -9999 -9999
1996 12 30 21    27   -62 -9999    40    30     8 -9999 -9999
1996 12 31 00   -45   -64 -9999    20    50     8 -9999     3
1996 12 31 06   -33  -207 -9999   340    80     7 -9999     1
1996 12 31 09   -70  -204 -9999   340   100     7 -9999 -9999
1996 12 31 21  -128  -218 -9999    90    10     2 -9999 -9999
