1985 01 01 00  -119  -180 -9999     0     0     1 -9999     0
1985 01 01 06 -9999 -9999 -9999     0     0     7 -9999     0
1985 01 01 09   -97  -183 -9999   290    20     7 -9999 -9999
1985 01 02 00  -148  -208 -9999   140    20     0 -9999     0
1985 01 02 06   -72  -164 -9999   220    30     7 -9999     0
1985 01 02 09   -70  -161 -9999     0     0     8 -9999 -9999
1985 01 02 21   -90  -149 -9999     0     0     8 -9999 -9999
1985 01 03 00  -105  -171 -9999   200    20     7 -9999     0
1985 01 03 06   -60  -167 -9999   250    20     7 -9999     0
1985 01 03 09   -70  -155 -9999     0     0     7 -9999 -9999
1985 01 03 21   -96  -175 -9999    70    30     0 -9999 -9999
1985 01 04 00  -118  -198 -9999    90    20     1 -9999     0
1985 01 04 09   -59  -132 -9999    40    30     7 -9999 -9999
1985 01 04 21  -107  -168 -9999     0     0     7 -9999 -9999
1985 01 05 09   -63  -149 -9999   340    30     2 -9999 -9999
1985 01 05 21  -123  -199 -9999    90    20     1 -9999 -9999
1985 01 06 00  -145  -215 -9999     0     0     1 -9999     0
1985 01 06 06   -81  -174 -9999   250    10     2 -9999     0
1985 01 06 09   -88  -146 -9999    20    40     1 -9999 -9999
1985 01 06 21  -158  -208 -9999   110    20     0 -9999 -9999
1985 01 07 00  -160  -211 -9999   110    20     2 -9999     0
1985 01 07 06   -88  -174 -9999 -9999 -9999     2 -9999     0
1985 01 07 09   -92  -169 -9999   340    30     0 -9999 -9999
1985 01 07 21  -137  -200 -9999     0     0     7 -9999 -9999
1985 01 08 00  -124  -194 -9999     0     0     7 -9999     0
1985 01 08 06   -82  -182 -9999     0     0     7 -9999     0
1985 01 08 09   -88  -151 -9999   340    30     5 -9999 -9999
1985 01 08 21  -136  -212 -9999     0     0     2 -9999 -9999
1985 01 09 00  -150  -219 -9999     0     0     1 -9999     0
1985 01 09 06   -81  -202 -9999   200    20     0 -9999     0
1985 01 09 09   -80  -224 -9999     0     0     0 -9999 -9999
1985 01 09 21  -108  -226 -9999   160    40     0 -9999 -9999
1985 01 10 00  -135  -236 -9999   160    20     0 -9999     0
1985 01 10 06   -70  -209 -9999   270    40     2 -9999     0
1985 01 10 09   -62  -206 -9999   320    30     7 -9999 -9999
1985 01 10 21  -107  -200 -9999   290    30     8 -9999 -9999
1985 01 11 00  -127  -173 -9999   340    20     8 -9999    -1
1985 01 11 06  -109  -204 -9999   320    40     7 -9999    -1
1985 01 11 09  -120  -253 -9999   340    50     0 -9999 -9999
1985 01 11 21  -190  -263 -9999    90    20     0 -9999 -9999
1985 01 12 00  -196  -272 -9999   140    30     7 -9999     0
1985 01 12 06  -109  -183 -9999   250    30     7 -9999    -1
1985 01 12 09  -110 -9999 -9999   340    70     7 -9999 -9999
1985 01 12 21  -169  -249 -9999     0     0     0 -9999 -9999
1985 01 13 00  -179  -251 -9999    90    20     0 -9999     0
1985 01 13 06   -82  -220 -9999   360    20     0 -9999     0
1985 01 13 09   -78  -211 -9999    20    20     0 -9999 -9999
1985 01 14 00  -132  -239 -9999   110    40     0 -9999     0
1985 01 14 06   -43  -246 -9999   200    30     0 -9999     0
1985 01 14 09   -40  -259 -9999     0     0     0 -9999 -9999
1985 01 14 21  -124  -263 -9999   110    30     0 -9999 -9999
1985 01 15 00  -121  -261 -9999   160    30     0 -9999     0
1985 01 15 06   -25  -308 -9999   200    30     0 -9999     0
1985 01 15 09   -16  -274 -9999   200    30     0 -9999 -9999
1985 01 15 21   -82  -288 -9999   110    40     0 -9999 -9999
1985 01 16 00  -124  -303 -9999    90    10     1 -9999     0
1985 01 16 06   -18  -269 -9999   200    20     0 -9999     0
1985 01 16 09    -9  -254 -9999     0     0     0 -9999 -9999
1985 01 16 21   -58  -294 -9999   140    40     0 -9999 -9999
1985 01 17 00   -50  -248 -9999   140    30     0 -9999     0
1985 01 17 06    46  -157 -9999   200    50     7 -9999     0
1985 01 17 09    52  -238 -9999   200    20     7 -9999 -9999
1985 01 17 21   -78  -229 -9999   110    30     0 -9999 -9999
1985 01 18 00   -73  -208 -9999    70    20     7 -9999     0
1985 01 18 06   -15  -195 -9999    20    40     7 -9999     0
1985 01 18 09   -10  -214 -9999   360    20     2 -9999 -9999
1985 01 18 21  -103  -254 -9999    90    30     0 -9999 -9999
1985 01 19 00   -90  -240 -9999    70    30     2 -9999     0
1985 01 19 06     6  -189 -9999    20    20     1 -9999     0
1985 01 19 09    16  -182 -9999    20    30     0 -9999 -9999
1985 01 19 18   -60  -130  9217   160    10     0 -9999     0
1985 01 20 00   -83  -206 -9999   180    40     7 -9999     0
1985 01 20 06   -11  -200 -9999   200    20     1 -9999     0
1985 01 20 21   -80  -150 -9999     0     0     0 -9999 -9999
1985 01 21 09   -44  -166 -9999   360    30     4 -9999 -9999
1985 01 21 21  -109  -183 -9999     0     0     2 -9999 -9999
1985 01 22 00  -107  -180 -9999     0     0     7 -9999     0
1985 01 22 06   -44  -186 -9999   220    20     7 -9999     0
1985 01 22 09   -43  -199 -9999     0     0     7 -9999 -9999
1985 01 22 21  -103  -200 -9999 -9999 -9999 -9999 -9999 -9999
1985 01 23 00  -110  -198 -9999   110    20     1 -9999     0
1985 01 23 06   -40  -207 -9999     0     0     7 -9999     0
1985 01 23 09   -42  -196 -9999   320    30     5 -9999 -9999
1985 01 24 00  -122  -204 -9999   140    30     0 -9999     0
1985 01 24 06   -24  -181 -9999   200    40     1 -9999     0
1985 01 24 21   -82  -189 -9999   110    30     0 -9999 -9999
1985 01 25 00   -78  -182 -9999   160    40     1 -9999     0
1985 01 25 09    20  -127 -9999    20    20     7 -9999 -9999
1985 01 25 21   -53  -217 -9999    20    30     0 -9999 -9999
1985 01 26 00 -9999 -9999 -9999    20    40     1 -9999     0
1985 01 26 06   -44  -194 -9999    20    40     0 -9999     0
1985 01 26 09   -46  -207 -9999   360    40     1 -9999 -9999
1985 01 26 21  -126  -274 -9999    70    30     0 -9999 -9999
1985 01 27 00  -128  -273 -9999    40    20     0 -9999     0
1985 01 27 09   -38  -219 -9999   340    20     1 -9999 -9999
1985 01 27 21  -124  -263 -9999   140    30     0 -9999 -9999
1985 01 28 00  -128  -250 -9999    90    20     0 -9999     0
1985 01 28 06 -9999 -9999 -9999   340    30     0 -9999     0
1985 01 28 09   -31  -191 -9999    20    30     0 -9999 -9999
1985 01 28 21  -115  -215 -9999   160    30     0 -9999 -9999
1985 01 29 00  -106  -214 -9999   140    30     0 -9999     0
1985 01 29 06   -15  -172 -9999   200    40     0 -9999     0
1985 01 29 09    -3  -163 -9999   180    20     0 -9999 -9999
1985 01 29 21   -82  -204 -9999   110    30     0 -9999 -9999
1985 01 30 00   -96  -202 -9999    90    20     0 -9999     0
1985 01 30 06   -17  -209 -9999   220    20     4 -9999     0
1985 01 30 09    -4  -195 -9999   340    20     7 -9999 -9999
1985 01 30 21   -95  -173 -9999    90    20     0 -9999 -9999
1985 01 31 00   -96  -163 -9999    40    20     1 -9999     0
1985 01 31 06   -32  -179 -9999   320    30     1 -9999     0
1985 01 31 21   -97  -177 -9999     0     0     0 -9999 -9999
1985 02 01 00   -94  -194 -9999   140    20     0 -9999     0
1985 02 01 06    16  -198 -9999   250    20     0 -9999     0
1985 02 01 09    28  -192 -9999   200    20     0 -9999 -9999
1985 02 02 00   -72  -205 -9999    70    20     0 -9999     0
1985 02 02 06    22  -203 -9999     0     0     0 -9999     0
1985 02 02 09    34  -210 -9999     0     0     0 -9999 -9999
1985 02 02 21   -57  -274 -9999   110    30     0 -9999 -9999
1985 02 03 00   -56  -285 -9999   110    40     0 -9999     0
1985 02 03 06    34  -158 -9999 -9999 -9999     0 -9999     0
1985 02 03 09    42  -155 -9999   340    30     0 -9999 -9999
1985 02 03 21   -44  -228 -9999   110    40     1 -9999 -9999
1985 02 04 00   -52  -223 -9999   140    30     7 -9999     0
1985 02 04 06    25  -177 -9999 -9999 -9999 -9999 -9999     0
1985 02 04 09    31  -201 -9999   220    30     0 -9999 -9999
1985 02 05 00   -60  -173 -9999    70    30     0 -9999     0
1985 02 05 06    39  -115 -9999    20    20     0 -9999     0
1985 02 05 09    40  -157 -9999    20    30     1 -9999 -9999
1985 02 05 21   -67  -208 -9999   340    20     0 -9999 -9999
1985 02 06 06    36  -153 -9999   340    30     6 -9999     0
1985 02 06 09    36  -122 -9999     0     0     7 -9999 -9999
1985 02 06 21   -32  -194 -9999   110    40     7 -9999 -9999
1985 02 07 00   -48  -188 -9999   110    30     7 -9999     0
1985 02 07 09    58  -137 -9999     0     0     7 -9999 -9999
1985 02 07 20   -24   -88 -9999   160    30     0 -9999 -9999
1985 02 08 00   -34   -88 -9999   140    30     0 -9999     0
1985 02 08 06    57  -146 -9999   200    30     0 -9999     0
1985 02 08 09    69  -141 -9999     0     0     0 -9999 -9999
1985 02 08 21   -30  -189 -9999    40    50     0 -9999 -9999
1985 02 09 00   -50  -218 -9999    90    30     0 -9999     0
1985 02 09 06    19  -155 -9999   220    20     0 -9999     0
1985 02 09 09    34  -191 -9999   220    20     0 -9999 -9999
1985 02 09 21   -57  -228 -9999     0     0     0 -9999 -9999
1985 02 10 00   -89  -339 -9999    90    20     1 -9999     0
1985 02 10 06     2  -193 -9999   290    30     1 -9999     0
1985 02 10 09    21  -179 -9999   340    30     1 -9999 -9999
1985 02 10 21   -34  -140 -9999   200    30     0 -9999 -9999
1985 02 11 00   -60  -134 -9999   160    30     1 -9999     0
1985 02 11 06    25  -156 -9999   290    50     1 -9999     0
1985 02 11 09    38  -216 -9999   290    50     0 -9999 -9999
1985 02 11 21   -66  -299 -9999    90    20     0 -9999 -9999
1985 02 12 00   -72  -310 -9999    90    30     0 -9999     0
1985 02 12 06    25  -193 -9999   320    20     1 -9999     0
1985 02 12 09    46  -162 -9999     0     0     7 -9999 -9999
1985 02 12 21   -37  -259 -9999   110    30     1 -9999 -9999
1985 02 13 00   -42  -298 -9999    90    30     4 -9999     0
1985 02 13 06    68  -202 -9999   320    20     0 -9999     0
1985 02 13 09    67  -195 -9999   250    20     7 -9999 -9999
1985 02 13 21   -24  -233 -9999   320    20     2 -9999 -9999
1985 02 14 00   -25  -191 -9999    20    60     7 -9999     0
1985 02 14 06    22  -204 -9999   360    30     7 -9999     0
1985 02 14 09     8  -183 -9999   360    30     7 -9999 -9999
1985 02 14 21  -102  -218 -9999    20    40     8 -9999 -9999
1985 02 15 00  -124  -252 -9999    40    40     7 -9999     0
1985 02 15 06   -82  -304 -9999   320    30     7 -9999     0
1985 02 15 09   -62  -314 -9999   360    30     1 -9999 -9999
1985 02 16 00  -114  -234 -9999     0     0     7 -9999     0
1985 02 16 06   -59  -234 -9999   360    30     7 -9999     0
1985 02 16 09   -84  -235 -9999   360    70     7 -9999 -9999
1985 02 16 21 -9999 -9999 -9999   180    20     8 -9999 -9999
1985 02 17 00  -126  -172 -9999   160    30     8 -9999     0
1985 02 17 21   -89  -211 -9999    90    10     0 -9999 -9999
1985 02 18 00   -90  -191 -9999    70    20     1 -9999     0
1985 02 18 06   -38  -154 -9999   360    40     8 -9999 -9999
1985 02 18 09   -42  -145 -9999   340    50     7 -9999 -9999
1985 02 18 21  -112  -195 -9999    20    30     0 -9999 -9999
1985 02 19 00  -127  -205 -9999     0     0     1 -9999     0
1985 02 19 09   -83  -253 -9999    20    20     0 -9999 -9999
1985 02 19 21  -144  -276 -9999    70    20     0 -9999 -9999
1985 02 20 00  -144  -264 -9999    70    20     1 -9999     0
1985 02 20 06   -70 -9999 -9999   340    20     1 -9999     0
1985 02 20 21  -134  -276 -9999     0     0     0 -9999 -9999
1985 02 21 00  -131  -268 -9999     0     0     7 -9999     0
1985 02 21 06   -72  -242 -9999   320    30     7 -9999     0
1985 02 21 09   -71  -250 -9999    20    20     7 -9999 -9999
1985 02 21 21   -87  -253 -9999   110    20     7 -9999 -9999
1985 02 22 00   -58  -157 -9999    40    20     8 -9999     0
1985 02 22 06   -46  -225 -9999   360    30     7 -9999     0
1985 02 22 09   -64  -250 -9999   360    30     1 -9999 -9999
1985 02 22 21  -130  -266 -9999    90    20     0 -9999 -9999
1985 02 23 00  -144  -243 -9999     0     0     1 -9999     0
1985 02 23 06   -78  -273 -9999   320    20     8 -9999     0
1985 02 23 09   -66  -256 -9999   360    40     8 -9999 -9999
1985 02 23 21 -9999 -9999 -9999 -9999 -9999     0 -9999 -9999
1985 02 24 00  -124  -252 -9999     0     0     2 -9999     0
1985 02 24 06   -36 -9999 -9999   340    40     7 -9999     0
1985 02 24 09   -26  -230 -9999    20    40     4 -9999 -9999
1985 02 24 21   -79  -159 -9999   160    20     0 -9999 -9999
1985 02 25 06 -9999 -9999 -9999 -9999 -9999     7 -9999     0
1985 02 25 09    37  -220 -9999   200    20     7 -9999 -9999
1985 02 25 21   -48  -150 -9999     0     0     0 -9999 -9999
1985 02 26 00   -51  -174 -9999   160    30     7 -9999     0
1985 02 26 06    13  -143 -9999   360    30     7 -9999     0
1985 02 26 09    10  -115 -9999    20    30     7 -9999 -9999
1985 02 26 21   -14  -209 -9999   200    40     0 -9999 -9999
1985 02 27 00   -32  -159 -9999    90    20     8 -9999     0
1985 02 27 06    13  -162 -9999    20    60     8 -9999     0
1985 02 27 09    44  -106 -9999   160    20     8 -9999 -9999
1985 02 28 00   -32  -153 -9999     0     0     8 -9999     0
1985 02 28 06    15  -150 -9999   320    20     8 -9999     0
1985 02 28 21   -38  -123 -9999    40    20     8 -9999 -9999
1985 03 01 00   -28  -135 -9999   200    30     8 -9999     0
1985 03 01 06    -3  -113 -9999   360    30     7 -9999     0
1985 03 01 09    -7   -94 -9999   340    40     7 -9999 -9999
1985 03 01 21   -72  -177 -9999   140    30     7 -9999 -9999
1985 03 02 00   -64  -117 -9999    70    30     6 -9999     0
1985 03 02 06    40   -90 -9999   220    60     7 -9999     0
1985 03 02 09    42  -115 -9999 -9999 -9999     8 -9999 -9999
1985 03 02 21   -41  -123 -9999    20    30     2 -9999 -9999
1985 03 03 00   -47  -123 -9999    20    20     7 -9999     0
1985 03 03 06    10   -96 -9999 -9999 -9999     7 -9999     0
1985 03 03 09    10  -110 -9999 -9999 -9999     6 -9999 -9999
1985 03 04 00   -47  -128 -9999    20    30     7 -9999     0
1985 03 04 09   -20  -171 -9999    40    60     1 -9999 -9999
1985 03 04 21   -54  -139 -9999    20    40     0 -9999 -9999
1985 03 05 00   -56  -178 -9999     0     0     8 -9999     0
1985 03 05 06     1  -188 -9999    20    50     2 -9999     0
1985 03 05 09     3  -175 -9999    20    70     7 -9999 -9999
1985 03 05 21   -48  -221 -9999    20    60     8 -9999 -9999
1985 03 06 00   -65  -253 -9999   360    40     7 -9999     0
1985 03 06 09     7  -186 -9999     0     0     1 -9999 -9999
1985 03 06 21   -16  -175 -9999    20    30     7 -9999 -9999
1985 03 07 00   -25  -207 -9999    20    40     8 -9999     0
1985 03 07 06   -28  -290 -9999   340    60     8 -9999 -9999
1985 03 07 09   -43  -303 -9999   340    80     8 -9999 -9999
1985 03 07 21   -91  -309 -9999 -9999 -9999     2 -9999 -9999
1985 03 08 00   -96  -282 -9999    20    20     7 -9999     0
1985 03 08 06   -38  -251 -9999   340    30     7 -9999     0
1985 03 08 09   -30  -223 -9999    20    30     1 -9999 -9999
1985 03 08 21   -66  -245 -9999    20    20     1 -9999 -9999
1985 03 09 00   -40  -207 -9999    40    40     7 -9999     0
1985 03 09 06   -16  -236 -9999    20    70     0 -9999     0
1985 03 09 09     0  -191 -9999   360    70     0 -9999 -9999
1985 03 10 00   -66   -88 -9999    40    40     8 -9999     3
1985 03 10 06   -38  -202 -9999   340    30     7 -9999    -1
1985 03 10 09   -30  -196 -9999   340    30     7 -9999 -9999
1985 03 10 21   -98  -262 -9999   110    30     0 -9999 -9999
1985 03 11 00   -97  -259 -9999   110    40     0 -9999     0
1985 03 11 06    26  -314 -9999   200    30     0 -9999     0
1985 03 11 09    46  -313 -9999   200    30     1 -9999 -9999
1985 03 11 21   -43  -303 -9999    70    30     0 -9999 -9999
1985 03 12 00   -53  -286 -9999    20    30     2 -9999     0
1985 03 12 06    25 -9999 -9999   360    30     4 -9999     0
1985 03 12 09    15  -165 -9999   360    30     5 -9999 -9999
1985 03 12 21  -100  -268 -9999 -9999 -9999     0 -9999 -9999
1985 03 13 00  -126  -256 -9999     0     0     0 -9999     0
1985 03 13 09   -15  -222 -9999   360    40     0 -9999 -9999
1985 03 13 21   -74 -9999 -9999    90    20     7 -9999 -9999
1985 03 14 00   -67  -194 -9999     0     0     7 -9999     0
1985 03 14 06   -31  -274 -9999   270    20     8 -9999     0
1985 03 14 09   -46  -126 -9999   290    30     8 -9999 -9999
1985 03 14 21   -70  -130 -9999    90    30     1 -9999 -9999
1985 03 15 00   -64  -156 -9999    90    30     6 -9999     0
1985 03 15 06    38  -142 -9999   200    20     7 -9999     0
1985 03 15 09    46  -155 -9999   250    20     8 -9999 -9999
1985 03 15 21     8  -183 -9999   160    30     0 -9999 -9999
1985 03 16 00   -14  -114 -9999    70    20     7 -9999     0
1985 03 16 06    73   -97 -9999 -9999 -9999 -9999 -9999     0
1985 03 16 09    72  -133 -9999   360    50     7 -9999 -9999
1985 03 16 21    21  -240 -9999    20    60     8 -9999 -9999
1985 03 17 00    23  -106 -9999    70    50     8 -9999     0
1985 03 17 06    66   -87 -9999   220    20     5 -9999     0
1985 03 17 09    64  -122 -9999   340    40     7 -9999 -9999
1985 03 17 21     6  -128 -9999   110    30     2 -9999 -9999
1985 03 18 06    70   -98 -9999   320    20     7 -9999     0
1985 03 18 09    80   -87 -9999     0     0     7 -9999 -9999
1985 03 18 21   -14   -97 -9999   110    20     0 -9999 -9999
1985 03 19 00     0  -117 -9999    20    40     7 -9999     0
1985 03 19 09     2   -99 -9999    20    50     8 -9999 -9999
1985 03 19 21   -56  -200 -9999    70    30     0 -9999 -9999
1985 03 20 00   -65  -183 -9999     0     0     1 -9999     0
1985 03 20 06    16  -170 -9999    70    20     7 -9999     0
1985 03 20 09    22 -9999 -9999   320    20     4 -9999 -9999
1985 03 20 21   -38  -166 -9999   110    30     0 -9999 -9999
1985 03 21 00   -22  -169 -9999   110    30     1 -9999     0
1985 03 21 06    73   -97 -9999   200    60     3 -9999     0
1985 03 21 09    90  -111 -9999   250    50     5 -9999 -9999
1985 03 21 21    24  -166 -9999   140    30     0 -9999 -9999
1985 03 22 00    24  -150 -9999   110    30     0 -9999     0
1985 03 22 06   112  -107 -9999   250    40     7 -9999     0
1985 03 22 09   126  -167 -9999   290    30     7 -9999 -9999
1985 03 23 00    75  -103 -9999   160    40     1 -9999     0
1985 03 23 06   126  -104 -9999   340    40     7 -9999     0
1985 03 23 09    81  -141 -9999   360    90     7 -9999 -9999
1985 03 23 21    -3  -268 -9999    20    70     8 -9999 -9999
1985 03 24 00   -10  -167 -9999   340    40     8 -9999     0
1985 03 24 06    34  -297 -9999   340    40     6 -9999     0
1985 03 24 21    18  -131 -9999   160    50     0 -9999 -9999
1985 03 25 00    39   -87 -9999   160    30     0 -9999 -9999
1985 03 25 06   109   -69 -9999   270    20     6 -9999     0
1985 03 25 21    28   -80 -9999   110    20     0 -9999 -9999
1985 03 26 00    44   -66 -9999     0     0     0 -9999     0
1985 03 26 06   125  -113 -9999   290    70     7 -9999     0
1985 03 26 09   114  -139 -9999   340    70     7 -9999 -9999
1985 03 27 00    42  -109 -9999    20    30     8 -9999     0
1985 03 27 06    61  -180 -9999   340    60     8 -9999     0
1985 03 27 09    42  -191 -9999   360    60     7 -9999 -9999
1985 03 28 00   -34  -236 -9999   200    40     8 -9999     0
1985 03 28 09    44  -267 -9999   340    20     7 -9999 -9999
1985 03 28 21   -46  -285 -9999    90    20     0 -9999 -9999
1985 03 29 00   -31  -248 -9999    70    20     0 -9999     0
1985 03 29 09    58  -211 -9999   340    40     0 -9999 -9999
1985 03 29 21   -26  -265 -9999   110    30     0 -9999 -9999
1985 03 30 00   -16  -274 -9999    90    20     2 -9999     0
1985 03 30 06    78  -268 -9999   340    30     7 -9999     0
1985 03 30 09    94  -218 -9999   290    20     4 -9999 -9999
1985 03 30 21    62  -140 -9999   110    50     0 -9999 -9999
1985 03 31 00    77   -98 -9999   140    50     7 -9999     0
1985 03 31 06   137   -92 -9999   220    80     7 -9999     0
1985 03 31 09   140 -9999 -9999   200    70     7 -9999 -9999
1985 03 31 21 -9999 -9999 -9999    70    20     0 -9999 -9999
1985 04 01 00    41   -79 -9999    40    20     0 -9999     0
1985 04 01 06   132  -212 -9999   220    20     7 -9999     0
1985 04 01 09   143  -189 -9999   320    20     7 -9999 -9999
1985 04 01 21     2  -118 -9999    20    30     0 -9999 -9999
1985 04 02 00    -1  -109 -9999     0     0     3 -9999     0
1985 04 02 06    50   -99 -9999   320    80     6 -9999 -9999
1985 04 02 09    38   -72 -9999   320    90     7 -9999 -9999
1985 04 02 12    70  -320 -9999   270    50     0 -9999     0
1985 04 02 21   -26  -147 -9999   110    30     0 -9999 -9999
1985 04 03 00   -22   -81 -9999   140    30     2 -9999     0
1985 04 03 06    83  -191 -9999   180    30     0 -9999     0
1985 04 03 09    98  -133 -9999   290    30     2 -9999 -9999
1985 04 04 00    17  -145 -9999    70    20     1 -9999     0
1985 04 04 09   127  -147 -9999   340    30     1 -9999 -9999
1985 04 04 21    30  -124 -9999    70    20     0 -9999 -9999
1985 04 05 00    66  -107 -9999   110    30     7 -9999     0
1985 04 05 06   152   -96 -9999   270    20     7 -9999     0
1985 04 05 09   145  -161 -9999   340    40     8 -9999 -9999
1985 04 05 21    30  -148 -9999    90    20     0 -9999 -9999
1985 04 06 00    40  -143 -9999   180    20     0 -9999     0
1985 04 06 06   164  -152 -9999   290    40     0 -9999     0
1985 04 06 09   180  -122 -9999     0     0     0 -9999 -9999
1985 04 06 21    86  -134 -9999   110    40     0 -9999 -9999
1985 04 07 00   101  -101 -9999   110    30     0 -9999     0
1985 04 07 06   212  -141 -9999   340    30     0 -9999     0
1985 04 07 09   219  -135 -9999   340    30     0 -9999 -9999
1985 04 07 21   101  -144 -9999    70    30     0 -9999 -9999
1985 04 08 00    96   -82 -9999    20    20     2 -9999     0
1985 04 08 09   194  -205 -9999    20    60     8 -9999 -9999
1985 04 09 00    91 -9999 -9999   110    30     2 -9999     0
1985 04 09 06   181  -125 -9999   360    60     1 -9999     0
1985 04 09 09   185  -148 -9999 -9999 -9999     0 -9999 -9999
1985 04 10 00   107   -82 -9999    70    20     6 -9999     0
1985 04 10 06   170   -80 -9999   140    70     7 -9999     0
1985 04 10 09   156 -9999 -9999   140    80     8 -9999 -9999
1985 04 10 21   105   -13 -9999   110    70     0 -9999 -9999
1985 04 11 00   108   -11 -9999    70    20     7 -9999     0
1985 04 11 06   146   -29 -9999   140   100     7 -9999     0
1985 04 11 21    54    39 -9999   200    60     8 -9999 -9999
1985 04 12 00    43    30 -9999   180    70 -9999 -9999    40
1985 04 12 06    60    52 -9999   340    70     8 -9999    60
1985 04 12 09    60 -9999 -9999   360    60     8 -9999 -9999
1985 04 12 21    44    24 -9999   110    20     8 -9999 -9999
1985 04 13 00    56    -1 -9999   110    20     7 -9999     0
1985 04 13 06   117   -10 -9999   270    20     1 -9999     0
1985 04 13 21    54    -3 -9999   140    30     0 -9999 -9999
1985 04 14 00    68     6 -9999   140    30     1 -9999     0
1985 04 14 06   121   -17 -9999   220    70     7 -9999    -1
1985 04 14 09    91     0 -9999    40    70     7 -9999 -9999
1985 04 14 21    22   -25 -9999    40    30     0 -9999 -9999
1985 04 15 00    20   -33 -9999    90    20     0 -9999     0
1985 04 15 06    82   -70 -9999   360    30     1 -9999     0
1985 04 15 09    95  -116 -9999   360    30     0 -9999 -9999
1985 04 15 21    30   -85 -9999   140    40     0 -9999 -9999
1985 04 16 00 -9999 -9999 -9999 -9999 -9999     1 -9999     0
1985 04 16 06   155 -9999 -9999   320    30     2 -9999     0
1985 04 16 09   115  -148 -9999   320    60     4 -9999 -9999
1985 04 16 21    71   -73 -9999   140    30     0 -9999 -9999
1985 04 17 00   108   -71 -9999   140    30     1 -9999     0
1985 04 17 06   208  -134 -9999   220    50     1 -9999 -9999
1985 04 17 09   212  -150 -9999   320    80     7 -9999 -9999
1985 04 17 21    95   -99 -9999   140    30     0 -9999 -9999
1985 04 18 00   112   -86 -9999   140    20     7 -9999     0
1985 04 18 06   190   -95 -9999   320    30     7 -9999     0
1985 04 18 09   206  -119 -9999   360    40     0 -9999 -9999
1985 04 18 12    69   -27 10251   220    40     6 -9999 -9999
1985 04 18 21    81   -63 -9999   180    30     0 -9999 -9999
1985 04 19 00    98   -52 -9999     0     0     7 -9999     0
1985 04 19 06   212  -104 -9999    40    40     7 -9999     0
1985 04 19 09   230   -71 -9999   220    30     7 -9999 -9999
1985 04 19 21    98   -78 -9999    40    30     4 -9999 -9999
1985 04 20 00    90   -90 -9999   360    30     8 -9999     0
1985 04 20 06   113  -150 -9999   320    60     8 -9999     0
1985 04 20 09   128  -160 -9999   360    50     7 -9999 -9999
1985 04 20 21    62  -105 -9999   360    20     0 -9999 -9999
1985 04 21 00    76   -77 -9999     0     0     7 -9999     0
1985 04 21 06   140  -216 -9999   320    80     7 -9999     0
1985 04 21 09   146  -234 -9999   320    80     7 -9999 -9999
1985 04 21 21    47  -121 -9999   140    30     0 -9999 -9999
1985 04 22 00    94  -113 -9999   180    20     7 -9999     0
1985 04 22 06   156  -177 -9999 -9999 -9999     2 -9999     0
1985 04 22 09   165  -165 -9999   360    70     6 -9999 -9999
1985 04 22 21    96  -145 -9999   140    30     0 -9999 -9999
1985 04 23 00   127  -172 -9999   140    40     0 -9999     0
1985 04 23 06   204  -180 -9999   220    40     7 -9999     0
1985 04 23 09   218  -140 -9999   220    30     7 -9999 -9999
1985 04 24 00    71  -199 -9999   360    80     7 -9999     0
1985 04 24 06   104  -110 -9999   360    50     7 -9999     0
1985 04 24 09    79  -187 -9999   360    50     8 -9999 -9999
1985 04 24 21    26 -9999 -9999    20    30     0 -9999 -9999
1985 04 25 00    35  -142 -9999   360    30     7 -9999     0
1985 04 25 06    84  -207 -9999   320    80     7 -9999     0
1985 04 25 21     1  -188 -9999    90    30     0 -9999 -9999
1985 04 26 00    36  -147 -9999     0     0     1 -9999     0
1985 04 26 06    90  -157 -9999   270    40     1 -9999     0
1985 04 26 09   115  -150 -9999   270    50     7 -9999 -9999
1985 04 26 21    78   -91 -9999   140    20     8 -9999 -9999
1985 04 27 00    82   -83 -9999     0     0     2 -9999     0
1985 04 27 06   160  -151 -9999   270   100     2 -9999     0
1985 04 27 09   165  -221 -9999 -9999 -9999     3 -9999 -9999
1985 04 27 21    80  -175 -9999 -9999 -9999     4 -9999 -9999
1985 04 28 00   113  -135 -9999   140    20     2 -9999     0
1985 04 28 06   202 -9999 -9999   320    40     0 -9999     0
1985 04 28 09   214 -9999 -9999   320    60     0 -9999 -9999
1985 04 28 21   138  -125 -9999   140    30     0 -9999 -9999
1985 04 29 00   157  -125 -9999   180    30     0 -9999     0
1985 04 29 06   240  -160 -9999   320    40     0 -9999     0
1985 04 29 09   250 -9999 -9999   320    60     0 -9999 -9999
1985 04 29 21   130   -29 -9999   140    20     0 -9999 -9999
1985 04 30 00   155   -30 -9999    90    20     6 -9999     0
1985 04 30 06   251   -46 -9999   220    40     2 -9999     0
1985 04 30 09   264 -9999 -9999     0     0     0 -9999 -9999
1985 04 30 21   184    -1 -9999   140    30     0 -9999 -9999
1985 05 01 00   177   -10 -9999   360    30     7 -9999     0
1985 05 01 06   191     5 -9999    40   120     7 -9999     0
1985 05 01 09   196    26 -9999    40    40     7 -9999 -9999
1985 05 01 21   140   -12 -9999   140    30     4 -9999 -9999
1985 05 02 00   168    10 -9999   140    20     7 -9999     0
1985 05 02 06   224    24 -9999   220    20     4 -9999     0
1985 05 02 09   225   -23 -9999   140   120     5 -9999 -9999
1985 05 02 21   188 -9999 -9999 -9999 -9999     2 -9999 -9999
1985 05 03 00   212    60 -9999   140    70     1 -9999     0
1985 05 03 06   257    44 -9999   140   100     2 -9999     0
1985 05 03 09   257    76 -9999   140    50     7 -9999 -9999
1985 05 04 00    60    56 -9999   360    70     8 -9999    10
1985 05 04 06    62    54 -9999   360    70     8 -9999 -9999
1985 05 04 09    38    29 -9999    20   100     8 -9999 -9999
1985 05 05 00    49     7 -9999    40    30     7 -9999     0
1985 05 05 06   121    -1 -9999    40    20     7 -9999     0
1985 05 05 09   132   -18 -9999   320    20     7 -9999 -9999
1985 05 05 21    46    -2 -9999     0     0     0 -9999 -9999
1985 05 07 00   146   -70 -9999   180    20     1 -9999     0
1985 05 07 06   219   -61 -9999   220    20     7 -9999     0
1985 05 07 09   214 -9999 -9999   320    40     7 -9999 -9999
1985 05 07 21   117 -9999 -9999    90    40     0 -9999 -9999
1985 05 08 00   158  -121 -9999    90    20     1 -9999     0
1985 05 08 06   234   -64 -9999   270    30     7 -9999     0
1985 05 08 09   228  -107 -9999   180    40     7 -9999 -9999
1985 05 08 21   143   -34 -9999    90   120     0 -9999 -9999
1985 05 09 00   158   -10 -9999     0     0     0 -9999     0
1985 05 09 06   242   -90 -9999   220    40     7 -9999     0
1985 05 09 09   251   -67 -9999   220    20     4 -9999 -9999
1985 05 09 21   203     8 -9999   180    40     1 -9999 -9999
1985 05 10 00   206    40 -9999     0     0     7 -9999     0
1985 05 10 06   255   -88 -9999    40    50     7 -9999     0
1985 05 10 09   262   -71 -9999   360    40     7 -9999 -9999
1985 05 10 21   187   -39 -9999 -9999 -9999     1 -9999 -9999
1985 05 11 00   192   -54 -9999    40    90     7 -9999     0
1985 05 11 06   234   -36 -9999    40    40     7 -9999     0
1985 05 11 09   221   -46 -9999   360    60     8 -9999 -9999
1985 05 12 00   157    36 -9999     0     0     7 -9999     0
1985 05 12 06   135   -42 -9999    40    40     8 -9999    -1
1985 05 12 09   106    54 -9999    40    60     8 -9999 -9999
1985 05 13 06    93    78 -9999   220    40     8 -9999    80
1985 05 13 09    83    77 -9999   220    30     8 -9999 -9999
1985 05 13 21    66    62 -9999   360    20     8 -9999 -9999
1985 05 14 00    70    64 -9999   360    30     8 -9999     1
1985 05 14 06   113    69 -9999   360    40     6 -9999    -1
1985 05 14 09   119    54 -9999   360    30     2 -9999 -9999
1985 05 14 21    77    46 -9999     0     0     0 -9999 -9999
1985 05 15 00   102    43 -9999    40    20     7 -9999     0
1985 05 15 09   144    25 -9999    40    50     7 -9999 -9999
1985 05 16 00   101    72 -9999     0     0     8 -9999     0
1985 05 16 06   110    88 -9999   220    20     8 -9999    30
1985 05 16 09   112    86 -9999   360    20     8 -9999 -9999
1985 05 16 21    90    86 -9999   360    20     7 -9999 -9999
1985 05 17 00    94    87 -9999    40    30     7 -9999     0
1985 05 17 06   157    74 -9999     0     0     6 -9999     0
1985 05 17 09   169    78 -9999     0     0     5 -9999 -9999
1985 05 18 00   138    61 -9999   140    30     7 -9999     0
1985 05 18 06   208   151 -9999   320    60     7 -9999     0
1985 05 18 09   206  -134 -9999   320    60     7 -9999 -9999
1985 05 18 21 -9999 -9999 -9999    90    20     0 -9999 -9999
1985 05 19 00   210 -9999 -9999     0     0     1 -9999     0
1985 05 19 09   191   -87 -9999    40    20     0 -9999 -9999
1985 05 19 21   110 -9999 -9999   140    30     0 -9999 -9999
1985 05 20 00   158   -70 -9999   140    20     2 -9999     0
1985 05 20 06   228   -82 -9999     0     0     7 -9999     0
1985 05 20 09   220   -90 -9999 -9999 -9999     7 -9999 -9999
1985 05 20 21   170   -65 -9999   110    30     4 -9999 -9999
1985 05 21 00   178   -38 -9999   180    30     7 -9999     0
1985 05 21 06   234   -31 -9999   220    50     7 -9999     0
1985 05 22 00   186    -4 -9999     0     0     0 -9999     0
1985 05 22 09   257   -22 -9999   270    20     2 -9999 -9999
1985 05 22 21   155   -42 -9999   140    30     0 -9999 -9999
1985 05 23 00   209    -1 -9999   140    20     1 -9999     0
1985 05 23 06   266     3 -9999     0     0     2 -9999     0
1985 05 24 00   225    28 -9999   140    30     1 -9999     0
1985 05 24 06   291    -9 -9999     0     0     7 -9999     0
1985 05 25 00    77   -33 -9999    40    60     1 -9999     0
1985 05 25 09   162    18 -9999   220    30     8 -9999 -9999
1985 05 26 00   137    52 -9999     0     0     7 -9999     0
1985 05 26 09   227    41 -9999   180    20     1 -9999 -9999
1985 05 27 00   144   107 -9999    40    20     8 -9999     0
1985 05 27 09   194    70 -9999   360    90     8 -9999 -9999
1985 05 28 00   126    73 -9999   360    30     4 -9999 -9999
1985 05 28 06   188    25 -9999   320    30     2 -9999     0
1985 05 28 09   194    20 -9999    40    30     7 -9999 -9999
1985 05 29 00   147    47 -9999     0     0     8 -9999    -1
1985 05 29 06   132    80 -9999   320    30     7 -9999    10
1985 05 30 00   161    22 -9999   140    40     4 -9999     0
1985 05 30 06   226   -17 -9999   180    30     6 -9999     0
1985 05 30 09   214   -16 -9999   360    70     7 -9999 -9999
1985 05 30 21   104 -9999 -9999 -9999 -9999     0 -9999 -9999
1985 05 31 00   144   -57 -9999   360    40     1 -9999     0
1985 05 31 06   196  -171 -9999   360    50     0 -9999     0
1985 05 31 09   208  -150 -9999   360    40     0 -9999 -9999
1985 06 01 00   180   -34 -9999     0     0     0 -9999     0
1985 06 01 06   226   -95 -9999     0     0     1 -9999     0
1985 06 02 00   210    69 -9999    90    20     0 -9999     0
1985 06 02 06   259   -21 -9999   140    60     2 -9999     0
1985 06 02 21   178    81 -9999   140    70     7 -9999 -9999
1985 06 03 06   154    49 -9999   140    60     8 -9999    -1
1985 06 03 20   116    66 -9999    70    30     1 -9999 -9999
1985 06 04 00   146    82 -9999    40    30     7 -9999     0
1985 06 04 06   198    76 -9999   140    70     7 -9999    -1
1985 06 04 09   195    69 -9999   140   100     7 -9999 -9999
1985 06 05 09   148    51 -9999   250    20     8 -9999 -9999
1985 06 06 06   213   -15 -9999   200    40     0 -9999     0
1985 06 06 18   127    56  9959 -9999 -9999     7 -9999 -9999
1985 06 07 00 -9999 -9999 -9999 -9999 -9999 -9999 -9999     0
1985 06 07 06   259   -58 -9999   290    90     6 -9999     0
1985 06 07 21   148    33 -9999   110    20     1 -9999 -9999
1985 06 08 00 -9999 -9999 -9999     0     0     7 -9999     0
1985 06 08 06   230   -24 -9999   320    80     8 -9999     0
1985 06 08 09   233   -38 -9999   340    80     7 -9999 -9999
1985 06 09 00   159    -2 -9999     0     0     1 -9999     0
1985 06 09 06   228   -71 -9999 -9999 -9999     7 -9999 -9999
1985 06 09 09   239   -94 -9999   320    50     2 -9999 -9999
1985 06 10 00   190   -68 -9999    20    30     7 -9999     0
1985 06 10 06   236  -105 -9999   320    30     8 -9999     0
1985 06 10 09 -9999 -9999 -9999   360    20     8 -9999 -9999
1985 06 10 21   176   -75 -9999 -9999 -9999 -9999 -9999 -9999
1985 06 11 00   186   -90 -9999   140    50     7 -9999     0
1985 06 11 06   230   -60 -9999     0     0     7 -9999     0
1985 06 11 09   228   -66 -9999   160    50     7 -9999 -9999
1985 06 11 21   134 -9999 -9999 -9999 -9999 -9999 -9999 -9999
1985 06 12 06   240   -17 -9999   250    40     1 -9999     0
1985 06 12 09   255   -40 -9999   290    40     1 -9999 -9999
1985 06 12 21   169 -9999 -9999   160    30     1 -9999 -9999
1985 06 13 00   198    24 -9999   180    40     2 -9999     0
1985 06 13 06   255   -36 -9999   160   100     7 -9999     0
1985 06 13 09   263   -24 -9999    90    60     7 -9999 -9999
1985 06 13 21   192    31 -9999   200    30     8 -9999 -9999
1985 06 14 00   172    93 -9999     0     0     8 -9999    -1
1985 06 14 06   220    37 -9999   220    30     8 -9999     0
1985 06 14 21   168   -10 -9999   110    20     1 -9999 -9999
1985 06 15 00   183    25 -9999   200    30     1 -9999     0
1985 06 15 06   277   -23 -9999   320    20     2 -9999     0
1985 06 15 09   279   -55 -9999   270    20     2 -9999 -9999
1985 06 15 21   204   -26 -9999   110    40     2 -9999 -9999
1985 06 16 00   224    11 -9999   180    30     1 -9999     0
1985 06 16 06   291  -104 -9999   180    40     7 -9999     0
1985 06 16 09   288   -48 -9999   160    20     7 -9999     0
1985 06 16 18   134    65 10106    20    20     6 -9999 -9999
1985 06 17 00   228    31 -9999   160    40     0 -9999     0
1985 06 17 06   289   -36 -9999   180    50     2 -9999     0
1985 06 17 09   305   -23 -9999   200    70     2 -9999 -9999
1985 06 18 00   238     1 -9999   180    80     6 -9999     0
1985 06 18 09   291   -30 -9999   160    40     7 -9999 -9999
1985 06 18 21   214    84 -9999    40    20     8 -9999 -9999
1985 06 19 21   201 -9999 -9999    40    10     6 -9999 -9999
1985 06 20 00   226    63 -9999     0     0     7 -9999     0
1985 06 20 06   287    23 -9999   360    60     7 -9999     0
1985 06 20 09   291   -13 -9999   360    60     7 -9999 -9999
1985 06 20 21   184    24 -9999    70    20     1 -9999 -9999
1985 06 21 00   216    37 -9999   110    20     6 -9999     0
1985 06 21 06   265    37 -9999   340    30     7 -9999     0
1985 06 21 21   210 -9999 -9999     0     0     7 -9999 -9999
1985 06 22 00   225    84 -9999     0     0     7 -9999     0
1985 06 22 09   264   101 -9999   220    60     7 -9999 -9999
1985 06 22 21   190    72 -9999   110    20     0 -9999 -9999
1985 06 23 00   216    83 -9999   200    30     0 -9999     0
1985 06 23 06   281    63 -9999   160    80     1 -9999     0
1985 06 23 09   277    75 -9999   140    70     1 -9999 -9999
1985 06 23 21   210    99 -9999   160    40     1 -9999 -9999
1985 06 24 00   227   100 -9999   180    50     1 -9999     0
1985 06 24 06   308    75 -9999   200    50     7 -9999     0
1985 06 24 09   315    62 -9999   200    30     6 -9999 -9999
1985 06 24 21 -9999 -9999 -9999    20    80     6 -9999 -9999
1985 06 25 00   205    92 -9999    20   100     7 -9999     0
1985 06 25 06   242    90 -9999 -9999 -9999 -9999 -9999     5
1985 06 25 09   268    93 -9999   320    20     2 -9999 -9999
1985 06 25 21   196    38 -9999    90    20     7 -9999 -9999
1985 06 26 00 -9999 -9999 -9999     0     0     7 -9999     0
1985 06 27 00   248 -9999 -9999     0     0     5 -9999     0
1985 06 27 09   259   -30 -9999    20    80     7 -9999 -9999
1985 06 28 09   242    68 -9999   160    30     7 -9999 -9999
1985 06 28 21   154   144 -9999   320    40     8 -9999 -9999
1985 06 29 21 -9999 -9999 -9999     0     0     7 -9999 -9999
1985 06 30 00   167   125 -9999    20    40     7 -9999     0
1985 06 30 06   212    99 -9999   160    40     7 -9999     0
1985 06 30 09   218   125 -9999   270    20     7 -9999 -9999
1985 07 01 00   182 -9999 -9999     0     0     7 -9999 -9999
1985 07 01 06   254    19 -9999   340    50     1 -9999     0
1985 07 01 09   263     0 -9999    20    30     2 -9999 -9999
1985 07 01 21   175    21 -9999    20    20     6 -9999 -9999
1985 07 02 06   259   -43 -9999   340   100     1 -9999     0
1985 07 02 09   270   -28 -9999 -9999 -9999 -9999 -9999 -9999
1985 07 02 21   178    65 -9999 -9999 -9999     0 -9999 -9999
1985 07 03 00   180    75 -9999    20    60     0 -9999     0
1985 07 03 18   182    51 10112 -9999 -9999 -9999 -9999 -9999
1985 07 04 00   208    51 -9999     0     0     0 -9999     0
1985 07 04 09   266   -21 -9999   290    30     7 -9999 -9999
1985 07 04 21 -9999 -9999 -9999   110    30     7 -9999 -9999
1985 07 05 00   224    44 -9999   110    30     7 -9999     0
1985 07 05 09   267    22 -9999   250    30     7 -9999 -9999
1985 07 06 00   210    79 -9999     0     0     2 -9999     0
1985 07 06 09   263    46 -9999   180    30     7 -9999 -9999
1985 07 06 21   204    65 -9999    90    30     1 -9999 -9999
1985 07 07 00 -9999 -9999 -9999   110    30     7 -9999     0
1985 07 07 06   168   117 -9999   160    30     8 -9999    20
1985 07 07 09   228   132 -9999   290    20     7 -9999 -9999
1985 07 07 21   154   132 -9999   180    20     8 -9999 -9999
1985 07 08 00   152   142 -9999     0     0     8 -9999     3
1985 07 08 06   201   108 -9999   360    40     6 -9999     5
1985 07 08 09   218   107 -9999   360    20     1 -9999 -9999
1985 07 08 21   172    99 -9999   110    30     0 -9999 -9999
1985 07 09 00   215    92 -9999   110    30     0 -9999     0
1985 07 09 06   287    65 -9999   140    20     1 -9999     0
1985 07 09 09   289    52 -9999     0     0     7 -9999 -9999
1985 07 10 00   211   122 -9999   340    30     8 -9999     0
1985 07 10 06   208   151 -9999   140    30     8 -9999     5
1985 07 10 09   203   106 -9999   160    60     8 -9999 -9999
1985 07 10 21   161   119 -9999     0     0     7 -9999 -9999
1985 07 11 06   209   120 -9999     0     0     6 -9999    -1
1985 07 11 21   191    78 -9999   140    30     0 -9999 -9999
1985 07 12 00   226    73 -9999   160    30     0 -9999     0
1985 07 12 21 -9999 -9999 -9999 -9999 -9999     1 -9999 -9999
1985 07 13 00   198    98 -9999     0     0     7 -9999     0
1985 07 13 09   262    41 -9999   340    30     7 -9999 -9999
1985 07 13 21    84 -9999 -9999   160    20     7 -9999 -9999
1985 07 14 00   185   116 -9999 -9999 -9999     7 -9999    -1
1985 07 14 06   192    70 -9999   110    50     8 -9999    -1
1985 07 14 21   159    93 -9999   160    30     5 -9999 -9999
1985 07 15 00 -9999 -9999 -9999   180    40     7 -9999     0
1985 07 15 06   259    72 -9999   200    20     2 -9999     0
1985 07 15 09   240    75 -9999   200    40     4 -9999 -9999
1985 07 16 00   214    98 -9999     0     0     1 -9999     0
1985 07 16 06   255    31 -9999   320    40     7 -9999     0
1985 07 16 09   222    77 -9999 -9999 -9999     4 -9999 -9999
1985 07 16 21   190    42 -9999   140    40     1 -9999 -9999
1985 07 17 00   207    57 -9999 -9999 -9999     0 -9999     0
1985 07 17 06   289   -27 -9999 -9999 -9999 -9999 -9999     0
1985 07 17 09   302   -32 -9999   340    50     0 -9999 -9999
1985 07 17 21   210    -3 -9999   110    30     0 -9999 -9999
1985 07 18 00   248    18 -9999   160    30     7 -9999     0
1985 07 18 06   329     9 -9999   180    40     1 -9999     0
1985 07 18 21   238    95 -9999   160    30     0 -9999 -9999
1985 07 19 00   258    87 -9999   200    40     0 -9999     0
1985 07 19 21 -9999 -9999 -9999   180    70     1 -9999 -9999
1985 07 20 00   256   118 -9999   180    70     1 -9999     0
1985 07 20 06   293    29 -9999   200    90     0 -9999     0
1985 07 20 21   150   105 -9999   340    40     8 -9999 -9999
1985 07 21 21   136    77 -9999   140    20     0 -9999 -9999
1985 07 22 00   186   111 -9999 -9999 -9999     2 -9999     0
1985 07 22 09   282 -9999 -9999   290    20     2 -9999 -9999
1985 07 23 00   222    55 -9999    90    20     2 -9999     0
1985 07 23 21   128    29 -9999    90    30     0 -9999 -9999
1985 07 24 00   189    38 -9999   180    30     7 -9999     0
1985 07 24 06   281     3 -9999   340    50     3 -9999     0
1985 07 24 09   292   -32 -9999   320    50     2 -9999 -9999
1985 07 24 21   222     7 -9999   360    20     7 -9999 -9999
1985 07 25 00   215    23 -9999    40    20     7 -9999     0
1985 07 25 06   281    24 -9999   340    50     2 -9999    -1
1985 07 25 09   290    15 -9999   320    40     2 -9999 -9999
1985 07 25 21   228    42 -9999    90    30     7 -9999 -9999
1985 07 26 00   226    53 -9999    20    20     7 -9999    -1
1985 07 26 06   291    34 -9999   340    20     6 -9999     0
1985 07 26 09 -9999 -9999 -9999   340    30     6 -9999 -9999
1985 07 26 21   188 -9999 -9999   360    70     8 -9999 -9999
1985 07 27 06   174   135 -9999   160    30     8 -9999    10
1985 07 27 09   194   109 -9999   200    30     8 -9999 -9999
1985 07 27 21   141   119 -9999 -9999 -9999 -9999 -9999 -9999
1985 07 28 00 -9999 -9999 -9999   180    30     2 -9999    -1
1985 07 29 00   196    80 -9999    70    30     1 -9999     0
1985 07 29 06   290   -15 -9999   180    20     1 -9999     0
1985 07 29 09   298    12 -9999   220    50     2 -9999 -9999
1985 07 29 21   206 -9999 -9999   110    40     1 -9999 -9999
1985 07 30 00   230    54 -9999   160    20     1 -9999     0
1985 07 30 09   311    38 -9999   270    20     7 -9999 -9999
1985 07 30 21   194    66 -9999    90    30     7 -9999 -9999
1985 07 31 00   225    86 -9999    70    20     7 -9999     0
1985 07 31 06   234    44 -9999   140    60     6 -9999     1
1985 07 31 09   283    34 -9999   220    40     2 -9999 -9999
1985 07 31 12   316   243 10012    20    10     6 -9999     0
1985 07 31 21   212    62 -9999   140    30     4 -9999 -9999
1985 08 01 09   314     4 -9999   320    30     6 -9999 -9999
1985 08 01 21   226   -17 -9999    90    50     5 -9999 -9999
1985 08 02 00   218    16 -9999   200    20     1 -9999     0
1985 08 02 21   218    19 -9999   110    20     4 -9999 -9999
1985 08 03 00   241    53 -9999   110    20     5 -9999     0
1985 08 03 09   324    13 -9999 -9999 -9999     1 -9999 -9999
1985 08 03 21   257 -9999 -9999    90    40     7 -9999 -9999
1985 08 04 06   307    41 -9999     0     0     7 -9999     0
1985 08 04 21   232   147 -9999   360    50     8 -9999 -9999
1985 08 05 00   222   137 -9999    20    70     7 -9999    -1
1985 08 05 06   189   126 -9999   360    80     8 -9999     0
1985 08 05 09   175   110 -9999    20    70     8 -9999 -9999
1985 08 05 21   156   108 -9999 -9999 -9999     8 -9999 -9999
1985 08 06 00   167   114 -9999     0     0     7 -9999     0
1985 08 06 09   265    49 -9999   180    30     6 -9999 -9999
1985 08 07 00   220    69 -9999   140    20     1 -9999     0
1985 08 07 09 -9999 -9999 -9999     0     0     6 -9999 -9999
1985 08 07 21   208    66 -9999    40    30     1 -9999 -9999
1985 08 08 00   215    95 -9999    90    20     7 -9999     0
1985 08 08 06   271    65 -9999   110    20     7 -9999     0
1985 08 08 21   214    77 -9999   140    30     1 -9999 -9999
1985 08 09 00   218    61 -9999     0     0     1 -9999     0
1985 08 09 06   291    64 -9999    20    30 -9999 -9999     0
1985 08 09 09   311    80 -9999   270    20     2 -9999 -9999
1985 08 09 21   174    71 -9999     0     0     7 -9999 -9999
1985 08 10 00   178   121 -9999   180    20     8 -9999     3
1985 08 10 06   293    70 -9999     0     0     5 -9999     1
1985 08 10 09   299    91 -9999   250    40     2 -9999 -9999
1985 08 11 00   228   122 -9999   180    30     0 -9999     0
1985 08 11 06   309    92 -9999   340    30     2 -9999     0
1985 08 11 09   321    47 -9999   340    20     4 -9999 -9999
1985 08 12 00   239    94 -9999    40    20     1 -9999     0
1985 08 13 00   227    46 -9999    70    20     1 -9999     0
1985 08 13 21   240 -9999 -9999 -9999 -9999 -9999 -9999 -9999
1985 08 14 00 -9999 -9999 -9999 -9999 -9999     4 -9999    -1
1985 08 14 09 -9999 -9999 10349    40    70     7 -9999 -9999
1985 08 14 21   180    88 -9999    90    20     0 -9999 -9999
1985 08 15 00   222    86 -9999   140    20     1 -9999     0
1985 08 15 06   304    41 -9999   360    40     7 -9999     0
1985 08 15 09   293    18 -9999   360    40     7 -9999 -9999
1985 08 15 21   220    81 -9999     0     0     8 -9999 -9999
1985 08 16 00   215    97 -9999     0     0     2 -9999     0
1985 08 16 06   172   120 -9999    20    70     8 -9999    30
1985 08 16 09   168   155 -9999   320    50     8 -9999 -9999
1985 08 16 21   138 -9999 -9999    20    20     7 -9999 -9999
1985 08 17 00 -9999 -9999 -9999    20    20     2 -9999     0
1985 08 17 06   222    52 -9999   340    20     4 -9999     0
1985 08 17 09   240    70 -9999   290    30     2 -9999 -9999
1985 08 17 21   166    74 -9999   110    30     6 -9999 -9999
1985 08 18 00   193    81 -9999   140    20     2 -9999     0
1985 08 18 06   262 -9999 -9999   140    20     2 -9999     0
1985 08 18 09   263    14 -9999   220    50     2 -9999 -9999
1985 08 18 21   160   104 -9999 -9999 -9999     8 -9999 -9999
1985 08 19 00   164   105 -9999   110    20     7 -9999     0
1985 08 19 06   248    30 -9999   360    50     7 -9999     0
1985 08 19 09   253    17 -9999   360    40     7 -9999 -9999
1985 08 20 00   209    15 -9999   140    30     0 -9999     0
1985 08 20 06   273    31 -9999   140    80     1 -9999     0
1985 08 20 21   209    77 -9999   160    30     3 -9999 -9999
1985 08 21 00   208    71 -9999   180    20     4 -9999     0
1985 08 21 06   271    70 -9999     0     0     7 -9999     0
1985 08 21 09   263    75 -9999    20    40     8 -9999 -9999
1985 08 21 21   204    97 -9999   140    20     4 -9999 -9999
1985 08 22 00   196   104 -9999   140    30     7 -9999    -1
1985 08 22 06   240    89 -9999   360    20     7 -9999    -1
1985 08 22 09   263    80 -9999     0     0     2 -9999 -9999
1985 08 22 18   197   176 10126   340    20     5 -9999     0
1985 08 23 00 -9999 -9999 -9999     0     0     7 -9999     0
1985 08 23 06   247   110 -9999   360    20     8 -9999     0
1985 08 23 09   231   135 -9999   200    50     8 -9999 -9999
1985 08 23 21 -9999 -9999 -9999   110    20     8 -9999 -9999
1985 08 24 06   166   158 -9999   340    70     8 -9999   180
1985 08 24 21   122   112 -9999    90    20     0 -9999 -9999
1985 08 25 00   126   108 -9999     0     0     3 -9999     0
1985 08 25 06 -9999 -9999 -9999     0     0     7 -9999     0
1985 08 25 09   210   117 -9999   200    30     7 -9999 -9999
1985 08 25 21   143   123 -9999     0     0     8 -9999 -9999
1985 08 26 00   151   128 -9999    40    40     8 -9999     0
1985 08 26 06   144   139 -9999    20    30     8 -9999    50
1985 08 26 09 -9999 -9999 -9999    40    90     8 -9999 -9999
1985 08 26 21   126   121 -9999     0     0     4 -9999 -9999
1985 08 27 00   150   116 -9999     0     0     1 -9999     0
1985 08 27 06   196   116 -9999   340    10     5 -9999     0
1985 08 27 09   217   120 -9999   220    20     2 -9999 -9999
1985 08 27 21   148    97 -9999   110    30     7 -9999 -9999
1985 08 28 00 -9999 -9999 -9999 -9999 -9999     1 -9999     0
1985 08 28 06   240    72 -9999   340    30     1 -9999     0
1985 08 28 09 -9999 -9999 -9999   340    20     1 -9999 -9999
1985 08 28 21   156   148 -9999    90    20     5 -9999 -9999
1985 08 29 00 -9999 -9999 -9999     0     0     7 -9999     0
1985 08 29 06   227    84 -9999   220    30     2 -9999     0
1985 08 29 09   245   107 -9999     0     0     2 -9999 -9999
1985 08 29 21   156    88 -9999   360    20     7 -9999 -9999
1985 08 30 00   153    78 -9999   160    30     7 -9999    10
1985 08 30 06   233    61 -9999   340    30     1 -9999     0
1985 08 30 09   237    62 -9999   360    30     1 -9999 -9999
1985 08 31 00   104    79 -9999     0     0     0 -9999     0
1985 08 31 09   226    58 -9999   160    30     2 -9999 -9999
1985 08 31 21   147    21 -9999   110    30     0 -9999 -9999
1985 09 01 06 -9999 -9999 -9999     0     0     0 -9999     0
1985 09 01 09   245    25 -9999   320    20     2 -9999 -9999
1985 09 01 21   160    35 -9999    90    40     1 -9999 -9999
1985 09 02 06   244    44 -9999   220    20     1 -9999     0
1985 09 02 09   236    17 -9999   200    30     6 -9999 -9999
1985 09 02 21   151    24 -9999 -9999 -9999     0 -9999 -9999
1985 09 03 00   164    41 -9999     0     0     1 -9999     0
1985 09 03 06   248    33 -9999   360    20     7 -9999     0
1985 09 03 21   144   102 -9999    40    50     8 -9999 -9999
1985 09 04 09   175    96 -9999   180    30     7 -9999 -9999
1985 09 04 21   108     0 -9999     0     0     0 -9999 -9999
1985 09 05 06   224    60 -9999    20    30     1 -9999     0
1985 09 05 21   174    78 -9999   110    40     2 -9999 -9999
1985 09 06 00   188    74 -9999 -9999 -9999     7 -9999     0
1985 09 06 06   234    68 -9999   160    80     7 -9999     0
1985 09 06 09   224    80 -9999   110    50     7 -9999 -9999
1985 09 06 21    93    91 -9999   320    30     8 -9999 -9999
1985 09 07 00    96    92 -9999   360    30     8 -9999  1200
1985 09 07 21   110    76 -9999    40    20     7 -9999 -9999
1985 09 08 00   116    74 -9999     0     0     7 -9999     0
1985 09 08 06   137    28 -9999   180    60     7 -9999    -1
1985 09 08 09   151    48 -9999    90    30     1 -9999 -9999
1985 09 08 21    76    56 -9999     0     0     7 -9999 -9999
1985 09 09 00    88    62 -9999    20    40     7 -9999     0
1985 09 09 06   165    66 -9999   340    30     7 -9999     0
1985 09 09 09   160    76 -9999   360    20     7 -9999 -9999
1985 09 09 21   114    90 -9999     0     0     7 -9999 -9999
1985 09 10 00   118    89 -9999     0     0     4 -9999     0
1985 09 10 06   179   -49 -9999    20    40     1 -9999     0
1985 09 10 09   184   -50 -9999   340    20     1 -9999 -9999
1985 09 10 21   134   -33 -9999    20    30     7 -9999 -9999
1985 09 11 00   129   -58 -9999    20    30     8 -9999     0
1985 09 11 06   125    22 -9999   360    20     8 -9999    -1
1985 09 11 09   138    41 -9999    70    20     7 -9999 -9999
1985 09 12 00   102    40 -9999   140    20     7 -9999     0
1985 09 12 06   152    31 -9999   250    20     7 -9999     0
1985 09 12 09   140    35 -9999   250    30     7 -9999 -9999
1985 09 12 21   108    50 -9999    70    20     8 -9999 -9999
1985 09 13 00   100    52 -9999    20    30     7 -9999     0
1985 09 13 06   173    53 -9999     0     0     4 -9999     0
1985 09 13 09   169    53 -9999   200    60     6 -9999 -9999
1985 09 14 00    87    65 -9999     0     0     2 -9999     0
1985 09 14 06   164    51 -9999   200    20     5 -9999     0
1985 09 14 09   175    54 -9999     0     0     7 -9999 -9999
1985 09 14 21   108 -9999 -9999    20    20     7 -9999 -9999
1985 09 15 00   110    80 -9999     0     0     7 -9999     0
1985 09 15 06   164    67 -9999   270    40     8 -9999     0
1985 09 15 09   163    68 -9999   360    30     8 -9999 -9999
1985 09 15 21   121    74 -9999     0     0     8 -9999 -9999
1985 09 16 00   118    79 -9999     0     0     8 -9999    -1
1985 09 16 06   177    61 -9999   320    30     7 -9999     0
1985 09 16 09   132    80 -9999   360    20     7 -9999 -9999
1985 09 16 21    71     2 -9999    40    20     0 -9999 -9999
1985 09 17 06   160   -61 -9999     0     0     7 -9999     0
1985 09 17 09   168   -61 -9999   340    30     7 -9999 -9999
1985 09 18 00   114   -25 -9999     0     0     8 -9999     0
1985 09 18 06   184   -42 -9999     0     0     7 -9999     0
1985 09 18 09   194   -32 -9999   200    20     2 -9999 -9999
1985 09 18 21   120    -9 -9999   160    30     0 -9999 -9999
1985 09 19 00   124    29 -9999   160    30     1 -9999     0
1985 09 19 06   206    19 -9999     0     0     1 -9999     0
1985 09 19 09   203   -32 -9999   340    30     5 -9999 -9999
1985 09 19 21    92   -23 -9999    40    20     0 -9999 -9999
1985 09 20 00   118   -64 -9999    20    30     7 -9999     0
1985 09 20 06   165   -33 -9999     0     0     7 -9999     0
1985 09 20 09   170   -52 -9999   360    40     7 -9999 -9999
1985 09 20 21    90   -67 -9999    70    20     0 -9999 -9999
1985 09 21 00    99   -67 -9999   200    30     7 -9999     0
1985 09 21 06   176   -60 -9999    20    30     2 -9999     0
1985 09 21 09   182   -74 -9999   360    40     2 -9999 -9999
1985 09 21 21    83   -20 -9999   110    20     0 -9999 -9999
1985 09 22 00   104   -24 -9999   110    30     0 -9999     0
1985 09 22 06   188     3 -9999   200    40     7 -9999     0
1985 09 22 09   180    -8 -9999   200    50     6 -9999 -9999
1985 09 22 21    67 -9999 -9999     0     0     0 -9999 -9999
1985 09 23 00    79   -14 -9999    50    20     1 -9999     0
1985 09 23 06   166   -39 -9999   320    40     2 -9999     0
1985 09 23 09   118     9 -9999     0     0     4 -9999 -9999
1985 09 23 21    68   -47 -9999   120    30     0 -9999 -9999
1985 09 24 06   168    -6 -9999    40    30     1 -9999     0
1985 09 24 09   168   -52 -9999   340    30     1 -9999 -9999
1985 09 24 21    72   -84 -9999   110    50     0 -9999 -9999
1985 09 25 00    91   -98 -9999    90    30     1 -9999     0
1985 09 25 06   172   -51 -9999     0     0     6 -9999     0
1985 09 25 09   164   -80 -9999   340    30     7 -9999 -9999
1985 09 25 21    59  -105 -9999   160    20     0 -9999 -9999
1985 09 26 00    92   -51 -9999   140    30     0 -9999     0
1985 09 26 06   181   -72 -9999   200    20     1 -9999     0
1985 09 26 09   191   -56 -9999   200    30     1 -9999 -9999
1985 09 26 21    79   -26 -9999   140    20     0 -9999 -9999
1985 09 27 00    96   -27 -9999    70    20     2 -9999     0
1985 09 27 06   183   -77 -9999   340    30     1 -9999     0
1985 09 27 09   184   -79 -9999    20    20     1 -9999 -9999
1985 09 27 21    75   -50 -9999   110    20     0 -9999 -9999
1985 09 28 00    95   -42 -9999    90    20     0 -9999     0
1985 09 28 06   184   -42 -9999   340    40     0 -9999 -9999
1985 09 28 09   173   -68 -9999    40    50     0 -9999 -9999
1985 09 28 21    68   -62 -9999    90    20     1 -9999 -9999
1985 09 29 00    76   -68 -9999   160    20     1 -9999     0
1985 09 29 06   170   -47 -9999   320    30     1 -9999     0
1985 09 29 21    74   -68 -9999   110    30     0 -9999 -9999
1985 09 30 00    90   -59 -9999   110    30     1 -9999     0
1985 09 30 06   179   -36 -9999   290    30     2 -9999     0
1985 09 30 09   176   -38 -9999   340    20     1 -9999 -9999
1985 09 30 21    93   -62 -9999   110    30     0 -9999 -9999
1985 10 01 00   110   -54 -9999   110    30     1 -9999     0
1985 10 01 06   192   -78 -9999   180    20     1 -9999 -9999
1985 10 01 09   196   -68 -9999     0     0     1 -9999 -9999
1985 10 01 21    98   -78 -9999   110    30     0 -9999 -9999
1985 10 02 00   107   -82 -9999   110    30     0 -9999     0
1985 10 02 06   206   -87 -9999   160    30     1 -9999     0
1985 10 02 09   211   -48 -9999   220    20     1 -9999 -9999
1985 10 02 21   119   -49 -9999   140    20     0 -9999 -9999
1985 10 03 00   128   -52 -9999   160    30     0 -9999     0
1985 10 03 06   215   -61 -9999   270    30     1 -9999     0
1985 10 03 09   218   -58 -9999     0     0     0 -9999 -9999
1985 10 03 21   126   -64 -9999   110    30     0 -9999 -9999
1985 10 04 00   134   -70 -9999   140    30     0 -9999     0
1985 10 04 06   231  -103 -9999   160    70     0 -9999     0
1985 10 04 09   224  -102 -9999    60    60     2 -9999 -9999
1985 10 04 21   163   -19 -9999   180    40     7 -9999 -9999
1985 10 05 06   196 -9999 -9999   360    50     6 -9999     0
1985 10 05 09   201   -59 -9999    20    40     2 -9999 -9999
1985 10 05 21    86   -32 -9999    90    20     0 -9999 -9999
1985 10 06 00    92   -48 -9999    70    20     1 -9999     0
1985 10 06 06   198  -101 -9999    40    30     7 -9999     0
1985 10 06 09   199  -131 -9999    20    50     7 -9999 -9999
1985 10 06 21   130   -60 -9999   110    30     8 -9999 -9999
1985 10 07 00   128   -25 -9999   200    30     7 -9999     0
1985 10 07 06   209 -9999 -9999     0     0     7 -9999 -9999
1985 10 07 09   191   -92 -9999   320    20     8 -9999 -9999
1985 10 08 06   167    52 -9999     0     0     4 -9999     0
1985 10 08 09   173    38 -9999   200    40     7 -9999 -9999
1985 10 08 21   108    48 -9999   160    40     2 -9999 -9999
1985 10 09 00   105    19 -9999   110    30     1 -9999     0
1985 10 09 06   191    44 -9999     0     0     1 -9999     0
1985 10 09 09   193    15 -9999     0     0     1 -9999 -9999
1985 10 09 18    31  -167 -9999    70    20     0 -9999     0
1985 10 09 21   100   -65 -9999   360    60     7 -9999 -9999
1985 10 10 00    87   -53 -9999    20    70     5 -9999     0
1985 10 10 06   154   -91 -9999   360    60     7 -9999     0
1985 10 10 09   140  -113 -9999    20    70     7 -9999 -9999
1985 10 10 21    76   -12 -9999     0     0     8 -9999 -9999
1985 10 11 00    62    45 -9999     0     0     8 -9999    60
1985 10 11 06     6     4 -9999   180    20     8 -9999   100
1985 10 11 09    14     9 -9999   200    20     8 -9999 -9999
1985 10 11 21    26    24 -9999     0     0     7 -9999 -9999
1985 10 12 00    33    22 -9999     0     0     1 -9999     0
1985 10 12 06    92    43 -9999     0     0     5 -9999     0
1985 10 12 09   108    38 -9999   320    30     1 -9999 -9999
1985 10 12 21    58    10 -9999     0     0     0 -9999 -9999
1985 10 13 01   122    39 -9999   340    30     7 -9999     0
1985 10 13 09   136    16 -9999   340    30     7 -9999 -9999
1985 10 13 21    59    38 -9999   110    20     0 -9999 -9999
1985 10 14 00    83    32 -9999     0     0     2 -9999     0
1985 10 14 06   144 -9999 -9999   340    20     7 -9999     0
1985 10 14 21     3    -7 -9999   360    40     8 -9999 -9999
1985 10 15 00     7    -3 -9999   340    30     8 -9999    30
1985 10 15 01    21  -110 -9999   340    90     7 -9999     0
1985 10 15 09    20  -128 -9999   360    20     7 -9999 -9999
1985 10 15 21    -6   -56 -9999     0     0     0 -9999 -9999
1985 10 16 00    -5   -58 -9999     0     0     7 -9999     0
1985 10 16 06    26   -79 -9999   320    20     7 -9999     0
1985 10 16 09    30   -76 -9999     0     0     7 -9999 -9999
1985 10 16 21    13   -18 -9999     0     0     8 -9999 -9999
1985 10 17 00    14   -69 -9999 -9999 -9999     7 -9999     0
1985 10 17 06    54   -50 -9999     0     0     7 -9999     0
1985 10 17 09    50   -49 -9999   340    30     7 -9999 -9999
1985 10 17 21    23   -18 -9999   180    20     7 -9999 -9999
1985 10 18 00    24    -8 -9999     0     0     8 -9999     0
1985 10 18 06    57   -53 -9999   320    20     7 -9999     0
1985 10 18 09    55   -42 -9999     0     0     7 -9999 -9999
1985 10 18 21    32     6 -9999     0     0     8 -9999 -9999
1985 10 19 00    26   -12 -9999   140    20     8 -9999     0
1985 10 19 06    28    12 -9999   200    20     8 -9999     3
1985 10 19 21    16   -23 -9999   160    20     0 -9999 -9999
1985 10 20 00    22   -37 -9999   140    30     2 -9999     0
1985 10 20 06   110   -54 -9999   200    50     6 -9999     0
1985 10 20 09   112   -67 -9999   200    40     6 -9999 -9999
1985 10 20 21    42   -27 -9999 -9999 -9999     0 -9999 -9999
1985 10 21 00    49   -44 -9999 -9999 -9999     0 -9999     0
1985 10 21 06   147   -63 -9999     0     0     0 -9999     0
1985 10 21 09   143   -82 -9999   200    20     0 -9999 -9999
1985 10 21 21    62   -49 -9999   110    40     0 -9999 -9999
1985 10 22 00    66   -32 -9999   140    30     0 -9999     0
1985 10 22 06   175   -58 -9999   200    30     0 -9999     0
1985 10 22 09   170   -86 -9999   180    20     0 -9999 -9999
1985 10 22 21    79   -71 -9999   160    40     0 -9999 -9999
1985 10 23 00    77   -70 -9999   140    30     0 -9999     0
1985 10 23 01   181   -62 -9999   200    40     0 -9999     0
1985 10 23 09   180   -69 -9999     0     0     0 -9999 -9999
1985 10 23 21    66   -96 -9999   110    40     0 -9999 -9999
1985 10 24 06   182   -51 -9999   220    20     0 -9999     0
1985 10 24 09   171   -49 -9999   320    20     0 -9999 -9999
1985 10 24 21    64   -65 -9999   110    20     0 -9999 -9999
1985 10 25 00    62   -68 -9999    90    20     1 -9999     0
1985 10 25 06   172   -27 -9999     0     0     7 -9999     0
1985 10 25 09   156   -44 -9999    20    20     7 -9999 -9999
1985 10 25 21    67     8 -9999    70    30     1 -9999 -9999
1985 10 26 00    77   -13 -9999   160    30     7 -9999     0
1985 10 26 06   151     7 -9999   160    70     1 -9999     0
1985 10 26 09   149    12 -9999    40    50     2 -9999 -9999
1985 10 26 21    60    -1 -9999    90    20     0 -9999 -9999
1985 10 27 00    47     5 -9999     0     0     1 -9999     0
1985 10 27 06   149    29 -9999     0     0     7 -9999     0
1985 10 27 09   144    27 -9999     0     0     2 -9999 -9999
1985 10 27 21    64    32 -9999    90    30     0 -9999 -9999
1985 10 28 00    64   -10 -9999    70    30     6 -9999     0
1985 10 28 06   133   -13 -9999   290    20     7 -9999     0
1985 10 28 09   117   -61 -9999   340    40     8 -9999 -9999
1985 10 28 21 -9999 -9999 -9999   110    40     0 -9999 -9999
1985 10 29 00    47   -61 -9999   110    40     0 -9999     0
1985 10 29 06   138   -79 -9999   200    50     1 -9999     0
1985 10 29 09   140   -85 -9999   290    40     1 -9999 -9999
1985 10 29 21    27  -149 -9999    20    50     2 -9999 -9999
1985 10 30 00     2  -184 -9999    20    50     1 -9999     0
1985 10 30 06    58  -186 -9999   340    40     0 -9999     0
1985 10 30 09    54  -184 -9999   360    50     0 -9999 -9999
1985 10 30 21   -32  -159 -9999   110    20     0 -9999 -9999
1985 10 31 00   -36  -182 -9999    90    20     0 -9999     0
1985 10 31 06    89  -177 -9999   340    20     0 -9999     0
1985 10 31 09    89  -186 -9999   360    20     0 -9999 -9999
1985 10 31 21    14   -81 -9999   110    40     0 -9999 -9999
1985 11 01 09   111   -16 -9999   340    20     2 -9999 -9999
1985 11 01 21    18   -21 -9999   110    30     0 -9999 -9999
1985 11 02 00    22   -22 -9999    20    20     0 -9999     0
1985 11 02 06    77   -79 -9999   340    30     1 -9999     0
1985 11 02 09    83  -106 -9999   320    20     1 -9999 -9999
1985 11 02 21    24  -109 -9999    20    30     7 -9999 -9999
1985 11 03 00    -2  -111 -9999     0     0     7 -9999     0
1985 11 03 06    13   -98 -9999    90    20     7 -9999     0
1985 11 03 09    67  -104 -9999   290    20     1 -9999 -9999
1985 11 03 21    16   -90 -9999   140    40     0 -9999 -9999
1985 11 04 00    14   -94 -9999   160    40     0 -9999     0
1985 11 04 09    98   -73 -9999   200    30     1 -9999 -9999
1985 11 04 21    29  -115 -9999   110    40     0 -9999 -9999
1985 11 05 00    14   -94 -9999   110    30     1 -9999     0
1985 11 05 06   114   -72 -9999   200    30     0 -9999     0
1985 11 05 09   120   -87 -9999     0     0     0 -9999 -9999
1985 11 06 00    35  -103 -9999    20    50     7 -9999     0
1985 11 06 06 -9999 -9999 -9999 -9999 -9999     7 -9999     0
1985 11 06 09    42   -77 -9999   340    60     7 -9999 -9999
1985 11 06 21   -66   -74 -9999   360    30     8 -9999 -9999
1985 11 07 00   -93  -108 -9999    20    50     8 -9999     5
1985 11 07 06   -68  -142 -9999   340    50     1 -9999    -1
1985 11 07 09   -70  -167 -9999   360    50     1 -9999 -9999
1985 11 07 21  -118  -185 -9999     0     0     0 -9999 -9999
1985 11 08 00  -122  -191 -9999     0     0     0 -9999     0
1985 11 08 21   -87  -192 -9999 -9999 -9999     0 -9999 -9999
1985 11 09 00   -76  -149 -9999    70    20     1 -9999     0
1985 11 09 06    12  -139 -9999   340    20     0 -9999     0
1985 11 09 09    24  -143 -9999   340    30     0 -9999 -9999
1985 11 09 21   -69  -159 -9999    90    20     0 -9999 -9999
1985 11 10 00   -66  -149 -9999    70    20     0 -9999     0
1985 11 10 06    32  -157 -9999   320    20     0 -9999     0
1985 11 10 09    21  -190 -9999   340    50     2 -9999 -9999
1985 11 10 21   -65  -152 -9999     0     0     0 -9999 -9999
1985 11 11 00   -83  -144 -9999     0     0     0 -9999     0
1985 11 11 09    19  -136 -9999   340    30     0 -9999 -9999
1985 11 11 21   -48  -162 -9999    90    20     0 -9999 -9999
1985 11 12 00   -51  -156 -9999    90    20     2 -9999     0
1985 11 12 06    45   -93 -9999   270    20     7 -9999     0
1985 11 12 09    38   -94 -9999     0     0     7 -9999 -9999
1985 11 13 00   -24  -143 -9999   110    20     0 -9999     0
1985 11 13 09    58  -125 -9999   340    20     0 -9999 -9999
1985 11 13 21   -19  -120 -9999    40    20     0 -9999 -9999
1985 11 14 00   -26  -121 -9999    70    20     4 -9999     0
1985 11 14 06    28  -112 -9999     0     0     7 -9999     0
1985 11 14 09    34  -105 -9999 -9999 -9999     7 -9999 -9999
1985 11 14 21   -27  -128 -9999   160    30     0 -9999 -9999
1985 11 15 00   -19  -109 -9999     0     0     7 -9999     0
1985 11 15 06     2  -123 -9999 -9999 -9999     8 -9999     0
1985 11 15 09   -38   -46 -9999   340    50     7 -9999 -9999
1985 11 15 18  -113  -257 -9999    90    20     0 -9999     0
1985 11 16 00   -90  -117 -9999    70    20     2 -9999     0
1985 11 16 06   -12  -135 -9999   340    20     1 -9999     0
1985 11 16 09   -12  -125 -9999     0     0     0 -9999 -9999
1985 11 16 21   -54  -150 -9999   140    30     0 -9999 -9999
1985 11 17 00   -60  -161 -9999   140    30     0 -9999     0
1985 11 17 06    55  -157 -9999   200    20     1 -9999     0
1985 11 17 09    47  -105 -9999   200    30     7 -9999 -9999
1985 11 18 00   -39  -129 -9999     0     0     7 -9999     0
1985 11 18 09    28  -114 -9999   340    60     7 -9999 -9999
1985 11 18 21   -27  -167 -9999   160    20     0 -9999 -9999
1985 11 19 00   -24  -204 -9999   140    30     0 -9999     0
1985 11 19 06    88  -128 -9999   200    40     0 -9999     0
1985 11 19 21    33  -141 -9999   140    30     0 -9999 -9999
1985 11 20 00    27  -130 -9999   110    40     0 -9999     0
1985 11 20 06   115  -123 -9999   220    30     1 -9999     0
1985 11 20 09   112   -86 -9999   320    20     0 -9999 -9999
1985 11 20 21    11  -108 -9999    90    20     0 -9999 -9999
1985 11 21 00    -4   -87 -9999   180    20     5 -9999     0
1985 11 21 09     5  -104 -9999   340    40     7 -9999 -9999
1985 11 21 21   -42  -150 -9999   360    40     8 -9999 -9999
1985 11 22 00   -44  -123 -9999   320    20     8 -9999     0
1985 11 22 06   -12  -141 -9999   270    20     1 -9999     0
1985 11 22 09    -8  -133 -9999   180    20     0 -9999 -9999
1985 11 22 21   -62  -147 -9999     0     0     0 -9999 -9999
1985 11 23 00   -69  -143 -9999    20    40     1 -9999     0
1985 11 23 06   -26  -159 -9999   320    30     1 -9999     0
1985 11 23 09   -24 -9999 -9999   340    40     1 -9999 -9999
1985 11 23 21   -82  -189 -9999   110    30     0 -9999 -9999
1985 11 24 21   -33  -269 -9999   110    40     0 -9999 -9999
1985 11 25 21   -56  -178 -9999    70    20     1 -9999 -9999
1985 11 26 21   -73  -200 -9999 -9999 -9999     1 -9999 -9999
1985 11 27 06   -50 -9999 -9999   360    40     5 -9999     0
1985 11 27 09   -61  -204 -9999   360    50     7 -9999 -9999
1985 11 27 21  -111  -180 -9999   140    30     0 -9999 -9999
1985 11 28 00  -103  -208 -9999   280    30     0 -9999     0
1985 11 28 06   -34  -191 -9999   270    20     0 -9999     0
1985 11 28 09   -37  -177 -9999     0     0     0 -9999 -9999
1985 11 28 21   -70  -193 -9999     0     0     8 -9999 -9999
1985 11 29 00   -78  -196 -9999   340    20     8 -9999     0
1985 11 29 06   -76  -178 -9999   340    70     4 -9999    -1
1985 11 29 09   -78  -196 -9999   340    40     1 -9999 -9999
1985 11 29 21  -108  -202 -9999   140    40     0 -9999 -9999
1985 11 30 00   -86  -190 -9999   110    30     0 -9999     0
1985 11 30 06    -1  -186 -9999   200    50     7 -9999     0
1985 11 30 21   -99  -186 -9999     0     0     0 -9999 -9999
1985 12 01 00   -84  -208 -9999    70    20     0 -9999     0
1985 12 01 06   -14  -209 -9999   200    30     0 -9999     0
1985 12 01 09    -6  -170 -9999     0     0     0 -9999 -9999
1985 12 01 21   -33  -197 -9999   140    40     0 -9999 -9999
1985 12 02 00   -34  -191 -9999   140    20     1 -9999     0
1985 12 02 06     2  -151 -9999   160    30     1 -9999     0
1985 12 02 09     4  -187 -9999   200    30     0 -9999 -9999
1985 12 02 21   -50  -209 -9999   160    30     0 -9999 -9999
1985 12 03 00   -58  -204 -9999   140    20     1 -9999     0
1985 12 03 06     1  -166 -9999   220    20     7 -9999     0
1985 12 03 09     8  -191 -9999   320    20     7 -9999 -9999
1985 12 03 21   -44  -201 -9999   160    30     0 -9999 -9999
1985 12 04 00   -57  -219 -9999   140    30     0 -9999     0
1985 12 04 06     9  -207 -9999     0     0     1 -9999     0
1985 12 04 09    14  -183 -9999   290    20     1 -9999 -9999
1985 12 04 21   -79  -159 -9999    20    20     0 -9999 -9999
1985 12 05 00   -88  -157 -9999     0     0     0 -9999     0
1985 12 05 06   -32  -186 -9999     0     0     1 -9999     0
1985 12 05 09   -35  -202 -9999   360    20     0 -9999 -9999
1985 12 05 21   -49  -206 -9999   180    20     1 -9999 -9999
1985 12 06 00   -69  -184 -9999   290    20     8 -9999     0
1985 12 06 06  -141  -156 -9999    20    80     8 -9999     5
1985 12 06 09  -156  -174 -9999    20    70     4 -9999 -9999
1985 12 06 21  -220  -260 -9999   160    20     0 -9999 -9999
1985 12 07 00  -217  -265 -9999   200    20     0 -9999     0
1985 12 07 06  -130  -255 -9999    20    30     7 -9999     0
1985 12 07 09  -134  -225 -9999    20    40     7 -9999 -9999
1985 12 07 21  -184  -244 -9999   140    20     0 -9999 -9999
1985 12 08 00  -194  -249 -9999    90    20     0 -9999     0
1985 12 08 06   -88  -217 -9999   340    40     0 -9999     0
1985 12 08 09   -88  -174 -9999    20    40     0 -9999 -9999
1985 12 09 00  -145  -194 -9999   160    30     0 -9999     0
1985 12 09 06   -83  -198 -9999   340    20     1 -9999     0
1985 12 09 09   -93  -229 -9999   340    20     2 -9999 -9999
1985 12 09 21  -143  -208 -9999   110    20     7 -9999 -9999
1985 12 10 00  -124  -232 -9999     0     0     7 -9999     0
1985 12 10 06   -99  -292 -9999   340    40     0 -9999 -9999
1985 12 10 09  -106  -231 -9999   360    40     0 -9999 -9999
1985 12 10 21  -162  -238 -9999   110    30     0 -9999 -9999
1985 12 11 00  -166  -235 -9999   110    40     0 -9999     0
1985 12 11 06   -70  -236 -9999   200    20     7 -9999     0
1985 12 11 09   -71  -250 -9999   180    20     8 -9999 -9999
1985 12 12 00  -116  -164 -9999     0     0     0 -9999     0
1985 12 12 06 -9999 -9999 -9999   220    20     1 -9999     0
1985 12 12 21   -66  -160 -9999    20    40     7 -9999 -9999
1985 12 13 00   -77  -156 -9999   340    70     8 -9999     0
1985 12 13 06  -100  -129 -9999    70    30     8 -9999     3
1985 12 13 09   -86  -165 -9999     0     0     7 -9999 -9999
1985 12 13 21  -137  -193 -9999   340    30     7 -9999 -9999
1985 12 14 00  -172  -198 -9999     0     0     0 -9999     0
1985 12 14 06   -90 -9999 -9999   320    20     0 -9999     0
1985 12 14 09   -87  -207 -9999   320    20     0 -9999 -9999
1985 12 14 21  -155  -227 -9999   340    20     0 -9999 -9999
1985 12 15 00  -142  -231 -9999    20    30     0 -9999     0
1985 12 15 06   -71  -250 -9999 -9999 -9999     0 -9999     0
1985 12 15 09   -62  -214 -9999   360    20     0 -9999 -9999
1985 12 15 21   -99  -186 -9999   140    30     0 -9999 -9999
1985 12 16 00   -76  -254 -9999   110    50     0 -9999     0
1985 12 16 06    40  -164 -9999   360    30     0 -9999 -9999
1985 12 16 09    33   -98 -9999     0     0     0 -9999 -9999
1985 12 17 00  -121  -226 -9999    20    30     0 -9999     0
1985 12 17 06  -168 -9999 -9999   340    20     1 -9999     0
1985 12 17 09   -77  -209 -9999   340    30     2 -9999 -9999
1985 12 17 21  -140  -204 -9999   140    20     0 -9999 -9999
1985 12 18 00  -151  -199 -9999     0     0     1 -9999     0
1985 12 18 06   -62  -214 -9999   340    30     5 -9999     0
1985 12 18 21  -137  -200 -9999   110    30     0 -9999 -9999
1985 12 19 00  -126  -204 -9999    90    20     0 -9999     0
1985 12 19 06   -31  -217 -9999   360    20     1 -9999 -9999
1985 12 19 09   -41  -179 -9999   340    20     2 -9999 -9999
1985 12 20 00  -121  -189 -9999     0     0     1 -9999     0
1985 12 20 06    -8  -213 -9999     0     0     7 -9999     0
1985 12 20 21   -94  -206 -9999   110    30     0 -9999 -9999
1985 12 21 00  -113  -190 -9999    70    20     1 -9999     0
1985 12 21 06   -29  -186 -9999   200    30     0 -9999     0
1985 12 21 09   -32  -186 -9999   340    20     0 -9999 -9999
1985 12 21 21   -96  -202 -9999   110    30     0 -9999 -9999
1985 12 22 00  -102  -185 -9999   110    30     0 -9999     0
1985 12 22 06    -8  -163 -9999     0     0     0 -9999     0
1985 12 22 09   -22  -176 -9999   340    30     0 -9999 -9999
1985 12 22 21   -81  -210 -9999   110    30     0 -9999 -9999
1985 12 23 00   -82  -204 -9999   110    30     0 -9999     0
1985 12 23 21   -84 -9999 -9999    70    20     2 -9999 -9999
1985 12 24 00   -86  -143 -9999     0     0     1 -9999     0
1985 12 24 09     6  -101 -9999    20    50     7 -9999 -9999
1985 12 24 21   -64  -130 -9999   110    30     0 -9999 -9999
1985 12 25 00   -26  -179 -9999   180    30     7 -9999     0
1985 12 25 06    58  -158 -9999 -9999 -9999     1 -9999     0
1985 12 25 09    52  -214 -9999   180    60     0 -9999 -9999
1985 12 25 21   -61  -163 -9999    70    30     0 -9999 -9999
1985 12 26 00   -63  -134 -9999   110    20     0 -9999     0
1985 12 26 06    32  -101 -9999     0     0     0 -9999     0
1985 12 26 09    23  -125 -9999    40    20     0 -9999 -9999
1985 12 27 00   -54  -116 -9999     0     0     1 -9999     0
1985 12 27 06    -5  -127 -9999 -9999 -9999     0 -9999     0
1985 12 27 09   -10  -112 -9999     0     0     0 -9999 -9999
1985 12 27 21 -9999 -9999 -9999   340    20     7 -9999 -9999
1985 12 28 00   -83  -101 -9999   360    20     8 -9999    10
1985 12 28 06   -48  -116 -9999   340    20     8 -9999    10
1985 12 28 09   -48  -129 -9999    20    20     7 -9999 -9999
1985 12 28 21   -66  -138 -9999    40    20     7 -9999 -9999
1985 12 29 00   -72  -128 -9999     0     0     8 -9999     0
1985 12 29 06   -35  -142 -9999   320    20     6 -9999     0
1985 12 29 09   -44  -110 -9999   320    20     1 -9999 -9999
1985 12 29 21   -56  -137 -9999   340    20     7 -9999 -9999
1985 12 30 00   -96  -138 -9999     0     0     1 -9999     0
1985 12 30 06   -53  -138 -9999   320    20     1 -9999     0
1985 12 30 09 -9999 -9999 -9999     0     0     0 -9999 -9999
1985 12 30 21  -124  -208 -9999    90    20     0 -9999 -9999
1985 12 31 00  -122  -197 -9999    90    20     1 -9999     0
1985 12 31 06   -70  -167 -9999    20    30     0 -9999     0
1985 12 31 09   -60  -173 -9999     0     0     0 -9999 -9999
1985 12 31 21  -112  -205 -9999   110    40     0 -9999 -9999
