1975 01 01 00   -90  -110 -9999     0     0     8 -9999 -9999
1975 01 01 06   -70  -100 -9999     0     0     8 -9999    -1
1975 01 01 09   -80  -110 -9999     0     0     8 -9999 -9999
1975 01 01 21  -150  -170 -9999   160    30     0 -9999 -9999
1975 01 02 00  -160  -180 -9999   140    20     1 -9999 -9999
1975 01 02 06   -60  -160 -9999   270    20     1 -9999 -9999
1975 01 02 09   -70  -130 -9999   270    10     1 -9999 -9999
1975 01 02 21   -70  -170 -9999   180    20     7 -9999 -9999
1975 01 03 00   -70  -150 -9999   160    30     7 -9999 -9999
1975 01 03 06   -30  -130 -9999     0     0     8 -9999 -9999
1975 01 03 09   -30  -130 -9999     0     0     1 -9999 -9999
1975 01 03 21  -120  -170 -9999   120    40     0 -9999 -9999
1975 01 04 00  -130  -200 -9999   110    20     0 -9999 -9999
1975 01 04 06   -20  -160 -9999   200    20     0 -9999 -9999
1975 01 04 09   -20  -100 -9999    70    30     0 -9999 -9999
1975 01 04 21   -40  -140 -9999   250    20     1 -9999 -9999
1975 01 05 00  -100  -160 -9999     0     0     1 -9999 -9999
1975 01 05 06   -60  -120 -9999   360    20     7 -9999 -9999
1975 01 05 09   -60  -130 -9999     0     0     1 -9999 -9999
1975 01 05 21   -70  -170 -9999   180    30     0 -9999 -9999
1975 01 06 00   -60  -170 -9999   140    60     0 -9999 -9999
1975 01 06 06    10  -140 -9999   270    20     0 -9999 -9999
1975 01 06 09   -10  -100 -9999   340    20     1 -9999 -9999
1975 01 06 21   -80  -130 -9999     0     0     0 -9999 -9999
1975 01 07 00  -100  -150 -9999   320    30     7 -9999 -9999
1975 01 07 06   -50  -160 -9999    20    40     5 -9999 -9999
1975 01 07 09   -50  -150 -9999    20    30     0 -9999 -9999
1975 01 07 21  -120  -190 -9999   160    20     0 -9999 -9999
1975 01 08 00  -110  -190 -9999   140    30     1 -9999 -9999
1975 01 08 06   -10  -170 -9999    20    30     1 -9999 -9999
1975 01 08 09   -20  -170 -9999    20    30     0 -9999 -9999
1975 01 08 21   -90  -190 -9999   160    30     6 -9999 -9999
1975 01 09 00   -60  -170 -9999   180    20     7 -9999 -9999
1975 01 09 06   -30  -140 -9999   270    80     0 -9999 -9999
1975 01 09 09   -20  -130 -9999     0     0     1 -9999 -9999
1975 01 09 21  -100  -170 -9999   110    20     0 -9999 -9999
1975 01 10 00  -100  -160 -9999   140    30     1 -9999 -9999
1975 01 10 06     0  -150 -9999   250    20     1 -9999 -9999
1975 01 10 09     0  -100 -9999     0     0     0 -9999 -9999
1975 01 10 21   -90  -190 -9999     0     0     0 -9999 -9999
1975 01 11 00  -130  -200 -9999   140    10     0 -9999 -9999
1975 01 11 06   -10  -200 -9999   270    30     0 -9999 -9999
1975 01 11 09     0  -130 -9999   360    20     0 -9999 -9999
1975 01 11 21  -120  -280 -9999   140    20     0 -9999 -9999
1975 01 12 00   -80  -270 -9999   160    20     0 -9999 -9999
1975 01 12 06   -40  -180 -9999   250    20     0 -9999 -9999
1975 01 12 21  -120  -160 -9999    90    20     0 -9999 -9999
1975 01 13 00  -130  -160 -9999     0     0     0 -9999 -9999
1975 01 13 06   -40  -130 -9999   320    20     2 -9999 -9999
1975 01 13 09   -50  -150 -9999    20    20     0 -9999 -9999
1975 01 14 00  -130  -180 -9999   110    20     1 -9999 -9999
1975 01 14 06   -40  -160 -9999   360    20     8 -9999 -9999
1975 01 14 09   -50  -140 -9999    20    20     8 -9999 -9999
1975 01 14 21  -130  -180 -9999   110    30     0 -9999 -9999
1975 01 15 00  -140  -180 -9999    90    10     6 -9999 -9999
1975 01 15 06   -50  -160 -9999   270    10     2 -9999 -9999
1975 01 15 09   -40  -150 -9999    40    20     0 -9999 -9999
1975 01 15 21  -130  -170 -9999    90    20     0 -9999 -9999
1975 01 16 00  -130  -180 -9999   110    20     0 -9999 -9999
1975 01 16 06   -40  -150 -9999   360    30     0 -9999 -9999
1975 01 16 09   -50  -130 -9999    40    50     0 -9999 -9999
1975 01 16 21  -120  -160 -9999     0     0     0 -9999 -9999
1975 01 17 00  -140  -170 -9999    90    20     1 -9999 -9999
1975 01 17 06   -50  -150 -9999   340    40     0 -9999 -9999
1975 01 17 09   -50  -160 -9999   320    40     0 -9999 -9999
1975 01 17 21  -110  -180 -9999   160    30     0 -9999 -9999
1975 01 18 00  -120  -190 -9999   140    30     7 -9999 -9999
1975 01 18 06   -50  -150 -9999     0     0     7 -9999 -9999
1975 01 18 09   -50  -160 -9999   220    30     8 -9999 -9999
1975 01 18 21  -110  -150 -9999     0     0     1 -9999 -9999
1975 01 19 00  -150  -180 -9999   140    20     1 -9999    -1
1975 01 19 06   -70  -110 -9999   220    20     1 -9999 -9999
1975 01 19 09   -60  -130 -9999   360    30     1 -9999 -9999
1975 01 19 21  -160  -210 -9999   110    30     0 -9999 -9999
1975 01 20 00  -140  -180 -9999   110    30     1 -9999 -9999
1975 01 20 06   -80  -160 -9999   320    20     8 -9999 -9999
1975 01 20 09  -100  -150 -9999   180    10     8 -9999 -9999
1975 01 20 21  -120  -270 -9999     0     0     5 -9999 -9999
1975 01 21 00  -130  -180 -9999     0     0     8 -9999 -9999
1975 01 21 06   -60  -180 -9999   250    40     6 -9999 -9999
1975 01 21 09   -40  -190 -9999   200    20     7 -9999 -9999
1975 01 21 21  -100  -210 -9999   140    50     0 -9999 -9999
1975 01 22 06   -10  -200 -9999   250    50     0 -9999 -9999
1975 01 22 09    10  -270 -9999   320    20     0 -9999 -9999
1975 01 22 21   -90  -230 -9999    90    20     0 -9999 -9999
1975 01 23 00   -60  -210 -9999    40    60     8 -9999 -9999
1975 01 23 06   -60  -190 -9999   360    40     7 -9999 -9999
1975 01 23 09   -60  -180 -9999   360    30     7 -9999 -9999
1975 01 23 21  -130  -200 -9999    70    20     0 -9999 -9999
1975 01 24 00  -140  -210 -9999   140    30     0 -9999 -9999
1975 01 24 06   -20  -230 -9999   220    50     0 -9999 -9999
1975 01 24 09   -10  -220 -9999   220    50     0 -9999 -9999
1975 01 24 21  -100  -210 -9999    40    40     0 -9999 -9999
1975 01 25 00  -120  -220 -9999    40    40     1 -9999 -9999
1975 01 25 06   -60  -180 -9999    40    50     1 -9999 -9999
1975 01 25 09   -60  -200 -9999     0     0     1 -9999 -9999
1975 01 25 21  -110  -220 -9999   160    40     0 -9999 -9999
1975 01 26 06   -50  -190 -9999   340    60     0 -9999 -9999
1975 01 26 09   -50  -230 -9999   360    60     0 -9999 -9999
1975 01 26 21  -110  -220 -9999   110    20     0 -9999 -9999
1975 01 27 00  -140  -220 -9999   110    20     0 -9999 -9999
1975 01 27 06   -30  -210 -9999     0     0     0 -9999 -9999
1975 01 27 09   -30  -190 -9999    20    20     0 -9999 -9999
1975 01 27 21  -120  -270 -9999   110    30     0 -9999 -9999
1975 01 28 00  -140  -260 -9999   110    30     1 -9999 -9999
1975 01 28 06   -20  -160 -9999    40    40     1 -9999 -9999
1975 01 28 09   -20  -160 -9999    40    50     7 -9999 -9999
1975 01 29 00  -130  -240 -9999   140    40     1 -9999 -9999
1975 01 29 06   -30  -240 -9999     0     0     5 -9999 -9999
1975 01 29 09   -20  -170 -9999   340    10     5 -9999 -9999
1975 01 29 21  -100  -210 -9999     0     0     0 -9999 -9999
1975 01 30 00   -80  -180 -9999 -9999 -9999     0 -9999 -9999
1975 01 30 06     0  -180 -9999   290    30     0 -9999 -9999
1975 01 30 09   -20  -200 -9999   360    30     6 -9999 -9999
1975 01 30 21   -90  -230 -9999   160    30     0 -9999 -9999
1975 01 31 00   -90  -230 -9999    90    30     1 -9999 -9999
1975 01 31 06    20  -170 -9999    20    40     7 -9999 -9999
1975 01 31 21   -50  -220 -9999   140    20     7 -9999 -9999
1975 02 01 00   -70  -240 -9999   160    20     7 -9999 -9999
1975 02 01 06    20  -270 -9999   320    40     7 -9999 -9999
1975 02 01 09    20  -160 -9999    20    30     7 -9999 -9999
1975 02 01 21   -40  -190 -9999     0     0     1 -9999 -9999
1975 02 02 00   -40  -180 -9999     0     0     3 -9999 -9999
1975 02 02 06   -20  -140 -9999     0     0     7 -9999 -9999
1975 02 02 09   -20  -130 -9999   320    20     7 -9999 -9999
1975 02 02 18  -120  -220 -9999    90    30     4 -9999 -9999
1975 02 02 21   -60   -90 -9999     0     0     7 -9999 -9999
1975 02 03 00  -120  -150 -9999   240    30     7 -9999 -9999
1975 02 03 09    20  -160 -9999     0     0     0 -9999 -9999
1975 02 03 21     0  -280 -9999   180    70     0 -9999 -9999
1975 02 04 00    20  -190 -9999   180    60     1 -9999 -9999
1975 02 04 06   -30  -120 -9999   320    20     0 -9999 -9999
1975 02 04 09   -20  -140 -9999    40    70     0 -9999 -9999
1975 02 05 00   -80  -250 -9999    70    40     7 -9999 -9999
1975 02 05 06 -9999 -9999 -9999    20    40     7 -9999    -1
1975 02 05 09   -50  -210 -9999    20    50     5 -9999 -9999
1975 02 05 21  -110  -220 -9999 -9999 -9999 -9999 -9999 -9999
1975 02 06 00  -130  -240 -9999    70    50     1 -9999 -9999
1975 02 06 06   -90  -300 -9999   320    20     7 -9999 -9999
1975 02 06 09   -90  -230 -9999     0     0     7 -9999 -9999
1975 02 06 21  -160  -320 -9999   140    30     1 -9999 -9999
1975 02 07 00  -160  -320 -9999   110    30     2 -9999 -9999
1975 02 07 06   -50  -270 -9999   360    40     0 -9999 -9999
1975 02 07 09   -60  -240 -9999    40    20     5 -9999 -9999
1975 02 07 21  -130  -210 -9999   160    30     0 -9999 -9999
1975 02 08 06   -20  -210 -9999   220    30     2 -9999 -9999
1975 02 08 09   -10  -210 -9999     0     0     2 -9999 -9999
1975 02 08 21  -120  -250 -9999   110    30     0 -9999 -9999
1975 02 09 00  -100  -210 -9999    90    30     0 -9999 -9999
1975 02 09 09     0  -170 -9999   320    30     0 -9999 -9999
1975 02 09 21  -110  -250 -9999   110    30     0 -9999 -9999
1975 02 10 00  -140  -260 -9999   110    30     0 -9999 -9999
1975 02 10 06     0  -200 -9999     0     0     7 -9999 -9999
1975 02 10 09     0  -220 -9999    40    10     7 -9999 -9999
1975 02 10 21   -80  -250 -9999 -9999 -9999     0 -9999 -9999
1975 02 11 00  -100  -230 -9999   110    30     0 -9999 -9999
1975 02 11 06    10  -160 -9999   360    40     0 -9999 -9999
1975 02 11 09     0  -160 -9999    40    40     1 -9999 -9999
1975 02 11 21  -100  -250 -9999   160    40     0 -9999 -9999
1975 02 12 00  -100  -290 -9999   140    40     0 -9999 -9999
1975 02 12 06    60  -110 -9999   220    80     0 -9999 -9999
1975 02 12 21   -40  -160 -9999   140    40     0 -9999 -9999
1975 02 13 00   -90  -210 -9999    90    20     1 -9999 -9999
1975 02 13 09    40  -150 -9999    40    40     1 -9999 -9999
1975 02 13 21   -60  -170 -9999   140    40     0 -9999 -9999
1975 02 14 00    10  -200 -9999   160    50     0 -9999 -9999
1975 02 14 06    80  -160 -9999   140    50     1 -9999 -9999
1975 02 14 21    10  -130 -9999    40    10     0 -9999 -9999
1975 02 15 00     0  -160 -9999   110    30     2 -9999 -9999
1975 02 15 06    50  -110 -9999   360    40     7 -9999 -9999
1975 02 16 00   -40  -140 -9999    20    30     7 -9999    -1
1975 02 16 06   -20  -160 -9999    20    30     0 -9999 -9999
1975 02 16 09   -10  -180 -9999   320    60     7 -9999 -9999
1975 02 16 21   -90  -240 -9999    90    10     0 -9999 -9999
1975 02 17 00  -110  -220 -9999    40    20     2 -9999 -9999
1975 02 17 06   -40  -230 -9999   340    30     0 -9999 -9999
1975 02 17 09   -20  -270 -9999   360    20     0 -9999 -9999
1975 02 17 21  -110  -270 -9999   140    20     0 -9999 -9999
1975 02 18 00  -110  -250 -9999   140    30     1 -9999 -9999
1975 02 18 06   -10  -270 -9999   270    30     0 -9999 -9999
1975 02 18 09    10  -230 -9999   340    50     1 -9999 -9999
1975 02 18 21   -90  -230 -9999   340    30     7 -9999 -9999
1975 02 19 00  -140  -210 -9999    40    60     6 -9999 -9999
1975 02 19 06  -100  -210 -9999   360    80     1 -9999 -9999
1975 02 19 09  -100  -320 -9999   360    80     0 -9999 -9999
1975 02 19 21  -170  -330 -9999   140    20     0 -9999 -9999
1975 02 20 00  -180  -310 -9999   110    20     1 -9999 -9999
1975 02 20 06   -60  -280 -9999   360    20     0 -9999 -9999
1975 02 20 09   -50  -230 -9999    20    30     0 -9999 -9999
1975 02 20 21  -100  -300 -9999    90    20     0 -9999 -9999
1975 02 21 00  -100  -290 -9999    70    40     5 -9999 -9999
1975 02 21 06   -30  -180 -9999   250    30     7 -9999 -9999
1975 02 21 09   -20  -140 -9999     0     0     6 -9999 -9999
1975 02 21 21   -80  -300 -9999   180    40     0 -9999 -9999
1975 02 22 00   -90  -280 -9999   140    40     2 -9999 -9999
1975 02 22 03   -60  -250 10337   200    50     7 -9999 -9999
1975 02 22 06     0  -250 -9999   250    40     2 -9999 -9999
1975 02 22 09    10  -250 -9999     0     0     7 -9999 -9999
1975 02 22 21   -50  -230 -9999   160    30     0 -9999 -9999
1975 02 23 00   -50  -250 -9999   160    50     0 -9999 -9999
1975 02 23 06    70  -190 -9999   250    40     0 -9999 -9999
1975 02 23 09    80  -200 -9999   250    40     0 -9999 -9999
1975 02 23 21   -20  -210 -9999   160    20     1 -9999 -9999
1975 02 24 00   -30  -160 -9999    70    20     3 -9999 -9999
1975 02 24 06    80  -220 -9999   360    20     2 -9999 -9999
1975 02 24 09    80  -200 -9999    90    40     2 -9999 -9999
1975 02 24 21    10  -130 -9999   140    30     6 -9999 -9999
1975 02 25 00     0  -170 -9999   180    30     5 -9999 -9999
1975 02 25 06    90  -230 -9999   360    60     7 -9999 -9999
1975 02 25 09    70  -150 -9999   360    20     7 -9999 -9999
1975 02 26 06     0  -230 -9999    20    50     7 -9999 -9999
1975 02 26 09     0  -210 -9999   360    40     7 -9999 -9999
1975 02 26 21   -60  -210 -9999   160    30     5 -9999 -9999
1975 02 27 00   -70 -9999 -9999    90    40     1 -9999 -9999
1975 02 27 06    40  -280 -9999   340    40     0 -9999 -9999
1975 02 27 09    40  -230 -9999   360    20     0 -9999 -9999
1975 02 27 21   -40  -300 -9999   140    20     2 -9999 -9999
1975 02 28 00     0  -240 -9999   140    20     3 -9999 -9999
1975 02 28 09    90  -200 -9999    40    30     1 -9999 -9999
1975 02 28 21   -10   -70 -9999   160    30     0 -9999 -9999
1975 03 01 00     0   -70 -9999   160    40     0 -9999 -9999
1975 03 01 06    90   -70 -9999    40    40     1 -9999 -9999
1975 03 01 09   100   -90 -9999   360    50     1 -9999 -9999
1975 03 02 00     0   -80 -9999     0     0     7 -9999 -9999
1975 03 02 06    20  -100 -9999   270    20     8 -9999 -9999
1975 03 02 21   -20   -30 10111     0     0     8 -9999 -9999
1975 03 03 00   -30   -40 -9999     0     0     8 -9999     4
1975 03 03 06    20   -20 -9999     0     0     7 -9999 -9999
1975 03 03 09    30   -30 -9999     0     0     6 -9999 -9999
1975 03 03 21   -30   -70 -9999   140    20     6 -9999 -9999
1975 03 04 00   -30   -90 -9999   140    20     6 -9999 -9999
1975 03 04 06    70   -50 -9999     0     0     1 -9999 -9999
1975 03 04 09    80   -70 -9999     0     0 -9999 -9999 -9999
1975 03 04 21   -20  -130 -9999   120    30     0 -9999 -9999
1975 03 05 00   -40  -110 -9999   140    30     3 -9999 -9999
1975 03 05 06    50   -40 -9999    20    70     2 -9999    -1
1975 03 05 21   -30  -110 -9999   140    30     0 -9999 -9999
1975 03 06 00   -20  -120 -9999   160    70     7 -9999 -9999
1975 03 06 06    50  -180 -9999   160   110     7 -9999 -9999
1975 03 06 09    40  -210 -9999   180   120     7 -9999 -9999
1975 03 06 21    20   -90 -9999   160   160     1 -9999 -9999
1975 03 07 00 -9999 -9999 10100   160   130     1 -9999 -9999
1975 03 07 06    50   -80 -9999   200   120     6 -9999 -9999
1975 03 07 09    50   -80 -9999   250    70     7 -9999 -9999
1975 03 07 21   -20  -160 -9999    20    40     2 -9999 -9999
1975 03 08 09    20   -30 -9999    20    20     8 -9999 -9999
1975 03 08 21   -50  -110 -9999   110    30     0 -9999 -9999
1975 03 09 00   -40  -100 -9999   110    30     3 -9999 -9999
1975 03 09 06    60  -100 -9999   320    20     6 -9999 -9999
1975 03 09 09    50   -70 -9999    70    40     8 -9999 -9999
1975 03 09 21   -60   -90 -9999    90    20     1 -9999 -9999
1975 03 10 00   -60  -190 -9999    90    20     1 -9999 -9999
1975 03 10 06    30  -250 -9999    20    60     1 -9999 -9999
1975 03 10 09    40  -240 -9999    40    60     2 -9999 -9999
1975 03 10 21   -50  -210 -9999   140    30     0 -9999 -9999
1975 03 11 06    30  -230 -9999   320    20     8 -9999 -9999
1975 03 11 09    40  -210 -9999   270    20     8 -9999 -9999
1975 03 11 21   -10  -110 -9999     0     0     8 -9999 -9999
1975 03 12 00   -10  -170 -9999     0     0     8 -9999 -9999
1975 03 12 06    10  -160 -9999   290    20     7 -9999 -9999
1975 03 12 09    20  -160 -9999   340    10     8 -9999 -9999
1975 03 12 21   -30  -110 -9999     0     0     2 -9999 -9999
1975 03 13 00   -30  -110 -9999     0     0     7 -9999 -9999
1975 03 13 06    40  -200 -9999    40    30     8 -9999 -9999
1975 03 13 09    30  -230 -9999    40    50     8 -9999 -9999
1975 03 13 21   -40  -180 -9999     0     0     2 -9999 -9999
1975 03 14 00   -20  -220 -9999   160    40     6 -9999 -9999
1975 03 14 06    70  -120 -9999   290    60     1 -9999 -9999
1975 03 14 21     0 -9999 10111     0     0     6 -9999 -9999
1975 03 15 00   -50  -190 -9999     0     0     1 -9999 -9999
1975 03 15 06    60  -160 -9999   320    40     1 -9999 -9999
1975 03 15 09    70  -170 -9999   360    30     0 -9999 -9999
1975 03 15 21     0  -230 -9999   140    40     0 -9999 -9999
1975 03 16 00    30  -210 -9999   140    60     0 -9999 -9999
1975 03 16 21    20  -220 -9999   140    30     0 -9999 -9999
1975 03 17 00    10  -200 -9999   140    40     7 -9999 -9999
1975 03 17 06   100  -120 -9999   340    20     7 -9999 -9999
1975 03 17 09   110  -190 -9999    20    30     7 -9999 -9999
1975 03 17 21     0  -130 -9999   110    20     0 -9999 -9999
1975 03 18 00    10  -140 -9999   110    10     7 -9999 -9999
1975 03 18 06   100  -150 -9999   250    70     8 -9999 -9999
1975 03 18 09    60  -110 -9999    20    70     8 -9999 -9999
1975 03 18 21   -70 -9999 -9999 -9999 -9999     1 -9999 -9999
1975 03 19 00   -70  -170 -9999   140    30     0 -9999 -9999
1975 03 19 06    30  -160 -9999    40    40     0 -9999 -9999
1975 03 19 09    40  -170 -9999   320    20     0 -9999 -9999
1975 03 19 21   -20  -160 -9999   160    30     0 -9999 -9999
1975 03 20 00     0  -240 -9999   140    50     0 -9999 -9999
1975 03 20 06   120  -270 -9999   250    70     7 -9999 -9999
1975 03 20 09   110  -160 -9999   250    50     8 -9999 -9999
1975 03 20 21    20  -170 -9999   180    30     6 -9999 -9999
1975 03 21 00     0  -160 -9999   140    20     0 -9999 -9999
1975 03 21 06   100  -200 -9999    20    20     1 -9999 -9999
1975 03 21 09   110  -220 -9999    40    40     7 -9999 -9999
1975 03 21 21   -20  -140 -9999   250    30     8 -9999 -9999
1975 03 22 00   -30  -210 -9999   220    30     8 -9999 -9999
1975 03 22 06    30  -240 -9999     0     0     5 -9999 -9999
1975 03 22 09    40  -230 -9999    40    20     0 -9999 -9999
1975 03 22 12    40  -250 -9999   290    90     1 -9999 -9999
1975 03 22 21   -40  -240 -9999    90    40     0 -9999 -9999
1975 03 23 00   -20  -220 -9999   210    10     7 -9999 -9999
1975 03 23 06    60  -180 -9999     0     0     8 -9999 -9999
1975 03 23 09   100  -160 -9999    90    20     6 -9999 -9999
1975 03 23 21    20  -140 -9999    90    30     7 -9999 -9999
1975 03 24 00    10  -120 -9999    90    30     1 -9999 -9999
1975 03 24 06    90   -90 -9999   290    30     0 -9999 -9999
1975 03 24 09    90  -220 -9999   340    60     0 -9999 -9999
1975 03 24 21     0  -120 -9999   180    30     1 -9999 -9999
1975 03 25 00     0  -110 -9999   140    40     2 -9999 -9999
1975 03 25 06   130  -240 -9999   180   100     7 -9999 -9999
1975 03 25 09   110  -250 -9999   180   110     7 -9999 -9999
1975 03 25 21    50   -80 -9999   160    20     8 -9999 -9999
1975 03 26 00    60   -90 -9999     0     0     8 -9999 -9999
1975 03 26 06    80  -220 -9999   220    30     8 -9999 -9999
1975 03 26 09   110   -60 -9999   180    20     7 -9999 -9999
1975 03 26 21    40  -130 -9999   160    40     0 -9999 -9999
1975 03 27 00    60  -170 -9999   180    40     2 -9999 -9999
1975 03 27 06   110  -140 -9999   360    40     0 -9999 -9999
1975 03 27 09   110  -160 -9999   360    70     0 -9999 -9999
1975 03 28 00    30  -220 -9999    70    40     5 -9999 -9999
1975 03 28 09    80  -240 -9999   360   100     6 -9999 -9999
1975 03 28 21   -50  -230 -9999   110    30     0 -9999 -9999
1975 03 29 00   -10  -160 -9999    70    50     0 -9999 -9999
1975 03 29 06    60  -250 -9999    40    50     0 -9999 -9999
1975 03 29 09    70  -270 -9999    70    40     2 -9999 -9999
1975 03 29 21   -20  -230 -9999   140    30     1 -9999 -9999
1975 03 30 00     0  -230 -9999   140    30     2 -9999 -9999
1975 03 30 06    70  -300 -9999   360    50     0 -9999 -9999
1975 03 30 09    50  -270 -9999    40    80     0 -9999 -9999
1975 03 31 00   -60  -280 10378    70    20     1 -9999 -9999
1975 03 31 06    20  -190 -9999    10    40     0 -9999 -9999
1975 03 31 09    20  -300 -9999   360    50     0 -9999 -9999
1975 03 31 12    80  -220 -9999   290    30     2 -9999 -9999
1975 03 31 21   -60  -250 -9999   140    50     0 -9999 -9999
1975 04 01 00   -30  -300 -9999   180    10     2 -9999 -9999
1975 04 01 06    70  -300 -9999   360    30     1 -9999 -9999
1975 04 01 09    80  -270 -9999   340    20     2 -9999 -9999
1975 04 01 21   -50  -270 -9999    90    30     0 -9999 -9999
1975 04 02 00    10  -280 -9999    90    20     0 -9999 -9999
1975 04 02 06   100  -200 -9999   360    30     1 -9999 -9999
1975 04 02 09   100  -230 -9999    40    50     0 -9999 -9999
1975 04 02 21    20  -190 -9999   110    40     7 -9999 -9999
1975 04 03 00    40  -220 -9999   200    40     7 -9999 -9999
1975 04 03 06   130  -170 -9999    40    20     7 -9999 -9999
1975 04 03 09   130  -170 -9999   360    30     7 -9999 -9999
1975 04 03 21    80   -60 -9999    20    40     8 -9999 -9999
1975 04 04 00    50   -90 -9999    10    50     8 -9999 -9999
1975 04 04 06    60   -80 -9999   360    80     8 -9999    -1
1975 04 04 09    60  -100 -9999   360   150     9 -9999 -9999
1975 04 04 21   -40   -90 -9999   110    30     0 -9999 -9999
1975 04 05 00   -30   -90 -9999   220    40     1 -9999 -9999
1975 04 05 06    90  -170 -9999   270    40     1 -9999 -9999
1975 04 05 09   110  -230 -9999   220    40     3 -9999 -9999
1975 04 05 21    70  -120 -9999     0     0     8 -9999 -9999
1975 04 06 00    70  -160 -9999    20    40     8 -9999 -9999
1975 04 06 06   110  -110 -9999   320    50     7 -9999 -9999
1975 04 06 09   130   -90 -9999   320    40     7 -9999 -9999
1975 04 06 21   -10  -160 -9999   340    80     7 -9999 -9999
1975 04 07 00   -10  -130 -9999   360    30     1 -9999 -9999
1975 04 07 06    50  -160 -9999   320    40     0 -9999 -9999
1975 04 07 09    70  -220 -9999   340    50     0 -9999 -9999
1975 04 07 21    30  -210 -9999   180    40     0 -9999 -9999
1975 04 08 06   140  -160 -9999   360    60     2 -9999 -9999
1975 04 08 09   150  -130 -9999   320    60     6 -9999 -9999
1975 04 08 21    40  -250 -9999    40   100     6 -9999 -9999
1975 04 09 00    20  -230 -9999    40    70     7 -9999 -9999
1975 04 09 06    50  -300 -9999   360    70     7 -9999 -9999
1975 04 09 09    60  -240 -9999   360    20     7 -9999 -9999
1975 04 09 21   -30  -250 -9999   130    20     0 -9999 -9999
1975 04 10 00     0  -280 -9999   140    30     6 -9999 -9999
1975 04 10 06   100  -200 -9999   340    20     5 -9999 -9999
1975 04 10 09   130  -190 -9999   290    40     2 -9999 -9999
1975 04 10 21     0  -190 -9999   200    30     3 -9999 -9999
1975 04 11 00    40  -160 -9999     0     0     2 -9999 -9999
1975 04 11 06   140  -160 -9999   320    70     6 -9999 -9999
1975 04 11 09   140  -240 -9999   320   100     7 -9999 -9999
1975 04 12 00    80  -400 -9999   290    40     8 -9999 -9999
1975 04 12 06    70   -90 -9999   340    50     8 -9999 -9999
1975 04 12 09    80   -90 -9999   290    50     3 -9999 -9999
1975 04 12 21    20  -270 -9999   180    40     3 -9999 -9999
1975 04 13 00    30  -110 -9999   160    30     2 -9999 -9999
1975 04 13 06   120  -120 -9999   340    40     1 -9999 -9999
1975 04 13 09   130  -120 -9999   360    60     1 -9999 -9999
1975 04 13 21    70   -80 -9999    90    20     6 -9999 -9999
1975 04 14 00    70   -70 -9999     0     0     2 -9999 -9999
1975 04 14 06   140   -50 -9999     0     0     3 -9999 -9999
1975 04 14 09   160   -90 -9999   360    40     3 -9999 -9999
1975 04 14 21    70   -60 -9999   110    30     2 -9999 -9999
1975 04 15 00   100   -50 -9999    40    10     7 -9999 -9999
1975 04 15 06   160   -30 -9999   140    20     5 -9999 -9999
1975 04 15 09   170   -40 -9999   340    20     3 -9999 -9999
1975 04 15 21    70    20 -9999   340    30     0 -9999 -9999
1975 04 16 00   100   -40 -9999    90    10     1 -9999 -9999
1975 04 16 06   130    10 -9999   220    60     8 -9999 -9999
1975 04 16 21    40    20 -9999   220    50     1 -9999 -9999
1975 04 17 00   110    10 -9999   160    90     2 -9999 -9999
1975 04 17 06   140     0 -9999   180   110     7 -9999 -9999
1975 04 17 21    80    30 -9999    40    30     8 -9999 -9999
1975 04 18 00    30    30 -9999   360    40     8 -9999 -9999
1975 04 18 06   -10   -20 -9999   340    70     8 -9999    50
1975 04 18 09   -10   -20 -9999 -9999 -9999     8 -9999 -9999
1975 04 18 21   -20   -20 -9999    20    20     8 -9999 -9999
1975 04 19 00   -20   -40 -9999    20    30     8 -9999    20
1975 04 19 06    50    20 -9999    20    20     8 -9999 -9999
1975 04 19 09    60   -30 -9999    40    50     4 -9999 -9999
1975 04 19 21     0   -50 -9999   140    20     0 -9999 -9999
1975 04 20 00    30   -50 -9999   250    20     2 -9999 -9999
1975 04 20 21    50   -20 -9999   140    50     2 -9999 -9999
1975 04 21 00    80   -20 -9999   160    30     6 -9999 -9999
1975 04 21 09   160   -40 -9999   220    60     3 -9999 -9999
1975 04 21 21    90    20 -9999   180    30     2 -9999 -9999
1975 04 22 00   110    20 -9999   160    40     1 -9999 -9999
1975 04 22 06   190   -80 -9999 -9999 -9999     0 -9999 -9999
1975 04 22 09   200   -80 -9999     0     0     0 -9999 -9999
1975 04 22 21   140 -9999 -9999   140    30     7 -9999 -9999
1975 04 23 00   160    10 -9999    20    30     7 -9999 -9999
1975 04 23 06   220    20 -9999   250    30     2 -9999 -9999
1975 04 23 09   220     0 -9999   160    70     6 -9999 -9999
1975 04 23 21   130   -40 -9999   140    30     1 -9999 -9999
1975 04 24 00   110    80 -9999    20    40     8 -9999 -9999
1975 04 24 06    90   -40 -9999    20    80     8 -9999 -9999
1975 04 24 09    40   -10 -9999    90    50     8 -9999 -9999
1975 04 24 21    50   -50 -9999   140    30     7 -9999 -9999
1975 04 25 00    80   -80 -9999   160    20     1 -9999 -9999
1975 04 25 06   170   -90 -9999   270    50     0 -9999 -9999
1975 04 25 09   160   -70 -9999   220    50     0 -9999 -9999
1975 04 25 21   130  -100 -9999   200    40     0 -9999 -9999
1975 04 26 00   100     0 -9999   340    80     8 -9999 -9999
1975 04 26 06   100  -200 -9999   360    80     8 -9999 -9999
1975 04 26 09   110  -210 -9999    20    60     8 -9999 -9999
1975 04 27 00    80  -160 -9999    40    30     7 -9999 -9999
1975 04 27 06   130  -180 -9999   250    30     7 -9999 -9999
1975 04 27 09   140  -150 -9999   360    40     8 -9999 -9999
1975 04 27 21    40  -130 -9999   110    20     6 -9999 -9999
1975 04 28 00    70   -90 -9999    40    10     7 -9999 -9999
1975 04 28 06   150  -120 -9999    20    20     7 -9999 -9999
1975 04 28 09   160   -90 -9999   220    30     7 -9999 -9999
1975 04 28 21    90   -40 -9999   160    20     7 -9999 -9999
1975 04 29 00   130     0 -9999     0     0     7 -9999 -9999
1975 04 29 09   180   -70 -9999    40    50     7 -9999 -9999
1975 04 29 21    80    30 -9999   180    30     3 -9999 -9999
1975 04 30 00   120 -9999 -9999     0     0     7 -9999 -9999
1975 04 30 09   160   -70 -9999    20    60     3 -9999 -9999
1975 04 30 21    80  -180 -9999    70    30     3 -9999 -9999
1975 05 01 00   100     0 -9999    40    20     7 -9999 -9999
1975 05 01 06   160    10 -9999     0     0     7 -9999 -9999
1975 05 01 09   140     0 -9999   180    40     8 -9999 -9999
1975 05 01 21   100    10 -9999   170    20     7 -9999 -9999
1975 05 02 00    80    20 -9999   360    20     8 -9999 -9999
1975 05 02 09    20    20 -9999    40    60     8 -9999 -9999
1975 05 02 21    20   -10 -9999    40    40     8 -9999 -9999
1975 05 03 09    40   -10 -9999    40    30     6 -9999 -9999
1975 05 03 21    20   -50 -9999   180    30     0 -9999 -9999
1975 05 04 00    40   -70 -9999   180    30     0 -9999 -9999
1975 05 04 06   130   -60 -9999 -9999 -9999     1 -9999 -9999
1975 05 04 09   140   -80 -9999    70    50     1 -9999 -9999
1975 05 04 21    60   -70 -9999   160    50     0 -9999 -9999
1975 05 05 00   100   -70 -9999   110    20     1 -9999 -9999
1975 05 05 06   180  -120 -9999   160    50     0 -9999 -9999
1975 05 05 09   180  -160 -9999   160   120     0 -9999 -9999
1975 05 05 21   130   -50 -9999   160    60     0 -9999 -9999
1975 05 06 00   150   -30 -9999   160    70     0 -9999 -9999
1975 05 06 06   200   -40 -9999    20    20     0 -9999 -9999
1975 05 06 09   210    30 -9999   200    30     0 -9999 -9999
1975 05 07 09   210    20 -9999   140    70     6 -9999 -9999
1975 05 07 21   150   -20 -9999   140    70     1 -9999 -9999
1975 05 08 00   170   -20 -9999   160    60     7 -9999 -9999
1975 05 08 06   190   -20 -9999   160   100     7 -9999 -9999
1975 05 08 09   180   -20 -9999   160    90     8 -9999 -9999
1975 05 08 21   100     0 -9999   180    90     8 -9999 -9999
1975 05 09 00    80    50 -9999   140    20     8 -9999    20
1975 05 09 06   110    80 -9999   220    40     7 -9999    10
1975 05 09 09   140    60 -9999   180    50     5 -9999 -9999
1975 05 09 21    90    40 -9999   180    30     2 -9999 -9999
1975 05 10 00   120    50 -9999   160    30     1 -9999 -9999
1975 05 10 06   190    10 -9999   360    20     0 -9999 -9999
1975 05 10 09   190    10 -9999   360    60     8 -9999 -9999
1975 05 10 21    80     0 -9999   140    20     1 -9999 -9999
1975 05 11 00   120    30 -9999   140    20     3 -9999 -9999
1975 05 11 06   110   -30 -9999     0     0     8 -9999 -9999
1975 05 11 09   210    20 -9999   270    40     7 -9999 -9999
1975 05 12 00   100    70 -9999   200    40     7 -9999 -9999
1975 05 12 06   180   -10 -9999   360    20     6 -9999 -9999
1975 05 12 09   190  -120 -9999   360    50     7 -9999 -9999
1975 05 13 00   120   -70 -9999     0     0     0 -9999 -9999
1975 05 13 06   170  -110 -9999   320    50     2 -9999 -9999
1975 05 13 09   180  -150 -9999   320    20     7 -9999 -9999
1975 05 13 21   120   -60 -9999   160    20     1 -9999 -9999
1975 05 14 00   150   -20 -9999    90    20     7 -9999 -9999
1975 05 14 06   180  -130 -9999    40    40     8 -9999 -9999
1975 05 14 21    70   -20 -9999   140    30     0 -9999 -9999
1975 05 15 00   120   -10 -9999     0     0     3 -9999 -9999
1975 05 15 06    70    10 -9999   360    60     8 -9999    -1
1975 05 15 09    70   -10 -9999   140    70     8 -9999 -9999
1975 05 15 21    50 -9999 -9999   230    50     7 -9999 -9999
1975 05 16 00    90  -120 -9999   220    60     0 -9999 -9999
1975 05 16 06   160  -100 -9999   360    30     0 -9999 -9999
1975 05 16 09   190  -160 -9999   320    80     2 -9999 -9999
1975 05 16 21    60  -100 -9999   110    20     6 -9999 -9999
1975 05 17 00   110  -160 -9999   340    30     7 -9999 -9999
1975 05 17 06   150  -200 -9999    20    80     2 -9999 -9999
1975 05 17 09   170  -230 -9999    20    70     7 -9999 -9999
1975 05 17 21    60  -120 -9999     0     0     1 -9999 -9999
1975 05 18 00   110  -140 -9999   140    20     1 -9999 -9999
1975 05 18 06   170  -130 -9999     0     0     2 -9999 -9999
1975 05 18 09   290  -130 -9999 -9999 -9999 -9999 -9999 -9999
1975 05 19 00   150  -140 -9999 -9999 -9999     2 -9999 -9999
1975 05 19 06   220   -90 -9999   220    50     4 -9999 -9999
1975 05 19 09   210  -180 -9999   220    50     7 -9999 -9999
1975 05 19 21   130    30 -9999   160    50     8 -9999 -9999
1975 05 20 00   160    40 -9999     0     0     7 -9999 -9999
1975 05 20 06   220   -40 -9999    40    40     2 -9999 -9999
1975 05 20 09   230   -50 -9999    20    30     1 -9999 -9999
1975 05 20 21   120  -180 -9999 -9999 -9999 -9999 -9999 -9999
1975 05 21 00   180   -20 -9999   180    50     0 -9999 -9999
1975 05 21 06   220   -40 -9999   360    50     6 -9999 -9999
1975 05 21 09   220   -50 -9999    20    70     7 -9999 -9999
1975 05 22 00   160   -60 -9999     0     0     6 -9999 -9999
1975 05 22 06   200   -70 -9999    40    20     7 -9999 -9999
1975 05 22 09   200   -40 -9999    70    30     7 -9999 -9999
1975 05 22 21   160  -110 -9999   140    60     0 -9999 -9999
1975 05 23 00   190  -120 -9999   160    70     6 -9999 -9999
1975 05 23 06   220   -80 -9999   140    80     7 -9999 -9999
1975 05 23 09   230   -90 -9999   160   100     7 -9999 -9999
1975 05 23 12   100   -80 -9999    20    70     8 -9999    -1
1975 05 24 06   150    50 -9999   220   140     8 -9999 -9999
1975 05 24 09   130    50 -9999   200    90     8 -9999 -9999
1975 05 24 21   110  -170 -9999   200    30     2 -9999 -9999
1975 05 25 00   120    70 -9999   220    30     1 -9999 -9999
1975 05 25 06   210   -40 -9999    20    30     1 -9999 -9999
1975 05 25 09   220   -50 -9999   360    50     1 -9999 -9999
1975 05 25 21   130    10 -9999 -9999 -9999     7 -9999 -9999
1975 05 26 00   150    10 -9999    90    20     7 -9999 -9999
1975 05 26 09   180    30 -9999    10    40     6 -9999 -9999
1975 05 26 21    90  -110 -9999    40    50     1 -9999 -9999
1975 05 27 00    90  -200 -9999 -9999 -9999     5 -9999 -9999
1975 05 27 06   140  -210 -9999    70    30     2 -9999 -9999
1975 05 27 09   160  -270 -9999   360    40     0 -9999 -9999
1975 05 27 12   150  -400 -9999 -9999 -9999     1 -9999 -9999
1975 05 27 21    70  -110 -9999    90    10     1 -9999 -9999
1975 05 28 00   130  -140 -9999    20    20     0 -9999 -9999
1975 05 28 06   190   -90 -9999   340    90     1 -9999 -9999
1975 05 28 09   200  -120 -9999    20    50     1 -9999 -9999
1975 05 28 21    70   -50 -9999     0     0     1 -9999 -9999
1975 05 29 00   140   -30 -9999     0     0     1 -9999 -9999
1975 05 29 06   220   -90 -9999    20   100     1 -9999 -9999
1975 05 29 09   230  -160 -9999    40    70     1 -9999 -9999
1975 05 29 21   120 -9999 -9999   140    40     0 -9999 -9999
1975 05 30 00   170   -40 -9999   180    30     1 -9999 -9999
1975 05 30 06   250   -50 -9999   360    20     3 -9999 -9999
1975 05 30 09   250  -110 -9999    40    20     7 -9999 -9999
1975 05 30 21   150   -90 -9999   160    20     2 -9999 -9999
1975 06 01 00   200     0 -9999     0     0     1 -9999 -9999
1975 06 01 06 -9999 -9999 -9999   250    20     6 -9999 -9999
1975 06 01 09   270   -40 -9999   270    10     3 -9999 -9999
1975 06 01 21   180   -40 -9999 -9999 -9999     6 -9999 -9999
1975 06 02 00   240 -9999 -9999    80    30     6 -9999 -9999
1975 06 02 06   280    20 -9999   360    20     7 -9999 -9999
1975 06 02 09   200    50 -9999   140    70     8 -9999 -9999
1975 06 02 12   150  -170 -9999   340   120     7 -9999 -9999
1975 06 02 21   140    60 -9999     0     0     6 -9999 -9999
1975 06 03 00   160    60 -9999   200    30     5 -9999 -9999
1975 06 03 09   190    60 -9999   110    40     7 -9999 -9999
1975 06 04 00   180    40 -9999   180    30     4 -9999 -9999
1975 06 04 06   250     0 -9999   250    30     7 -9999 -9999
1975 06 04 09   250    10 -9999   270    40     8 -9999 -9999
1975 06 04 21   170     0 -9999    40    40     2 -9999 -9999
1975 06 05 00   180   -50 -9999    40    30     1 -9999 -9999
1975 06 05 09   230  -160 -9999    20    60     1 -9999 -9999
1975 06 05 21   110   -90 -9999   140    20     0 -9999 -9999
1975 06 06 06   250   -90 -9999    20    20     0 -9999 -9999
1975 06 06 21   160  -120 -9999   160    50     0 -9999 -9999
1975 06 07 00   220   -60 -9999   160    30     0 -9999 -9999
1975 06 07 06   260  -170 -9999   140   100     7 -9999 -9999
1975 06 07 09   260  -140 -9999   180    70     6 -9999 -9999
1975 06 07 21   210    20 -9999   180    50     7 -9999 -9999
1975 06 08 00   230    10 -9999   180   130     5 -9999 -9999
1975 06 08 06   250    10 -9999   180   110     8 -9999 -9999
1975 06 09 06   260    80 -9999    20    20     5 -9999 -9999
1975 06 09 09   270    90 -9999   320    20     7 -9999 -9999
1975 06 09 21   140    80 -9999    20    50     8 -9999 -9999
1975 06 10 00   110    90 -9999   360    40     8 -9999    20
1975 06 10 06   150    70 -9999   270    20     8 -9999    -1
1975 06 10 09   170    80 -9999   220    40     5 -9999 -9999
1975 06 10 21   130    30 -9999   160    30     0 -9999 -9999
1975 06 11 00   170    50 -9999   180    20     0 -9999 -9999
1975 06 11 06   250    10 -9999   290    30     0 -9999 -9999
1975 06 11 09   260   -20 -9999   220    20     1 -9999 -9999
1975 06 11 21   180   -20 -9999   160    20     1 -9999 -9999
1975 06 12 00   220    10 -9999   200    30     7 -9999 -9999
1975 06 12 06   290   -30 -9999   290    20     7 -9999 -9999
1975 06 12 09   290    20 -9999   250    20     7 -9999 -9999
1975 06 13 00   230    80 -9999   180    30     6 -9999 -9999
1975 06 13 06   270    70 -9999   180    40     7 -9999 -9999
1975 06 13 09   280    60 -9999   320    40     7 -9999 -9999
1975 06 14 00   230    70 -9999   360    20     8 -9999 -9999
1975 06 14 06   160    50 -9999    40   200     9 -9999 -9999
1975 06 14 09   100    80 -9999    40   120     8 -9999 -9999
1975 06 14 21    70    50 -9999 -9999 -9999     7 -9999 -9999
1975 06 15 00    90    50 -9999    40    60     7 -9999 -9999
1975 06 15 06   150    20 -9999    40    40     6 -9999 -9999
1975 06 15 21   100    40 -9999     0     0     1 -9999 -9999
1975 06 16 00   160    50 -9999   110    20     1 -9999 -9999
1975 06 16 06   210     0 -9999   340    30     2 -9999 -9999
1975 06 16 09   230   -20 -9999   290    10     2 -9999 -9999
1975 06 17 00   190     0 -9999   200    30     1 -9999 -9999
1975 06 17 06   260     0 -9999   270    30     1 -9999 -9999
1975 06 17 09   270   -90 -9999   270    30     3 -9999 -9999
1975 06 17 21   180   -10 -9999   180    30     5 -9999 -9999
1975 06 18 00   200    10 -9999   220    30     3 -9999 -9999
1975 06 18 06   280   -30 -9999   270    20     2 -9999 -9999
1975 06 18 09   280   -50 -9999   270    80     7 -9999 -9999
1975 06 18 21   220   -10 -9999   200    60     1 -9999 -9999
1975 06 19 00   240    20 -9999   220    40     1 -9999 -9999
1975 06 19 06   300   -20 -9999   220    60     2 -9999 -9999
1975 06 19 09   290   -20 -9999   160    70     7 -9999 -9999
1975 06 19 21   210   110 -9999   180    40     4 -9999 -9999
1975 06 20 06   300    80 -9999   200    40     1 -9999 -9999
1975 06 20 21   230    70 -9999   200    30     6 -9999 -9999
1975 06 21 00   250   110 -9999   220    20     7 -9999 -9999
1975 06 21 06   300    80 -9999   160    70     7 -9999 -9999
1975 06 21 09   300   100 -9999   160    60     8 -9999 -9999
1975 06 21 21   170   110 -9999    20    70     8 -9999 -9999
1975 06 22 00   140   140 -9999    40    50     8 -9999    10
1975 06 22 06   210   100 -9999   360    20     3 -9999     1
1975 06 22 09   240   100 -9999   340    30     5 -9999 -9999
1975 06 22 21   170   100 -9999   140    30     7 -9999 -9999
1975 06 23 00   200   120 -9999   180    20     7 -9999 -9999
1975 06 23 09   250    10 -9999   360    50     7 -9999 -9999
1975 06 23 21   210    40 -9999   160    20     8 -9999 -9999
1975 06 24 00   220    70 -9999    70    10     7 -9999    -1
1975 06 24 06   290    70 -9999    40    80     2 -9999 -9999
1975 06 24 09   280    70 -9999    70    30     4 -9999 -9999
1975 06 24 21   200    70 -9999   160    50     2 -9999 -9999
1975 06 25 00   220    70 -9999   160    60     3 -9999 -9999
1975 06 25 06   270    70 -9999    70    20     7 -9999 -9999
1975 06 25 09   250    70 -9999   270    40     7 -9999 -9999
1975 06 25 21   190   100 -9999   160    30     7 -9999 -9999
1975 06 26 00   180   120 -9999   250    50     7 -9999 -9999
1975 06 26 06   200   120 -9999     0     0     7 -9999    -1
1975 06 26 09   250   110 -9999   340    20     7 -9999 -9999
1975 06 27 00   210   120 -9999    70    30     1 -9999 -9999
1975 06 27 06   270    90 -9999   340    30     2 -9999 -9999
1975 06 27 09   270     0 -9999    20    30     7 -9999 -9999
1975 06 27 21   220    20 -9999   140    30     7 -9999 -9999
1975 06 28 00   230    10 -9999   160    20     8 -9999 -9999
1975 06 28 09   260    30 -9999   110    30     7 -9999 -9999
1975 06 29 00   210    50 -9999   220    70     8 -9999 -9999
1975 06 29 06   250    70 -9999   180    70     6 -9999    -1
1975 06 30 00   220    80 -9999     0     0     7 -9999 -9999
1975 06 30 06   250    80 -9999   270    50     7 -9999    -1
1975 06 30 09   250    70 -9999   220    20     7 -9999 -9999
1975 06 30 12   190   -70 -9999   200    80     7 -9999 -9999
1975 07 01 00   200    80 -9999    40    40     7 -9999 -9999
1975 07 01 06   190   110 -9999    40    60     8 -9999    -1
1975 07 01 09   180   120 -9999    40    30     8 -9999 -9999
1975 07 02 00   150   140 -9999    70    20     8 -9999     4
1975 07 02 06   190   140 -9999     0     0     8 -9999    10
1975 07 02 09   200   140 -9999   230    20     7 -9999 -9999
1975 07 03 00   180   140 -9999    40    20     7 -9999 -9999
1975 07 03 06   210   140 -9999   360    10     8 -9999    -1
1975 07 03 09   170   160 -9999   360    30     8 -9999 -9999
1975 07 03 21   160   160 -9999   250    30     8 -9999 -9999
1975 07 04 00   160   150 -9999   320    10     9 -9999   190
1975 07 04 09   200   140 -9999    40    40     2 -9999 -9999
1975 07 05 00     0   -80 10116     0     0     1 -9999    -1
1975 07 05 06   230   100 -9999   340    30     1 -9999 -9999
1975 07 05 09   250    80 -9999     0     0     2 -9999 -9999
1975 07 05 21   170    80 -9999   140    40     0 -9999 -9999
1975 07 06 00   210    90 -9999   140    40     1 -9999 -9999
1975 07 06 06   270    90 -9999   290    10     7 -9999 -9999
1975 07 06 09   260    90 -9999   140    30     8 -9999 -9999
1975 07 06 21 -9999 -9999 -9999    90    20     8 -9999 -9999
1975 07 07 00   150   140 -9999     0     0     8 -9999    30
1975 07 07 06   140   130 -9999    40    30     9 -9999     1
1975 07 07 09   140   130 -9999    70    70     7 -9999 -9999
1975 07 07 12   200   -40 -9999    20   100     6 -9999 -9999
1975 07 07 21   130 -9999 -9999     0     0     7 -9999 -9999
1975 07 08 00   140   110 -9999     0     0     6 -9999    -1
1975 07 08 06   170   110 -9999    20    20     7 -9999    -1
1975 07 08 09   180   100 -9999   220    20     7 -9999 -9999
1975 07 08 21   140   120 -9999     0     0     8 -9999 -9999
1975 07 09 00   140   120 -9999     0     0     8 -9999    20
1975 07 09 06   150   110 -9999     0     0     8 -9999    10
1975 07 09 09   170   110 -9999   180    20     8 -9999 -9999
1975 07 09 18   100   -60 -9999 -9999 -9999     2 -9999 -9999
1975 07 10 00   160   110 -9999   220    30     3 -9999 -9999
1975 07 10 06   230    70 -9999   320    30     6 -9999 -9999
1975 07 10 09   240    60 -9999     0     0     5 -9999 -9999
1975 07 10 21   150    80 -9999   140    40     2 -9999 -9999
1975 07 11 00   200    80 -9999     0     0     1 -9999 -9999
1975 07 11 06   260    20 -9999    20    40     3 -9999 -9999
1975 07 11 09   260    30 -9999    90    90     6 -9999 -9999
1975 07 11 21   160    70 -9999   180    50     1 -9999 -9999
1975 07 12 06   240    50 -9999     0     0     7 -9999     4
1975 07 12 09   270    50 -9999     0     0     2 -9999 -9999
1975 07 12 21   190    40 -9999   180    50     1 -9999 -9999
1975 07 13 00   200    50 -9999   200    30     1 -9999 -9999
1975 07 13 06   290     0 -9999   270    30     2 -9999 -9999
1975 07 13 09   290    20 -9999   320    40     5 -9999 -9999
1975 07 14 00   240    30 -9999   230    30     7 -9999    -1
1975 07 14 06   320     0 -9999   220    60     2 -9999 -9999
1975 07 14 09   310    10 -9999   200    30     6 -9999 -9999
1975 07 14 12   280 -9999 -9999   250    40     1 -9999 -9999
1975 07 14 21   220    20 -9999   160    40     0 -9999 -9999
1975 07 15 00   250    60 -9999   140    20     1 -9999 -9999
1975 07 15 09   340    30 -9999   220    20     1 -9999 -9999
1975 07 16 00   280    40 -9999   200    50     1 -9999 -9999
1975 07 16 06   340    10 -9999   160    90     2 -9999 -9999
1975 07 16 09   330    20 -9999   160    70     4 -9999 -9999
1975 07 16 21   230   100 -9999   160   150     7 -9999 -9999
1975 07 17 00 -9999 -9999 10117   160   140     7 -9999 -9999
1975 07 17 06   300   100 -9999   160   120     2 -9999 -9999
1975 07 17 09   310   100 -9999   160   120     0 -9999 -9999
1975 07 18 00   170    90 -9999    40    30     8 -9999 -9999
1975 07 18 06   220   100 -9999    20    30     7 -9999 -9999
1975 07 18 09   220    80 -9999    20    30     8 -9999 -9999
1975 07 18 21   170    90 -9999    40    20     7 -9999 -9999
1975 07 19 00   180   110 -9999    20    20     7 -9999 -9999
1975 07 19 06   240    90 -9999   360    30     7 -9999    -1
1975 07 19 09   240    60 -9999    20    30     6 -9999 -9999
1975 07 20 00   320   110  9820    70    20     7 -9999 -9999
1975 07 20 06   280    80 -9999   320    20     7 -9999 -9999
1975 07 20 12   190   -40 -9999   360    90     6 -9999 -9999
1975 07 20 21   190   130 -9999   220    50     7 -9999 -9999
1975 07 21 00    90   -30 -9999    40    20     0 -9999 -9999
1975 07 21 06   200 -9999 -9999    40    30     1 -9999 -9999
1975 07 21 09   200   100 -9999    20    30     7 -9999 -9999
1975 07 21 12   220  -150 -9999   270    70     6 -9999 -9999
1975 07 22 00   170    90 -9999     0     0     1 -9999 -9999
1975 07 22 06   250    70 -9999    40    50     7 -9999 -9999
1975 07 22 09   250    50 -9999    40    50     6 -9999 -9999
1975 07 23 00   230    40 -9999   160    40     3 -9999 -9999
1975 07 23 06   250    30 -9999   160    80     7 -9999 -9999
1975 07 23 09   260    40 -9999   180    90     5 -9999 -9999
1975 07 23 21   200    50 -9999   140    20     7 -9999 -9999
1975 07 24 00   220    80 -9999   160    10     6 -9999 -9999
1975 07 24 06   280    50 -9999   360    40     7 -9999 -9999
1975 07 24 09   280    50 -9999    40    20     7 -9999 -9999
1975 07 24 21   190    40 -9999   140    30     6 -9999 -9999
1975 07 25 00   220    90 -9999   140    20     6 -9999 -9999
1975 07 25 06   300    70 -9999 -9999 -9999     6 -9999 -9999
1975 07 25 09   300    60 -9999    40    20     7 -9999 -9999
1975 07 25 21   210    50 -9999   180    40     3 -9999 -9999
1975 07 26 00   250    40 -9999   160    40     2 -9999 -9999
1975 07 26 06   310    20 -9999   160    40     1 -9999 -9999
1975 07 26 09   300    40 -9999   180    80     1 -9999 -9999
1975 07 26 21   240   100 -9999   140    40     7 -9999 -9999
1975 07 27 06   310    90 -9999   360    40     7 -9999 -9999
1975 07 27 09   280   130 -9999   160    40     7 -9999 -9999
1975 07 27 12   200   -70 -9999   290    80     5 -9999 -9999
1975 07 27 21   180   120 -9999    20    70     8 -9999 -9999
1975 07 28 00   160 -9999 -9999 -9999 -9999     8 -9999 -9999
1975 07 28 09   170   150 -9999    40    50     8 -9999 -9999
1975 07 28 12   220   -90 -9999   320    60     1 -9999 -9999
1975 07 28 21 -9999 -9999 -9999   160    20     1 -9999 -9999
1975 07 29 00   190   140 -9999     0     0     1 -9999 -9999
1975 07 29 09   270   100 -9999    20    40     1 -9999 -9999
1975 07 29 21   190   110 -9999   180    30     2 -9999 -9999
1975 07 30 06   280    70 -9999    40    50     1 -9999 -9999
1975 07 30 09   280    40 -9999   360    50     5 -9999 -9999
1975 07 30 18   150    10 -9999    70    70     7 -9999 -9999
1975 07 30 21   180    20 -9999   110    30     1 -9999 -9999
1975 07 31 00   320 -9999 10009 -9999 -9999 -9999 -9999 -9999
1975 07 31 06   270    20 -9999   360    40     7 -9999 -9999
1975 07 31 09   270    60 -9999    40    10     8 -9999 -9999
1975 07 31 21   190    70 -9999   180    20     0 -9999 -9999
1975 08 01 00   220    80 -9999   200    30     1 -9999 -9999
1975 08 01 06   300    60 -9999   250    60     2 -9999 -9999
1975 08 01 09   310    10 -9999   340    40     2 -9999 -9999
1975 08 01 21   220    80 -9999   180    40     1 -9999 -9999
1975 08 02 00   240    70 -9999   180    40     1 -9999 -9999
1975 08 02 06   320    10 -9999   270    40     2 -9999 -9999
1975 08 02 09   310     0 -9999   200    50     2 -9999 -9999
1975 08 03 00   230    90 -9999   200    50     1 -9999 -9999
1975 08 03 06   310    50 -9999   180    80     1 -9999    -1
1975 08 03 09   290    80 -9999   180   100     1 -9999 -9999
1975 08 03 21   220   120 -9999   220    30     1 -9999 -9999
1975 08 04 06   290   220 -9999   140    60     6 -9999 -9999
1975 08 04 09   270   120 -9999   180   100     7 -9999 -9999
1975 08 04 12 -9999 -9999 -9999    20   130     2 -9999 -9999
1975 08 05 06   250   -40 -9999   230    50     4 -9999 -9999
1975 08 05 12   220   -40 -9999   340   100     6 -9999 -9999
1975 08 06 00 -9999 -9999 -9999   340   130     8 -9999 -9999
1975 08 06 21   230   100 -9999    70    20     0 -9999 -9999
1975 08 07 00   250   100 -9999     0     0     1 -9999 -9999
1975 08 07 06   320   100 -9999   180    70     4 -9999 -9999
1975 08 07 09   320   110 -9999   160    30     7 -9999 -9999
1975 08 07 18   170     0 -9999    40    80     0 -9999 -9999
1975 08 07 21   230   150 -9999   210    50     0 -9999 -9999
1975 08 08 06   200   130 -9999   160   120     3 -9999 -9999
1975 08 08 09   300   130 -9999 -9999 -9999     3 -9999 -9999
1975 08 08 18   200   130 -9999   220    90     3 -9999 -9999
1975 08 08 21   200   130 -9999   220    90     3 -9999 -9999
1975 08 09 00 -9999 -9999 -9999   160    10     8 -9999    -1
1975 08 09 21   170   130 -9999     0     0     8 -9999 -9999
1975 08 10 06   200   170 -9999   360    30     7 -9999    10
1975 08 10 09   220   170 -9999    70    70     7 -9999 -9999
1975 08 10 21   180   170 -9999     0     0     8 -9999 -9999
1975 08 11 00   170   170 -9999     0     0     7 -9999    -1
1975 08 11 06   240   120 -9999    40    20     7 -9999 -9999
1975 08 11 09   250    60 -9999 -9999 -9999     7 -9999 -9999
1975 08 11 21   140    60 -9999   140    20     0 -9999 -9999
1975 08 12 00   210    40 -9999     0     0     1 -9999 -9999
1975 08 12 06   270    30 -9999 -9999 -9999     6 -9999 -9999
1975 08 12 09   290     0 -9999    20    40     7 -9999 -9999
1975 08 12 21   190     0 -9999   140    40     0 -9999 -9999
1975 08 13 06   310   -10 -9999   360    20     2 -9999 -9999
1975 08 13 09   300    10 -9999   200    60     5 -9999 -9999
1975 08 13 21   220    10 -9999   180    30     1 -9999 -9999
1975 08 14 21   210    10 -9999   160    40     0 -9999 -9999
1975 08 15 00   260    50 -9999   180    30     0 -9999 -9999
1975 08 15 06   330    20 -9999   270    30     1 -9999 -9999
1975 08 15 09   320    20 -9999   180    50     1 -9999 -9999
1975 08 15 21   220    40 -9999   160    30     0 -9999 -9999
1975 08 16 00   250    30 -9999   200    40     0 -9999 -9999
1975 08 16 09   320     0 -9999   160    70     1 -9999 -9999
1975 08 16 21   200    10 -9999   160    30     1 -9999 -9999
1975 08 17 00   250    20 -9999   180    30     1 -9999 -9999
1975 08 17 06   310    40 -9999   360    50     6 -9999 -9999
1975 08 17 09   300    20 -9999    40    70     7 -9999 -9999
1975 08 17 21   210    70 -9999    20    50     7 -9999 -9999
1975 08 18 00   230    60 -9999    40    60     7 -9999 -9999
1975 08 18 06   290    50 -9999    20    50     1 -9999 -9999
1975 08 18 09   290    50 -9999    40    40     2 -9999 -9999
1975 08 18 21   200    50 -9999   140    60     0 -9999 -9999
1975 08 19 00   230    50 -9999   140    40     1 -9999 -9999
1975 08 19 09   300    30 -9999   180    50     1 -9999 -9999
1975 08 20 00   240    90 -9999   160    20     1 -9999 -9999
1975 08 20 06   300    70 -9999   180    20     4 -9999 -9999
1975 08 20 09   290    80 -9999   140    40     6 -9999 -9999
1975 08 20 21   210    70 -9999    90    30     1 -9999 -9999
1975 08 21 00 -9999 -9999 -9999    70    50     1 -9999 -9999
1975 08 21 06   300    60 -9999   160    30     5 -9999    -1
1975 08 21 09   300    50 -9999   160    60     6 -9999 -9999
1975 08 21 21   230   100 -9999   180    50     1 -9999 -9999
1975 08 22 00   250    80 -9999   160    80     5 -9999 -9999
1975 08 22 06   300    70 -9999   160    60     1 -9999 -9999
1975 08 22 09   300    80 -9999   140    70     2 -9999 -9999
1975 08 23 09   300   110 -9999   230    50     5 -9999 -9999
1975 08 23 21   160   130 -9999   360    30     8 -9999 -9999
1975 08 24 00 -9999 -9999 -9999   360    20     8 -9999     1
1975 08 24 06   230   130 10121   180    20     0 -9999 -9999
1975 08 24 09   180   130 -9999    20    30     7 -9999 -9999
1975 08 24 21   140    80 -9999    40    30     2 -9999 -9999
1975 08 25 00   120   100 -9999    40    30     8 -9999    -1
1975 08 25 09   110   100 -9999    90    70     8 -9999 -9999
1975 08 25 21 -9999 -9999 -9999     0     0     7 -9999 -9999
1975 08 26 00   110   100 -9999   180    40     8 -9999 -9999
1975 08 26 06   120   100 -9999     0     0     8 -9999    20
1975 08 26 09   120    90 -9999     0     0     7 -9999 -9999
1975 08 26 21    90    80 -9999    90    10     1 -9999 -9999
1975 08 27 00   120    80 -9999     0     0 -9999 -9999 -9999
1975 08 27 09     0  -180 10516 -9999 -9999     8 -9999 -9999
1975 08 27 21   140    70 -9999 -9999 -9999     0 -9999 -9999
1975 08 28 06   240    90 -9999     0     0     1 -9999 -9999
1975 08 28 09   250    80 -9999   360    20     1 -9999 -9999
1975 08 29 00   200 -9999 -9999 -9999 -9999     1 -9999 -9999
1975 08 29 06   270    90 -9999   340    20     5 -9999 -9999
1975 08 29 09   270    90 -9999   360    50     2 -9999 -9999
1975 08 29 21   190    70 -9999    90    30     1 -9999 -9999
1975 08 30 00   220 -9999 -9999    90    20     6 -9999 -9999
1975 08 30 09   260   130 -9999   360    70     7 -9999 -9999
1975 08 30 21   180   140 -9999     0     0     7 -9999 -9999
1975 08 31 00 -9999 -9999 -9999     0     0     6 -9999 -9999
1975 08 31 09   210    70 -9999   320    60     6 -9999 -9999
1975 08 31 21   130    90 -9999     0     0     1 -9999 -9999
1975 09 01 00 -9999 -9999 -9999     0     0     5 -9999 -9999
1975 09 01 09   240    20 -9999   290    30     5 -9999 -9999
1975 09 01 21   140    70 -9999   140    30 -9999 -9999 -9999
1975 09 02 00   180   100 -9999    90    20     9 -9999 -9999
1975 09 02 06 -9999 -9999 -9999 -9999 -9999     1 -9999 -9999
1975 09 02 09   250   -40 -9999   140    60     1 -9999 -9999
1975 09 02 21   160     0 -9999   360    20     1 -9999 -9999
1975 09 03 00   180    20 -9999   360    20     7 -9999 -9999
1975 09 03 06   260   120 -9999   200    50     5 -9999 -9999
1975 09 03 09   270    80 -9999   220    50     3 -9999 -9999
1975 09 03 18   110   -80 -9999    90    50     0 -9999 -9999
1975 09 03 21   180    90 -9999 -9999 -9999     2 -9999 -9999
1975 09 04 00   170   130 -9999   340    30     7 -9999 -9999
1975 09 04 06   230    70 -9999   340    50     7 -9999 -9999
1975 09 04 09   240    70 -9999    90    30     8 -9999 -9999
1975 09 05 00   170    60 -9999    90    20     2 -9999 -9999
1975 09 05 06   270    50 -9999   140    60     2 -9999 -9999
1975 09 05 09   260    50 -9999   140   100     1 -9999 -9999
1975 09 05 21   150    70 -9999     0     0     0 -9999 -9999
1975 09 06 00   170    80 -9999     0     0     5 -9999 -9999
1975 09 06 06   260    70 -9999   140    90     1 -9999 -9999
1975 09 06 09   250    70 -9999   140   100     1 -9999 -9999
1975 09 06 21   180   130 -9999   110   130     0 -9999 -9999
1975 09 07 00   190   130 -9999   140   110     7 -9999 -9999
1975 09 07 06   210   150 -9999   110   100     7 -9999    -1
1975 09 07 09   230   140 -9999   110    90     7 -9999 -9999
1975 09 07 21   180   130 -9999   250    20     8 -9999 -9999
1975 09 08 00   170   130 -9999   320    20     7 -9999 -9999
1975 09 08 06   190 -9999 -9999   360    20     7 -9999    -1
1975 09 08 21   110   100 -9999   360    50     8 -9999 -9999
1975 09 09 00   110   100 -9999   360    30     8 -9999 -9999
1975 09 09 06   130    90 -9999    90    30     8 -9999    70
1975 09 09 09   150   100 -9999   290    30     7 -9999 -9999
1975 09 09 21   130   110 -9999     0     0     8 -9999 -9999
1975 09 10 00   130   110 -9999     0     0     8 -9999 -9999
1975 09 10 09   160   100 -9999     0     0     7 -9999 -9999
1975 09 10 21   100    50 -9999   110    30     0 -9999 -9999
1975 09 11 00   120    40 -9999    90    30     2 -9999 -9999
1975 09 11 06   200    60 -9999   340    20     1 -9999 -9999
1975 09 11 09   210    40 -9999   340    10     1 -9999 -9999
1975 09 11 21   130    60 -9999    90    30     0 -9999 -9999
1975 09 12 00   140    60 -9999    90    30     7 -9999 -9999
1975 09 12 06   180    80 -9999     0     0     8 -9999 -9999
1975 09 12 09   180    70 -9999   340    20     8 -9999 -9999
1975 09 12 21   110    40 -9999   220    40     6 -9999 -9999
1975 09 13 00   120    50 -9999   140    50     7 -9999 -9999
1975 09 13 06   200   -10 -9999   140   100     1 -9999 -9999
1975 09 13 09   210    30 -9999   220    80     1 -9999 -9999
1975 09 14 06   240    20 -9999   220    70     1 -9999 -9999
1975 09 14 09   240   -10 -9999   220    50     1 -9999 -9999
1975 09 14 21   170    20 -9999   110    40     2 -9999 -9999
1975 09 15 09   260   -10 -9999   220    50     1 -9999 -9999
1975 09 15 21   170   -10 -9999   110    30     1 -9999 -9999
1975 09 16 00   160    10 -9999   140    30     3 -9999 -9999
1975 09 16 06   230    10 -9999   320    20     2 -9999 -9999
1975 09 16 09   250    20 -9999     0     0     1 -9999 -9999
1975 09 16 21   140    40 -9999   140    30     3 -9999 -9999
1975 09 17 00   170    40 -9999    90    40     0 -9999 -9999
1975 09 17 09   260   -20 -9999     0     0     3 -9999 -9999
1975 09 17 21   160    80 -9999   110    30     1 -9999 -9999
1975 09 18 00   140    90 -9999   220    30     0 -9999    50
1975 09 18 06   200   100 -9999   270    20     3 -9999 -9999
1975 09 18 09   210   100 -9999   340    40     6 -9999 -9999
1975 09 18 21 -9999 -9999 -9999    40    30     7 -9999 -9999
1975 09 19 00   130 -9999 -9999   360    30     7 -9999    -1
1975 09 19 09   120    20 -9999    20    20     7 -9999 -9999
1975 09 19 21    50     0 -9999    40    20     0 -9999 -9999
1975 09 20 00    80     0 -9999    40    20     6 -9999 -9999
1975 09 20 06   160   -10 -9999   340    30     7 -9999 -9999
1975 09 20 09   160   -10 -9999   300   230     7 -9999 -9999
1975 09 20 12   120   -70 -9999    30    40     7 -9999 -9999
1975 09 20 21    90    20 -9999    90    30     6 -9999 -9999
1975 09 21 00   110    30 -9999   110    40     7 -9999 -9999
1975 09 21 06   200   -20 -9999    90    10     6 -9999 -9999
1975 09 21 21   140    10 -9999   110    40     7 -9999 -9999
1975 09 22 00   150    10 -9999   160    40     7 -9999 -9999
1975 09 22 21   140    20 -9999    90    40     2 -9999 -9999
1975 09 23 00   160    30 -9999    90    50     8 -9999 -9999
1975 09 23 06   210     0 -9999   140    60     7 -9999 -9999
1975 09 23 09   210   -10 -9999   160    30     7 -9999 -9999
1975 09 23 12   130  -100 -9999    40    80     6 -9999 -9999
1975 09 23 21   150    70 -9999    70    10     7 -9999 -9999
1975 09 24 06   160    60 -9999   360    70     8 -9999    -1
1975 09 24 09   150    60 -9999    20    70     7 -9999 -9999
1975 09 24 21   120    60 -9999    10    10     3 -9999 -9999
1975 09 25 00   110    50 -9999   110    20     7 -9999 -9999
1975 09 25 06   200    60 -9999     0     0     3 -9999 -9999
1975 09 25 09   200    50 -9999   320    10     7 -9999 -9999
1975 09 25 21   110    50 -9999   110    30     1 -9999 -9999
1975 09 26 00   140 -9999 -9999   110    40     6 -9999 -9999
1975 09 26 06   120    20 -9999   270    40     3 -9999 -9999
1975 09 26 09   220    20 -9999   290    20     5 -9999 -9999
1975 09 26 21   150    30 -9999     0     0     8 -9999 -9999
1975 09 27 00   150    40 -9999    20    20     8 -9999 -9999
1975 09 27 06   180    50 -9999   240    60     7 -9999 -9999
1975 09 27 21   120    50 -9999    20    30     5 -9999 -9999
1975 09 28 00   140    60 -9999   180    40     1 -9999 -9999
1975 09 28 06   190    80 -9999    90    40     8 -9999 -9999
1975 09 28 09   180    80 -9999   140    70     7 -9999 -9999
1975 09 28 12   190   110 10112    90    80     8 -9999    -1
1975 09 28 21   130    20 -9999    40    40     8 -9999 -9999
1975 09 29 00   130   120 -9999   360    20     6 -9999    -1
1975 09 29 06   150   120 -9999   340    30     8 -9999 -9999
1975 09 29 09   140   130 -9999   340    30     8 -9999 -9999
1975 09 29 21   130   120 -9999     0     0     8 -9999 -9999
1975 09 30 00   120   120 -9999   320    40     7 -9999    30
1975 09 30 06   140    90 -9999   360    20     8 -9999 -9999
1975 09 30 09   130    90 -9999   320    20     8 -9999 -9999
1975 09 30 21    90    80 -9999     0     0     5 -9999 -9999
1975 10 01 00    90    70 -9999     0     0     7 -9999 -9999
1975 10 01 06   150    80 -9999   290    20     2 -9999 -9999
1975 10 01 09   160    40 -9999   340    30     2 -9999 -9999
1975 10 01 21    90    20 -9999   360    60     8 -9999 -9999
1975 10 02 00    90    30 -9999    20    20     7 -9999    -1
1975 10 02 06   110    40 -9999    20    20     7 -9999     4
1975 10 02 09   110   -20 -9999   320    30     7 -9999 -9999
1975 10 02 12   200   180 10136     0     0     5 -9999 -9999
1975 10 02 21    40   -20 -9999   110    30     1 -9999 -9999
1975 10 03 06   140   -40 -9999   250    30     1 -9999 -9999
1975 10 03 09   150   -70 -9999   320    30     1 -9999 -9999
1975 10 04 00    90   -20 -9999   140    30     5 -9999 -9999
1975 10 04 09   190   -60 -9999   250    30     1 -9999 -9999
1975 10 04 21    90   -40 -9999   140    30     1 -9999 -9999
1975 10 05 00   100    50 -9999   110    40     2 -9999 -9999
1975 10 05 06   170   -40 -9999   340    20     1 -9999 -9999
1975 10 05 09   170   -70 -9999   320    40     1 -9999 -9999
1975 10 05 21    70   -60 -9999    70    40     0 -9999 -9999
1975 10 06 00    90   -80 -9999    70    30     1 -9999 -9999
1975 10 06 09   140  -140 -9999   360    50     1 -9999 -9999
1975 10 06 21    60   -50 -9999   110    30     0 -9999 -9999
1975 10 07 00    60   -50 -9999   140    30     0 -9999 -9999
1975 10 07 09   160   -70 -9999    40    30     1 -9999 -9999
1975 10 07 21    90   -60 -9999   110    30     0 -9999 -9999
1975 10 08 00    90   -40 -9999    90    40     1 -9999 -9999
1975 10 08 06   170   -60 -9999   340    30     1 -9999 -9999
1975 10 08 09   170   -60 -9999   340    30     1 -9999 -9999
1975 10 08 21    80   -60 -9999   110    40     0 -9999 -9999
1975 10 09 00    90 -9999 -9999   110    40     1 -9999 -9999
1975 10 09 09   170   -70 -9999    10    50     7 -9999 -9999
1975 10 09 21   110    10 -9999    70    20     8 -9999 -9999
1975 10 10 00 -9999 -9999 -9999    40    50     8 -9999 -9999
1975 10 10 09   150  -100 -9999    20    90     8 -9999 -9999
1975 10 10 21    70   -70 -9999   110    40     0 -9999 -9999
1975 10 11 00    70   -70 -9999    40    30     2 -9999 -9999
1975 10 11 09   150   -20 -9999   360    20     3 -9999 -9999
1975 10 11 21    90    10 -9999    90    30     1 -9999 -9999
1975 10 12 06   170    40 -9999     0     0     7 -9999 -9999
1975 10 12 09   160    30 -9999    20    30     7 -9999 -9999
1975 10 12 12    80  -130 -9999   360    90     1 -9999 -9999
1975 10 12 21   100    60 -9999     0     0     2 -9999 -9999
1975 10 13 00   100    60 -9999    20    20     7 -9999 -9999
1975 10 13 06   100    90 -9999   340    10     8 -9999    20
1975 10 13 21    80    80 -9999   340    20     9 -9999 -9999
1975 10 14 00    80    70 -9999    90    20     1 -9999    20
1975 10 14 06   120    70 -9999   340    20     7 -9999 -9999
1975 10 14 09   130    60 -9999   360    20     2 -9999 -9999
1975 10 14 21    60    10 -9999   110    40     0 -9999 -9999
1975 10 15 00    60   -10 -9999   110    30     1 -9999 -9999
1975 10 15 06   150   -30 -9999   320    20     1 -9999 -9999
1975 10 15 09   150   -10 -9999   320    30     1 -9999 -9999
1975 10 15 21    60     0 -9999    90    30     0 -9999 -9999
1975 10 16 06   150   -20 -9999     0     0     1 -9999 -9999
1975 10 16 09   150   -10 -9999    40    20     1 -9999 -9999
1975 10 16 21    70   -40 -9999   110    60     0 -9999 -9999
1975 10 17 00    60   -30 -9999    90    10     0 -9999    -1
1975 10 17 06   180   -20 -9999   320    10     0 -9999 -9999
1975 10 17 09   170   -10 -9999   360    20     0 -9999 -9999
1975 10 17 21    60   -10 -9999   160    20     0 -9999 -9999
1975 10 18 00    50     0 -9999    90    20     0 -9999 -9999
1975 10 18 06   160    30 -9999     0     0     0 -9999 -9999
1975 10 18 09   150    20 -9999    20    30     1 -9999 -9999
1975 10 18 21    80    20 -9999   110    40     0 -9999 -9999
1975 10 19 00    70     0 -9999    70    30     1 -9999 -9999
1975 10 19 06   160    40 10133   290    20     1 -9999 -9999
1975 10 19 09   160     0 -9999   160    70     2 -9999 -9999
1975 10 19 12    10  -120 -9999    90    40     1 -9999 -9999
1975 10 20 00   110    30 -9999   140    70     7 -9999 -9999
1975 10 20 06   130    50 -9999    20    30     8 -9999 -9999
1975 10 20 09   130    50 -9999   340    20     7 -9999 -9999
1975 10 20 21    80    70 -9999   320    20     8 -9999 -9999
1975 10 21 00    80    70 -9999   320    20     8 -9999    -1
1975 10 21 09    50    20 -9999    20    60     8 -9999 -9999
1975 10 21 21    20   -10 -9999   340    30     7 -9999 -9999
1975 10 22 00    10   -60 -9999    20    30     7 -9999 -9999
1975 10 22 06    20  -130 -9999   360    30     8 -9999 -9999
1975 10 22 09    40  -130 -9999   360    30     3 -9999 -9999
1975 10 22 21   -10   -50 -9999   140    30     1 -9999 -9999
1975 10 23 09    60   -40 -9999    20    40     7 -9999 -9999
1975 10 23 21   -10   -40 -9999    40    10     3 -9999 -9999
1975 10 24 06   100   -20 -9999   200    30     1 -9999 -9999
1975 10 24 09   110   -20 -9999     0     0     7 -9999 -9999
1975 10 24 21    60     0 -9999   200    30     7 -9999 -9999
1975 10 25 00    60     0 -9999    40    30     7 -9999 -9999
1975 10 25 06    70    20 -9999   270    10     7 -9999 -9999
1975 10 25 09    90   -20 -9999   360    30     7 -9999 -9999
1975 10 25 21    20     0 -9999   140    20     6 -9999 -9999
1975 10 26 09    90    20 -9999   320    40     7 -9999 -9999
1975 10 26 21 -9999 -9999 -9999     0     0     6 -9999 -9999
1975 10 27 09    90   -90 -9999   360    30     7 -9999 -9999
1975 10 27 21    20   -70 -9999   140    30     1 -9999 -9999
1975 10 28 00    10   -50 -9999 -9999 -9999     1 -9999 -9999
1975 10 28 09    80  -100 -9999   360    40     1 -9999 -9999
1975 10 29 00   -20  -100 -9999    90    20     2 -9999 -9999
1975 10 29 06    90  -120 -9999   320    30     2 -9999 -9999
1975 10 29 09    80  -110 -9999   340    30     0 -9999 -9999
1975 10 29 18   -30  -250 -9999    90    60     1 -9999 -9999
1975 10 29 21     0  -130 -9999   140    40     0 -9999 -9999
1975 10 30 00 -9999 -9999 -9999 -9999 -9999     0 -9999 -9999
1975 10 30 06   140   -30 -9999   220    40     3 -9999 -9999
1975 10 30 09   110   -80 -9999    40    50     7 -9999 -9999
1975 10 31 06   110     0 -9999   340    40     5 -9999 -9999
1975 10 31 09   110   -10 -9999    20    40     7 -9999 -9999
1975 10 31 21    30   -10 -9999    40    20     2 -9999 -9999
1975 11 01 00    20   -20 -9999     0     0     1 -9999 -9999
1975 11 01 06   120    20 -9999     0     0     1 -9999 -9999
1975 11 01 09   120    10 -9999     0     0     1 -9999 -9999
1975 11 01 21    70     0 -9999   110    30     5 -9999 -9999
1975 11 02 06    50    40 -9999    20    30     8 -9999    10
1975 11 02 09    40    30 -9999   360    20     8 -9999 -9999
1975 11 02 21    20    20 -9999   320    30     9 -9999 -9999
1975 11 03 00    20    10 -9999   270    20     8 -9999    30
1975 11 03 06    60    30 -9999    20    20     7 -9999    -1
1975 11 03 09    80    20 -9999   270    20     6 -9999 -9999
1975 11 03 21    20   -20 -9999    90    30     0 -9999 -9999
1975 11 04 06    90   -10 -9999   250    30     1 -9999 -9999
1975 11 04 09    90   -20 -9999   340    20     1 -9999 -9999
1975 11 04 21    10   -70 -9999   110    30     0 -9999 -9999
1975 11 05 00     0   -70 -9999   110    30     0 -9999 -9999
1975 11 05 06   100   -20 -9999     0     0     1 -9999 -9999
1975 11 05 09    90   -20 -9999   160    40     1 -9999 -9999
1975 11 05 21    30   -20 -9999   110    30     0 -9999 -9999
1975 11 06 00    10   -20 -9999    90    20     1 -9999 -9999
1975 11 06 06    90    20 -9999   340    20     1 -9999 -9999
1975 11 06 09    80    20 -9999   360    50     1 -9999 -9999
1975 11 06 12    60    40 10251    40    30     0 -9999 -9999
1975 11 06 21    10   -20 -9999    90    30     0 -9999 -9999
1975 11 07 00    20   -30 -9999    90    20     1 -9999 -9999
1975 11 07 06    80    10 -9999   220    20     7 -9999 -9999
1975 11 07 21    40     0 -9999     0     0     7 -9999 -9999
1975 11 08 00    30    10 -9999    40    20     7 -9999    -1
1975 11 08 06    70     0 -9999     0     0     4 -9999 -9999
1975 11 08 09    70     0 -9999     0     0     2 -9999 -9999
1975 11 08 21    10   -10 -9999     0     0     0 -9999 -9999
1975 11 09 00    20   -10 -9999    70    30     7 -9999 -9999
1975 11 09 03   -50 -9999 -9999    70    70     7 -9999 -9999
1975 11 09 06    50    10 -9999   340    40     8 -9999    -1
1975 11 09 09    30    10 -9999   360    20     8 -9999 -9999
1975 11 09 21    20    10 -9999    20    50     8 -9999 -9999
1975 11 10 00    10     0 -9999    20    40     8 -9999    10
1975 11 10 06    30     0 -9999   360    40     7 -9999     4
1975 11 10 09    20   -20 -9999   340    40     3 -9999 -9999
1975 11 10 21     0   -40 -9999    20    20     5 -9999 -9999
1975 11 11 00   -10  -180 -9999    40    40     7 -9999 -9999
1975 11 11 06 -9999 -9999 -9999   340    30     7 -9999 -9999
1975 11 11 09    30   -90 -9999   250    20     7 -9999 -9999
1975 11 11 21   -40   -90 -9999   140    30     0 -9999 -9999
1975 11 12 00   -50  -130 -9999    90    30     1 -9999 -9999
1975 11 12 06    40  -160 -9999   290    20     2 -9999 -9999
1975 11 12 09    40   -90 -9999     0     0     1 -9999 -9999
1975 11 12 21   -30  -120 -9999   110    20     0 -9999 -9999
1975 11 13 00   -30  -120 -9999   110    40     1 -9999 -9999
1975 11 13 06    70  -130 -9999   180    20     2 -9999 -9999
1975 11 13 09    70  -150 -9999   220    10     2 -9999 -9999
1975 11 13 21   -10   -60 -9999   110    20     0 -9999 -9999
1975 11 14 00   -20   -70 -9999   140    30     0 -9999 -9999
1975 11 14 06    80   -30 -9999   250    50     0 -9999 -9999
1975 11 14 09    70   -30 -9999   220    30     0 -9999 -9999
1975 11 14 21   -10   -50 -9999   110    30     2 -9999 -9999
1975 11 15 00   -30   -60 -9999     0     0     3 -9999 -9999
1975 11 15 09    60   -20 -9999   220    20     1 -9999 -9999
1975 11 15 21   -20   -50 -9999    40    30     0 -9999 -9999
1975 11 16 00   -30   -50 -9999    90    30     2 -9999 -9999
1975 11 16 06    30   -70 -9999   360    50     7 -9999 -9999
1975 11 16 09    10  -100 -9999    20    50     7 -9999 -9999
1975 11 16 21   -30  -160 -9999    20    30     3 -9999 -9999
1975 11 17 00   -30  -160 -9999    20    40     7 -9999 -9999
1975 11 17 09   -20  -150 -9999   360    40     2 -9999 -9999
1975 11 17 21   -90  -190 -9999   140    30     1 -9999 -9999
1975 11 18 00  -100 -9999 -9999   140    20     1 -9999 -9999
1975 11 18 06   -20  -160 -9999   360    20     1 -9999 -9999
1975 11 18 09   -10  -170 -9999   360    30     1 -9999 -9999
1975 11 18 21   -50  -140 -9999   140    30     0 -9999 -9999
1975 11 19 00   -50  -150 -9999   110    30     1 -9999 -9999
1975 11 19 09    20  -140 -9999     0     0     1 -9999 -9999
1975 11 20 00   -50  -130 -9999   250    20     1 -9999 -9999
1975 11 20 06    10  -100 -9999   290    50     0 -9999 -9999
1975 11 20 21   -70  -160 -9999    40    20     0 -9999 -9999
1975 11 21 06   -40  -180 -9999   360    60     1 -9999 -9999
1975 11 21 09   -60  -270 -9999   360    80     1 -9999 -9999
1975 11 21 21  -150  -270 -9999    20    30     0 -9999 -9999
1975 11 22 06  -100  -290 -9999   270    20     0 -9999 -9999
1975 11 22 21  -100  -240 -9999   170    40     0 -9999 -9999
1975 11 23 00  -120  -250 -9999   140    30     0 -9999 -9999
1975 11 23 06    20  -230 -9999   220    20     0 -9999 -9999
1975 11 23 09    10  -160 -9999    40    30     0 -9999 -9999
1975 11 23 21  -100  -200 -9999   180    40     0 -9999 -9999
1975 11 24 00   -80  -240 -9999   160    30     7 -9999 -9999
1975 11 24 06   -50  -220 -9999   340    40     2 -9999 -9999
1975 11 24 09   -50  -270 -9999   340    50     2 -9999 -9999
1975 11 24 21  -110  -250 -9999    90    20     0 -9999 -9999
1975 11 25 00  -120  -240 -9999   110    30     1 -9999 -9999
1975 11 25 06   -20  -300 -9999   220    20     1 -9999 -9999
1975 11 25 09   -30  -240 -9999   220    30     0 -9999 -9999
1975 11 25 21   -50  -160 -9999   110    30     0 -9999 -9999
1975 11 26 00   -50  -170 -9999   110    40     0 -9999 -9999
1975 11 26 21   -50  -210 -9999    40    30     0 -9999 -9999
1975 11 27 00   -60  -200 -9999    40    30     6 -9999 -9999
1975 11 27 06 -9999 -9999 -9999   290    50     1 -9999 -9999
1975 11 27 09     0  -170 -9999   340    40     2 -9999 -9999
1975 11 27 21   -50  -190 -9999   140    40     0 -9999 -9999
1975 11 28 00   -50  -190 -9999   140    40     0 -9999 -9999
1975 11 28 06    20  -130 -9999     0     0     1 -9999 -9999
1975 11 28 09    20  -140 -9999   340    40     0 -9999 -9999
1975 11 28 21   -50  -180 -9999   160    30     0 -9999 -9999
1975 11 29 00   -40  -200 -9999   140    40     1 -9999 -9999
1975 11 29 06    50  -190 -9999   220    50     1 -9999 -9999
1975 11 29 21   -20  -160 -9999   110    40     0 -9999 -9999
1975 11 30 00   -20  -180 -9999   110    40     1 -9999 -9999
1975 11 30 06    90  -240 -9999   180    60     0 -9999 -9999
1975 11 30 09    70  -130 -9999   180    30     1 -9999 -9999
1975 11 30 18  -150  -330 -9999     0     0     0 -9999 -9999
1975 11 30 21   -40  -160 -9999    70    40     4 -9999 -9999
1975 12 01 00   -30  -150 -9999    40    60     1 -9999 -9999
1975 12 01 06    30  -160 -9999    20    20     2 -9999 -9999
1975 12 01 09    10  -150 -9999     0     0     1 -9999 -9999
1975 12 01 21   -60  -180 -9999    90    20     0 -9999 -9999
1975 12 02 00   -30  -210 -9999    70    40     7 -9999 -9999
1975 12 02 06    20  -160 -9999   290    20     7 -9999 -9999
1975 12 02 09   -20  -130 -9999     0     0     7 -9999 -9999
1975 12 02 21   -70  -140 -9999     0     0     7 -9999 -9999
1975 12 03 00   -80  -180 -9999   140    20     0 -9999 -9999
1975 12 03 06     0  -190 -9999    40    70     7 -9999 -9999
1975 12 03 09   -20  -230 -9999    20    40     3 -9999 -9999
1975 12 03 21   -80  -180 -9999    90    20     0 -9999 -9999
1975 12 04 00   -90  -170 -9999   110    10     0 -9999 -9999
1975 12 04 06     0  -170 -9999   360    70     1 -9999 -9999
1975 12 04 09 -9999 -9999 -9999    20    70     1 -9999 -9999
1975 12 04 21   -60  -210 -9999   160    20     0 -9999 -9999
1975 12 05 09   -60  -160 -9999    20    30     1 -9999 -9999
1975 12 05 21  -110  -150 -9999     0     0     0 -9999 -9999
1975 12 06 00  -100  -140 -9999    70    20     3 -9999 -9999
1975 12 06 06   -30  -160 -9999    20    30     7 -9999 -9999
1975 12 06 09   -60  -220 -9999    40    60     7 -9999 -9999
1975 12 06 21   -90  -220 -9999     0     0     7 -9999 -9999
1975 12 07 06  -110  -120 -9999     0     0     8 -9999     5
1975 12 07 21  -170  -180 -9999     0     0     7 -9999 -9999
1975 12 08 00  -150  -160 -9999     0     0     7 -9999 -9999
1975 12 08 06  -130  -160 -9999    20    20     8 -9999 -9999
1975 12 08 09  -130  -150 -9999     0     0     7 -9999 -9999
1975 12 08 12  -160  -280 -9999    20    20     0 -9999 -9999
1975 12 08 21  -160  -180 -9999    90    30     0 -9999 -9999
1975 12 09 00  -180  -210 -9999    70    40     1 -9999 -9999
1975 12 09 06  -130  -160 -9999     0     0     7 -9999 -9999
1975 12 09 09  -150  -160 -9999     0     0     3 -9999 -9999
1975 12 09 21  -180  -210 -9999    40    10     6 -9999 -9999
1975 12 10 00  -200  -210 -9999    40    20     7 -9999 -9999
1975 12 10 06  -150  -200 -9999   360    20     3 -9999     0
1975 12 10 09  -160  -190 -9999   360    10     6 -9999 -9999
1975 12 10 21     0  -180 -9999   200   200     8 -9999 -9999
1975 12 11 00  -230  -260 -9999   110    20     0 -9999 -9999
1975 12 11 06  -130  -190 -9999   220    10     0 -9999 -9999
1975 12 11 09  -150  -180 -9999     0     0     1 -9999 -9999
1975 12 11 21  -220  -250 -9999    90    30     0 -9999 -9999
1975 12 12 00  -200  -240 -9999     0     0     1 -9999 -9999
1975 12 12 06  -160  -190 -9999   320    20     8 -9999 -9999
1975 12 12 09  -160  -170 -9999   320    20     8 -9999 -9999
1975 12 12 21  -260  -280 -9999    90    20     0 -9999 -9999
1975 12 13 00  -240  -270 -9999    90    30     0 -9999 -9999
1975 12 13 06  -160  -220 -9999     0     0     1 -9999 -9999
1975 12 13 09  -160  -220 -9999     0     0     1 -9999 -9999
1975 12 13 21  -230  -260 -9999    90    30     0 -9999 -9999
1975 12 14 00  -240  -270 -9999    90    30     0 -9999 -9999
1975 12 14 06  -130  -220 -9999     0     0     0 -9999 -9999
1975 12 14 09  -140  -220 -9999     0     0     0 -9999 -9999
1975 12 14 21  -200  -230 -9999    90    30     0 -9999 -9999
1975 12 15 00  -220  -250 -9999     0     0     0 -9999 -9999
1975 12 15 06  -110  -220 -9999   220    20     0 -9999 -9999
1975 12 15 09  -110  -250 -9999     0     0     0 -9999 -9999
1975 12 15 21  -160  -230 -9999   110    40     0 -9999 -9999
1975 12 16 00  -170  -240 -9999   110    30     0 -9999 -9999
1975 12 16 06 -9999 -9999 -9999   220    20     0 -9999 -9999
1975 12 16 09   -70  -230 -9999     0     0     0 -9999 -9999
1975 12 16 21  -150  -240 -9999   180    30     0 -9999 -9999
1975 12 17 00  -160  -220 -9999   160    10     0 -9999 -9999
1975 12 17 06  -130  -150 -9999   160    70     3 -9999 -9999
1975 12 17 09   -90  -180 -9999   180    30     1 -9999 -9999
1975 12 17 21  -130  -170 -9999     0     0     7 -9999 -9999
1975 12 18 00     0  -180 10117   300 -9999     8 -9999 -9999
1975 12 18 06   -70  -200 -9999   140    10     0 -9999 -9999
1975 12 18 09   -60  -170 -9999     0     0     0 -9999 -9999
1975 12 18 12   -40  -200 -9999     0     0     8 -9999 -9999
1975 12 18 21  -120  -180 -9999   110    50     0 -9999 -9999
1975 12 19 00  -150  -200 -9999    90    30     1 -9999 -9999
1975 12 19 06   -70  -160 -9999    40    30     1 -9999 -9999
1975 12 19 09   -80  -180 -9999    20    20     7 -9999 -9999
1975 12 19 21  -190  -240 -9999    70    20     0 -9999 -9999
1975 12 20 00  -180  -230 -9999    40    30     0 -9999 -9999
1975 12 20 06   -70  -220 -9999     0     0     0 -9999 -9999
1975 12 20 09   -80  -170 -9999     0     0     0 -9999 -9999
1975 12 21 00  -140  -190 -9999    90    30     0 -9999 -9999
1975 12 21 06   -10  -210 -9999     0     0     0 -9999 -9999
1975 12 21 09   -10  -130 -9999     0     0     0 -9999 -9999
1975 12 21 21   -90  -160 -9999   140    30     0 -9999 -9999
1975 12 22 00  -100  -180 -9999   250    10     1 -9999 -9999
1975 12 22 09   -30  -140 -9999     0     0     1 -9999 -9999
1975 12 22 21  -120  -190 -9999   110    30     0 -9999 -9999
1975 12 23 00  -130  -200 -9999    70    20     0 -9999 -9999
1975 12 23 09    10  -120 -9999    40    20     0 -9999 -9999
1975 12 23 12  -100  -300 -9999   360    20     6 -9999 -9999
1975 12 23 21   -90  -180 -9999   140    50     0 -9999 -9999
1975 12 24 00   -80  -190 -9999   140    50     0 -9999 -9999
1975 12 24 06     0  -140 -9999   200    20     6 -9999 -9999
1975 12 24 09    10  -140 -9999     0     0     1 -9999 -9999
1975 12 24 21   -80  -190 -9999    90    30     0 -9999 -9999
1975 12 25 00   -70  -170 -9999   110    40     1 -9999 -9999
1975 12 25 06   -10  -120 -9999   220    40     2 -9999 -9999
1975 12 25 09   -20  -110 -9999   270    50     1 -9999 -9999
1975 12 25 21  -110  -150 -9999    90    20     2 -9999 -9999
1975 12 26 00  -100  -170 -9999    40    60     6 -9999 -9999
1975 12 26 06   -70  -140 -9999    20    50     0 -9999 -9999
1975 12 26 09   -70  -170 -9999   360    70     0 -9999 -9999
1975 12 26 21  -150  -190 -9999   110    40     0 -9999 -9999
1975 12 27 00  -170  -230 -9999    90    20     0 -9999 -9999
1975 12 27 06   -40  -190 -9999   200    20     0 -9999 -9999
1975 12 27 09   -20  -210 -9999     0     0     0 -9999 -9999
1975 12 27 21  -130  -210 -9999    90    40     0 -9999 -9999
1975 12 28 00  -130  -200 -9999   110    30     7 -9999 -9999
1975 12 28 06   -50  -160 -9999   320    10     2 -9999 -9999
1975 12 28 09   -50  -150 -9999     0     0     1 -9999 -9999
1975 12 28 21  -130  -160 -9999    40    10     2 -9999 -9999
1975 12 29 00  -130  -140 -9999   110    20     0 -9999 -9999
1975 12 29 06   -40  -140 -9999   200    30     0 -9999 -9999
1975 12 29 09   -50  -140 -9999   200    40     0 -9999 -9999
1975 12 29 21   -90  -220 -9999    90    30     0 -9999 -9999
1975 12 30 00  -110  -180 -9999    90    40     0 -9999 -9999
1975 12 30 06   -40  -160 -9999   250    20     0 -9999 -9999
1975 12 30 09   -40  -130 -9999   220    30     0 -9999 -9999
1975 12 30 21  -130  -160 -9999    90    30     0 -9999 -9999
1975 12 31 00   -90  -160 -9999    90    30     7 -9999 -9999
1975 12 31 06   -20  -140 -9999     0     0     3 -9999 -9999
1975 12 31 09   -10  -130 -9999   320    20     2 -9999 -9999
1975 12 31 21   -70  -140 -9999   110    50     0 -9999 -9999
