1989 01 01 00   -71  -143 -9999   160    40     7 -9999     0
1989 01 01 06    26  -133 -9999   220    30     0 -9999     0
1989 01 01 09    26  -122 -9999   220    20     0 -9999 -9999
1989 01 02 00   -95  -169 -9999     0     0     0 -9999     0
1989 01 02 06     4  -113 -9999   320    20     6 -9999     0
1989 01 02 09     9  -140 -9999   360    20     2 -9999 -9999
1989 01 02 21   -61  -176 -9999    90    30     0 -9999     0
1989 01 03 00   -72  -180 -9999    70    20     2 -9999     0
1989 01 03 09   -16  -155 -9999   290    20     7 -9999 -9999
1989 01 03 21   -10  -104 -9999   140    70     7 -9999 -9999
1989 01 04 00   -31  -142 -9999   200    20     8 -9999     0
1989 01 04 06     6  -130 -9999   340    20     1 -9999     0
1989 01 04 09     8  -109 -9999    20    30     0 -9999 -9999
1989 01 04 21   -68  -104 -9999    90    20     0 -9999 -9999
1989 01 05 00   -79  -105 -9999   110    20     0 -9999     0
1989 01 05 06     9   -80 -9999     0     0     2 -9999     0
1989 01 05 09    -6   -78 -9999   320    20     0 -9999     0
1989 01 05 21   -71  -122 -9999   110    10     0 -9999 -9999
1989 01 06 00   -73  -106 -9999    70    30     0 -9999     0
1989 01 06 06    25   -80 -9999   360    20     1 -9999     0
1989 01 06 09    16   -69 -9999   340    10     1 -9999 -9999
1989 01 06 21   -49   -92 -9999    70    20     5 -9999 -9999
1989 01 07 00   -63   -98 -9999    70    30     0 -9999     0
1989 01 07 06    27   -65 -9999   340    30     1 -9999     0
1989 01 07 09     2   -87 -9999   340    30     7 -9999 -9999
1989 01 07 21   -38   -46 -9999   200    20     8 -9999 -9999
1989 01 08 00   -44   -53 -9999     0     0     9 -9999     1
1989 01 08 06   -31   -41 -9999     0     0     4 -9999     3
1989 01 08 09   -13   -87 -9999   340    30     1 -9999 -9999
1989 01 08 21   -59  -115 -9999   110    30     7 -9999 -9999
1989 01 09 00   -78   -96 -9999     0     0     8 -9999     1
1989 01 09 01   -63 -9999 -9999   200    20     8 -9999     5
1989 01 09 06   -63   -75 -9999   200    20     8 -9999     5
1989 01 09 09   -71   -87 -9999    20    30     8 -9999 -9999
1989 01 09 21  -102  -117 -9999   140    20     8 -9999 -9999
1989 01 10 00  -117  -134 -9999     0     0     8 -9999    10
1989 01 10 21  -133  -156 -9999     0     0     8 -9999 -9999
1989 01 11 00  -154  -185 -9999   140    20     8 -9999     5
1989 01 11 06   -91  -145 -9999   200    30     7 -9999     1
1989 01 11 09  -123  -165 -9999     0     0     2 -9999 -9999
1989 01 11 21  -151  -178 -9999   180    20     7 -9999 -9999
1989 01 12 00  -188  -217 -9999     0     0     7 -9999     5
1989 01 12 06  -123  -189 -9999   180    20     1 -9999     0
1989 01 12 09  -134  -186 -9999     0     0     1 -9999 -9999
1989 01 12 21  -194  -266 -9999     0     0     0 -9999 -9999
1989 01 13 00  -182  -252 -9999    90    30     0 -9999     0
1989 01 13 06   -81  -194 -9999   180    20     0 -9999     0
1989 01 13 09   -91  -190 -9999   180    20     0 -9999 -9999
1989 01 13 21  -156  -261 -9999   140    30     0 -9999 -9999
1989 01 14 00  -160  -265 -9999   110    30     0 -9999     0
1989 01 14 06   -57  -190 -9999   200    20     0 -9999     0
1989 01 14 09   -55  -178 -9999     0     0     0 -9999 -9999
1989 01 14 21  -155 -9999 -9999     0     0     0 -9999 -9999
1989 01 15 00  -160  -232 -9999   140    20     0 -9999     0
1989 01 15 06   -94  -174 -9999   180    20     0 -9999     0
1989 01 15 09   -79  -183 -9999   180    20     0 -9999 -9999
1989 01 15 21  -166  -242 -9999   110    20     0 -9999 -9999
1989 01 16 00  -156  -232 -9999     0     0     2 -9999     0
1989 01 16 06   -36  -226 -9999     0     0     7 -9999     0
1989 01 16 09   -60  -167 -9999     0     0     2 -9999 -9999
1989 01 16 21  -131  -223 -9999    70    20     0 -9999 -9999
1989 01 17 00  -163  -237 -9999     0     0     0 -9999     0
1989 01 17 06   -57  -183 -9999   200    20     1 -9999     0
1989 01 17 09   -67  -206 -9999   200    20     1 -9999 -9999
1989 01 17 21  -104  -211 -9999   140    50     0 -9999 -9999
1989 01 18 00  -139  -233 -9999   140    20     0 -9999     0
1989 01 18 06   -22  -184 -9999   320    20     0 -9999     0
1989 01 18 09   -13  -176 -9999     0     0     0 -9999 -9999
1989 01 18 21   -77  -210 -9999    90    30     0 -9999 -9999
1989 01 19 00   -90  -231 -9999   110    40     0 -9999     0
1989 01 19 06   -28  -142 -9999   200    20     0 -9999     0
1989 01 19 09   -48  -144 -9999   220    20     0 -9999 -9999
1989 01 19 21  -127  -201 -9999    70    20     0 -9999 -9999
1989 01 20 00  -129  -201 -9999    40    20     0 -9999     0
1989 01 20 06   -44  -143 -9999   320    20     0 -9999     0
1989 01 20 09   -43  -136 -9999    20    40     0 -9999 -9999
1989 01 20 21  -129  -183 -9999    40    20     0 -9999 -9999
1989 01 21 00  -136  -193 -9999   110    20     1 -9999     0
1989 01 21 06   -53  -148 -9999   200    30     4 -9999     0
1989 01 21 09   -72  -139 -9999   180    20     7 -9999 -9999
1989 01 21 21   -96  -177 -9999   180    20     1 -9999 -9999
1989 01 22 00  -125  -193 -9999   140    40     0 -9999     0
1989 01 22 09   -28  -184 -9999   250    20     0 -9999 -9999
1989 01 22 21  -121  -219 -9999    90    30     0 -9999 -9999
1989 01 23 00  -113  -214 -9999   110    30     0 -9999     0
1989 01 23 06   -61  -150 -9999     0     0     7 -9999     0
1989 01 23 09   -54  -132 -9999     0     0     8 -9999 -9999
1989 01 24 00  -103 -9999 -9999   180    30     0 -9999     0
1989 01 24 06    -3  -101 -9999   180    40     0 -9999     0
1989 01 24 09   -15  -140 -9999   220    20     0 -9999 -9999
1989 01 24 21   -85  -186 -9999   360    20     7 -9999 -9999
1989 01 25 00  -109  -162 -9999   360    30     7 -9999     0
1989 01 25 06   -85  -211 -9999   360    60     7 -9999     0
1989 01 25 09   -85  -194 -9999   360    50     6 -9999 -9999
1989 01 25 21  -172  -254 -9999    70    20     0 -9999 -9999
1989 01 26 00  -198  -272 -9999     0     0     0 -9999     0
1989 01 26 06   -99  -215 -9999   200    30     0 -9999     0
1989 01 26 09   -91  -236 -9999     0     0     0 -9999 -9999
1989 01 26 21  -169  -258 -9999     0     0     0 -9999 -9999
1989 01 27 00  -170  -259 -9999    40    20     6 -9999     0
1989 01 27 06   -69  -220 -9999     0     0     7 -9999     0
1989 01 27 09   -30  -207 -9999   360    30     1 -9999 -9999
1989 01 27 21  -110  -178 -9999     0     0     0 -9999 -9999
1989 01 28 00  -107  -184 -9999     0     0     7 -9999     0
1989 01 28 06   -47  -155 -9999   360    20     0 -9999     0
1989 01 28 09   -61  -150 -9999   360    30     0 -9999 -9999
1989 01 28 21  -103  -142 -9999     0     0     7 -9999 -9999
1989 01 29 00  -109  -140 -9999   160    30     8 -9999    -1
1989 01 29 06   -61  -138 -9999   220    40     7 -9999    -1
1989 01 29 09   -53  -148 -9999   200    20     7 -9999 -9999
1989 01 29 21  -103  -185 -9999    20    20     4 -9999 -9999
1989 01 30 00   -87  -190 -9999    20    50     8 -9999     0
1989 01 30 06   -82  -181 -9999   360    20     7 -9999     0
1989 01 30 09   -58  -178 -9999   110    20     3 -9999 -9999
1989 01 31 00  -151  -204 -9999    20    30     0 -9999     0
1989 01 31 06   -93  -253 -9999   340    20     0 -9999     0
1989 01 31 09   -88  -251 -9999   360    40     0 -9999 -9999
1989 01 31 21  -180  -198 -9999    70    30     0 -9999 -9999
1989 02 01 09   -42  -248 -9999   360    40     1 -9999 -9999
1989 02 01 21  -135  -232 -9999    90    20     0 -9999 -9999
1989 02 02 21  -111  -200 -9999     0     0     0 -9999 -9999
1989 02 03 00  -101  -198 -9999    90    20     0 -9999     0
1989 02 03 06   -67  -160 -9999     0     0     4 -9999     0
1989 02 03 21  -123  -182 -9999     0     0     0 -9999 -9999
1989 02 04 00  -127  -188 -9999    90    30     0 -9999     0
1989 02 04 09   -26  -164 -9999    20    50     0 -9999 -9999
1989 02 04 21  -107  -196 -9999    70    20     0 -9999 -9999
1989 02 05 00   -99  -162 -9999 -9999 -9999 -9999 -9999     0
1989 02 05 06    -6  -147 -9999   340    30     7 -9999     0
1989 02 05 09   -16  -142 -9999   360    40     7 -9999 -9999
1989 02 05 21   -79   -93 -9999     0     0     8 -9999 -9999
1989 02 06 09   -57   -82 -9999     0     0     8 -9999 -9999
1989 02 06 21  -129  -181 -9999    70    20     0 -9999 -9999
1989 02 07 00  -130  -184 -9999    70    30     0 -9999     0
1989 02 07 21  -160  -220 -9999   140    20     0 -9999 -9999
1989 02 08 00  -148  -210 -9999    70    20     1 -9999     0
1989 02 08 21  -141  -198 -9999    70    20     0 -9999 -9999
1989 02 09 00  -141  -198 -9999    70    20     0 -9999     0
1989 02 09 21  -113  -194 -9999   160    20     0 -9999 -9999
1989 02 10 00  -132  -221 -9999   110    20     1 -9999     0
1989 02 11 00   -96  -192 -9999   110    30     0 -9999     0
1989 02 11 09    18  -173 -9999 -9999 -9999     0 -9999 -9999
1989 02 11 21   -69  -170 -9999   110    30     0 -9999 -9999
1989 02 12 00   -55  -171 -9999    90    30     0 -9999     0
1989 02 12 09 -9999 -9999 -9999    20    50     7 -9999 -9999
1989 02 13 00   -36  -128 -9999     0     0     7 -9999     0
1989 02 14 21   -25   -55 -9999   140    40     7 -9999 -9999
1989 02 15 00   -16   -55 -9999 -9999 -9999     8 -9999     0
1989 02 15 21   -22   -46 -9999     0     0     8 -9999 -9999
1989 02 17 00   -40   -55 -9999     0     0     8 -9999     5
1989 02 17 06   -10   -90 -9999 -9999 -9999 -9999 -9999 -9999
1989 02 18 21   -80  -125 -9999   360    30     7 -9999 -9999
1989 02 19 21  -107  -176 -9999     0     0     8 -9999 -9999
1989 02 20 00  -116  -182 -9999    40    20     7 -9999     0
1989 02 20 21  -127  -210 -9999    90    20     4 -9999 -9999
1989 02 21 00  -106  -295 -9999     0     0     8 -9999     0
1989 02 21 09   -44  -120 -9999     0     0     0 -9999 -9999
1989 02 21 21   -99  -169 -9999    40    20     2 -9999 -9999
1989 02 23 00   -87  -124 -9999    40    20     7 -9999     0
1989 02 23 21   -48  -113 -9999   200    30     8 -9999 -9999
1989 02 24 09    50  -144 -9999   220    30     1 -9999 -9999
1989 02 25 00   -22  -154 -9999    70    30     8 -9999     0
1989 02 25 09    40  -120 -9999    40    30     7 -9999 -9999
1989 02 25 21   -34  -140 -9999    90    20     4 -9999 -9999
1989 02 26 00   -26  -151 -9999    90    20     7 -9999     0
1989 02 26 06    68  -166 -9999   160    20     7 -9999     0
1989 02 27 09    24  -212 -9999   340    50     2 -9999 -9999
1989 02 27 21   -45  -134 -9999    90    30     0 -9999 -9999
1989 02 28 21    46   -48 -9999   100    70     8 -9999 -9999
1989 03 01 00    12   -40 -9999   200    80     7 -9999     0
1989 03 01 21   -14  -179 -9999    20    40     8 -9999 -9999
1989 03 02 21   -55  -100 -9999   360    80     8 -9999 -9999
1989 03 03 21   -79  -156 -9999   360    20     3 -9999 -9999
1989 03 04 00   -90 -9999 -9999 -9999 -9999 -9999 -9999     0
1989 03 04 09   -32  -226 -9999   340    50     0 -9999 -9999
1989 03 04 21   -79  -198 -9999   360    30     0 -9999 -9999
1989 03 05 00   -92  -185 -9999    70    20     0 -9999     0
1989 03 05 09   -20  -189 -9999 -9999 -9999     9 -9999 -9999
1989 03 05 21   -59  -147 -9999    20    40     7 -9999 -9999
1989 03 06 09   -28  -203 -9999    20    50     2 -9999 -9999
1989 03 07 09 -9999 -9999 -9999 -9999 -9999     1 -9999 -9999
1989 03 07 21   -98  -196 -9999     0     0     0 -9999 -9999
1989 03 08 00   -81  -203 -9999   140    30     1 -9999     0
1989 03 08 21 -9999 -9999 -9999    20    10 -9999 -9999 -9999
1989 03 09 09    30 -9999 -9999   320    20     2 -9999 -9999
1989 03 09 21   -26  -262 -9999 -9999 -9999     2 -9999 -9999
1989 03 10 00   -34  -219 -9999    90    20     7 -9999     0
1989 03 10 09    50  -203 -9999   320    30     2 -9999 -9999
1989 03 10 21   -32  -213 -9999     0     0     2 -9999 -9999
1989 03 11 00 -9999 -9999 -9999 -9999 -9999 -9999 -9999     0
1989 03 11 21   -21  -218 -9999   110    30     0 -9999 -9999
1989 03 12 09    64  -163 -9999   340    50     2 -9999 -9999
1989 03 12 21   -10  -237 -9999     0     0     2 -9999 -9999
1989 03 13 00   -36  -205 -9999 -9999 -9999 -9999 -9999     0
1989 03 13 21   -30  -266 -9999     0     0     0 -9999 -9999
1989 03 15 00   -12  -207 -9999 -9999 -9999     7 -9999     0
1989 03 15 21   -42  -224 -9999     0     0     2 -9999 -9999
1989 03 16 00   -32  -236 -9999   140    30     7 -9999 -9999
1989 03 16 21    33   -56 -9999     0     0     8 -9999 -9999
1989 03 17 21    32  -178 -9999   140    30     2 -9999 -9999
1989 03 18 21   180   -48 -9999 -9999 -9999     0 -9999 -9999
1989 03 19 21   -32  -162 -9999 -9999 -9999     0 -9999 -9999
1989 03 20 06    63  -153 -9999   270    40     7 -9999     0
1989 03 22 09   118   -92 -9999   340    30     2 -9999 -9999
1989 03 23 00    37    -4 -9999     0     0     7 -9999 -9999
1989 03 23 09    88   -63 -9999   260    30     7 -9999 -9999
1989 03 24 09   104  -129 -9999    20    20     2 -9999 -9999
1989 03 24 21     8   -59 -9999     0     0     0 -9999 -9999
1989 03 25 09    92 -9999 -9999   290    60     7 -9999 -9999
1989 03 25 21    -6   -39 -9999    20    60     6 -9999 -9999
1989 03 26 00   -24   -49 -9999    20    60     1 -9999     0
1989 03 26 09    38  -221 -9999   360    60     0 -9999 -9999
1989 03 26 21   -55  -203 -9999   160    20     0 -9999 -9999
1989 03 27 00   -32  -205 -9999   140    20     0 -9999     0
1989 03 27 09    70 -9999 -9999     0     0     0 -9999 -9999
1989 03 27 21    -4  -222 -9999   110    40     0 -9999 -9999
1989 03 28 15    67  -120 -9999   110    20     7 -9999     0
1989 03 28 21    64  -121 -9999   140    30     7 -9999 -9999
1989 03 29 09 -9999 -9999 -9999   290    90     8 -9999 -9999
1989 03 29 21   -20  -107 -9999 -9999 -9999     0 -9999 -9999
1989 04 01 09   150   -94 -9999   160    80     7 -9999 -9999
1989 04 01 21    88   -66 -9999   250    20     0 -9999 -9999
1989 04 02 00    82   -70 -9999   110    20     7 -9999     0
1989 04 02 21    82   -83 -9999     0     0     0 -9999 -9999
1989 04 03 00    96   -87 -9999    70    20     0 -9999     0
1989 04 04 00   100 -9999 -9999 -9999 -9999 -9999 -9999     0
1989 04 04 21    44   -18 -9999   200    20     0 -9999 -9999
1989 04 05 21    78   -46 -9999   360    30     8 -9999 -9999
1989 04 06 09   108  -102 -9999   340    50     7 -9999 -9999
1989 04 06 21    34  -147 -9999   110    30     0 -9999 -9999
1989 04 07 00 -9999 -9999 -9999 -9999 -9999 -9999 -9999     0
1989 04 08 21 -9999 -9999 -9999   140   140     0 -9999 -9999
1989 04 09 21    97 -9999 -9999 -9999 -9999     7 -9999 -9999
1989 04 10 21    89     6 -9999   140    70     7 -9999 -9999
1989 04 11 21    62     4 -9999 -9999 -9999     8 -9999 -9999
1989 04 12 00    37    28 -9999   200    80     8 -9999     5
1989 04 12 21    20   -25 -9999   110    20     0 -9999 -9999
1989 04 13 09 -9999 -9999 -9999   340    40     7 -9999 -9999
1989 04 13 21    34    -8 -9999   140    20     0 -9999 -9999
1989 04 14 21    24   -20 -9999   160    20     6 -9999 -9999
1989 04 16 00    59  -133 -9999   200    30     7 -9999     0
1989 04 16 09   115  -104 -9999   290   100     7 -9999 -9999
1989 04 16 21    44 -9999 -9999   160    20     0 -9999 -9999
1989 04 17 21    67   -94 -9999    20    20     0 -9999 -9999
1989 04 18 09   190   -43 -9999   250    30     0 -9999 -9999
1989 04 18 21   144    -8 -9999    90    20     8 -9999 -9999
1989 04 19 09   118    81 -9999   200    50     2 -9999 -9999
1989 04 19 21 -9999 -9999 -9999   220    30     8 -9999 -9999
1989 04 20 21    34   -52 -9999    20    50     7 -9999 -9999
1989 04 21 21    49   -70 -9999    70    20     8 -9999 -9999
1989 04 23 21    66   -78 -9999   110    20     7 -9999 -9999
1989 04 24 21    87  -118 -9999   110    30     0 -9999 -9999
1989 04 25 21 -9999 -9999 -9999   140    30     1 -9999     0
1989 04 26 21   118   -32 -9999   110    80     8 -9999 -9999
1989 04 27 21    67    57 -9999   250    20     7 -9999 -9999
1989 04 28 21    70    45 -9999     0     0     2 -9999 -9999
1989 04 29 00    77    46 -9999     0     0     7 -9999     0
1989 04 29 09 -9999 -9999 -9999    90    20 -9999 -9999 -9999
1989 04 29 21    64    27 -9999   140    20     0 -9999 -9999
1989 04 30 09   188   -69 -9999   220    20     7 -9999 -9999
1989 05 02 21   137   -60 -9999   160    60     0 -9999 -9999
1989 05 04 21   166   -43 -9999   160    70     2 -9999 -9999
1989 05 05 21   130    25 -9999   290    20     8 -9999 -9999
1989 05 06 09   220 -9999 -9999   290    30     7 -9999 -9999
1989 05 06 21   116   -72 -9999    40    20     0 -9999 -9999
1989 05 07 00   153   -46 -9999     0     0     7 -9999     0
1989 05 07 21   118   -77 -9999     0     0     0 -9999 -9999
1989 05 08 21   128  -121 -9999    70    40     0 -9999 -9999
1989 05 09 21   126    24 -9999   160    40     1 -9999 -9999
1989 05 11 21     5   -73 -9999     0     0     0 -9999 -9999
1989 05 12 21    52  -142 -9999    40    60     0 -9999 -9999
1989 05 13 21    48  -249 -9999    90    40     0 -9999 -9999
1989 05 14 21   118  -103 -9999   110    30     7 -9999 -9999
1989 05 15 00   138 -9999 -9999   140    20     7 -9999     0
1989 05 16 21   150  -107 -9999   140    30     1 -9999 -9999
1989 05 17 21   158 -9999 -9999    40    50     8 -9999 -9999
1989 05 18 21   131   -69 -9999   180    30     8 -9999 -9999
1989 05 19 21    97   -23 -9999    90    20     0 -9999 -9999
1989 05 20 21   149  -133 -9999   220    40     2 -9999 -9999
1989 05 21 06   140  -110 -9999   340    50     1 -9999     0
1989 05 21 21   120    55 -9999   160    30     2 -9999 -9999
1989 05 22 21 -9999 -9999 -9999    90    30     0 -9999 -9999
1989 05 24 21   128  -118 -9999     0     0     0 -9999 -9999
1989 05 25 21   166    38 -9999     0     0     7 -9999 -9999
1989 05 28 18   144 -9999 -9999    90    20     2 -9999 -9999
1989 05 28 21 -9999 -9999 -9999    90    20     2 -9999 -9999
1989 05 30 00   212    -3 -9999     0     0     0 -9999     0
1989 05 30 21   196   -59 -9999    40    40     6 -9999 -9999
1989 06 02 00   231    11 -9999     0     0     7 -9999     0
1989 06 05 21    90    82 -9999     0     0     8 -9999 -9999
1989 06 06 21   127 -9999 -9999   140    20     7 -9999 -9999
1989 06 07 21   120    49 -9999    90    30     0 -9999 -9999
1989 06 09 21   182    46 -9999   160    80     0 -9999 -9999
1989 06 12 21   146   110 -9999   340    70     7 -9999 -9999
1989 06 14 21   172 -9999 -9999    90    30     1 -9999 -9999
1989 06 15 00   220    16 -9999     0     0     7 -9999     0
1989 06 15 21 -9999 -9999 -9999    90    20     0 -9999 -9999
1989 06 17 21 -9999 -9999 -9999   110    80     0 -9999 -9999
1989 06 18 21 -9999 -9999 -9999   140    80     6 -9999 -9999
1989 06 19 21   170    54 -9999   140    50     7 -9999 -9999
1989 06 20 21   164 -9999 -9999 -9999 -9999 -9999 -9999 -9999
1989 06 21 21   176   113 -9999     0     0     7 -9999 -9999
1989 06 23 21   168   123 -9999     0     0     8 -9999 -9999
1989 06 25 21   201   -46 -9999    40    30     7 -9999 -9999
1989 06 26 00   218   -36 -9999    40    30     7 -9999     0
1989 06 26 18   152    81 10088     0     0     0 -9999 -9999
1989 06 27 21   202 -9999 -9999     0     0     7 -9999 -9999
1989 06 30 21   212    27 -9999 -9999 -9999     8 -9999 -9999
1989 07 05 21   167   127 -9999    70   500     0 -9999 -9999
1989 07 09 21   191 -9999 -9999   220    50 -9999 -9999 -9999
1989 07 14 21   237    85 -9999   180    30     4 -9999 -9999
1989 07 15 21   190   147 -9999    40    20     7 -9999 -9999
1989 07 18 21   218    50 -9999    90    30     0 -9999 -9999
1989 07 20 21   206   163 -9999   280    60     7 -9999 -9999
1989 07 21 21   218   163 -9999   270    20     8 -9999 -9999
1989 07 26 21   136 -9999 -9999   110    30     0 -9999 -9999
1989 07 29 09   290   -32 -9999 -9999 -9999 -9999 -9999 -9999
1989 07 30 21 -9999 -9999 -9999 -9999 -9999     8 -9999 -9999
1989 07 31 00   196 -9999 -9999    90    60     7 -9999     0
1989 07 31 21   160    91 -9999   170    30     0 -9999 -9999
1989 08 04 21   152 -9999 -9999     0     0     7 -9999 -9999
1989 08 06 21   139    67 -9999    90    20 -9999 -9999 -9999
1989 08 08 21   184   126 -9999 -9999 -9999     0 -9999 -9999
1989 08 09 21 -9999 -9999 -9999   140    20     1 -9999 -9999
1989 08 10 21   209    75 -9999    70    20     7 -9999 -9999
1989 08 11 21   166    72 -9999   140    40     0 -9999 -9999
1989 08 13 21   218    89 -9999   140    30     1 -9999 -9999
1989 08 14 21   148   100 -9999     0     0     8 -9999 -9999
1989 08 15 21   119    82 -9999 -9999 -9999     0 -9999 -9999
1989 08 17 21   180   102 -9999   320    30     8 -9999     0
1989 08 20 09   234     6 -9999    20    30     0 -9999 -9999
1989 08 20 21   153     4 -9999    70    40     0 -9999 -9999
1989 08 22 21   168    92 -9999    70    20     2 -9999 -9999
1989 08 24 21   190    60 -9999    90    30     0 -9999 -9999
1989 08 25 21   172    92 -9999    90    20     7 -9999 -9999
1989 08 26 21   148   126 -9999    20    30     8 -9999 -9999
1989 08 30 21   150   110 -9999    20    60     8 -9999 -9999
1989 08 31 21   166    67 -9999    20    20     1 -9999 -9999
1989 09 01 21   102    69 -9999    40    20     0 -9999 -9999
1989 09 02 09   230    62 -9999     0     0     6 -9999 -9999
1989 09 03 21   124    93 -9999   140    20     2 -9999 -9999
1989 09 04 21   129    62 -9999   110    20     1 -9999 -9999
1989 09 05 21   174    34 -9999   140    50     0 -9999 -9999
1989 09 06 21 -9999 -9999 -9999    90    30     0 -9999 -9999
1989 09 07 00   182    79 -9999 -9999 -9999     8 -9999     0
1989 09 07 21   141   138 -9999   200    20     8 -9999 -9999
1989 09 09 12   176   138 10143     0     0     7 -9999 -9999
1989 09 09 21   129   100 -9999    70    20     0 -9999 -9999
1989 09 10 21   108    40 -9999     0     0     0 -9999 -9999
1989 09 12 21   135    23 -9999   110    30     0 -9999 -9999
1989 09 14 09   220 -9999 -9999    20    50     7 -9999 -9999
1989 09 14 21   163   -13 -9999    40    20     0 -9999 -9999
1989 09 15 21   162    69 -9999   180    30     2 -9999 -9999
1989 09 16 21   156     5 -9999     0     0     0 -9999 -9999
1989 09 17 00   157     0 -9999   140    20     1 -9999     0
1989 09 17 09   253   -62 -9999 -9999 -9999     6 -9999 -9999
1989 09 17 21   122   -79 -9999    20    60     7 -9999 -9999
1989 09 18 00   102   -63 -9999   180    40     3 -9999     0
1989 09 20 21   140   -36 -9999   110    30     0 -9999 -9999
1989 09 21 21   170    34 -9999   140    30     0 -9999 -9999
1989 09 22 01   224    50 -9999 -9999 -9999     7 -9999 -9999
1989 09 22 21   120   -69 -9999   360    70     8 -9999 -9999
1989 09 23 09   194   -29 -9999   340    40     0 -9999 -9999
1989 09 23 21   150   -11 -9999    40    20     0 -9999 -9999
1989 09 24 00 -9999 -9999 -9999     0     0     4 -9999     0
1989 09 24 21   118    28 -9999   360    20     8 -9999 -9999
1989 09 25 00   116    12 -9999 -9999 -9999     9 -9999     0
1989 09 25 21    70    56 -9999     0     0     8 -9999 -9999
1989 09 26 21    76    -1 -9999    40    40     0 -9999 -9999
1989 09 27 00    84   -20 -9999    40    20     1 -9999     0
1989 09 27 21   104    30 -9999    90    30     0 -9999 -9999
1989 09 28 21   109   -20 -9999    70    20     0 -9999 -9999
1989 09 29 00   115   -31 -9999    40    20 -9999 -9999     0
1989 09 29 21   102    56 -9999     0     0     0 -9999 -9999
1989 09 30 21   110    47 -9999    90    20     0 -9999 -9999
1989 10 01 09   182    60 -9999   180    40     2 -9999 -9999
1989 10 01 21 -9999 -9999 -9999    90    30     0 -9999 -9999
1989 10 02 21   153    12 -9999    70    30     7 -9999 -9999
1989 10 03 21   131    40 -9999     0     0     7 -9999 -9999
1989 10 04 09   140 -9999 -9999     0     0     8 -9999 -9999
1989 10 04 21    62    43 -9999     0     0     0 -9999 -9999
1989 10 05 09   144   -68 -9999   360    30     0 -9999 -9999
1989 10 05 21    76   -28 -9999    70    30     0 -9999 -9999
1989 10 06 09   162    -1 -9999    20    30     1 -9999 -9999
1989 10 06 21    76    10 -9999   110    20     0 -9999 -9999
1989 10 07 00    93   -23 -9999   140    30     1 -9999     0
1989 10 07 21    89   -21 -9999 -9999 -9999     0 -9999 -9999
1989 10 08 21   125    42 -9999   160    30     0 -9999 -9999
1989 10 09 09   149     0 -9999   320   100     7 -9999 -9999
1989 10 10 09   136  -141 -9999   340    20     0 -9999 -9999
1989 10 11 00    61  -224 -9999    90    20     0 -9999     0
1989 10 11 21   105   -44 -9999    90    30     0 -9999 -9999
1989 10 12 00   113   -57 -9999 -9999 -9999     0 -9999     0
1989 10 12 21    92 -9999 -9999     0     0     0 -9999 -9999
1989 10 13 21   118    23 -9999 -9999 -9999     8 -9999 -9999
1989 10 14 09    96    17 -9999   360    60     1 -9999 -9999
1989 10 14 21    59    -3 -9999     0     0     7 -9999 -9999
1989 10 15 09    76  -121 -9999   360    40     7 -9999 -9999
1989 10 16 09    84  -101 -9999    20    20     7 -9999 -9999
1989 10 16 21 -9999 -9999 -9999    90    20     0 -9999 -9999
1989 10 17 00    12  -103 -9999     0     0     5 -9999     0
1989 10 17 21    32     3 -9999   250    20     7 -9999 -9999
1989 10 18 21    16   -56 -9999    90    30     0 -9999 -9999
1989 10 19 09   130 -9999 -9999   220    40     0 -9999 -9999
1989 10 19 21    46   -72 -9999    90    40     0 -9999 -9999
1989 10 21 09 -9999 -9999 -9999     0     0     7 -9999 -9999
1989 10 22 00    72 -9999 -9999   110    20     2 -9999     0
1989 10 22 09   159   -90 -9999   220    20     0 -9999 -9999
1989 10 22 21    82  -108 -9999    90    20     0 -9999 -9999
1989 10 23 21    58   -94 -9999    90    30     0 -9999 -9999
1989 10 24 09   156   -67 -9999     0     0     5 -9999 -9999
1989 10 24 21    80 -9999 -9999    20    40     0 -9999 -9999
1989 10 25 00    80   -98 -9999    40    30     8 -9999     0
1989 10 25 09   137  -105 -9999    20    30     0 -9999     0
1989 10 25 21    53   -60 -9999    90    30     0 -9999 -9999
1989 10 26 09   124   -90 -9999   250    20     8 -9999 -9999
1989 10 26 21    54   -51 -9999    20    30     0 -9999 -9999
1989 10 27 21    97   -68 -9999   140    40     0 -9999 -9999
1989 10 28 00   100 -9999 -9999   160    30     0 -9999     0
1989 10 28 09   175   -50 -9999   200    30     0 -9999 -9999
1989 10 28 21    54   -37 -9999    70    30     0 -9999 -9999
1989 10 29 00    47   -70 -9999    20    30     1 -9999     0
1989 10 29 09    82   -51 -9999   340    60     7 -9999 -9999
1989 10 30 00   -12  -109 -9999    90    30     0 -9999     0
1989 10 30 09   102  -118 -9999    20    20     0 -9999 -9999
1989 10 30 21    34  -135 -9999   110    30     0 -9999 -9999
1989 10 31 09   138   -87 -9999   340    20     2 -9999 -9999
1989 10 31 21    88   -55 -9999   140    20     0 -9999 -9999
1989 11 01 06   150    -5 -9999   220    30     0 -9999     0
1989 11 01 09   163    -5 -9999     0     0     0 -9999 -9999
1989 11 01 21    50  -126 -9999    70    30     0 -9999 -9999
1989 11 02 00 -9999 -9999 -9999    70    30     0 -9999     0
1989 11 02 05   127   -27 -9999   360    30     0 -9999 -9999
1989 11 02 09   127   -27 -9999   360    30     0 -9999 -9999
1989 11 02 21    26   -17 -9999     0     0     0 -9999 -9999
1989 11 04 21   -27  -104 -9999    40    20     0 -9999 -9999
1989 11 05 00    19   -90 -9999     0     0     7 -9999     0
1989 11 05 09    50 -9999 -9999   180   120     5 -9999 -9999
1989 11 05 21   -20   -72 -9999    40    30     0 -9999 -9999
1989 11 07 00   -18 -9999 -9999     0     0     1 -9999    -1
1989 11 07 21    13   -83 -9999   160    50     0 -9999 -9999
1989 11 08 21 -9999 -9999 -9999    40    20     0 -9999 -9999
1989 11 10 00 -9999 -9999 -9999   360    30     8 -9999     0
1989 11 10 09    27  -105 -9999     0     0     1 -9999 -9999
1989 11 10 21    -9  -120 -9999    20    40     7 -9999 -9999
1989 11 11 09     9  -161 -9999   340    60     4 -9999 -9999
1989 11 12 00   -75  -176 -9999 -9999 -9999     0 -9999     0
1989 11 12 21   -47  -156 -9999    40    20     7 -9999 -9999
1989 11 13 00 -9999 -9999 -9999 -9999 -9999 -9999 -9999     0
1989 11 13 21   -18   -77 -9999   160    40     4 -9999 -9999
1989 11 14 09    38  -114 -9999   320    20     0 -9999 -9999
1989 11 15 00   -48  -145 -9999     0     0     0 -9999     0
1989 11 15 21   -34  -131 -9999   160    20     0 -9999 -9999
1989 11 16 09    40  -160 -9999   290    30     0 -9999 -9999
1989 11 16 21   -51  -157 -9999    40    40     0 -9999 -9999
1989 11 17 00   -40  -162 -9999     0     0     4 -9999     0
1989 11 17 09   -34  -246 -9999   360    50     0 -9999 -9999
1989 11 18 09    14  -197 -9999    20    40     0 -9999 -9999
1989 11 18 21   -88  -178 -9999    90    20     0 -9999 -9999
1989 11 19 00   -91  -163 -9999   110    20     0 -9999     0
1989 11 20 09    30  -165 -9999     0     0     2 -9999 -9999
1989 11 20 21   -38  -163 -9999    90    40     0 -9999 -9999
1989 11 21 00   -38  -164 -9999   110    30     0 -9999     0
1989 11 21 09    58  -127 -9999     0     0     1 -9999 -9999
1989 11 22 00   -44 -9999 -9999    90    30     0 -9999     0
1989 11 22 21   -26  -165 -9999    90    20     0 -9999 -9999
1989 11 23 00   -44  -112 -9999    70    20     1 -9999     0
1989 11 23 09 -9999 -9999 -9999   360    20     0 -9999 -9999
1989 11 23 21    37  -155 -9999    90    30     0 -9999 -9999
1989 11 24 06    58  -100 -9999     0     0     0 -9999     0
1989 11 24 09    48  -105 -9999    20    30     0 -9999 -9999
1989 11 24 21   -18  -119 -9999   220    30     6 -9999 -9999
1989 11 25 09    22  -144 -9999   320    20     0 -9999 -9999
1989 11 25 21   -51  -145 -9999   360    20     0 -9999 -9999
1989 11 26 09   -38  -179 -9999 -9999 -9999     1 -9999 -9999
1989 11 26 21  -103  -114 -9999    20    30     0 -9999 -9999
1989 11 27 00  -109  -160 -9999     0     0     0 -9999     0
1989 11 27 09   -59  -226 -9999   320    30     0 -9999 -9999
1989 11 28 09     8  -238 -9999 -9999 -9999     0 -9999 -9999
1989 11 28 21  -105  -221 -9999     0     0     0 -9999 -9999
1989 11 29 00  -100  -216 -9999     0     0     0 -9999     0
1989 11 29 09    -8  -166 -9999   360    30     1 -9999 -9999
1989 11 29 21   -65  -221 -9999   110    20     0 -9999 -9999
1989 11 30 09    32  -238 -9999   160    20     0 -9999     0
1989 11 30 21   -28  -156 -9999    70    20     0 -9999 -9999
1989 12 01 00   -50 -9999 -9999    70    20     2 -9999     0
1989 12 01 09    55  -129 -9999   160    20     1 -9999 -9999
1989 12 02 01   110  -170 -9999     0     0     0 -9999 -9999
1989 12 02 09   110  -187 -9999     0     0     0 -9999 -9999
1989 12 03 06    96   -98 -9999   220    20     0 -9999     0
1989 12 03 09    85   -87 -9999     0     0     0 -9999 -9999
1989 12 03 21    14   -99 -9999   110    40     0 -9999 -9999
1989 12 04 09   108  -131 -9999   200    30     0 -9999 -9999
1989 12 04 21     6  -228 -9999   110    40     0 -9999 -9999
1989 12 05 00    -5  -214 -9999    90    20     1 -9999     0
1989 12 05 06    75  -194 -9999   180    20     7 -9999     0
1989 12 05 09    82  -218 -9999   270    20     1 -9999 -9999
1989 12 05 21    60   -77 -9999    20    30     0 -9999 -9999
1989 12 06 00   -10   -71 -9999    40    20     0 -9999     0
1989 12 06 09 -9999 -9999 -9999   340    30     1 -9999 -9999
1989 12 06 21   -38  -138 -9999    90    20     0 -9999 -9999
1989 12 07 00   -51 -9999 -9999    90    20     0 -9999     0
1989 12 07 21   -36  -146 -9999   180    20     0 -9999 -9999
1989 12 08 00   -52  -150 -9999   110    20     0 -9999     0
1989 12 08 21   210  -129 -9999 -9999 -9999 -9999 -9999 -9999
1989 12 09 00   -32  -107 -9999     0     0     2 -9999     0
1989 12 09 09    44  -101 -9999   340    30     0 -9999 -9999
1989 12 10 06     9  -124 -9999     0     0     2 -9999     0
1989 12 10 09     4  -128 -9999   360    20     7 -9999 -9999
1989 12 10 21   -69  -152 -9999    40    20     0 -9999 -9999
1989 12 11 00   -71  -144 -9999    70    20     0 -9999     0
1989 12 11 09     5 -9999 -9999   360    30     0 -9999 -9999
1989 12 11 21   -70  -148 -9999    90    20     0 -9999 -9999
1989 12 12 00   -66  -131 -9999    90    20     1 -9999     0
1989 12 12 21   -55  -110 -9999    70    20     0 -9999 -9999
1989 12 13 06    20  -109 -9999     0     0     0 -9999     0
1989 12 13 21   -59  -214 -9999    90    30     0 -9999 -9999
1989 12 14 00   -67  -206 -9999 -9999 -9999 -9999 -9999     0
1989 12 14 06   -20  -107 -9999   200    70     7 -9999     0
1989 12 14 09   -17  -107 -9999   200    30     7 -9999 -9999
1989 12 14 21 -9999 -9999 -9999    70    20     0 -9999 -9999
1989 12 15 00   -56 -9999 -9999   290    20     0 -9999     0
1989 12 15 09    -4  -121 -9999   340    30     0 -9999 -9999
1989 12 15 21   -46  -166 -9999   110    40     0 -9999 -9999
1989 12 16 00   -51  -157 -9999   110    40     0 -9999     0
1989 12 17 00 -9999 -9999 -9999 -9999 -9999     7 -9999     0
1989 12 17 09    22  -170 -9999    20    50     7 -9999 -9999
1989 12 17 21   -28  -202 -9999   110    30     5 -9999 -9999
1989 12 18 00 -9999 -9999 -9999   140    20     7 -9999     0
1989 12 18 09    47  -116 -9999     0     0     2 -9999 -9999
1989 12 18 21   -38  -127 -9999   200    20     0 -9999 -9999
1989 12 20 00   -81  -147 -9999    90    20     1 -9999     0
1989 12 20 21 -9999 -9999 -9999     0     0     0 -9999 -9999
1989 12 21 00   -56  -131 -9999     0     0     7 -9999     0
1989 12 21 09   -22 -9999 -9999   340    30     7 -9999 -9999
1989 12 22 00 -9999 -9999 -9999     0     0     2 -9999     0
1989 12 22 09   -16 -9999 -9999     0     0     0 -9999 -9999
1989 12 24 00   -65 -9999 -9999    20    20     1 -9999     0
1989 12 25 09   -43  -110 -9999   320    40     0 -9999 -9999
1989 12 25 21  -119  -171 -9999    90    20     0 -9999 -9999
1989 12 26 00  -123  -187 -9999   110    20     0 -9999     0
1989 12 26 21   -96  -208 -9999   110    40     0 -9999 -9999
1989 12 27 00  -108  -212 -9999     0     0     1 -9999     0
1989 12 27 09   -18  -150 -9999   360    40     2 -9999 -9999
1989 12 27 21   -67  -170 -9999   160    20     2 -9999 -9999
1989 12 28 21   -95  -156 -9999    40    20     0 -9999 -9999
1989 12 29 21 -9999 -9999 -9999    90    30     0 -9999 -9999
1989 12 30 00  -103 -9999 -9999    90    20     0 -9999     0
1989 12 30 21   -81  -202 -9999   140    30     0 -9999 -9999
1989 12 31 00   -71  -224 -9999   110    40     0 -9999     0
1989 12 31 21  -119  -187 -9999    70    30     0 -9999 -9999
