1988 01 01 00   -74  -137 -9999   140    20     6 -9999     0
1988 01 01 06    14   -90 -9999   200    20     1 -9999     0
1988 01 01 09    30   -69 -9999   320    10     1 -9999 -9999
1988 01 01 21   -49  -129 -9999    90    30     0 -9999 -9999
1988 01 02 00   -43  -120 -9999    70    20     2 -9999     0
1988 01 02 06    12   -68 -9999     0     0     7 -9999     0
1988 01 02 09    -3   -70 -9999   340    40     7 -9999 -9999
1988 01 02 21   -48   -83 -9999   340    20     8 -9999 -9999
1988 01 03 00   -44   -67 -9999     0     0     8 -9999    -1
1988 01 03 06   -37  -131 -9999   360    40     7 -9999     1
1988 01 03 09   -44  -127 -9999   360    50     2 -9999 -9999
1988 01 03 21  -110  -156 -9999   180    20     0 -9999 -9999
1988 01 04 00  -121  -163 -9999 -9999 -9999     0 -9999     0
1988 01 04 06   -41  -128 -9999     0     0     0 -9999     0
1988 01 04 09   -48  -134 -9999   360    30     8 -9999 -9999
1988 01 05 00   -85  -154 -9999     0     0     7 -9999     0
1988 01 05 06    -9  -134 -9999   200    20     2 -9999     0
1988 01 05 21   -58  -128 -9999    90    20     7 -9999 -9999
1988 01 06 00   -56  -125 -9999     0     0     7 -9999     0
1988 01 06 06   -35  -164 -9999   340    20     7 -9999     0
1988 01 06 09   -27  -153 -9999   320    20     2 -9999 -9999
1988 01 06 21   -63  -166 -9999   180    30     8 -9999 -9999
1988 01 07 00   -76  -157 -9999     0     0     7 -9999     0
1988 01 07 06   -22  -142 -9999   290    50     5 -9999     0
1988 01 07 09   -18  -159 -9999   320    40     2 -9999 -9999
1988 01 08 00  -128  -186 -9999    40    50     1 -9999     0
1988 01 08 06   -65  -219 -9999    20    50     0 -9999     0
1988 01 08 09   -79  -226 -9999    20    40     0 -9999 -9999
1988 01 08 21  -139  -233 -9999   160    20     0 -9999 -9999
1988 01 09 00  -164  -246 -9999     0     0     0 -9999     0
1988 01 09 06   -53  -227 -9999   320    20     0 -9999     0
1988 01 09 09   -47  -219 -9999    20    30     0 -9999 -9999
1988 01 10 00  -140  -211 -9999    40    10     0 -9999     0
1988 01 10 06   -47  -231 -9999   250    20     6 -9999     0
1988 01 10 09   -57  -218 -9999   200    20     7 -9999 -9999
1988 01 10 21   -63  -181 -9999   140    30     0 -9999 -9999
1988 01 11 00   -58  -164 -9999   110    30     0 -9999     0
1988 01 11 06    40  -145 -9999   180    60     0 -9999     0
1988 01 11 09    48  -166 -9999   180    30     0 -9999 -9999
1988 01 11 21   -30  -200 -9999 -9999 -9999 -9999 -9999 -9999
1988 01 12 00   -16  -196 -9999    90    30     0 -9999     0
1988 01 12 06    38  -206 -9999   220    20     0 -9999     0
1988 01 12 09    43  -124 -9999     0     0     1 -9999 -9999
1988 01 12 21   -55  -193 -9999     0     0     0 -9999 -9999
1988 01 13 00   -57  -175 -9999    20    40     2 -9999     0
1988 01 13 06   -30  -198 -9999   340    50     2 -9999     0
1988 01 13 09   -35  -213 -9999   340    60     7 -9999 -9999
1988 01 14 00   -99  -224 -9999    40    30     1 -9999     0
1988 01 14 06   -24  -190 -9999   340    20     7 -9999     0
1988 01 14 09   -40  -199 -9999   360    60     7 -9999 -9999
1988 01 14 21  -115  -125 -9999    20    50     8 -9999 -9999
1988 01 15 00  -123  -131 -9999    20    40     8 -9999     5
1988 01 15 09  -122  -134 -9999   340    30     7 -9999 -9999
1988 01 15 21  -183  -224 -9999   110    40     0 -9999 -9999
1988 01 16 00  -202  -249 -9999    90    20     0 -9999     0
1988 01 16 06  -102  -182 -9999     0     0     0 -9999     0
1988 01 16 09  -109  -208 -9999   110    10     0 -9999 -9999
1988 01 16 21  -164  -224 -9999   110    30     0 -9999 -9999
1988 01 17 00  -161  -235 -9999   160    20     0 -9999     0
1988 01 17 06   -87  -183 -9999   200    30     0 -9999     0
1988 01 17 09   -83  -226 -9999   200    30     0 -9999 -9999
1988 01 17 21  -106  -252 -9999   160    50     0 -9999 -9999
1988 01 18 00   -85  -298 -9999   160    30     0 -9999     0
1988 01 18 09   -20  -179 -9999     0     0     6 -9999 -9999
1988 01 18 21   -78  -174 -9999    20    20     2 -9999 -9999
1988 01 19 00   -88  -164 -9999     0     0     4 -9999     0
1988 01 19 06   -30  -166 -9999   180    30     1 -9999     0
1988 01 19 09   -24  -166 -9999   200    40     1 -9999 -9999
1988 01 20 00   -53  -147 -9999   360    20     2 -9999     0
1988 01 20 06   -51  -143 -9999 -9999 -9999     7 -9999     0
1988 01 20 09   -48  -156 -9999   360    50     7 -9999 -9999
1988 01 21 00  -108  -165 -9999   200    20     0 -9999     0
1988 01 21 06   -82  -231 -9999   320    60     1 -9999     0
1988 01 21 09   -87  -245 -9999   320    80     0 -9999 -9999
1988 01 22 00  -234  -328 -9999    20    30     1 -9999     0
1988 01 22 06  -171  -296 -9999   340    30     0 -9999     0
1988 01 22 09  -164  -303 -9999   360    30     0 -9999 -9999
1988 01 22 21  -214  -307 -9999     0     0     0 -9999 -9999
1988 01 23 00  -208  -309 -9999    70    20     0 -9999     0
1988 01 23 06  -100  -287 -9999   340    50     0 -9999     0
1988 01 23 09  -125  -277 -9999   360    50     1 -9999 -9999
1988 01 23 21  -135  -270 -9999   270    40     0 -9999 -9999
1988 01 24 00  -164  -283 -9999     0     0     0 -9999     0
1988 01 24 06   -77  -240 -9999   360    30     1 -9999     0
1988 01 24 09   -75  -235 -9999   360    30     2 -9999 -9999
1988 01 24 21  -133  -225 -9999    40    20     0 -9999 -9999
1988 01 25 00  -126  -218 -9999    70    20     0 -9999     0
1988 01 25 06   -31  -219 -9999   220    10     0 -9999     0
1988 01 25 09 -9999 -9999 -9999     0     0     0 -9999 -9999
1988 01 26 00   -91  -182 -9999   110    40     0 -9999     0
1988 01 26 06   -12  -219 -9999     0     0     0 -9999     0
1988 01 26 09    15  -208 -9999   320    20     0 -9999 -9999
1988 01 26 21   -80  -192 -9999   110    40     7 -9999 -9999
1988 01 27 00   -71  -197 -9999   110    40     2 -9999     0
1988 01 27 06    15  -193 -9999   200    50     0 -9999     0
1988 01 27 09    23  -184 -9999     0     0     0 -9999 -9999
1988 01 27 21   -72  -190 -9999    70    20     2 -9999 -9999
1988 01 28 00  -103  -197 -9999    70    20     1 -9999     0
1988 01 28 06   -32  -194 -9999   360    40     7 -9999     0
1988 01 28 21   -95  -190 -9999    70    20     7 -9999 -9999
1988 01 29 00  -108  -181 -9999    70    20     4 -9999     0
1988 01 29 06   -37  -175 -9999   320    20     7 -9999     0
1988 01 29 09   -49  -180 -9999   360    70     2 -9999 -9999
1988 01 29 21  -113  -201 -9999    40    30     0 -9999 -9999
1988 01 30 00  -135  -196 -9999    90    20     0 -9999     0
1988 01 30 06   -49  -196 -9999   320    30     0 -9999     0
1988 01 30 09   -46  -215 -9999   340    40     0 -9999 -9999
1988 01 30 21   -83  -168 -9999   200    30     2 -9999 -9999
1988 01 31 00  -107  -191 -9999     0     0     0 -9999     0
1988 01 31 06    -5  -169 -9999     0     0     0 -9999     0
1988 01 31 09   -10  -201 -9999   360    40     0 -9999 -9999
1988 01 31 21   -95  -206 -9999    70    20     0 -9999 -9999
1988 02 01 00  -103  -190 -9999    70    30     0 -9999     0
1988 02 01 06   -11  -216 -9999     0     0     1 -9999     0
1988 02 01 09     3  -220 -9999   360    30     6 -9999 -9999
1988 02 02 00   -70  -222 -9999     0     0     0 -9999     0
1988 02 02 06     4  -214 -9999     0     0     1 -9999     0
1988 02 02 09    24  -182 -9999     0     0     0 -9999 -9999
1988 02 03 00   -31  -199 -9999 -9999 -9999     0 -9999     0
1988 02 03 06    50  -200 -9999   200    40     1 -9999     0
1988 02 03 09    67  -203 -9999   200    40     7 -9999 -9999
1988 02 03 21    23  -238 -9999   160    30     7 -9999 -9999
1988 02 04 00    12  -245 -9999   140    40     8 -9999     0
1988 02 04 06     6   -18 -9999   340    50     7 -9999     0
1988 02 04 09    -4   -80 -9999   360    80     8 -9999 -9999
1988 02 04 21   -81  -141 -9999    20    20     8 -9999 -9999
1988 02 05 00  -109  -153 -9999    20    40     7 -9999     0
1988 02 05 06   -44  -176 -9999   220    30     0 -9999     0
1988 02 05 21   -95  -197 -9999    70    20     0 -9999 -9999
1988 02 06 00   -95  -182 -9999   220    20     0 -9999     0
1988 02 06 06   -48  -193 -9999   220    20     5 -9999     0
1988 02 06 09   -46  -226 -9999   360    50     7 -9999 -9999
1988 02 07 00  -103  -228 -9999     0     0     1 -9999     0
1988 02 08 00   -94  -212 -9999    40    30     1 -9999     0
1988 02 08 06   -39  -215 -9999   340    30     7 -9999     0
1988 02 08 09   -26  -205 -9999   360    70     7 -9999 -9999
1988 02 09 00  -106  -205 -9999    70    20     7 -9999     0
1988 02 09 06   -21  -242 -9999   340    20     2 -9999     0
1988 02 09 09   -12  -220 -9999   340    30     7 -9999 -9999
1988 02 09 21   -73  -202 -9999     0     0     8 -9999 -9999
1988 02 10 00   -75  -207 -9999   250    30     8 -9999     0
1988 02 10 06   -68  -176 -9999     0     0     8 -9999    -1
1988 02 10 09   -59  -141 -9999     0     0     7 -9999 -9999
1988 02 10 21   -80  -135 -9999   140    30     2 -9999 -9999
1988 02 11 00   -85  -179 -9999   110    40     1 -9999     0
1988 02 11 06    -1  -201 -9999   340    20     7 -9999     0
1988 02 11 09     6  -188 -9999   320    20     7 -9999 -9999
1988 02 11 21   -93  -229 -9999    90    20     0 -9999 -9999
1988 02 12 00   -81  -210 -9999   160    30     0 -9999     0
1988 02 12 06    -6  -181 -9999     0     0     0 -9999     0
1988 02 12 09   -23  -164 -9999    20    70     0 -9999 -9999
1988 02 12 21  -136  -214 -9999    20    50     0 -9999 -9999
1988 02 13 06   -97  -296 -9999   360    40     1 -9999     0
1988 02 13 09   -93  -340 -9999   360    30     1 -9999 -9999
1988 02 13 21  -145  -283 -9999     0     0     0 -9999 -9999
1988 02 14 00  -145  -249 -9999   110    20     1 -9999     0
1988 02 14 06   -59  -245 -9999   360    60     2 -9999     0
1988 02 14 09   -61  -280 -9999   360    70     7 -9999 -9999
1988 02 14 21  -101  -227 -9999    20    40     8 -9999 -9999
1988 02 15 00  -113  -241 -9999    20    30     8 -9999     0
1988 02 15 06   -90  -257 -9999   360    70     7 -9999     0
1988 02 15 09   -87  -291 -9999   360    70     7 -9999 -9999
1988 02 15 21  -156  -279 -9999     0     0     0 -9999 -9999
1988 02 16 00  -160  -280 -9999     0     0     6 -9999     0
1988 02 16 06  -105  -263 -9999   340    30     7 -9999     0
1988 02 16 09  -112  -240 -9999   360    30     8 -9999 -9999
1988 02 16 21  -164  -242 -9999   110    30     0 -9999 -9999
1988 02 17 06   -65  -269 -9999   340    20     0 -9999     0
1988 02 17 09   -57  -267 -9999   340    30     0 -9999 -9999
1988 02 18 00  -131  -274 -9999   110    40     0 -9999     0
1988 02 18 06   -26  -265 -9999   220    30     1 -9999     0
1988 02 18 09    -5  -286 -9999     0     0     1 -9999 -9999
1988 02 18 21   -51  -219 -9999   140    30     0 -9999 -9999
1988 02 19 00   -83  -206 -9999    40    30     5 -9999     0
1988 02 19 06   -32  -236 -9999   360    20     7 -9999     0
1988 02 19 09   -12  -258 -9999   360    40     0 -9999 -9999
1988 02 19 21   -86  -270 -9999   140    30     0 -9999 -9999
1988 02 20 00   -77  -253 -9999   110    30     2 -9999     0
1988 02 20 06    51  -232 -9999   290    20     7 -9999     0
1988 02 20 09    41  -271 -9999    20    30     1 -9999 -9999
1988 02 20 21   -42  -171 -9999    40    30     0 -9999 -9999
1988 02 21 00   -34  -175 -9999    20    30     1 -9999     0
1988 02 21 06    10  -237 -9999   360    50     1 -9999     0
1988 02 21 09    20  -112 -9999   360    60     1 -9999 -9999
1988 02 21 21   -39  -188 -9999    20    20     7 -9999 -9999
1988 02 22 00   -60   -71 -9999   200    40     7 -9999     0
1988 02 22 06   -18  -124 -9999   340    20     7 -9999     0
1988 02 22 09   -16  -149 -9999   320    30     7 -9999 -9999
1988 02 23 00   -67  -117 -9999   160    20     7 -9999     0
1988 02 23 06     0  -158 -9999   340    20     1 -9999     0
1988 02 23 09   -12  -191 -9999   340    30     8 -9999 -9999
1988 02 24 00   -75  -118 -9999    90    20     7 -9999     0
1988 02 24 06     9  -109 -9999   200    40     6 -9999     0
1988 02 24 09    23  -107 -9999   140    20     7 -9999 -9999
1988 02 25 00   -44  -138 -9999   140    20     7 -9999     0
1988 02 25 06    18  -111 -9999   340    20     8 -9999     0
1988 02 25 09    24  -104 -9999   180    30     7 -9999 -9999
1988 02 25 21   -34  -115 -9999     0     0     7 -9999 -9999
1988 02 26 06    32  -114 -9999   160    70     7 -9999     0
1988 02 26 09    24   -98 -9999    20    20     8 -9999 -9999
1988 02 26 21   -44 -9999 -9999    70    30     8 -9999 -9999
1988 02 27 00   -34   -96 -9999   320    20     8 -9999     0
1988 02 27 06   -96  -112 -9999   340    40     8 -9999    20
1988 02 27 09   -94  -110 -9999   340    50     8 -9999 -9999
1988 02 28 00  -128  -208 -9999   340    40     8 -9999     0
1988 02 28 06   -88  -178 -9999   290    20     7 -9999     3
1988 02 28 09   -86  -161 -9999   180    20     7 -9999 -9999
1988 02 28 21  -111  -192 -9999   160    40     0 -9999 -9999
1988 02 29 00  -109  -178 -9999   140    30     1 -9999     0
1988 02 29 06   -38  -258 -9999   270    20     2 -9999     0
1988 02 29 09   -26  -236 -9999   320    50     1 -9999 -9999
1988 02 29 21   -97  -239 -9999    20    50     0 -9999 -9999
1988 03 01 00  -100  -236 -9999    20    40     1 -9999     0
1988 03 01 09   -61  -192 -9999    20    60     6 -9999 -9999
1988 03 01 21  -143  -222 -9999     0     0     0 -9999 -9999
1988 03 02 00  -140  -215 -9999     0     0     1 -9999     0
1988 03 02 09   -53  -226 -9999   360    50     0 -9999 -9999
1988 03 02 21  -121  -206 -9999    90    20     2 -9999 -9999
1988 03 03 00  -117  -198 -9999    70    20     7 -9999     0
1988 03 03 06   -48  -245 -9999    20    70     7 -9999     0
1988 03 03 09   -57  -239 -9999    20    70     7 -9999 -9999
1988 03 03 21  -128 -9999 -9999     0     0     0 -9999 -9999
1988 03 04 00  -133  -190 -9999    70    20     2 -9999     0
1988 03 04 06   -67  -225 -9999   290    50     7 -9999     0
1988 03 04 09   -51  -243 -9999   340    70     7 -9999 -9999
1988 03 04 21  -119  -246 -9999   160    30     0 -9999 -9999
1988 03 05 00  -137  -247 -9999 -9999 -9999     1 -9999     0
1988 03 05 06   -57  -228 -9999   340    50     1 -9999     0
1988 03 05 09   -69  -220 -9999   340    70     7 -9999 -9999
1988 03 05 21  -180  -268 -9999    20    60     0 -9999 -9999
1988 03 06 00  -198  -285 -9999    20    50     0 -9999     0
1988 03 06 06  -124  -276 -9999   340    30     0 -9999     0
1988 03 06 09  -105  -292 -9999   340    20     0 -9999 -9999
1988 03 06 21  -166  -298 -9999     0     0     0 -9999 -9999
1988 03 07 00  -149  -267 -9999    40    30     0 -9999     0
1988 03 07 06   -43  -386 -9999   320    40     0 -9999     0
1988 03 07 09   -20  -329 -9999   360    40     0 -9999 -9999
1988 03 07 21   -97  -280 -9999   110    30     0 -9999 -9999
1988 03 08 00   -92  -278 -9999   140    30     0 -9999     0
1988 03 08 06    27  -320 -9999   220    20     0 -9999     0
1988 03 08 09    38  -279 -9999     0     0     0 -9999 -9999
1988 03 08 21   -42  -261 -9999   110    30     0 -9999 -9999
1988 03 09 00   -37  -241 -9999   110    30     0 -9999     0
1988 03 09 06    87  -196 -9999    20    30     7 -9999     0
1988 03 09 09    95  -201 -9999    20    30     7 -9999 -9999
1988 03 09 21    19  -161 -9999     0     0     7 -9999 -9999
1988 03 10 00    17  -167 -9999    20    20     7 -9999     0
1988 03 10 09    68  -181 -9999   290    30     7 -9999 -9999
1988 03 10 12    54  -195 -9999     0     0     7 -9999     0
1988 03 11 00     2  -157 -9999   110    30     1 -9999     0
1988 03 11 09   102  -147 -9999   320    20     1 -9999 -9999
1988 03 11 21    52  -165 -9999   110    30     2 -9999 -9999
1988 03 12 00    67  -192 -9999    40    20     7 -9999     0
1988 03 12 06   127  -177 -9999    20    60     7 -9999     0
1988 03 12 09   111  -169 -9999   360    60     7 -9999 -9999
1988 03 12 21    59  -152 -9999   180    40     7 -9999 -9999
1988 03 13 00    40  -130 -9999   160    20     7 -9999     0
1988 03 13 06   119  -142 -9999     0     0     7 -9999     0
1988 03 13 09   112  -184 -9999   200    40     7 -9999 -9999
1988 03 13 21     0  -134 -9999   160    20     8 -9999 -9999
1988 03 14 00   -14   -43 -9999   200    20     8 -9999    -1
1988 03 14 06     0   -13 -9999     0     0     8 -9999    20
1988 03 14 09    17   -14 -9999   340    40     7 -9999 -9999
1988 03 14 21   -11   -81 -9999 -9999 -9999     2 -9999 -9999
1988 03 15 00   -13   -65 -9999   160    20     7 -9999     0
1988 03 15 06    44   -55 -9999     0     0     7 -9999     0
1988 03 15 09    40   -46 -9999     0     0     8 -9999 -9999
1988 03 15 21 -9999 -9999 -9999     0     0     8 -9999 -9999
1988 03 16 00     0   -24 -9999   250    20     7 -9999    -1
1988 03 16 06    64   -25 -9999   220    40     6 -9999     0
1988 03 16 09    84   -46 -9999   340    40     6 -9999 -9999
1988 03 16 21    -4   -64 -9999    70    30     0 -9999 -9999
1988 03 17 00    -3   -86 -9999    70    20     2 -9999     0
1988 03 17 06    83  -101 -9999   290    20     5 -9999     0
1988 03 17 09    89  -126 -9999    20    30     7 -9999 -9999
1988 03 17 21   -14   -24 -9999    20    30     8 -9999 -9999
1988 03 18 00   -24   -33 -9999    40    20     8 -9999    20
1988 03 18 06   -16   -24 -9999   200    30     8 -9999    10
1988 03 18 09     4   -28 -9999 -9999 -9999 -9999 -9999 -9999
1988 03 18 21   -34   -88 -9999    70    20     0 -9999 -9999
1988 03 19 00   -29   -70 -9999     0     0     7 -9999     0
1988 03 19 06    58   -27 -9999   340    30     7 -9999     0
1988 03 19 09    58   -31 -9999   360    20     7 -9999 -9999
1988 03 19 21     3   -18 -9999     0     0     1 -9999 -9999
1988 03 20 00     4   -23 -9999     0     0     2 -9999     0
1988 03 20 06    60   -34 -9999    20    60     7 -9999     0
1988 03 20 09    60   -48 -9999    20    70     7 -9999 -9999
1988 03 20 21   -20   -88 -9999    20    40     7 -9999 -9999
1988 03 21 00   -24   -70 -9999    20    50     7 -9999     0
1988 03 21 06    26  -101 -9999    20    40     7 -9999     0
1988 03 21 09    34  -139 -9999   340    50     2 -9999 -9999
1988 03 22 06    18  -173 -9999   360    40     1 -9999     0
1988 03 22 09    26  -181 -9999   340    50     6 -9999 -9999
1988 03 23 00   -12  -145 -9999     0     0     7 -9999     0
1988 03 23 09    42   -77 -9999   340    30     8 -9999 -9999
1988 03 23 21   -45   -68 -9999     0     0     7 -9999 -9999
1988 03 24 00   -45   -79 -9999   110    20     7 -9999     0
1988 03 24 09    25   -89 -9999     0     0     7 -9999 -9999
1988 03 25 00   -28  -155 -9999    70    20     2 -9999 -9999
1988 03 25 06    55  -115 -9999     0     0     7 -9999     0
1988 03 25 09    64  -111 -9999   250    20     4 -9999 -9999
1988 03 25 21    12  -106 -9999   110    30     0 -9999 -9999
1988 03 26 00    20  -107 -9999    90    20     7 -9999     0
1988 03 26 06    90  -100 -9999   320    30     7 -9999     0
1988 03 26 09    92  -100 -9999    20    30     7 -9999 -9999
1988 03 26 21 -9999 -9999 -9999    40    20     0 -9999 -9999
1988 03 27 00    27   -54 -9999     0     0     8 -9999     0
1988 03 27 06    47   -61 -9999    20    70     7 -9999     0
1988 03 27 09    51   -34 -9999   360    70     8 -9999 -9999
1988 03 28 00     6   -18 -9999    40    30     7 -9999     5
1988 03 28 06    57   -42 -9999    20    60     7 -9999    -1
1988 03 28 09    59   -87 -9999   340    50     7 -9999 -9999
1988 03 28 21 -9999 -9999 -9999   110    30     7 -9999 -9999
1988 03 29 00    19   -55 -9999     0     0     0 -9999     0
1988 03 29 06    83   -44 -9999     0     0     5 -9999     0
1988 03 29 09    93   -42 -9999   250    40     7 -9999 -9999
1988 03 29 21    42   -27 -9999   110    30     6 -9999 -9999
1988 03 30 00    36   -23 -9999   360    20     7 -9999     0
1988 03 30 09    95   -80 -9999   340    60     7 -9999 -9999
1988 03 30 21    49   -83 -9999     0     0     8 -9999 -9999
1988 03 31 00    45  -100 -9999   320    30     8 -9999     0
1988 03 31 06    86  -129 -9999   250    20     7 -9999     0
1988 03 31 09   102  -142 -9999   320    40     7 -9999 -9999
1988 03 31 21    30   -50 -9999   140    20     2 -9999 -9999
1988 04 01 00    38   -53 -9999   160    20     1 -9999     0
1988 04 01 06   128  -117 -9999   360    10     2 -9999     0
1988 04 01 09   132  -112 -9999     0     0     7 -9999 -9999
1988 04 01 21    56   -97 -9999    40    20     0 -9999 -9999
1988 04 02 00    74   -72 -9999    90    30     8 -9999     0
1988 04 02 06   128   -79 -9999   340    40     7 -9999     0
1988 04 02 09   120   -51 -9999    20    20     8 -9999 -9999
1988 04 02 21    63   -54 -9999   180    30     2 -9999 -9999
1988 04 03 06   144   -84 -9999   340    70     7 -9999     0
1988 04 03 09   140  -145 -9999   340    70     7 -9999 -9999
1988 04 03 21    38  -162 -9999    20    70     2 -9999 -9999
1988 04 04 00    24  -157 -9999    20    80     1 -9999     0
1988 04 04 06    73  -159 -9999    20    80     6 -9999     0
1988 04 04 09    70  -169 -9999    20    70     6 -9999 -9999
1988 04 04 21    18   -60 -9999     0     0     8 -9999 -9999
1988 04 05 00    14  -109 -9999     0     0     7 -9999     0
1988 04 05 01    81  -165 -9999   340    40     7 -9999     0
1988 04 05 09    82  -133 -9999   340    80     7 -9999 -9999
1988 04 06 00    23   -68 -9999   250    20     7 -9999     0
1988 04 06 09    94  -141 -9999   320    50     1 -9999 -9999
1988 04 06 21   -10  -149 -9999   110    30     0 -9999 -9999
1988 04 07 00    22  -201 -9999   110    30     0 -9999     0
1988 04 07 06    91  -242 -9999   320    40     1 -9999     0
1988 04 07 21     0  -294 -9999   140    40     0 -9999 -9999
1988 04 08 00    20  -219 -9999   110    30     1 -9999     0
1988 04 08 06   123  -183 -9999     0     0     7 -9999     0
1988 04 08 09   133  -129 -9999     0     0     7 -9999 -9999
1988 04 08 21    53  -109 -9999   160    20     0 -9999 -9999
1988 04 09 00    79  -116 -9999    40    30     7 -9999     0
1988 04 09 06   150  -137 -9999   340    30     7 -9999     0
1988 04 09 09   162  -110 -9999   320    30     1 -9999 -9999
1988 04 09 21    66  -102 -9999    90    30     1 -9999 -9999
1988 04 10 00    92   -82 -9999    90    10     7 -9999     0
1988 04 10 06   158  -124 -9999   340    40     7 -9999     0
1988 04 10 09   168  -111 -9999   360    40     7 -9999 -9999
1988 04 10 21    26  -207 -9999   340   110     8 -9999 -9999
1988 04 11 00     6  -251 -9999    20    40     7 -9999     0
1988 04 11 06    73  -222 -9999   340    40     2 -9999     0
1988 04 11 09    94  -165 -9999   340    30     0 -9999 -9999
1988 04 11 21     6  -224 -9999   110    40     0 -9999 -9999
1988 04 12 00    32  -240 -9999   110    20     2 -9999     0
1988 04 12 09   146  -227 -9999   290    30     0 -9999 -9999
1988 04 12 21    44  -113 -9999     0     0     0 -9999 -9999
1988 04 13 00    78  -140 -9999     0     0     7 -9999     0
1988 04 13 06   122  -147 -9999   360    40     1 -9999     0
1988 04 13 09   128  -148 -9999   360    40     0 -9999 -9999
1988 04 13 21    36  -143 -9999   110    40     0 -9999 -9999
1988 04 14 00    73  -133 -9999   110    20     6 -9999     0
1988 04 14 06   142  -169 -9999   360    30     2 -9999     0
1988 04 14 09   146  -123 -9999   340    40     7 -9999 -9999
1988 04 14 21    72   -68 -9999   160    30     0 -9999 -9999
1988 04 15 00    90   -52 -9999   160    30     7 -9999     0
1988 04 15 06   170  -109 -9999   290    40     7 -9999     0
1988 04 15 09   184  -121 -9999   270    40     6 -9999 -9999
1988 04 15 21   102   -65 -9999   160    40     0 -9999 -9999
1988 04 16 06    16   -36 -9999    20    50     8 -9999    30
1988 04 16 09    34   -84 -9999    20    40     8 -9999 -9999
1988 04 16 21   -44  -258 -9999   360    20     0 -9999 -9999
1988 04 17 00   -40  -243 -9999   160    20     2 -9999     0
1988 04 17 06    42  -292 -9999   290    30     1 -9999     0
1988 04 17 09    86  -241 -9999   290    30     1 -9999 -9999
1988 04 17 21    54  -177 -9999   110    20     0 -9999 -9999
1988 04 18 00    70  -151 -9999   160    30     2 -9999     0
1988 04 18 06   180  -220 -9999   290    20     7 -9999     0
1988 04 18 09   215  -177 -9999   320    60     7 -9999 -9999
1988 04 18 21   120  -133 -9999    20    50     7 -9999 -9999
1988 04 19 00    95  -121 -9999   340    40     7 -9999     0
1988 04 19 06   126  -235 -9999   340    80     7 -9999     0
1988 04 19 09   116  -256 -9999   340    70     7 -9999 -9999
1988 04 19 21    34  -160 -9999   340    30     4 -9999 -9999
1988 04 20 00    31  -214 -9999     0     0     1 -9999     0
1988 04 20 06    70  -325 -9999   360    50     2 -9999     0
1988 04 20 09    70  -330 -9999   360    40     1 -9999 -9999
1988 04 20 21   -10  -185 -9999   110    20     0 -9999 -9999
1988 04 21 00    36  -228 -9999    90    10     0 -9999     0
1988 04 21 06    98  -173 -9999   340    30     1 -9999     0
1988 04 21 09   100  -174 -9999   340    40     1 -9999 -9999
1988 04 21 21    14  -142 -9999    70    20     0 -9999 -9999
1988 04 22 00    41  -130 -9999   160    20     0 -9999     0
1988 04 22 06   126  -179 -9999   340    50     1 -9999     0
1988 04 22 09   142  -185 -9999   340    40     1 -9999 -9999
1988 04 23 00    88  -164 -9999   180    40     7 -9999     0
1988 04 23 06   152  -115 -9999     0     0     6 -9999     0
1988 04 23 09   164  -115 -9999   340    30     7 -9999 -9999
1988 04 23 21    56  -142 -9999    90    30     0 -9999 -9999
1988 04 24 06   180  -145 -9999    20    30     7 -9999     0
1988 04 24 09   188  -152 -9999   360    80     7 -9999 -9999
1988 04 24 21   114  -108 -9999   340    20     7 -9999 -9999
1988 04 25 00   108   -51 -9999     0     0     8 -9999     0
1988 04 25 06   148   -45 -9999   200    40     7 -9999     0
1988 04 25 09   170   -77 -9999   250    40     2 -9999 -9999
1988 04 25 21 -9999 -9999 -9999   140    30     4 -9999 -9999
1988 04 26 00   118  -124 -9999     0     0     2 -9999     0
1988 04 26 06   182   -77 -9999   250    30     2 -9999     0
1988 04 26 09   179  -122 -9999   200    30     7 -9999 -9999
1988 04 26 21    90   -77 -9999   140    30     0 -9999 -9999
1988 04 27 00   123   -43 -9999   160    20     7 -9999     0
1988 04 27 06   194  -102 -9999   340    50     6 -9999     0
1988 04 27 09   198   -89 -9999   290    70     7 -9999 -9999
1988 04 27 21   122   -33 -9999     0     0     7 -9999 -9999
1988 04 28 00   122   -12 -9999   340    70     8 -9999    -1
1988 04 28 06   166   -57 -9999   340    60     7 -9999 -9999
1988 04 28 09   168   -71 -9999   360    70     6 -9999 -9999
1988 04 28 21   102  -134 -9999   160    50     0 -9999 -9999
1988 04 29 00   124   -87 -9999   160    50     2 -9999     0
1988 04 29 06   208   -96 -9999   250    80     7 -9999     0
1988 04 29 09   217   -90 -9999   340    60     7 -9999 -9999
1988 04 29 21   158   -16 -9999   290    20     8 -9999 -9999
1988 04 30 00 -9999 -9999 -9999     0     0     7 -9999     0
1988 04 30 06   162   -47 -9999   320    20     8 -9999     0
1988 04 30 09   162   -24 -9999   320    40     8 -9999 -9999
1988 05 01 00   151    -9 -9999   140    30     0 -9999     0
1988 05 01 09   244   -11 -9999   220    20     7 -9999 -9999
1988 05 02 00   222    39 -9999     0     0     7 -9999     0
1988 05 02 06   280    16 -9999   340    50     1 -9999     0
1988 05 02 09   292     7 -9999   340    40     2 -9999 -9999
1988 05 02 21   186    19 -9999    70    20     8 -9999 -9999
1988 05 03 00   199    26 -9999     0     0     7 -9999     0
1988 05 03 06   242    19 -9999   200    30     7 -9999    -1
1988 05 03 09   270    19 -9999   320    30     7 -9999 -9999
1988 05 03 21   156    -1 -9999    90    30     1 -9999 -9999
1988 05 04 00   180     5 -9999    20    20     7 -9999     0
1988 05 04 06   216   -28 -9999   320    20     7 -9999     0
1988 05 04 09   230   -28 -9999     0     0     7 -9999 -9999
1988 05 04 21   193   -50 -9999   140    70     2 -9999 -9999
1988 05 05 00   200   -30 -9999   160    90     8 -9999    -1
1988 05 05 09   140   111 -9999    20    30     8 -9999 -9999
1988 05 05 21   108   101 -9999    20    90     8 -9999 -9999
1988 05 06 00   114    94 -9999   360    90     7 -9999    -1
1988 05 06 09   145    47 -9999    20    70     6 -9999 -9999
1988 05 06 21    88    45 -9999   110    20     0 -9999 -9999
1988 05 07 00   107    53 -9999   340    20     2 -9999     0
1988 05 07 06   153    58 -9999   160    60     7 -9999     0
1988 05 07 09   142    64 -9999   110    80     7 -9999 -9999
1988 05 07 21    58    32 -9999     0     0     7 -9999 -9999
1988 05 08 00    58    39 -9999     0     0     7 -9999    -1
1988 05 08 06   110    33 -9999     0     0     7 -9999     0
1988 05 08 09   128    36 -9999   360    20     5 -9999 -9999
1988 05 08 21    93    24 -9999   160    30     2 -9999 -9999
1988 05 09 00   106    43 -9999   110    20     7 -9999     0
1988 05 09 06   166     3 -9999   340    50     4 -9999     0
1988 05 09 09   160   -17 -9999   340    30     7 -9999 -9999
1988 05 09 21    98   -45 -9999    70    50     2 -9999 -9999
1988 05 10 00   114    -3 -9999     0     0     7 -9999     0
1988 05 10 06   144   -37 -9999   250    20     8 -9999     0
1988 05 10 09   119   -34 -9999   160    60     8 -9999 -9999
1988 05 10 21    96   -14 -9999    20    60     8 -9999 -9999
1988 05 11 00    95    -7 -9999   360    20     7 -9999    -1
1988 05 11 06   155  -107 -9999   140    70     2 -9999     0
1988 05 11 09   160  -104 -9999   140    70     4 -9999 -9999
1988 05 11 21   124   -61 -9999   160    50     7 -9999 -9999
1988 05 12 00   128    21 -9999   200    30     7 -9999     0
1988 05 12 06    77    71 -9999   340    40     8 -9999    20
1988 05 12 09   101    53 -9999   360    50     7 -9999 -9999
1988 05 12 21    55     3 -9999   140    30     0 -9999 -9999
1988 05 13 00    75    12 -9999   200    30     4 -9999     0
1988 05 13 06   144   -66 -9999   320    60     7 -9999     0
1988 05 13 09   164   -92 -9999   320    40     3 -9999 -9999
1988 05 13 21    86   -29 -9999   140    40     0 -9999 -9999
1988 05 14 00   120   -47 -9999   160    50     0 -9999     0
1988 05 14 06   284   -99 -9999   200    30     7 -9999     0
1988 05 14 09   212  -110 -9999   320    40     7 -9999 -9999
1988 05 14 21   110    28 -9999     0     0     7 -9999 -9999
1988 05 15 06   210   -25 -9999   270    40     6 -9999     0
1988 05 15 09   188     3 -9999    20    50     6 -9999 -9999
1988 05 15 21   120   -25 -9999   140    30     0 -9999 -9999
1988 05 16 00   178   -31 -9999   160    40     0 -9999     0
1988 05 16 06   250   -32 -9999     0     0     2 -9999     0
1988 05 16 09   254   -58 -9999     0     0     6 -9999 -9999
1988 05 16 21   189     8 -9999   160    60     0 -9999 -9999
1988 05 17 00   210    49 -9999   140    50     2 -9999     0
1988 05 17 06   243    70 -9999   100   480     7 -9999     0
1988 05 17 21   162    72 -9999   140    30     0 -9999 -9999
1988 05 18 00   198    81 -9999   160    20     1 -9999     0
1988 05 18 06   252    93 -9999     0     0     7 -9999     0
1988 05 18 09   264     3 -9999   360    20     7 -9999 -9999
1988 05 18 21   182    51 -9999   140    30     0 -9999 -9999
1988 05 19 00   228    12 -9999   140    50     7 -9999     0
1988 05 19 06   206    17 -9999   360    70     7 -9999     0
1988 05 19 09   116    81 -9999    20   120     8 -9999 -9999
1988 05 19 21    71    59 -9999   360    60     8 -9999 -9999
1988 05 20 00    72    64 -9999   360    60     8 -9999    30
1988 05 20 06   124    60 -9999   340    50     6 -9999    -1
1988 05 20 09   116    95 -9999    20    50     7 -9999 -9999
1988 05 20 21    90    69 -9999     0     0     7 -9999 -9999
1988 05 21 00    94    71 -9999   180    20     2 -9999     0
1988 05 21 06   161    28 -9999     0     0     4 -9999     0
1988 05 21 09   186    -7 -9999   320    30     2 -9999 -9999
1988 05 22 00   157    33 -9999   140    30     1 -9999     0
1988 05 22 06   232    -4 -9999   270    20     7 -9999     0
1988 05 22 09   232     4 -9999   340    60     7 -9999 -9999
1988 05 22 21   129    53 -9999     0     0     8 -9999 -9999
1988 05 23 00   128   -29 -9999   360    60     7 -9999     0
1988 05 23 06   182   -46 -9999   320    50     1 -9999     0
1988 05 23 09   192   -78 -9999   340    50     1 -9999 -9999
1988 05 23 21   114   -43 -9999    70    20     3 -9999 -9999
1988 05 24 06   208   -93 -9999   180    30     7 -9999     0
1988 05 24 09   206   -87 -9999   200    30     7 -9999 -9999
1988 05 24 21   164    46 -9999   180    50     7 -9999 -9999
1988 05 25 00   179   -10 -9999   200    60     0 -9999     0
1988 05 25 06   226    33 -9999   250    40     4 -9999     0
1988 05 25 09   238   -25 -9999   340    70     5 -9999 -9999
1988 05 25 21   124  -111 -9999    20    50     0 -9999 -9999
1988 05 26 00   156   -82 -9999    20    30     2 -9999     0
1988 05 26 06   196   -79 -9999    20    20     2 -9999     0
1988 05 26 09   208   -82 -9999   360    20     6 -9999 -9999
1988 05 26 21   156  -115 -9999   140    70     7 -9999 -9999
1988 05 27 09   206    46 -9999   110    70     4 -9999 -9999
1988 05 27 21   128    69 -9999   180    30     0 -9999 -9999
1988 05 28 00   170    84 -9999   110    30     7 -9999     0
1988 05 28 06   248    42 -9999   250    20     7 -9999     0
1988 05 28 09   212    21 -9999    20    80     7 -9999 -9999
1988 05 28 21   102    35 -9999   140    30     8 -9999 -9999
1988 05 29 00    96    54 -9999   220    20     8 -9999    -1
1988 05 29 06   130    51 -9999   220    50     7 -9999     0
1988 05 29 09   139    48 -9999   220    20     7 -9999 -9999
1988 05 29 21    85    14 -9999   140    40     1 -9999 -9999
1988 05 30 06   194   -97 -9999   320    50     0 -9999     0
1988 05 30 09   204  -101 -9999   360    30     0 -9999 -9999
1988 05 31 00   170   -81 -9999   140    20     0 -9999     0
1988 05 31 06   223  -113 -9999   360    40     1 -9999     0
1988 05 31 09   231  -133 -9999   340    50     7 -9999 -9999
1988 05 31 21   110     7 -9999   140    30     0 -9999 -9999
1988 06 01 00   188   -59 -9999   140    20     1 -9999     0
1988 06 01 06   238  -112 -9999   360    50     1 -9999     0
1988 06 01 09   250  -107 -9999   340    50     1 -9999 -9999
1988 06 01 21   139   -42 -9999   110    20     1 -9999 -9999
1988 06 02 00   184    -1 -9999     0     0     0 -9999     0
1988 06 02 06   252   -26 -9999   340    30     2 -9999     0
1988 06 02 21   176   -60 -9999   110    40     0 -9999 -9999
1988 06 03 00   208   -29 -9999   140    20     7 -9999     0
1988 06 03 06   258     0 -9999     0     0     8 -9999     0
1988 06 03 09   246    14 -9999     0     0     7 -9999 -9999
1988 06 03 21   190    13 -9999   360    40     8 -9999 -9999
1988 06 04 00   136    91 -9999    40    30     8 -9999     5
1988 06 04 06   144    96 -9999   360    20     8 -9999    20
1988 06 04 09   132   106 -9999   360    30     8 -9999 -9999
1988 06 05 00   116    96 -9999   200    20     0 -9999     0
1988 06 05 06   195    83 -9999   200    40     2 -9999     0
1988 06 05 09   207    72 -9999   200    50     4 -9999 -9999
1988 06 05 21   162    55 -9999   140    40     1 -9999 -9999
1988 06 06 06   212    50 -9999    40    30     7 -9999     0
1988 06 06 09   174    97 -9999   200    30     8 -9999 -9999
1988 06 06 21   113   100 -9999   340    20     7 -9999 -9999
1988 06 07 00   124    99 -9999   360    20     7 -9999     0
1988 06 07 06   194    86 -9999   200    30     3 -9999     0
1988 06 07 09   218    88 -9999     0     0     7 -9999 -9999
1988 06 07 21   177    68 -9999    70    20     7 -9999 -9999
1988 06 08 00   186    76 -9999     0     0     7 -9999     0
1988 06 08 06   192   101 -9999   220    30     7 -9999    -1
1988 06 08 09   202   111 -9999   200    20     7 -9999 -9999
1988 06 08 21   128    90 -9999   140    30     0 -9999 -9999
1988 06 09 00   194    86 -9999   180    20     2 -9999     0
1988 06 09 06   263    76 -9999   340    20     1 -9999     0
1988 06 09 09   271    55 -9999    70    20     1 -9999 -9999
1988 06 09 21   174     4 -9999    40    70     8 -9999 -9999
1988 06 10 00   160    15 -9999   340    70     8 -9999    -1
1988 06 10 09   129    93 -9999   200    30     8 -9999 -9999
1988 06 10 21    98    85 -9999   110    20     7 -9999 -9999
1988 06 11 00   133    75 -9999     0     0     2 -9999    10
1988 06 11 06   186    44 -9999    20    20     1 -9999     0
1988 06 11 09   210    26 -9999     0     0     6 -9999 -9999
1988 06 11 21   126    68 -9999 -9999 -9999     0 -9999 -9999
1988 06 12 06   247    94 -9999   200    30     6 -9999     0
1988 06 12 09   250    48 -9999   220    50     7 -9999 -9999
1988 06 12 21    82 -9999 -9999   160    40     1 -9999 -9999
1988 06 13 00   204    63 -9999   160    40     5 -9999     0
1988 06 13 06   184    10 -9999     0     0     7 -9999     0
1988 06 13 09   296   -16 -9999   320    50     7 -9999 -9999
1988 06 13 21   174     4 -9999    70    20     0 -9999 -9999
1988 06 14 00   196    26 -9999    20    10     7 -9999     0
1988 06 14 06   250    15 -9999   340    50     7 -9999     0
1988 06 14 09   233    -3 -9999   360    80     7 -9999 -9999
1988 06 14 21   154    25 -9999    20    30     2 -9999 -9999
1988 06 15 00   159    58 -9999   220    30     1 -9999     0
1988 06 15 09   238  -144 -9999   360    10     6 -9999 -9999
1988 06 15 21   156   -14 -9999   110    40     0 -9999 -9999
1988 06 16 06   265   -15 -9999     0     0     1 -9999     0
1988 06 16 09   270   -79 -9999   250    40     2 -9999 -9999
1988 06 16 21   170   -28 -9999   110    40     1 -9999 -9999
1988 06 17 00   225    31 -9999     0     0     2 -9999     0
1988 06 17 21   198    29 -9999   140    40     4 -9999 -9999
1988 06 18 00   216    15 -9999   200    50     7 -9999     0
1988 06 18 06   128     4 -9999   200    30     1 -9999     0
1988 06 18 09   222    89 -9999   360    30     7 -9999 -9999
1988 06 18 21   153    45 -9999   110    30     0 -9999 -9999
1988 06 19 00   212    67 -9999   140    30     0 -9999     0
1988 06 19 06   268   -29 -9999    20    30     0 -9999     0
1988 06 19 09   280   -15 -9999   360    30     0 -9999 -9999
1988 06 19 21   201     1 -9999   110    40     6 -9999 -9999
1988 06 20 00   232    -1 -9999   110    50     7 -9999     0
1988 06 20 06   268    37 -9999   200    70     8 -9999     0
1988 06 20 09   225    54 -9999    20    60     8 -9999 -9999
1988 06 20 21   170    94 -9999   140    60     7 -9999 -9999
1988 06 21 00   172   101 -9999   200    30     7 -9999    -1
1988 06 21 01   238 -9999 -9999     0     0     1 -9999 -9999
1988 06 21 06   186   129 -9999   160    30     6 -9999    10
1988 06 21 09   238    82 -9999     0     0     1 -9999 -9999
1988 06 21 21   188    70 -9999   160    30     0 -9999 -9999
1988 06 22 00   220    77 -9999   160    30     6 -9999     0
1988 06 22 06   294    38 -9999   270    20     7 -9999    -1
1988 06 22 09   301    40 -9999   320    70     5 -9999 -9999
1988 06 22 21   178    27 -9999    90    40     1 -9999 -9999
1988 06 23 09   308    36 -9999   140    40     1 -9999 -9999
1988 06 23 21   231    30 -9999   140    50     5 -9999 -9999
1988 06 24 00   238    60 -9999   200    60     4 -9999     0
1988 06 24 06   312    80 -9999   180    30     1 -9999     0
1988 06 24 09   325    90 -9999     0     0     4 -9999 -9999
1988 06 24 21   196    62 -9999   340    70     7 -9999 -9999
1988 06 25 00   164    99 -9999   360   100     8 -9999     0
1988 06 25 06   206   137 -9999   250    20     7 -9999     5
1988 06 25 09   242    95 -9999    20    20     2 -9999 -9999
1988 06 26 00   191    98 -9999   180    30     2 -9999     0
1988 06 26 06 -9999 -9999 -9999     0     0     4 -9999     0
1988 06 26 09   286    41 -9999   320    40     4 -9999 -9999
1988 06 26 21   180    58 -9999   110    30     0 -9999 -9999
1988 06 27 00   208    69 -9999   180    40     1 -9999     0
1988 06 27 06   274    76 -9999   290    10     1 -9999    -1
1988 06 27 09   288    54 -9999     0     0     1 -9999 -9999
1988 06 27 21   206    23 -9999   160    40     0 -9999 -9999
1988 06 28 00   257    74 -9999     0     0     0 -9999     0
1988 06 28 06   318    46 -9999     0     0     1 -9999     0
1988 06 28 09   335    61 -9999   360    20     2 -9999 -9999
1988 06 28 21   254   112 -9999     0     0     0 -9999 -9999
1988 06 29 00   262   108 -9999     0     0     0 -9999     0
1988 06 29 06   338    64 -9999   270    20     7 -9999     0
1988 06 29 09   312    88 -9999    40    30     1 -9999 -9999
1988 06 30 00   186   121 -9999   250    30     7 -9999     1
1988 06 30 06   278    77 -9999     0     0     6 -9999     0
1988 06 30 09   270    32 -9999   340    30     7 -9999 -9999
1988 06 30 21   130   100 -9999   160    30     8 -9999 -9999
1988 07 01 00   146    98 -9999   180    30     7 -9999     1
1988 07 01 06   226    80 -9999   250    20     2 -9999     0
1988 07 01 09   240     1 -9999   290    60     7 -9999 -9999
1988 07 01 21   144    82 -9999   110    20     1 -9999 -9999
1988 07 02 00   184    56 -9999   200    20     0 -9999     0
1988 07 02 09   265   -19 -9999     0     0     1 -9999 -9999
1988 07 02 21   196    76 -9999   160    50     4 -9999 -9999
1988 07 03 00   219    85 -9999   160    40     6 -9999     0
1988 07 03 06   275    32 -9999   200    60     7 -9999     0
1988 07 03 09   244    41 -9999   320   120     7 -9999 -9999
1988 07 03 21   170    64 -9999   180    20     0 -9999 -9999
1988 07 04 00   194    73 -9999   180    40     7 -9999     0
1988 07 04 06   252    55 -9999   140    70     1 -9999     0
1988 07 04 09   252    64 -9999   140   120     1 -9999 -9999
1988 07 04 21   179    99 -9999   180    30     8 -9999 -9999
1988 07 05 00   174   133 -9999     0     0     7 -9999     1
1988 07 05 06   240   114 -9999   250    20     5 -9999     0
1988 07 05 09   262    97 -9999   340    20     3 -9999 -9999
1988 07 05 21   190    57 -9999   110    30     0 -9999 -9999
1988 07 06 00   244    64 -9999   110    20     2 -9999     0
1988 07 06 06   204   159 -9999    40    60     7 -9999     5
1988 07 06 09   155   144 -9999   360    40     8 -9999 -9999
1988 07 06 21   134   126 -9999   180    20     7 -9999 -9999
1988 07 07 00   157   127 -9999     0     0     0 -9999     0
1988 07 07 06   236    99 -9999   250    20     3 -9999     0
1988 07 07 09   248    43 -9999   140    20     2 -9999 -9999
1988 07 07 21   195   111 -9999   180    30     7 -9999 -9999
1988 07 08 00   187   142 -9999    90    20     8 -9999     0
1988 07 08 06   218   113 -9999   200    70     7 -9999     0
1988 07 08 09   212   106 -9999   160    40     7 -9999 -9999
1988 07 08 21   151   102 -9999   140    30     7 -9999 -9999
1988 07 09 00   174   117 -9999   200    30     7 -9999     0
1988 07 09 06   246    81 -9999   220    30     7 -9999     0
1988 07 09 09   257    76 -9999   220    40     7 -9999 -9999
1988 07 09 21   164    55 -9999   110    40     0 -9999 -9999
1988 07 10 00   224    91 -9999     0     0     0 -9999     0
1988 07 10 06   284    71 -9999   250    20     1 -9999     0
1988 07 10 09   301    86 -9999   220    40     1 -9999 -9999
1988 07 10 21   205   119 -9999   160    30     1 -9999 -9999
1988 07 11 00   250    92 -9999   140    30     7 -9999     0
1988 07 11 06   290    81 -9999     0     0     7 -9999    -1
1988 07 11 09   298    54 -9999   200    30     7 -9999 -9999
1988 07 11 21   224   100 -9999   180    30     7 -9999 -9999
1988 07 12 00   232    89 -9999   160    40     7 -9999    -1
1988 07 12 06   306    66 -9999   220    20     1 -9999     0
1988 07 12 09   306    36 -9999   140    70     7 -9999 -9999
1988 07 12 21   172   131 -9999    70    30     8 -9999 -9999
1988 07 13 00   185   124 -9999    70    50     7 -9999    20
1988 07 13 06   286    69 -9999   340    20     2 -9999     0
1988 07 13 21   240    96 -9999   140    50     0 -9999 -9999
1988 07 14 00   266    88 -9999   160    30     0 -9999     0
1988 07 14 06   308   110 -9999   220    30     2 -9999     0
1988 07 14 09   320   106 -9999   200    30     1 -9999 -9999
1988 07 14 21   236   120 -9999   160    40     2 -9999 -9999
1988 07 15 00   239   126 -9999   180    30     7 -9999     0
1988 07 15 06   306   109 -9999   360    10     1 -9999     0
1988 07 15 09   322   102 -9999     0     0     3 -9999 -9999
1988 07 15 21   196   160 -9999   110    30     7 -9999 -9999
1988 07 16 00   226   150 -9999   200    20     6 -9999    70
1988 07 16 06   253   130 -9999     0     0     7 -9999     5
1988 07 16 09   243   176 -9999     0     0     7 -9999 -9999
1988 07 16 21   208   146 -9999    90    30     3 -9999 -9999
1988 07 17 00   170   162 -9999   340    60     8 -9999    60
1988 07 17 06   178   176 -9999    70    60     8 -9999    80
1988 07 17 09   212   158 -9999   320    50     7 -9999 -9999
1988 07 17 21   179   171 -9999     0     0     7 -9999 -9999
1988 07 18 00 -9999 -9999 -9999   180    30     7 -9999     0
1988 07 18 06   238   163 -9999   200    20     6 -9999     0
1988 07 18 09   244   160 -9999   200    30     7 -9999 -9999
1988 07 18 21   168   130 -9999    70    20     1 -9999 -9999
1988 07 19 00   206   149 -9999   160    20     2 -9999     0
1988 07 19 06   268   142 -9999     0     0     7 -9999     0
1988 07 19 09   286   134 -9999    40    20     1 -9999 -9999
1988 07 19 21   206   133 -9999   110    20     0 -9999 -9999
1988 07 20 00   241   129 -9999   110    30     1 -9999     0
1988 07 20 06   303   139 -9999   320    20     5 -9999     0
1988 07 20 09   298   115 -9999    20    40     1 -9999 -9999
1988 07 20 21   212   114 -9999   110    30     0 -9999 -9999
1988 07 21 00   248   136 -9999     0     0     1 -9999     0
1988 07 21 06   318    63 -9999     0     0     2 -9999     0
1988 07 21 09   328    65 -9999    20    30     2 -9999 -9999
1988 07 21 21   237   110 -9999   140    30     0 -9999 -9999
1988 07 22 00   238   115 -9999    40    20     2 -9999     0
1988 07 22 06   318   121 -9999   250    20     2 -9999     0
1988 07 22 09   283   105 -9999   160    80     5 -9999 -9999
1988 07 22 21   232    78 -9999   110    30     0 -9999 -9999
1988 07 23 00   266   119 -9999     0     0     0 -9999     0
1988 07 23 06   339   113 -9999   220    50     2 -9999     0
1988 07 23 09   333    38 -9999   140    60     2 -9999 -9999
1988 07 23 21   239   152 -9999   180    50     0 -9999 -9999
1988 07 24 00   260   124 -9999    20    30     0 -9999     0
1988 07 24 06   320   101 -9999   180    80     1 -9999     0
1988 07 24 09   304   133 -9999   180    90     1 -9999 -9999
1988 07 24 21   246   129 -9999   140    60     1 -9999 -9999
1988 07 25 00   252   150 -9999     0     0     1 -9999     0
1988 07 25 06   282   174 -9999    40    20     6 -9999     0
1988 07 25 09   298   154 -9999    20    20     6 -9999 -9999
1988 07 25 21   171    58 -9999     0     0     7 -9999 -9999
1988 07 26 00   175    61 -9999   320    50     7 -9999     0
1988 07 26 09   256   100 -9999   290    30     2 -9999 -9999
1988 07 27 00   162   131 -9999   340    50     8 -9999    -1
1988 07 27 06   150   142 -9999   320    30     8 -9999    50
1988 07 27 09   154   138 -9999    20    20     8 -9999 -9999
1988 07 27 21   128    78 -9999   110    30     0 -9999 -9999
1988 07 28 00   172    90 -9999   140    20     0 -9999     0
1988 07 28 06   250    40 -9999   200    30     0 -9999     0
1988 07 28 09   266    39 -9999     0     0     0 -9999 -9999
1988 07 28 21   176    42 -9999   110    30     0 -9999 -9999
1988 07 29 00   226    47 -9999   140    30     0 -9999     0
1988 07 29 06   300     1 -9999   200    20     1 -9999     0
1988 07 29 09   300    -6 -9999   320    20     3 -9999 -9999
1988 07 30 00   214    82 -9999   160    30     2 -9999     0
1988 07 30 06   261    51 -9999    90    50     7 -9999     0
1988 07 30 09   276    84 -9999   180    30     7 -9999 -9999
1988 07 30 21   180    96 -9999   140    30     1 -9999 -9999
1988 07 31 00   216    71 -9999    40    20     2 -9999     0
1988 07 31 06   274    81 -9999   160    50     4 -9999     0
1988 07 31 09   271    81 -9999   160    70     1 -9999 -9999
1988 07 31 21   154    68 -9999   140    20     0 -9999 -9999
1988 08 01 00   212    93 -9999     0     0     0 -9999     0
1988 08 01 06 -9999 -9999 -9999   290    30     1 -9999     0
1988 08 01 09   310    45 -9999   220    30     1 -9999 -9999
1988 08 01 21   184   119 -9999   200    20     0 -9999 -9999
1988 08 02 06   272   132 -9999   320    20     7 -9999     0
1988 08 02 09   290    97 -9999   140    60     5 -9999 -9999
1988 08 02 21   232   135 -9999   110    30     7 -9999 -9999
1988 08 03 00   216   152 -9999     0     0     7 -9999     0
1988 08 03 06   276   146 -9999   290    30     7 -9999     0
1988 08 03 09   288   151 -9999    20    30     6 -9999 -9999
1988 08 03 21   215   156 -9999   110    20     0 -9999 -9999
1988 08 04 00   224   154 -9999     0     0     0 -9999     0
1988 08 04 06   300   155 -9999   320    20     3 -9999     0
1988 08 04 09   310   139 -9999    20    40     2 -9999 -9999
1988 08 04 21   224   174 -9999     0     0     7 -9999 -9999
1988 08 05 00   222   179 -9999   320    30     7 -9999     0
1988 08 05 06   289   140 -9999   270    40     6 -9999     0
1988 08 05 09   297   131 -9999   320    50     5 -9999 -9999
1988 08 05 21   198   118 -9999    90    30     0 -9999 -9999
1988 08 06 00   238   125 -9999    90    20     1 -9999     0
1988 08 06 06   310   112 -9999    20    50     2 -9999     0
1988 08 06 09   314   123 -9999    20    50     3 -9999 -9999
1988 08 06 21   232   142 -9999     0     0     8 -9999 -9999
1988 08 07 00   218   149 -9999     0     0     7 -9999    -1
1988 08 07 06   229   135 -9999   220    20     7 -9999 -9999
1988 08 07 09   214   150 -9999     0     0     8 -9999 -9999
1988 08 07 21   184   157 -9999     0     0     8 -9999 -9999
1988 08 08 00   199   138 -9999    20    30     7 -9999     0
1988 08 08 06   235   144 -9999    40    20     7 -9999     1
1988 08 08 09   250   142 -9999     0     0     6 -9999 -9999
1988 08 08 21   180   151 -9999    20    30     0 -9999 -9999
1988 08 09 00   219   141 -9999     0     0     1 -9999     0
1988 08 09 06   282   135 -9999   220    30     6 -9999     0
1988 08 09 09   298   136 -9999   160    50     4 -9999 -9999
1988 08 09 21   219   147 -9999   140    60     0 -9999 -9999
1988 08 10 00   236   136 -9999   140    60     0 -9999     0
1988 08 10 06   285   131 -9999   140    90     2 -9999     0
1988 08 10 09   283   138 -9999   140    60     2 -9999 -9999
1988 08 10 21   144   137 -9999   320    30     8 -9999 -9999
1988 08 11 00   140   125 -9999    20    30     8 -9999    20
1988 08 11 06   141   117 -9999   360    30     8 -9999     5
1988 08 11 09   152   112 -9999   360    20     8 -9999 -9999
1988 08 11 21   138    85 -9999   140    20     7 -9999 -9999
1988 08 12 00   150    95 -9999     0     0     7 -9999     0
1988 08 12 06   206    89 -9999     0     0     1 -9999     0
1988 08 12 09   236    85 -9999   320    20     2 -9999 -9999
1988 08 12 18   245   231 10047     0     0     7 -9999     0
1988 08 12 21   162   112 -9999     0     0     2 -9999 -9999
1988 08 13 00   172   114 -9999     0     0     8 -9999     0
1988 08 13 06   218   109 -9999   270    20     8 -9999     0
1988 08 13 09   213   109 -9999   220    30     8 -9999 -9999
1988 08 13 21   144    92 -9999   160    20 -9999 -9999 -9999
1988 08 14 00   174    82 -9999   160    30     0 -9999     0
1988 08 14 06   261    64 -9999     0     0     1 -9999     0
1988 08 14 09   272    75 -9999     0     0     1 -9999 -9999
1988 08 14 21   193    62 -9999   160    30     7 -9999 -9999
1988 08 15 00   185   116 -9999     0     0     7 -9999     0
1988 08 15 06   257    41 -9999     0     0     4 -9999     0
1988 08 15 21   191    33 -9999    90    30     1 -9999 -9999
1988 08 16 00   213    40 -9999    90    30     0 -9999     0
1988 08 16 06   281    74 -9999   160    40     4 -9999     0
1988 08 16 09   288    22 -9999   160    60     5 -9999 -9999
1988 08 16 21   221   111 -9999   160    50     8 -9999 -9999
1988 08 17 00   206   130 -9999   140    60     8 -9999    -1
1988 08 17 06   176   162 -9999   180    20     8 -9999    80
1988 08 17 09   162   154 -9999    40    20     8 -9999 -9999
1988 08 17 21   134   132 -9999    60    20     8 -9999 -9999
1988 08 18 00   134   132 -9999   360    40     7 -9999     0
1988 08 18 06   217   118 -9999   340    30     1 -9999     0
1988 08 18 09   231   105 -9999   360    20     7 -9999 -9999
1988 08 18 21   148   115 -9999   140    30     8 -9999 -9999
1988 08 19 00   142   118 -9999     0     0     7 -9999    10
1988 08 19 06   215    94 -9999   220    20     1 -9999     0
1988 08 19 09   234    87 -9999   200    30     1 -9999 -9999
1988 08 19 21   150    80 -9999   110    20     0 -9999 -9999
1988 08 20 00   172    59 -9999    20    50     0 -9999     0
1988 08 20 06   220    25 -9999   360    70     2 -9999     0
1988 08 20 09   216    12 -9999    20    60     1 -9999 -9999
1988 08 21 00   140    37 -9999    20    40     7 -9999     0
1988 08 21 06   186    21 -9999    20    50     7 -9999     0
1988 08 21 09   198    26 -9999   340    30     7 -9999 -9999
1988 08 22 00   138    49 -9999     0     0     0 -9999     0
1988 08 22 06   211    -2 -9999   340    20     4 -9999     0
1988 08 22 09   220    -8 -9999   360    40     2 -9999 -9999
1988 08 22 21   126   -33 -9999   110    30     0 -9999 -9999
1988 08 23 06   229    -7 -9999   250    20     1 -9999     0
1988 08 23 09   242     6 -9999     0     0     1 -9999 -9999
1988 08 23 21   160   -14 -9999    90    40     0 -9999 -9999
1988 08 24 00   185    -2 -9999   110    40     1 -9999     0
1988 08 24 06   256    -1 -9999 -9999 -9999     2 -9999     0
1988 08 24 09   244    17 -9999    20    20     4 -9999 -9999
1988 08 24 21   162    29 -9999   110    20     0 -9999 -9999
1988 08 25 00   187    26 -9999    70    30     0 -9999     0
1988 08 25 06   251    33 -9999   340    30     1 -9999     0
1988 08 25 09   262     9 -9999   340    30     1 -9999 -9999
1988 08 25 21   154    52 -9999     0     0     0 -9999 -9999
1988 08 26 00   168   102 -9999   360    10     0 -9999     0
1988 08 26 06   254    74 -9999   340    20     1 -9999     0
1988 08 26 09   258    18 -9999   360    20     2 -9999 -9999
1988 08 26 21   164    65 -9999    90    20     0 -9999 -9999
1988 08 27 00   196    76 -9999    90    20     0 -9999     0
1988 08 27 06   258    57 -9999   290    30     6 -9999     0
1988 08 27 09   263    43 -9999   340    30     2 -9999 -9999
1988 08 27 21   182    30 -9999    90    20     8 -9999 -9999
1988 08 28 00   187    75 -9999    40    20     2 -9999     0
1988 08 28 06   248   103 -9999   320    20     7 -9999     0
1988 08 28 09   238    86 -9999   360    30     8 -9999 -9999
1988 08 28 21   166    85 -9999    40    30     1 -9999 -9999
1988 08 29 00   189    91 -9999     0     0     7 -9999     0
1988 08 29 06   263    86 -9999   220    20     7 -9999     0
1988 08 29 09   264    92 -9999   140    70     7 -9999 -9999
1988 08 29 21   208   121 -9999   140    40     7 -9999 -9999
1988 08 30 00   210   123 -9999   140    40     7 -9999     0
1988 08 30 06   240   133 -9999     0     0     7 -9999    10
1988 08 30 09   233   136 -9999   160    20     7 -9999 -9999
1988 08 30 21   158   142 -9999    90    20     1 -9999 -9999
1988 08 31 00   168   144 -9999     0     0     2 -9999     0
1988 08 31 06   220   157 -9999   250    20     7 -9999     0
1988 08 31 09   156   140 -9999    40    70     8 -9999 -9999
1988 08 31 21   149   107 -9999   140    30     2 -9999 -9999
1988 09 01 00   168    19 -9999   110    20     2 -9999     0
1988 09 01 06   245    80 -9999   200    20     1 -9999     0
1988 09 01 09   212   118 -9999   160    30     6 -9999 -9999
1988 09 01 21   131   -20 -9999    40    30     1 -9999 -9999
1988 09 02 00   134    54 -9999     0     0     2 -9999     0
1988 09 02 06   201   -18 -9999     0     0     1 -9999     0
1988 09 02 21   104     9 -9999   110    20     0 -9999 -9999
1988 09 03 00   136    27 -9999     0     0     0 -9999     0
1988 09 03 06   202   -68 -9999   340    40     1 -9999     0
1988 09 03 09 -9999 -9999 -9999   340    40     0 -9999 -9999
1988 09 03 21    97     8 -9999    90    30     0 -9999 -9999
1988 09 04 00   138     7 -9999   110    30     0 -9999     0
1988 09 04 06   216   -37 -9999     0     0     1 -9999     0
1988 09 04 09   228   -13 -9999     0     0     1 -9999 -9999
1988 09 04 21   136   -41 -9999   140    30     0 -9999 -9999
1988 09 05 00   175   -37 -9999   140    30     7 -9999     0
1988 09 05 09   258   -20 -9999   200    20     7 -9999 -9999
1988 09 05 21   160    67 -9999   140    30     0 -9999 -9999
1988 09 06 00   170    46 -9999    90    20     1 -9999     0
1988 09 06 06   262    12 -9999    40    30     7 -9999     0
1988 09 06 09   268     0 -9999   340    20     2 -9999 -9999
1988 09 06 21   166    38 -9999    90    20     0 -9999 -9999
1988 09 07 00   176    52 -9999    40    20     1 -9999     0
1988 09 07 06   258    48 -9999   220    30     6 -9999     0
1988 09 07 09   264    35 -9999   270    20     1 -9999 -9999
1988 09 07 21   178    34 -9999   110    40     0 -9999 -9999
1988 09 08 00   202    44 -9999   140    30     7 -9999     0
1988 09 08 06   260    83 -9999   220    70     7 -9999     0
1988 09 08 09   243    72 -9999    20    50     7 -9999 -9999
1988 09 08 21   158    96 -9999    20    20     6 -9999 -9999
1988 09 09 00   167    92 -9999     0     0     6 -9999    -1
1988 09 09 06   216    63 -9999   340    40     7 -9999     0
1988 09 09 09   228    45 -9999   270    30     7 -9999 -9999
1988 09 09 21   130     3 -9999    70    30     0 -9999 -9999
1988 09 10 00   162    32 -9999    70    20     1 -9999     0
1988 09 10 06   226     0 -9999     0     0     2 -9999     0
1988 09 10 09   229    -8 -9999     0     0     1 -9999 -9999
1988 09 10 21   140   -30 -9999   110    40     0 -9999 -9999
1988 09 11 00   176    -6 -9999   110    30     2 -9999     0
1988 09 11 06   228     1 -9999   180    20     7 -9999     0
1988 09 11 09   232   -24 -9999   220    30     7 -9999 -9999
1988 09 11 21   154     8 -9999   110    30     0 -9999 -9999
1988 09 12 06   234    49 -9999   290    30     7 -9999     0
1988 09 12 09   235    25 -9999     0     0     7 -9999 -9999
1988 09 13 00   160    73 -9999   160    20     7 -9999     0
1988 09 13 06   208    42 -9999   290    20     7 -9999     0
1988 09 13 09   227    28 -9999   250    30     7 -9999 -9999
1988 09 13 21   138    72 -9999   140    30     0 -9999 -9999
1988 09 14 00   152    58 -9999   160    40     0 -9999     0
1988 09 14 06 -9999 -9999 -9999   200    40     1 -9999     0
1988 09 14 09   256     9 -9999   320    30     2 -9999 -9999
1988 09 14 21   169     8 -9999   140    40     0 -9999 -9999
1988 09 15 00   174    16 -9999   160    30     1 -9999     0
1988 09 15 09   264   -26 -9999   320    20     7 -9999 -9999
1988 09 15 21   150     1 -9999   360    20     1 -9999 -9999
1988 09 16 00   136    21 -9999     0     0     7 -9999     0
1988 09 16 06   174   -40 -9999    40    20     8 -9999    -1
1988 09 16 09   164    55 -9999   160    50     8 -9999 -9999
1988 09 16 21   119    10 -9999    70    20     2 -9999 -9999
1988 09 17 00   124    15 -9999    90    20     7 -9999     0
1988 09 17 06   165    36 -9999   200    20     8 -9999     0
1988 09 17 09   176    13 -9999     0     0     7 -9999 -9999
1988 09 17 21    89    19 -9999   140    30     0 -9999 -9999
1988 09 18 00   114   -33 -9999   110    30     0 -9999     0
1988 09 18 09   206   -55 -9999   340    40     1 -9999 -9999
1988 09 18 21   108   -73 -9999    90    30     0 -9999 -9999
1988 09 19 00   122   -76 -9999   110    40     0 -9999     0
1988 09 19 06   214   -53 -9999 -9999 -9999     1 -9999     0
1988 09 19 09   215   -28 -9999   220    30     7 -9999 -9999
1988 09 19 21   113   -46 -9999 -9999 -9999     0 -9999 -9999
1988 09 20 00   126   -34 -9999    40    20     6 -9999     0
1988 09 20 06   204   -13 -9999   320    20     7 -9999     0
1988 09 20 09   210     0 -9999     0     0     7 -9999 -9999
1988 09 20 21   146    13 -9999   140    40     0 -9999 -9999
1988 09 21 00   150    24 -9999   160    60     0 -9999     0
1988 09 21 06   216   -14 -9999    40    30     7 -9999     0
1988 09 21 21   128    12 -9999     0     0     7 -9999 -9999
1988 09 22 00   126    28 -9999     0     0     8 -9999     0
1988 09 22 06   190    41 -9999   320    20     7 -9999     0
1988 09 22 09   191    37 -9999    20    20     7 -9999 -9999
1988 09 22 21   132    36 -9999   140    50     0 -9999 -9999
1988 09 23 00   115    42 -9999     0     0     0 -9999     0
1988 09 23 06   200     4 -9999   180    60     7 -9999     0
1988 09 23 09   184     8 -9999   160    70     7 -9999 -9999
1988 09 23 21   102    33 -9999     0     0     0 -9999 -9999
1988 09 24 00   112    30 -9999    40    20     7 -9999     0
1988 09 24 06   140    66 -9999   340    20     8 -9999    -1
1988 09 24 12    75    50 -9999    70    20     1 -9999 -9999
1988 09 25 00    84    49 -9999    70    30     1 -9999     0
1988 09 25 06   170    53 -9999   340    20     6 -9999     0
1988 09 25 09   160    54 -9999   360    30     7 -9999 -9999
1988 09 25 21    97    19 -9999   110    20     0 -9999 -9999
1988 09 26 00   110     9 -9999   110    30     1 -9999     0
1988 09 26 06   190   -14 -9999   140    40     2 -9999     0
1988 09 26 09   184   -26 -9999   180    20     6 -9999 -9999
1988 09 26 21    97    19 -9999    40    20     0 -9999 -9999
1988 09 27 00   106    15 -9999    90    20     0 -9999     0
1988 09 27 06   176    23 -9999   160    70     2 -9999     0
1988 09 27 09   184     2 -9999   160    70     2 -9999 -9999
1988 09 27 21    88    20 -9999     0     0     7 -9999 -9999
1988 09 28 00   108    30 -9999   180    20     7 -9999     0
1988 09 28 06   177     6 -9999   160   100     6 -9999     0
1988 09 28 09   154    41 -9999   140    90     7 -9999 -9999
1988 09 28 21   104 -9999 -9999     0     0     7 -9999 -9999
1988 09 29 00    96    85 -9999     0     0     8 -9999    10
1988 09 29 06   124    73 -9999    70    30     7 -9999     5
1988 09 29 09   122    79 -9999    20    50     7 -9999 -9999
1988 09 29 21    86    62 -9999     0     0     8 -9999 -9999
1988 09 30 00   104    63 -9999     0     0     6 -9999     0
1988 09 30 06   148    48 -9999   140    70     7 -9999     0
1988 09 30 09   139    53 -9999   160    50     7 -9999 -9999
1988 09 30 21   100    83 -9999   320    20     8 -9999 -9999
1988 10 01 00    86    80 -9999   320    20     8 -9999    10
1988 10 01 09   116    80 -9999     0     0     8 -9999 -9999
1988 10 02 00    97    29 -9999    40    20     7 -9999     0
1988 10 02 06   139 -9999 -9999   290    30     7 -9999     0
1988 10 02 09   144    50 -9999     0     0     7 -9999 -9999
1988 10 02 21    64    34 -9999    70    20     0 -9999 -9999
1988 10 03 00    73     1 -9999    70    30     1 -9999     0
1988 10 03 06   151   -70 -9999   320    30     7 -9999     0
1988 10 03 09   128   -80 -9999   340    30     8 -9999 -9999
1988 10 03 21    62    14 -9999   200    20     5 -9999 -9999
1988 10 04 00    46    16 -9999   160    30     2 -9999     0
1988 10 04 09   122   -75 -9999   320    40     1 -9999 -9999
1988 10 04 21    18   -46 -9999     0     0     0 -9999 -9999
1988 10 05 00    46   -68 -9999    90    20     0 -9999     0
1988 10 05 06   120  -111 -9999   320    30     1 -9999     0
1988 10 05 09   124  -117 -9999    40    20     2 -9999 -9999
1988 10 05 21    48   -94 -9999   110    40     0 -9999 -9999
1988 10 06 00    54   -92 -9999   110    30     4 -9999     0
1988 10 06 06   131  -103 -9999   320    20     7 -9999     0
1988 10 06 09   138   -85 -9999     0     0     7 -9999 -9999
1988 10 06 21    88   -30 -9999     0     0     8 -9999 -9999
1988 10 07 00    66     3 -9999   140    20     7 -9999    -1
1988 10 07 06 -9999 -9999 -9999   180    20     7 -9999    -1
1988 10 07 09   126     6 -9999     0     0     1 -9999 -9999
1988 10 07 21    70   -71 -9999   160    30     0 -9999 -9999
1988 10 08 00    84   -67 -9999   140    30     1 -9999     0
1988 10 08 09   188   -60 -9999     0     0     1 -9999 -9999
1988 10 08 21   128   -95 -9999    40    20     0 -9999 -9999
1988 10 09 00   104   -67 -9999   340    20     7 -9999     0
1988 10 09 06   172   -44 -9999   360    30     7 -9999     0
1988 10 09 09   158     8 -9999   200    30     7 -9999 -9999
1988 10 09 21   107    58 -9999     0     0     7 -9999 -9999
1988 10 10 00   104    79 -9999    90    20     8 -9999     3
1988 10 10 06   122     0 -9999   360    40     8 -9999    20
1988 10 10 09   114   -19 -9999   340    30     8 -9999 -9999
1988 10 11 00    66     9 -9999   110    30     8 -9999     0
1988 10 11 06    77   -21 -9999    20    30     8 -9999     0
1988 10 11 09    64     6 -9999    20    50     8 -9999 -9999
1988 10 11 21    39     0 -9999     0     0     8 -9999 -9999
1988 10 12 00    36    15 -9999   180    20     8 -9999    -1
1988 10 12 06    66   -14 -9999   200    20     7 -9999     0
1988 10 12 09    64   -27 -9999   200    20     7 -9999 -9999
1988 10 12 21    25   -40 -9999 -9999 -9999     0 -9999 -9999
1988 10 13 00    54   -75 -9999   160    30     7 -9999     0
1988 10 13 06   113   -85 -9999   340    30     1 -9999     0
1988 10 13 09   130   -80 -9999   320    10     3 -9999 -9999
1988 10 13 21    81     0 -9999     0     0     8 -9999 -9999
1988 10 14 00    75    -8 -9999     0     0     7 -9999     0
1988 10 14 06   136   -30 -9999   360    30     1 -9999     0
1988 10 14 09   144   -22 -9999   360    30     2 -9999 -9999
1988 10 14 21    82     2 -9999    90    20     7 -9999 -9999
1988 10 15 00    84    10 -9999    40    20     8 -9999     0
1988 10 15 06   140   -37 -9999     0     0     7 -9999     0
1988 10 15 09   134   -23 -9999    20    40     7 -9999 -9999
1988 10 15 21    90   -24 -9999    40    30     0 -9999 -9999
1988 10 16 00    95   -92 -9999    20    60     7 -9999     0
1988 10 16 06   146   -89 -9999    20    20     7 -9999     0
1988 10 16 09   140   -83 -9999   360    20     7 -9999 -9999
1988 10 16 21   100   -32 -9999   140    30     0 -9999 -9999
1988 10 17 00    98   -12 -9999   160    40     6 -9999     0
1988 10 17 06   158    -5 -9999   200    50     0 -9999     0
1988 10 17 09   168   -21 -9999   220    30     0 -9999 -9999
1988 10 17 21   104   -66 -9999   110    40     0 -9999 -9999
1988 10 18 00   108  -153 -9999   110    40     1 -9999     0
1988 10 18 06   179   -33 -9999     0     0     7 -9999     0
1988 10 18 09   169    17 -9999   180    30     8 -9999 -9999
1988 10 18 21    50   -43 -9999     0     0     0 -9999 -9999
1988 10 19 00    51   -68 -9999    20    30     2 -9999     0
1988 10 19 06   127   -64 -9999   360    40     1 -9999     0
1988 10 19 09   124   -70 -9999   360    40     7 -9999 -9999
1988 10 19 21    73   -89 -9999    20    40     8 -9999 -9999
1988 10 20 00    69   -98 -9999   360    30     7 -9999     0
1988 10 20 06   120  -131 -9999   360    40     7 -9999     0
1988 10 20 09   115  -120 -9999   360    60     7 -9999 -9999
1988 10 20 21    33   -90 -9999    90    30     0 -9999 -9999
1988 10 21 00    46  -132 -9999   110    30     7 -9999     0
1988 10 21 06   117  -108 -9999   200    20     7 -9999     0
1988 10 21 09   130   -86 -9999   220    20     7 -9999 -9999
1988 10 21 21    74   -53 -9999    70    20     5 -9999 -9999
1988 10 22 00    69   -57 -9999    40    20     7 -9999     0
1988 10 22 06   102   -35 -9999   290    20     7 -9999     0
1988 10 22 09    92   -14 -9999     0     0     8 -9999 -9999
1988 10 22 21    32   -10 -9999   140    40     0 -9999 -9999
1988 10 23 00    46   -35 -9999   140    30     0 -9999     0
1988 10 23 06   149   -47 -9999   200    30     0 -9999     0
1988 10 23 09   160   -82 -9999     0     0     0 -9999 -9999
1988 10 23 21    76  -130 -9999   110    40     0 -9999 -9999
1988 10 24 00    84  -148 -9999   110    40     0 -9999     0
1988 10 24 06   216   -70 -9999   250    20     1 -9999     0
1988 10 24 09   211   -45 -9999     0     0     1 -9999 -9999
1988 10 25 00    90   -48 -9999   110    30     1 -9999     0
1988 10 25 09   144   -87 -9999   360    40     2 -9999 -9999
1988 10 25 21    64   -84 -9999    20    40     7 -9999 -9999
1988 10 26 00    56   -90 -9999    20    40     7 -9999     0
1988 10 26 06    84   -91 -9999   320    30     7 -9999     0
1988 10 26 09    87   -76 -9999 -9999 -9999 -9999 -9999 -9999
1988 10 26 21    12   -62 -9999     0     0     1 -9999 -9999
1988 10 27 00     4   -89 -9999   140    30     1 -9999     0
1988 10 27 06    87   -55 -9999   290    20     0 -9999     0
1988 10 27 09    89   -51 -9999     0     0     2 -9999 -9999
1988 10 28 00     4   -89 -9999   110    20     2 -9999     0
1988 10 28 06    94   -80 -9999   320    20     2 -9999     0
1988 10 28 09    92   -84 -9999    20    30     7 -9999 -9999
1988 10 28 21    28   -77 -9999 -9999 -9999 -9999 -9999 -9999
1988 10 29 00    20   -81 -9999   110    30     0 -9999     0
1988 10 29 06   120   -90 -9999   250    30     0 -9999     0
1988 10 29 09   120   -75 -9999     0     0     0 -9999 -9999
1988 10 29 21    26   -88 -9999   110    30     0 -9999 -9999
1988 10 30 00    36  -135 -9999   110    40     0 -9999     0
1988 10 30 06   158   -98 -9999   340    30     0 -9999     0
1988 10 30 09   150   -81 -9999   340    30     0 -9999 -9999
1988 10 30 21    47   -92 -9999    20    30     5 -9999 -9999
1988 10 31 00    40   -82 -9999    20    30     7 -9999     0
1988 10 31 06    93  -106 -9999   360    70     7 -9999     0
1988 10 31 09    81   -97 -9999    20    30     7 -9999 -9999
1988 10 31 21    23   -99 -9999    20    40     1 -9999 -9999
1988 11 01 00    12  -114 -9999    20    40     1 -9999     0
1988 11 01 06    68  -117 -9999   360    50     1 -9999     0
1988 11 01 21   -21  -149 -9999   110    20     0 -9999 -9999
1988 11 02 00   -31  -132 -9999   110    20     1 -9999     0
1988 11 02 06    63  -149 -9999   340    20     2 -9999     0
1988 11 02 09    62  -159 -9999     0     0     2 -9999 -9999
1988 11 02 21   -22  -132 -9999    90    20     0 -9999 -9999
1988 11 03 00   -24  -114 -9999   110    40     0 -9999     0
1988 11 03 06    74   -92 -9999   320    20     0 -9999     0
1988 11 03 21    -7  -120 -9999    70    20     0 -9999 -9999
1988 11 04 00   -24  -148 -9999   110    40     1 -9999     0
1988 11 04 06    94  -143 -9999   290    30     1 -9999     0
1988 11 04 09    89  -117 -9999   340    20     1 -9999 -9999
1988 11 05 00    12  -143 -9999   110    30     1 -9999     0
1988 11 05 09   114  -105 -9999   270    30     0 -9999 -9999
1988 11 05 21    -3  -120 -9999    90    30     0 -9999 -9999
1988 11 06 00    -4  -155 -9999    90    30     0 -9999     0
1988 11 06 06   114  -117 -9999   250    20     0 -9999     0
1988 11 06 09   110   -93 -9999     0     0     0 -9999 -9999
1988 11 06 21    34  -141 -9999   110    40     0 -9999 -9999
1988 11 07 00    38  -150 -9999   110    30     0 -9999     0
1988 11 07 06   147  -148 -9999   200    30     0 -9999     0
1988 11 07 09   148  -129 -9999   200    30     0 -9999 -9999
1988 11 07 21    26  -118 -9999   340    60     0 -9999 -9999
1988 11 08 00    10   -72 -9999    20    90     8 -9999     0
1988 11 08 06     3  -280 -9999   360    60     7 -9999     0
1988 11 08 09   -22  -282 -9999   340    60     7 -9999 -9999
1988 11 08 21  -100  -311 -9999    70    20     0 -9999 -9999
1988 11 09 06    -4  -287 -9999   320    20     1 -9999     0
1988 11 09 09   -10 -9999 -9999   360    40     1 -9999 -9999
1988 11 09 21   -84  -299 -9999    90    30     0 -9999 -9999
1988 11 10 00   -93  -320 -9999    90    30     0 -9999     0
1988 11 10 09    38  -251 -9999   290    20     0 -9999 -9999
1988 11 10 21   -46  -323 -9999    90    30     0 -9999 -9999
1988 11 11 00   -51  -171 -9999    70    20     0 -9999     0
1988 11 11 06    63  -179 -9999   250    30     0 -9999     0
1988 11 11 09    72  -136 -9999     0     0     0 -9999 -9999
1988 11 11 21    -2  -146 -9999   110    30     0 -9999 -9999
1988 11 12 00    -6  -175 -9999   140    30     1 -9999     0
1988 11 12 06    98  -202 -9999   220    30     0 -9999     0
1988 11 12 09   108  -199 -9999   270    20     0 -9999 -9999
1988 11 12 21   -10  -222 -9999     0     0     0 -9999 -9999
1988 11 13 00   -20  -251 -9999    90    20     1 -9999     0
1988 11 14 00    59  -123 -9999   200    20     7 -9999     0
1988 11 14 06    86   -36 -9999   340    40     1 -9999     0
1988 11 14 09    78   -35 -9999   340    50     7 -9999 -9999
1988 11 14 21    15     5 -9999     0     0     8 -9999 -9999
1988 11 15 00     9     4 -9999   340    30     8 -9999    10
1988 11 15 06    12   -17 -9999   340    50     7 -9999     0
1988 11 15 09    10   -13 -9999    20    30     7 -9999 -9999
1988 11 15 21   -35  -107 -9999   110    40     0 -9999 -9999
1988 11 16 00   -28  -110 -9999   110    30     0 -9999     0
1988 11 16 09    40   -50 -9999   360    40     1 -9999 -9999
1988 11 16 21   -33   -53 -9999    20    30     0 -9999 -9999
1988 11 17 00   -38   -94 -9999    20    30     1 -9999     0
1988 11 17 06    27  -133 -9999   340    30     0 -9999     0
1988 11 17 09    30  -105 -9999     0     0     5 -9999 -9999
1988 11 17 21   -42  -135 -9999   110    40     1 -9999 -9999
1988 11 18 00   -51  -134 -9999   110    20     2 -9999     0
1988 11 18 06    40  -111 -9999   200    20     7 -9999     0
1988 11 18 09    48   -96 -9999   200    30     7 -9999 -9999
1988 11 18 21     4  -117 -9999   140    30     0 -9999 -9999
1988 11 19 00   -10  -155 -9999   110    50     0 -9999     0
1988 11 19 06   102  -168 -9999   340    20     0 -9999     0
1988 11 19 09   108  -146 -9999     0     0     0 -9999 -9999
1988 11 19 21     5  -162 -9999    90    30     0 -9999 -9999
1988 11 20 00     0  -190 -9999   140    30     0 -9999     0
1988 11 20 06    97  -131 -9999   200    30     0 -9999     0
1988 11 20 09    84  -148 -9999   250    30     0 -9999 -9999
1988 11 20 21    -1  -140 -9999   110    40     0 -9999 -9999
1988 11 21 00   -20  -144 -9999   160    30     0 -9999     0
1988 11 21 06    83  -151 -9999   220    30     0 -9999     0
1988 11 21 09    91  -122 -9999     0     0     0 -9999 -9999
1988 11 21 21   -24  -114 -9999    70    30     0 -9999 -9999
1988 11 22 06    12  -113 -9999   200    20     7 -9999     0
1988 11 22 09    22  -115 -9999     0     0     1 -9999 -9999
1988 11 22 21   -59  -147 -9999    70    20     0 -9999 -9999
1988 11 23 00   -83  -163 -9999    70    20     0 -9999     0
1988 11 23 06    38  -159 -9999   340    20     0 -9999     0
1988 11 23 09    32  -153 -9999    20    20     1 -9999 -9999
1988 11 23 21   -40  -241 -9999    40    30     1 -9999 -9999
1988 11 24 00   -52  -235 -9999    90    30     2 -9999     0
1988 11 24 06    72  -210 -9999    20    30     2 -9999     0
1988 11 24 09    24  -158 -9999    20    30     2 -9999 -9999
1988 11 24 21   -55  -179 -9999   180    30     0 -9999 -9999
1988 11 25 00   -83  -226 -9999   110    20     0 -9999     0
1988 11 25 06    12  -147 -9999   320    20     1 -9999     0
1988 11 25 09     5  -144 -9999   340    20     1 -9999 -9999
1988 11 25 21   -83  -176 -9999   140    20     0 -9999 -9999
1988 11 26 06    23  -156 -9999   200    90     0 -9999     0
1988 11 26 21   -68  -170 -9999    70    30     0 -9999 -9999
1988 11 27 06    20  -138 -9999   290    20     0 -9999     0
1988 11 27 21   -53  -161 -9999   110    30     0 -9999 -9999
1988 11 28 00   -72  -170 -9999    70    20     1 -9999     0
1988 11 28 06    43  -152 -9999   360    30     0 -9999     0
1988 11 28 09    44  -136 -9999    20    40     0 -9999 -9999
1988 11 28 21   -46  -167 -9999   110    20     0 -9999 -9999
1988 11 29 00   -55  -129 -9999    90    20     7 -9999     0
1988 11 29 06     8  -120 -9999   200    20     7 -9999     0
1988 11 29 09    14  -126 -9999   340    30     7 -9999 -9999
1988 11 29 21   -53  -137 -9999    90    20     0 -9999 -9999
1988 11 30 00   -64  -144 -9999    70    20     1 -9999     0
1988 11 30 06    30  -132 -9999   340    20     1 -9999     0
1988 11 30 09    29  -134 -9999   340    30     0 -9999 -9999
1988 11 30 21   -48  -195 -9999    90    20     0 -9999 -9999
1988 12 01 00   -74  -181 -9999    90    30     0 -9999     0
1988 12 01 06    29  -161 -9999     0     0     0 -9999     0
1988 12 01 09    28  -125 -9999     0     0     2 -9999 -9999
1988 12 01 21 -9999 -9999 -9999   110    40     0 -9999 -9999
1988 12 02 00   -75  -190 -9999    70    20     0 -9999     0
1988 12 02 06    44  -163 -9999   340    50     0 -9999     0
1988 12 02 09    22  -158 -9999   360    60     2 -9999 -9999
1988 12 02 21   -42  -173 -9999    20    20     0 -9999 -9999
1988 12 03 00   -74  -161 -9999     0     0     7 -9999     0
1988 12 03 06    -9  -161 -9999   340    20     7 -9999     0
1988 12 03 09   -20  -166 -9999   360    40     4 -9999 -9999
1988 12 03 18   -91  -232 -9999    70    50     0 -9999     0
1988 12 03 21   -89  -160 -9999    40    10     0 -9999 -9999
1988 12 04 06    -6  -175 -9999   200    20     0 -9999     0
1988 12 04 09    14  -182 -9999     0     0     0 -9999 -9999
1988 12 04 21   -26  -225 -9999   110    50     0 -9999 -9999
1988 12 05 09    90  -128 -9999   200    20     0 -9999 -9999
1988 12 05 21    26  -156 -9999   140    40     0 -9999 -9999
1988 12 06 00   -20  -162 -9999   160    40     0 -9999     0
1988 12 06 06    59  -154 -9999   340    50     2 -9999     0
1988 12 06 09    45  -125 -9999   340    30     7 -9999 -9999
1988 12 07 00   -51  -202 -9999   360    50     8 -9999     0
1988 12 07 06   -40  -200 -9999   320    50     7 -9999     0
1988 12 07 09   -45  -205 -9999   340    30     7 -9999 -9999
1988 12 07 21   -77  -166 -9999   360    30     2 -9999 -9999
1988 12 08 00  -105  -170 -9999    20    20     2 -9999     0
1988 12 09 00  -125  -269 -9999   110    30     0 -9999     0
1988 12 09 06   -21  -245 -9999   220    30     0 -9999     0
1988 12 09 09   -26  -239 -9999     0     0     4 -9999 -9999
1988 12 09 21   -97  -241 -9999    40    20     0 -9999 -9999
1988 12 10 00  -104  -239 -9999    70    20     0 -9999     0
1988 12 10 06   -38  -295 -9999   320    20     0 -9999     0
1988 12 10 09   -28  -203 -9999     0     0     0 -9999 -9999
1988 12 10 21   -77  -242 -9999   110    30     0 -9999 -9999
1988 12 11 00   -69  -253 -9999   140    30     0 -9999     0
1988 12 11 06    12  -209 -9999   180    40     7 -9999     0
1988 12 11 09    24  -229 -9999   160    20     7 -9999 -9999
1988 12 12 00   -26  -236 -9999   160    30     8 -9999     0
1988 12 12 06   -17   -88 -9999    40    30     2 -9999    10
1988 12 12 09   -21   -86 -9999     0     0     7 -9999 -9999
1988 12 13 00  -103  -156 -9999    90    20     1 -9999     0
1988 12 13 06     4  -139 -9999   180    20     0 -9999     0
1988 12 13 09    -8  -151 -9999   340    20     1 -9999 -9999
1988 12 13 21   -75  -138 -9999    70    20     0 -9999 -9999
1988 12 14 00   -78  -154 -9999    70    20     2 -9999     0
1988 12 14 06     2   -97 -9999   250    30     1 -9999     0
1988 12 14 09   -17  -165 -9999    20    30     1 -9999 -9999
1988 12 15 00  -121  -185 -9999     0     0     0 -9999     0
1988 12 15 06   -36  -189 -9999   320    30     0 -9999     0
1988 12 15 09   -44  -193 -9999    20    20     1 -9999 -9999
1988 12 15 21  -110  -163 -9999    70    20     0 -9999 -9999
1988 12 16 00  -105  -156 -9999   110    20     0 -9999     0
1988 12 16 06   -22  -170 -9999     0     0     0 -9999     0
1988 12 16 09    89    85 10253     0     0     8 -9999 -9999
1988 12 17 00   -55  -140 -9999   140    20     6 -9999     0
1988 12 17 06   -59  -165 -9999   180    20     8 -9999     0
1988 12 17 09   -55  -164 -9999   110    20     8 -9999 -9999
1988 12 18 00  -107  -162 -9999   160    20     0 -9999     0
1988 12 18 06    14  -165 -9999   200    20     0 -9999     0
1988 12 18 09    22  -164 -9999     0     0     0 -9999 -9999
1988 12 18 21   -62  -185 -9999   110    40     0 -9999 -9999
1988 12 19 00   -55  -178 -9999   110    40     2 -9999     0
1988 12 19 06    52  -105 -9999     0     0     7 -9999 -9999
1988 12 19 09    38  -130 -9999     0     0     7 -9999 -9999
1988 12 19 21   -91  -151 -9999     0     0     0 -9999 -9999
1988 12 20 00   -79  -156 -9999   200    20     2 -9999     0
1988 12 20 21   -73  -165 -9999    90    20     0 -9999 -9999
1988 12 21 00 -9999 -9999 -9999   160    20     1 -9999     0
1988 12 21 09    22  -125 -9999     0     0     7 -9999 -9999
1988 12 21 21   -22  -161 -9999   160    30     0 -9999 -9999
1988 12 22 21   -55  -128 -9999     0     0     2 -9999 -9999
1988 12 23 09   -26  -127 -9999   180    20     7 -9999 -9999
1988 12 23 21   -85  -131 -9999     0     0     1 -9999 -9999
1988 12 24 00   -91  -140 -9999   140    20     2 -9999     0
1988 12 24 09   -56 -9999 -9999    20    50     0 -9999 -9999
1988 12 25 00   -81  -159 -9999     0     0     8 -9999     0
1988 12 25 09   -40 -9999 -9999   360    20     7 -9999 -9999
1988 12 25 21  -103  -131 -9999     0     0     1 -9999 -9999
1988 12 26 00   -98  -155 -9999    70    20     1 -9999     0
1988 12 26 09   -20  -133 -9999   360    30     0 -9999 -9999
1988 12 26 21   -78  -174 -9999   110    20     7 -9999 -9999
1988 12 27 00   -63  -160 -9999 -9999 -9999 -9999 -9999     0
1988 12 28 06   -26  -164 -9999   250    20     0 -9999     0
1988 12 28 09   -18  -160 -9999   250    20     0 -9999 -9999
1988 12 28 21   -95  -151 -9999     0     0     0 -9999 -9999
1988 12 29 06   -20  -227 -9999   340    30     0 -9999     0
1988 12 29 21  -103  -187 -9999   110    30     0 -9999 -9999
1988 12 30 00  -129  -198 -9999    70    20     0 -9999     0
1988 12 30 06   -32  -171 -9999     0     0     0 -9999     0
1988 12 30 09   -40  -167 -9999    20    40     0 -9999 -9999
1988 12 30 21  -118  -188 -9999     0     0     0 -9999 -9999
1988 12 31 00  -117  -187 -9999    70    20     0 -9999     0
1988 12 31 06   -83  -162 -9999   220    20     7 -9999     0
1988 12 31 09   -81  -136 -9999     0     0     1 -9999 -9999
1988 12 31 21   -76  -157 -9999   140    30     4 -9999 -9999
