1980 01 01 00   -80  -140 -9999   220    10     7 -9999 -9999
1980 01 01 06   -90  -170 -9999     0     0     8 -9999    -1
1980 01 01 21  -100  -170 -9999    20    40     1 -9999 -9999
1980 01 02 00   -90  -180 -9999    20    20     7 -9999 -9999
1980 01 02 06   -50  -210 -9999    20    40     7 -9999     0
1980 01 03 00  -140  -200 -9999     0     0     7 -9999 -9999
1980 01 03 06   -70  -190 -9999   340    30     7 -9999     0
1980 01 03 09   -90  -230 -9999   360    40     7 -9999 -9999
1980 01 05 00  -120  -230 -9999   140    30     1 -9999 -9999
1980 01 05 06   -60  -230 -9999   290    30     1 -9999     0
1980 01 05 09   -70  -230 -9999   320    40     7 -9999 -9999
1980 01 05 21  -140  -250 -9999   360    60     6 -9999 -9999
1980 01 06 00  -160  -250 -9999    20    20     1 -9999 -9999
1980 01 06 06   -90  -270 -9999   250    20     0 -9999     0
1980 01 06 09   -80  -270 -9999   200    20     0 -9999 -9999
1980 01 06 21   -10  -240 10276   220    50     0 -9999 -9999
1980 01 07 06   -30  -370 -9999   220    50     1 -9999     0
1980 01 07 09   -30  -290 -9999   250    30     4 -9999 -9999
1980 01 07 21  -100  -290 -9999   160    30     0 -9999 -9999
1980 01 08 00  -100  -270 -9999   160    30     1 -9999   260
1980 01 08 09   -20  -270 -9999     0     0     0 -9999 -9999
1980 01 09 00   -90  -290 -9999   140    40     0 -9999 -9999
1980 01 09 06   -20  -340 -9999 -9999 -9999     0 -9999 -9999
1980 01 09 09   -20  -240 -9999    20    30     1 -9999 -9999
1980 01 09 21  -150  -230 -9999     0     0     0 -9999 -9999
1980 01 10 00  -160  -240 -9999   180    20     1 -9999 -9999
1980 01 10 06  -100  -310 -9999   220    20     7 -9999     0
1980 01 10 09  -100  -260 -9999    20    30     0 -9999 -9999
1980 01 10 18 -9999 -9999 -9999    40    80     6 -9999 -9999
1980 01 11 00  -120  -230 -9999    20    30     2 -9999 -9999
1980 01 11 06  -100  -240 -9999 -9999 -9999     1 -9999 -9999
1980 01 11 09   -90  -290 -9999   320    20     7 -9999 -9999
1980 01 11 21  -140  -250 -9999   140    20     1 -9999 -9999
1980 01 12 00  -160  -250 -9999    90    20     2 -9999 -9999
1980 01 12 06   -30  -220 -9999    20    20     7 -9999     0
1980 01 12 09   -40  -210 -9999   360    40     2 -9999 -9999
1980 01 13 00  -130  -220 -9999    70    20     7 -9999 -9999
1980 01 13 06   -40  -230 -9999   270    20     6 -9999     0
1980 01 13 09   -40  -230 -9999     0     0     7 -9999 -9999
1980 01 14 06   -40  -180 -9999   290    20     1 -9999     0
1980 01 14 09   -50  -180 -9999   340    30     1 -9999 -9999
1980 01 15 00  -130  -240 -9999   110    30     0 -9999 -9999
1980 01 15 06   -30  -200 -9999   320    20     2 -9999     0
1980 01 15 09   -30  -230 -9999   220    20     1 -9999 -9999
1980 01 16 00  -110  -250 -9999   110    40     0 -9999 -9999
1980 01 16 06    10  -220 -9999   220    20     0 -9999     0
1980 01 16 09    10  -220 -9999   200    40     0 -9999 -9999
1980 01 16 21 -9999 -9999 -9999    90    20     0 -9999 -9999
1980 01 17 00  -150  -270 -9999     0     0     6 -9999 -9999
1980 01 17 06   -80  -200 -9999   340    30     7 -9999     0
1980 01 17 09   -60  -210 -9999   340    30     7 -9999 -9999
1980 01 17 21   -80  -220 -9999 -9999 -9999     7 -9999 -9999
1980 01 18 00  -120  -220 -9999    40    20     3 -9999 -9999
1980 01 18 06   -50  -220 -9999   340    10     0 -9999     0
1980 01 18 09   -50  -210 -9999   340    40     0 -9999 -9999
1980 01 18 21  -130  -220 -9999 -9999 -9999     0 -9999 -9999
1980 01 19 00 -9999 -9999 -9999    70    20     1 -9999 -9999
1980 01 19 06   -40  -200 -9999   290    20     0 -9999     0
1980 01 20 00  -140  -230 -9999   110    20     0 -9999 -9999
1980 01 20 21   -80  -210 -9999   160    30     0 -9999 -9999
1980 01 21 00  -110  -220 -9999   160    20     1 -9999 -9999
1980 01 21 06   -20  -200 -9999     0     0     7 -9999     0
1980 01 22 00  -110  -220 -9999   110    40     0 -9999 -9999
1980 01 22 06    20  -190 -9999    20    40     7 -9999     0
1980 01 22 09    10  -180 -9999    40    30     7 -9999 -9999
1980 01 22 15  -100  -230 -9999     0     0     7 -9999 -9999
1980 01 22 21  -150  -240 -9999    90    20     5 -9999 -9999
1980 01 23 09     0  -180 -9999   270    30     1 -9999 -9999
1980 01 23 21   -70  -240 -9999   110    40     0 -9999 -9999
1980 01 24 00   -80  -210 -9999   110    40     0 -9999 -9999
1980 01 24 09    60  -210 -9999   180    70     0 -9999 -9999
1980 01 24 12   -50  -210 10206    40    20     8 -9999 -9999
1980 01 24 18  -110  -260 -9999   270    20     7 -9999 -9999
1980 01 25 00   -50  -180 -9999   110    20     1 -9999 -9999
1980 01 25 06   -50  -190 -9999   340    40     7 -9999     0
1980 01 25 09   -50  -170 -9999   320    20     7 -9999 -9999
1980 01 26 00  -140  -250 -9999    90    20     1 -9999 -9999
1980 01 26 06   -10  -270 -9999   360    40     7 -9999     0
1980 01 26 09   -20  -220 -9999   360    40     7 -9999 -9999
1980 01 26 12   -40  -140 -9999     0     0     7 -9999 -9999
1980 01 26 21   -60  -370 -9999    70    30     7 -9999 -9999
1980 01 27 06   -20  -270 -9999   360    30     1 -9999     0
1980 01 27 09   -30  -270 -9999    20    50     7 -9999 -9999
1980 01 28 00  -170  -200 -9999     0     0     3 -9999 -9999
1980 01 29 00  -220  -320 -9999    20    20     7 -9999    -1
1980 01 29 06  -190  -310 -9999    20    40     0 -9999 -9999
1980 01 29 09  -200  -350 -9999   360    60     7 -9999 -9999
1980 01 30 00  -240  -350 -9999   180    30     2 -9999 -9999
1980 01 30 06 -9999 -9999 -9999     0     0     5 -9999     0
1980 01 30 09  -150  -330 -9999    20    20     7 -9999 -9999
1980 01 30 21  -200  -250 -9999    20    20     8 -9999 -9999
1980 01 31 00  -210  -250 -9999    20    20     4 -9999 -9999
1980 01 31 06  -160  -280 -9999   320    30     1 -9999     0
1980 01 31 09  -150 -9999 -9999   320    20     1 -9999 -9999
1980 01 31 21  -190  -370 -9999    70    20     0 -9999 -9999
1980 02 01 00  -220  -320 -9999    70    20     0 -9999 -9999
1980 02 01 06  -140  -210 -9999   320    20     7 -9999    -1
1980 02 01 09  -130  -220 -9999   340    20     7 -9999 -9999
1980 02 01 21  -190  -270 -9999    90    20     0 -9999 -9999
1980 02 02 00  -200  -280 -9999    90    30     0 -9999 -9999
1980 02 02 09  -100  -340 -9999   340    30     0 -9999 -9999
1980 02 03 00  -180  -280 -9999    70    60     7 -9999 -9999
1980 02 03 06  -150  -290 -9999    20    80     6 -9999     0
1980 02 03 09  -170  -310 -9999   360    60     7 -9999 -9999
1980 02 03 21  -280  -320 -9999    40    80     0 -9999 -9999
1980 02 04 00  -240  -340 -9999    70    10     1 -9999 -9999
1980 02 04 06  -150  -310 -9999   320    20     0 -9999     0
1980 02 04 09  -130  -310 -9999   250    30     0 -9999 -9999
1980 02 04 21  -200  -330 -9999 -9999 -9999     0 -9999 -9999
1980 02 05 00  -210  -320 -9999    70    20     0 -9999 -9999
1980 02 05 06  -110  -300 -9999   320    20     0 -9999     0
1980 02 05 09  -110  -330 -9999    20    50     1 -9999 -9999
1980 02 06 06  -100  -420 -9999   290    10     1 -9999     0
1980 02 06 09  -100  -320 -9999   360    50     6 -9999 -9999
1980 02 06 12  -120  -210 -9999 -9999 -9999     4 -9999 -9999
1980 02 07 00  -200  -350 -9999    90    30     1 -9999 -9999
1980 02 07 06  -100  -370 -9999   360    40     1 -9999 -9999
1980 02 07 09  -100  -320 -9999   360    60     0 -9999 -9999
1980 02 07 21  -180  -310 -9999    40    30     0 -9999 -9999
1980 02 08 00  -210  -340 -9999   110    30     0 -9999 -9999
1980 02 08 06  -100  -420 -9999     0     0     1 -9999     0
1980 02 08 09   -90  -270 -9999   360    40     0 -9999 -9999
1980 02 09 00  -120  -280 -9999   320    30     7 -9999 -9999
1980 02 09 06   -70  -270 -9999   290    30     1 -9999     0
1980 02 09 09   -60  -270 -9999     0     0     0 -9999 -9999
1980 02 09 21  -160  -280 -9999   110    30 -9999 -9999 -9999
1980 02 10 00  -160  -280 -9999     0     0     0 -9999 -9999
1980 02 11 00   -30  -180 -9999    20    30     0 -9999 -9999
1980 02 11 09   -10  -260 -9999   220    10     7 -9999 -9999
1980 02 11 21   -60  -240 -9999    40    10     5 -9999 -9999
1980 02 12 00  -100  -370 -9999   110    20     8 -9999 -9999
1980 02 12 06   -40  -340 -9999   340    20     7 -9999     0
1980 02 12 09   -50  -270 -9999    20    50     7 -9999 -9999
1980 02 14 00  -150  -270 -9999    90    30     0 -9999 -9999
1980 02 14 06   -20  -290 -9999   340    30     0 -9999     0
1980 02 14 09   -20  -340 -9999    20    20     0 -9999 -9999
1980 02 15 06     0  -230 -9999    20    30     1 -9999     0
1980 02 15 09     0  -240 -9999    20    40     6 -9999 -9999
1980 02 15 21   -60  -260 -9999    90    30     0 -9999 -9999
1980 02 16 00   -90  -180 -9999     0     0     0 -9999 -9999
1980 02 16 06    30  -190 -9999   320    20     1 -9999     0
1980 02 16 09    20  -180 -9999   360    30     4 -9999 -9999
1980 02 16 21   -30  -210 -9999   160    30     8 -9999 -9999
1980 02 17 06   -10  -110 -9999   130    40     7 -9999    -1
1980 02 17 09    10  -120 -9999   320    20     7 -9999 -9999
1980 02 18 00   -90  -200 -9999    90    20     0 -9999 -9999
1980 02 18 06    50  -180 -9999     0     0     0 -9999 -9999
1980 02 18 09    70  -170 -9999     0     0     0 -9999 -9999
1980 02 18 21   -60  -220 -9999    70    20     0 -9999 -9999
1980 02 19 00   -50  -190 -9999    70    30     7 -9999 -9999
1980 02 19 06    20  -180 10009 -9999 -9999     8 -9999     0
1980 02 19 09    40  -170 -9999   340    40     7 -9999 -9999
1980 02 20 00   -60  -180 -9999     0     0     1 -9999 -9999
1980 02 20 09    70  -120 -9999   220    70     2 -9999 -9999
1980 02 20 17  -200 -9999 10326 -9999 -9999     7 -9999 -9999
1980 02 21 09    60  -140 -9999     0     0     0 -9999 -9999
1980 02 22 00   -20  -200 -9999   140    30     7 -9999 -9999
1980 02 22 06    80  -150 -9999   220    30     0 -9999     0
1980 02 22 09    70  -260 -9999   200    20     7 -9999 -9999
1980 02 23 00   -20  -150 -9999   110    40     0 -9999 -9999
1980 02 23 21    10   -90 -9999     0     0     1 -9999 -9999
1980 02 24 00   -10   -70 -9999   160    30     7 -9999 -9999
1980 02 24 06   -30   -50 -9999   140    30     8 -9999    30
1980 02 24 09   -20   -60 -9999   320    50     8 -9999 -9999
1980 02 25 00   -80  -130 -9999     0     0     7 -9999 -9999
1980 02 25 06    20   -60 -9999     0     0     2 -9999    -1
1980 02 25 09    20   -60 -9999   340    20     7 -9999 -9999
1980 02 26 09    20   -60 -9999   220    30     7 -9999 -9999
1980 02 26 21  -180  -280 -9999    80    30     1 -9999 -9999
1980 02 27 06    50  -120 -9999 -9999 -9999     7 -9999 -9999
1980 02 27 09    60  -110 -9999   200    30     6 -9999 -9999
1980 02 28 03    80   -70 10105   100    30     6 -9999 -9999
1980 02 28 23    10  -200 10225   200   220     8 -9999 -9999
1980 02 29 00   -60  -120 10118    90    20     2 -9999    -1
1980 02 29 21   -70  -170 -9999    90    20     7 -9999 -9999
1980 03 01 00   -80  -180 -9999   110    30     2 -9999 -9999
1980 03 01 21   -60  -140 -9999    70    20     6 -9999 -9999
1980 03 02 00   -60  -150 -9999    70    20     7 -9999 -9999
1980 03 02 06    20  -160 -9999   320    30     8 -9999     0
1980 03 02 09    20  -150 -9999   320    30     7 -9999 -9999
1980 03 02 21   -50  -200 -9999   140    30     4 -9999 -9999
1980 03 03 00   -50  -180 -9999   140    30     2 -9999 -9999
1980 03 03 06    30  -160 -9999   340    20     2 -9999     0
1980 03 03 09    40  -150 -9999    20    30     1 -9999 -9999
1980 03 03 18   -50  -150 -9999    90    20     0 -9999 -9999
1980 03 04 00   -10  -170 -9999   110    30     1 -9999 -9999
1980 03 04 06    40  -170 -9999   320    40     6 -9999 -9999
1980 03 04 09    50  -170 -9999   340    50     7 -9999 -9999
1980 03 04 21   -20  -140 -9999   140    30     0 -9999 -9999
1980 03 05 00   -20  -150 -9999   110    30     0 -9999 -9999
1980 03 05 09    80  -170 -9999   220    40     6 -9999 -9999
1980 03 06 00   -10  -140 -9999    90    40     0 -9999 -9999
1980 03 06 06   100  -160 -9999    40    20     1 -9999     0
1980 03 06 09   100  -180 -9999   360    50     2 -9999 -9999
1980 03 06 18    10  -200 -9999   250    50     8 -9999     0
1980 03 07 00   -10  -120 -9999   110    30     2 -9999 -9999
1980 03 07 06    80  -130 -9999   220    40     7 -9999     0
1980 03 07 09    80  -100 -9999    20    10     7 -9999 -9999
1980 03 07 18  -110  -140 -9999     0     0     6 -9999     0
1980 03 08 00   -20   -60 -9999   360    40     3 -9999     0
1980 03 08 09    50   -70 -9999   160    20     1 -9999 -9999
1980 03 08 21   -10  -110 -9999   110    40     0 -9999 -9999
1980 03 09 00   -10  -110 -9999   140    30     1 -9999 -9999
1980 03 09 06    90  -190 -9999   110    90     7 -9999     0
1980 03 10 00   -10   -20 -9999    40    20     8 -9999    30
1980 03 11 06   -40   -50 -9999    20    30     8 -9999    -1
1980 03 11 21   -30   -40 -9999     0     0     8 -9999 -9999
1980 03 12 00   -40   -40 -9999    40    30     8 -9999     0
1980 03 12 09   -20   -40 -9999    20    50     8 -9999 -9999
1980 03 12 18   -50  -160 -9999   270    30     6 -9999 -9999
1980 03 12 21   -70  -190 -9999    90    20     3 -9999 -9999
1980 03 13 00   -90  -170 -9999    20    50     7 -9999     0
1980 03 13 06   -70  -130 -9999    20    60     7 -9999     0
1980 03 13 09   -60  -130 -9999   360    30     7 -9999 -9999
1980 03 14 00   -80  -140 -9999   110    20     0 -9999 -9999
1980 03 14 09    30   -80 -9999   250    20     5 -9999 -9999
1980 03 15 06    40   -80 -9999   270    50     7 -9999    -1
1980 03 15 09    60   -90 -9999     0     0     2 -9999 -9999
1980 03 15 21     0   -90 -9999   190    30     2 -9999 -9999
1980 03 16 00   -10   -90 -9999    40    20     7 -9999 -9999
1980 03 16 06    70   -90 -9999   290    30     7 -9999     0
1980 03 16 09    70  -130 -9999   340    30     7 -9999 -9999
1980 03 17 00    40  -110 -9999   140    30     8 -9999     0
1980 03 17 06    90   -80 -9999   220    20     7 -9999 -9999
1980 03 17 09   110   -70 -9999   250    60     1 -9999 -9999
1980 03 18 00    40  -110 -9999   140   140     7 -9999     0
1980 03 18 06   130 -9999 -9999   220    20     5 -9999     0
1980 03 18 09   140  -150 -9999   200    30     1 -9999 -9999
1980 03 18 21   -10  -120 -9999    40    70     0 -9999 -9999
1980 03 19 00   -10  -160 -9999    40    60     7 -9999     0
1980 03 19 06    30  -240 -9999    20    50     7 -9999     0
1980 03 19 21   -30  -170 -9999   140    20     0 -9999 -9999
1980 03 20 00   -20  -170 -9999   110    30     2 -9999 -9999
1980 03 20 06 -9999 -9999 -9999   340    20     7 -9999     0
1980 03 20 21    10   -20 -9999   160    20     8 -9999 -9999
1980 03 21 00   -30   -40 -9999    90    30     8 -9999     5
1980 03 21 21   -30  -130 -9999   340    40     7 -9999 -9999
1980 03 22 00   -70  -110 -9999   360    20     1 -9999 -9999
1980 03 22 06   -20  -160 -9999    90    60     2 -9999     0
1980 03 22 21   -70  -150 -9999    40    20     0 -9999 -9999
1980 03 23 00   -70  -180 10338   160    20     1 -9999 -9999
1980 03 23 06    80   -40 10313   230    80     2 -9999 -9999
1980 03 23 09    10  -260 -9999   360    20     1 -9999 -9999
1980 03 23 21   -60  -180 -9999     0     0     0 -9999 -9999
1980 03 24 00   -20  -220 -9999    40    40     7 -9999 -9999
1980 03 24 09    40  -180 -9999    20    60     1 -9999 -9999
1980 03 25 06    50  -230 -9999    20    50     1 -9999     0
1980 03 25 18   -30  -160 -9999    90    20     3 -9999     0
1980 03 25 21   -20  -190 -9999   110    50     0 -9999 -9999
1980 03 26 00     0  -190 -9999   110    40     1 -9999 -9999
1980 03 26 06   100  -160 -9999   220    30     7 -9999     0
1980 03 26 09   100  -180 -9999   250    30     7 -9999 -9999
1980 03 27 00    20  -140 -9999   110    30     0 -9999 -9999
1980 03 27 06   130  -150 -9999   200    30     1 -9999     0
1980 03 27 09   130  -110 -9999   250    40     7 -9999 -9999
1980 03 28 00   -90  -240 -9999   140    20     6 -9999 -9999
1980 03 28 09   160   -60 -9999   360    50     6 -9999 -9999
1980 03 30 00   -20  -260 -9999    20    80     8 -9999     0
1980 03 30 06   -10  -230 -9999   340    40     8 -9999     0
1980 03 30 09    10  -190 10317   320   160     7 -9999 -9999
1980 04 01 06   100  -170 -9999     0     0     7 -9999   110
1980 04 01 09   110  -180 -9999   320    50     7 -9999 -9999
1980 04 02 00    80  -180 -9999    40    40     2 -9999     0
1980 04 02 06   180  -180 -9999   220    30     1 -9999     0
1980 04 02 09   200 -9999 -9999   290    60     5 -9999 -9999
1980 04 03 00    90  -120 -9999    70    30     1 -9999     0
1980 04 03 03    90  -100 -9999    70    50     7 -9999 -9999
1980 04 03 21   100  -150 -9999    20    70     7 -9999 -9999
1980 04 04 00    90  -120 -9999 -9999 -9999     8 -9999 -9999
1980 04 04 06   120   -90 -9999   340    70     8 -9999     0
1980 04 04 18   -40  -150 -9999   190    80     2 -9999     0
1980 04 04 21     0  -160 -9999    20    30     8 -9999 -9999
1980 04 05 06    90  -150 -9999   200    20     7 -9999     0
1980 04 05 09   100  -100 -9999   220    20     7 -9999 -9999
1980 04 05 12 -9999 -9999 -9999   240    20     1 -9999 -9999
1980 04 06 00    80   -50 -9999   160    40     7 -9999     0
1980 04 06 06   160   -90 -9999   220    40     7 -9999     0
1980 04 06 18    30 -9999 -9999   270    70     7 -9999 -9999
1980 04 08 09    80    10 -9999    40    60     7 -9999 -9999
1980 04 08 12   100  -130 -9999   320    80     1 -9999 -9999
1980 04 08 21    50   -20 -9999   160    40     1 -9999 -9999
1980 04 09 06   180   -50 -9999   220    60     1 -9999     0
1980 04 09 09   200  -110 -9999   220    60     1 -9999 -9999
1980 04 09 21   140  -120 -9999   160    50     2 -9999 -9999
1980 04 10 00   150   -30 -9999   180    20     7 -9999 -9999
1980 04 10 06 -9999 -9999 -9999    20    70     7 -9999     0
1980 04 10 09   120  -110 -9999    40    40     7 -9999 -9999
1980 04 11 00   130   -80 -9999   160    70     7 -9999     0
1980 04 11 09   160   -50 -9999   270    40     7 -9999 -9999
1980 04 11 18    90  -120 10114   190    90     7 -9999 -9999
1980 04 11 21 -9999 -9999 -9999   360    60     8 -9999 -9999
1980 04 12 00   -10   -80 10286   360   100     8 -9999     0
1980 04 12 09   -10   -90 -9999   360    80     8 -9999 -9999
1980 04 12 21   -70  -120 -9999   110    30     0 -9999 -9999
1980 04 13 21     0   -50 -9999   200    20     0 -9999 -9999
1980 04 14 00    10   -40 -9999   180    20     7 -9999 -9999
1980 04 14 06    90  -180 -9999   340   110     8 -9999     0
1980 04 15 00    20  -150 -9999   360    30     0 -9999 -9999
1980 04 15 06    70  -180 -9999   360    50     0 -9999     0
1980 04 15 09    90  -180 -9999   360    60     1 -9999 -9999
1980 04 15 15    50  -180 -9999    20    50     0 -9999 -9999
1980 04 16 00    90  -130 -9999     0     0     1 -9999     0
1980 04 16 09   200 -9999 -9999   290    50     7 -9999 -9999
1980 04 16 21    90  -110 -9999   110    20     1 -9999 -9999
1980 04 17 00   100  -120 -9999     0     0     1 -9999     0
1980 04 17 09   230  -150 -9999   290    80     7 -9999 -9999
1980 04 17 15    70  -260 -9999   320    20     2 -9999 -9999
1980 04 18 00    70  -180 -9999    20    90     8 -9999 -9999
1980 04 18 06    80  -190 -9999   320    80     6 -9999     0
1980 04 18 09    80  -240 -9999   340    80     7 -9999 -9999
1980 04 19 00    20  -260 -9999    20    30     1 -9999 -9999
1980 04 19 06    70 -9999 -9999   320    40     7 -9999     0
1980 04 19 09    80 -9999 -9999   360    50     1 -9999 -9999
1980 04 20 00    70  -220 -9999    20    30     7 -9999 -9999
1980 04 20 06   110  -220 -9999   320    20     7 -9999     0
1980 04 21 00    80  -180 -9999   140    20     5 -9999     0
1980 04 22 00    60  -100 -9999   180    20     7 -9999     0
1980 04 22 06   110  -110 -9999    20    60     7 -9999     0
1980 04 22 09   100  -150 -9999    20    60     7 -9999 -9999
1980 04 23 00   120   -80 10232     0     0     8 -9999     0
1980 04 23 03    50  -110 -9999   270    50     7 -9999 -9999
1980 04 23 06    60  -120 -9999   320    30     8 -9999     0
1980 04 23 09    70  -110 -9999   270    50     7 -9999 -9999
1980 04 24 00    40   -90 -9999     0     0     6 -9999 -9999
1980 04 24 06   110  -100 -9999   250    10     7 -9999     0
1980 04 24 09   120  -100 -9999   340    30     7 -9999 -9999
1980 04 25 00    50   -30 -9999     0     0     7 -9999     0
1980 04 25 06   100   -10 -9999   320    40     8 -9999     0
1980 04 26 00    40     0 -9999   160    30     1 -9999     0
1980 04 26 21    20 -9999 -9999    90    30     6 -9999 -9999
1980 04 27 00    60   -70 -9999   140    20     6 -9999     0
1980 04 27 09   150   -90 -9999   360    40     7 -9999 -9999
1980 04 27 21    90     0 -9999     0     0     7 -9999 -9999
1980 04 28 00    80   -30 -9999    20    50     7 -9999     0
1980 04 28 06   140   -90 -9999   320    50     6 -9999     0
1980 04 28 09   140   -90 -9999   360    40     2 -9999 -9999
1980 04 28 21    60  -100 -9999   110    40     2 -9999 -9999
1980 04 29 00   100   -70 -9999   140    20     7 -9999     0
1980 04 29 09   180   -80 -9999   360    60     3 -9999 -9999
1980 04 29 21    90   -90 -9999   110    30     0 -9999 -9999
1980 04 30 00   150   -60 -9999   140    30     2 -9999     0
1980 04 30 06   220  -100 -9999   320    20     7 -9999     0
1980 04 30 09   220   -70 -9999     0     0     7 -9999 -9999
1980 05 01 00   190    10 -9999   180    30     0 -9999 -9999
1980 05 01 06   260     0 -9999   180    60     1 -9999     0
1980 05 01 09   270   -10 -9999   220    40     2 -9999 -9999
1980 05 01 21   160   -20 -9999    20    20     8 -9999 -9999
1980 05 02 00   160   -90 -9999   360    30     7 -9999 -9999
1980 05 02 21    80  -100 -9999    20    50     6 -9999 -9999
1980 05 03 00    70  -120 -9999    40    50     2 -9999     0
1980 05 03 06   110  -210 -9999   340    50     1 -9999     0
1980 05 03 21    40  -150 -9999    70    20     1 -9999 -9999
1980 05 04 00    90  -130 -9999     0     0     1 -9999 -9999
1980 05 04 06   160 -9999 -9999   360    40     0 -9999     0
1980 05 04 09   170 -9999 -9999   320    60     0 -9999 -9999
1980 05 04 21    70  -140 -9999    90    20     5 -9999 -9999
1980 05 05 00   120  -210 -9999   220    20 -9999 -9999     0
1980 05 05 06   170  -170 -9999   320    20     7 -9999     0
1980 05 05 09   150  -220 -9999   140    70     8 -9999 -9999
1980 05 06 00    50    10 -9999   200    50     0 -9999     0
1980 05 06 06   170    20 -9999   320    20     4 -9999     0
1980 05 06 09   180   -20 -9999   320    60     7 -9999 -9999
1980 05 07 09   140   -80 -9999   340    70     7 -9999 -9999
1980 05 07 21    40   -50 -9999   110    30     0 -9999 -9999
1980 05 08 00    90   -80 -9999     0     0     5 -9999     0
1980 05 08 06   160  -220 -9999   180    80     6 -9999     0
1980 05 08 09   170  -190 -9999   160    60     7 -9999 -9999
1980 05 09 00   130   -40 -9999     0     0     8 -9999 -9999
1980 05 09 06   160   -20 -9999   340    50     7 -9999     0
1980 05 09 21    90    40 -9999     0     0     6 -9999 -9999
1980 05 10 00   110    30 -9999   220    20     7 -9999     0
1980 05 10 06   140    30 -9999   140    60     4 -9999    -1
1980 05 10 09   150     0 -9999   180    40     2 -9999 -9999
1980 05 10 21    80   -10 -9999   110    30     0 -9999 -9999
1980 05 11 00   140     0 -9999   110    20     0 -9999     0
1980 05 11 06   210   -60 -9999   360    30     1 -9999     0
1980 05 11 09   230   -30 -9999     0     0     0 -9999 -9999
1980 05 11 15   130 -9999 -9999   210    20     3 -9999 -9999
1980 05 11 21   120   -60 -9999   110    30     1 -9999 -9999
1980 05 12 00   190   -60 -9999   160    40     7 -9999     0
1980 05 12 09   250  -120 -9999   180    80     7 -9999 -9999
1980 05 13 06   270   -60 -9999   340    30     7 -9999     0
1980 05 13 09   290   -80 -9999    20    60     7 -9999 -9999
1980 05 13 21   120   -70 -9999   220    40     4 -9999 -9999
1980 05 14 00   100   -50 -9999   180    30     4 -9999 -9999
1980 05 14 09   190  -170 -9999   360    40     7 -9999 -9999
1980 05 14 21    70  -210 -9999    40    90     7 -9999 -9999
1980 05 15 06 -9999 -9999 -9999    20    40     3 -9999     0
1980 05 15 09   120  -220 -9999    20    70     1 -9999 -9999
1980 05 16 00    90 -9999 -9999     0     0     1 -9999     0
1980 05 16 09   180  -140 -9999     0     0     0 -9999 -9999
1980 05 16 18    40  -180 -9999   250    50     5 -9999     0
1980 05 16 21    70  -210 -9999   110    30     2 -9999 -9999
1980 05 17 00   130  -160 -9999   290    30     2 -9999     0
1980 05 17 06   180  -160 -9999   360    30     7 -9999     0
1980 05 17 09   150   -20 -9999   360    20     8 -9999 -9999
1980 05 18 00   150   -20 -9999     0     0     1 -9999 -9999
1980 05 18 06   230   -70 -9999   290    30     1 -9999     0
1980 05 18 09   240  -100 -9999    20    40     1 -9999 -9999
1980 05 19 00   190   -60 -9999   140    20     8 -9999 -9999
1980 05 19 09   260   -80 -9999   200    50     1 -9999 -9999
1980 05 19 21   180   -70 -9999    90    30     0 -9999 -9999
1980 05 20 00   210    10 -9999   110    20     1 -9999 -9999
1980 05 20 06   270   -20 -9999     0     0     7 -9999     0
1980 05 20 09   270   -20 -9999   180    40     7 -9999 -9999
1980 05 20 21   100  -140 -9999   110    40     8 -9999 -9999
1980 05 21 06   240    50 -9999   220    80     7 -9999     0
1980 05 21 18   120   -60 -9999    50    90     0 -9999     0
1980 05 21 21   110    70 -9999   180    20     0 -9999 -9999
1980 05 22 06   180   -30 -9999    90    40     7 -9999     0
1980 05 22 09   270    20 -9999    40    20     1 -9999 -9999
1980 05 23 00   210    80 -9999   160    30     7 -9999 -9999
1980 05 23 21   160    40 -9999    40    60     8 -9999 -9999
1980 05 24 00   150    60 -9999   360    60     7 -9999 -9999
1980 05 24 06    90    80 -9999   320    70     8 -9999    40
1980 05 24 09    80    60 -9999   360    30     8 -9999 -9999
1980 05 25 00    40    30 -9999   340    80     8 -9999     5
1980 05 25 06   110    30 -9999    20    20     5 -9999    -1
1980 05 25 09   130    10 -9999   320    30     7 -9999 -9999
1980 05 26 00    90    10 -9999   160    30     0 -9999     0
1980 05 26 06   190   -30 -9999   180    20     0 -9999     0
1980 05 26 09   220   -20 -9999   270    20     0 -9999 -9999
1980 05 27 00   190   -40 -9999   160    30     0 -9999 -9999
1980 05 28 00   210   -40 -9999   160    20     0 -9999 -9999
1980 05 28 06   290   -30 -9999   220    50     3 -9999     0
1980 05 28 09   300   -30 -9999   340    30     2 -9999 -9999
1980 05 28 21   200   -30 -9999   140    40     0 -9999 -9999
1980 05 29 00   230   -10 -9999   180    30     0 -9999 -9999
1980 05 29 09   300   -50 -9999   220    70     7 -9999 -9999
1980 05 29 21   100    70 -9999   360    30     8 -9999 -9999
1980 05 30 00    90    70 -9999   320    50     8 -9999    -1
1980 05 30 03   100 -9999 -9999   250   100     7 -9999 -9999
1980 05 30 06   100    40 -9999    40    60     8 -9999    40
1980 05 30 18     0  -160 -9999   170    50     0 -9999     0
1980 05 30 21   -20  -150 -9999     0     0     0 -9999 -9999
1980 05 31 00    90    60 -9999     0     0     7 -9999     0
1980 05 31 09   180   -50 -9999    20    50     2 -9999 -9999
1980 05 31 21    90    40 -9999     0     0     6 -9999 -9999
1980 06 01 00 -9999 -9999 -9999   270    20     4 -9999 -9999
1980 06 01 06   160     0 -9999   340    20     7 -9999    -1
1980 06 01 09   180   -30 -9999   290    20     6 -9999 -9999
1980 06 02 00   140     0 -9999   200    20     0 -9999     0
1980 06 02 21   150   -80 -9999   110    50     0 -9999 -9999
1980 06 03 00   190     0 -9999   110    30     0 -9999     0
1980 06 03 06   260  -110 -9999   160    70     6 -9999     0
1980 06 03 09   260  -100 -9999   160    50     7 -9999 -9999
1980 06 04 00   220    10 -9999   110    70     0 -9999 -9999
1980 06 05 00   160    50 -9999   360    70     8 -9999 -9999
1980 06 05 06   180    70 -9999   270    40     7 -9999    -1
1980 06 05 09   190    50 -9999    20    20     8 -9999 -9999
1980 06 05 12    80  -220 -9999   180    40     2 -9999 -9999
1980 06 05 21   110    10 -9999   110    30     0 -9999 -9999
1980 06 06 00   170    10 -9999   160    30     0 -9999 -9999
1980 06 06 09   270   -80 -9999   360    40     1 -9999 -9999
1980 06 06 18 -9999 -9999 10121    50    60     0 -9999     0
1980 06 06 21 -9999 -9999 -9999   110    30     1 -9999 -9999
1980 06 07 06   280   -60 -9999   200    80     7 -9999     0
1980 06 08 00   160   -20 -9999   360    50     7 -9999 -9999
1980 06 08 09   220   -20 -9999   360    60     7 -9999 -9999
1980 06 08 21   140    20 -9999    90    30     2 -9999 -9999
1980 06 09 00   180    20 -9999   180    20     7 -9999 -9999
1980 06 09 06   240   -10 -9999   110    30     1 -9999     0
1980 06 09 21   190    20 -9999   160    40     1 -9999 -9999
1980 06 10 00   210    40 -9999   160    30     2 -9999 -9999
1980 06 10 21   190   -80 -9999   110    30     7 -9999 -9999
1980 06 11 00   240   -40 -9999   180    30     5 -9999 -9999
1980 06 11 09   290   -30 -9999   180    40     6 -9999 -9999
1980 06 12 09   260   -20 -9999   360    60     8 -9999 -9999
1980 06 12 12   260   -20 -9999   360    60     8 -9999 -9999
1980 06 12 21   200    10 -9999   160    30     2 -9999 -9999
1980 06 13 00   220    30 -9999   160    30     0 -9999 -9999
1980 06 13 06   230  -110 -9999   270    40     1 -9999 -9999
1980 06 13 09   310   -20 -9999   250    30     7 -9999 -9999
1980 06 14 00   230    20 -9999   110    30     7 -9999 -9999
1980 06 14 09   290   -30 -9999   360    60     5 -9999 -9999
1980 06 15 00   170    80 -9999   360    30     7 -9999    10
1980 06 15 06   230    40 -9999   360    20     6 -9999     0
1980 06 15 12   330   180 10032   360    30     7 -9999     5
1980 06 16 00   150    10 -9999 -9999 -9999     8 -9999    -1
1980 06 16 06   220     0 -9999   360    40     7 -9999    -1
1980 06 16 09   210   -10 -9999   360    50     8 -9999 -9999
1980 06 17 00   170   -10 -9999     0     0     7 -9999 -9999
1980 06 17 06   240   -50 -9999   270    40     7 -9999     0
1980 06 17 09   250   -60 -9999   270    30     6 -9999 -9999
1980 06 17 21   150   -30 -9999   110    20     3 -9999 -9999
1980 06 18 00   190   -10 -9999   180    20     7 -9999 -9999
1980 06 18 06   240   -30 -9999   220    60     7 -9999     0
1980 06 18 09   220   -20 -9999   220    30     8 -9999 -9999
1980 06 18 21   140     0 -9999   110    30     1 -9999 -9999
1980 06 19 00   200    30 -9999    90    20     0 -9999 -9999
1980 06 19 06   260    10 -9999    90    30     4 -9999     0
1980 06 19 09   270   -10 -9999   250    20     3 -9999 -9999
1980 06 19 21   190   -60 -9999   110    50     1 -9999 -9999
1980 06 20 00   220     0 -9999   180    20     5 -9999 -9999
1980 06 20 06   280     0 -9999     0     0     5 -9999     0
1980 06 20 09   280   -10 -9999   220    20     6 -9999 -9999
1980 06 20 21   200    30 -9999   140    40     1 -9999 -9999
1980 06 21 00   210    60 -9999     0     0     6 -9999 -9999
1980 06 21 06   260    40 -9999   220    70     7 -9999    -1
1980 06 21 09   210   100 -9999    90    30     7 -9999 -9999
1980 06 21 21   160    70 -9999   110    40     1 -9999 -9999
1980 06 22 00   210    80 -9999   110    30     1 -9999 -9999
1980 06 22 06   290    30 -9999     0     0     2 -9999     0
1980 06 22 09   290    20 10063     0     0     2 -9999 -9999
1980 06 22 21   210    70 -9999 -9999 -9999     1 -9999 -9999
1980 06 23 00   220    80 -9999   200    30     1 -9999 -9999
1980 06 23 03   210    90 10011    90    20     0 -9999 -9999
1980 06 23 12   170   -20 -9999   270    40     6 -9999    -1
1980 06 24 00   210    90 -9999     0     0     1 -9999 -9999
1980 06 24 09   290    50 -9999   320    40     6 -9999 -9999
1980 06 24 18   110   -30 -9999    40    70     0 -9999     0
1980 06 24 21 -9999 -9999 -9999   200    10     8 -9999 -9999
1980 06 25 21   180 -9999 -9999   110    40     8 -9999 -9999
1980 06 26 00   190   110 -9999   110    20     7 -9999 -9999
1980 06 26 06   270    80 -9999   220    50     2 -9999     0
1980 06 26 09   300    40 -9999    20    20     2 -9999 -9999
1980 06 27 00   250    90 -9999    90    20     1 -9999 -9999
1980 06 27 09   310    90 -9999   360    40     2 -9999 -9999
1980 06 27 21   180   100 -9999    20    60     7 -9999 -9999
1980 06 28 00   200   110 -9999    20    50     8 -9999    10
1980 06 28 06   190    90 -9999    20    60     8 -9999    -1
1980 06 28 09   230    60 -9999   360    30     7 -9999 -9999
1980 06 28 21   180    90 -9999    20    20     8 -9999 -9999
1980 06 29 00   160   120 -9999     0     0     8 -9999    10
1980 06 29 06   210   130 -9999   360    30     5 -9999     3
1980 06 29 09   230   110 -9999     0     0     5 -9999 -9999
1980 06 30 00   190   110 -9999    70    20     1 -9999 -9999
1980 06 30 06   270    60 -9999    70    20     1 -9999     0
1980 06 30 09   290    60 -9999   360    30     1 -9999 -9999
1980 06 30 21   210    90 -9999     0     0     7 -9999 -9999
1980 07 01 00   230   110 -9999     0     0     4 -9999 -9999
1980 07 01 09   310    70 -9999    20    20     5 -9999 -9999
1980 07 01 21   230   100 -9999   110    20     8 -9999 -9999
1980 07 02 00   230   100 -9999    20    40     8 -9999 -9999
1980 07 02 06   200   130 -9999    20    60     8 -9999    -1
1980 07 02 21    50   -60 -9999     0     0     0 -9999 -9999
1980 07 03 00   120   110 -9999    20    40     8 -9999    70
1980 07 03 18   100   -60 -9999    40    40     0 -9999     0
1980 07 04 00   170 -9999 -9999   140    20     1 -9999 -9999
1980 07 04 03   160   -80 -9999   250    20     1 -9999 -9999
1980 07 04 06   240    70 -9999   320    30     6 -9999     0
1980 07 04 09   250    40 -9999   360    30     5 -9999 -9999
1980 07 04 21   170    50 -9999   110    30     7 -9999 -9999
1980 07 05 09   220    30 -9999    20    30     2 -9999 -9999
1980 07 05 21   140    40 -9999    90    20     0 -9999 -9999
1980 07 06 00   190    40 -9999   110    20     0 -9999 -9999
1980 07 06 06   260   -20 -9999   290    20     1 -9999     0
1980 07 06 21   190     0 -9999   140    30     1 -9999 -9999
1980 07 07 00   220    40 -9999   200    20     7 -9999 -9999
1980 07 07 09   230   -50 -9999    70    90     7 -9999 -9999
1980 07 08 00   230    80 -9999   180    20     6 -9999 -9999
1980 07 08 06   270    20 -9999   160    90     7 -9999     0
1980 07 09 00   210   110 -9999   220    20     7 -9999 -9999
1980 07 10 00   180   110 -9999   180    30     7 -9999 -9999
1980 07 10 06   230   100 -9999   220    30     3 -9999    -1
1980 07 10 12 -9999 -9999 -9999   280   120     8 -9999    -1
1980 07 10 21   180   130 -9999   110    30     7 -9999 -9999
1980 07 11 00   230   120 10058     0     0     7 -9999     5
1980 07 11 06   240    90 -9999   320    40     7 -9999    -1
1980 07 11 21   170   120 -9999   160    30     2 -9999 -9999
1980 07 12 00   190   130 -9999   200    30     7 -9999 -9999
1980 07 12 21   200    90 -9999   140    30     1 -9999 -9999
1980 07 13 00   240   100 -9999   180    10     1 -9999 -9999
1980 07 13 06   300 -9999 -9999   320    40     3 -9999     0
1980 07 13 09 -9999 -9999 -9999   320    20     3 -9999 -9999
1980 07 13 18   110   -40 -9999    90    10     0 -9999     0
1980 07 13 21   210    90 -9999   340    20     8 -9999 -9999
1980 07 14 00   160   130 -9999     0     0     8 -9999    20
1980 07 14 06   190   140 -9999   220    70     7 -9999    40
1980 07 14 15   170   -70 -9999    70    30     0 -9999 -9999
1980 07 15 00   200    70 -9999   180    30     0 -9999 -9999
1980 07 15 09   290    40 -9999     0     0     1 -9999 -9999
1980 07 15 12   250  -150 -9999   270    40     1 -9999 -9999
1980 07 16 06   310    20 -9999   160    40     1 -9999     0
1980 07 16 09   320    20 -9999   200    40     1 -9999 -9999
1980 07 16 21   220    50 -9999   160    40     0 -9999 -9999
1980 07 17 00   240    70 -9999   180    30     3 -9999 -9999
1980 07 17 06   310    40 -9999   250    30     7 -9999     0
1980 07 17 09   310    10 -9999   200    50     7 -9999 -9999
1980 07 17 21   220    80 -9999    70    20     8 -9999 -9999
1980 07 18 00   230    90 -9999    70    20     7 -9999    -1
1980 07 18 06   300    30 -9999   320    50     4 -9999    -1
1980 07 18 09   300    40 -9999   250    20     6 -9999 -9999
1980 07 18 21   220    50 -9999   140    30     1 -9999 -9999
1980 07 19 00   240    80 -9999   200    30     0 -9999 -9999
1980 07 19 06   320    40 -9999   320    30     2 -9999     0
1980 07 19 09   290 -9999 -9999   270    30     0 -9999 -9999
1980 07 20 00   250    60 -9999   140    20     1 -9999 -9999
1980 07 20 21   240    40 -9999   160    40     1 -9999 -9999
1980 07 21 00   260    50 -9999   200    70     1 -9999 -9999
1980 07 21 09   330    10 -9999   140    80     1 -9999 -9999
1980 07 21 21   230    50 -9999   140    40     1 -9999 -9999
1980 07 22 00   250    70 -9999    40    30     1 -9999 -9999
1980 07 22 06   330    50 -9999   160    90     2 -9999     0
1980 07 22 09   330    60 -9999   180    60     4 -9999 -9999
1980 07 23 00   220    70 -9999    20    60     7 -9999 -9999
1980 07 23 06   250    80 10030   340    60     7 -9999     0
1980 07 23 09   270    70 -9999    20    50     7 -9999 -9999
1980 07 24 00   220   110 -9999   180    20     6 -9999 -9999
1980 07 24 09   310    10 -9999   320    20     1 -9999 -9999
1980 07 24 21   210    30 -9999    40    30     0 -9999 -9999
1980 07 25 00   230    70 -9999     0     0     0 -9999 -9999
1980 07 25 06   310    30 -9999     0     0     1 -9999     0
1980 07 25 09   330    30 -9999     0     0     1 -9999 -9999
1980 07 25 21   260    30 -9999   160    40     7 -9999 -9999
1980 07 26 00   270    60 -9999   180    50     7 -9999 -9999
1980 07 26 06   230   100 -9999    20    70     7 -9999    -1
1980 07 26 09   230    90 -9999    40    70     8 -9999 -9999
1980 07 27 00   200   100 -9999   290    10     7 -9999 -9999
1980 07 27 06   290    80 -9999   110    20     1 -9999     0
1980 07 27 09   300    50 -9999   140    50     1 -9999 -9999
1980 07 27 18   120   -60 -9999    30    20     2 -9999     0
1980 07 28 00   210   110 -9999    40    20     3 -9999 -9999
1980 07 28 06   280    70 -9999   160    80     2 -9999     0
1980 07 28 09   280    90 -9999   160    60     7 -9999 -9999
1980 07 28 21   180   180 -9999     0     0     1 -9999 -9999
1980 07 29 00   220   120 -9999   340    10     5 -9999 -9999
1980 07 29 06   280   100 -9999   340    20     6 -9999     0
1980 07 29 09   310    80 -9999   200    30     3 -9999 -9999
1980 07 30 00   250    80 -9999    90    20     0 -9999 -9999
1980 07 30 06   320 -9999 -9999   320    20     7 -9999 -9999
1980 07 30 18   170   -60 -9999    40    30     4 -9999     0
1980 07 31 00   260   220 10054   200    20     0 -9999 -9999
1980 07 31 06   310   100 -9999   140    70     1 -9999     0
1980 07 31 09   310    90 -9999   160    50     1 -9999 -9999
1980 07 31 21   210   150 -9999   180    30     8 -9999 -9999
1980 08 01 00   190   130 -9999    20    80     7 -9999    -1
1980 08 02 00   160   150 -9999   360    20     8 -9999    40
1980 08 02 06   200   150 -9999   220    10     7 -9999 -9999
1980 08 02 21   160   100 -9999   160    20     3 -9999 -9999
1980 08 03 00   200    80 -9999   140    30     1 -9999 -9999
1980 08 03 06   270    80 -9999   180    20     1 -9999     0
1980 08 03 21   210    60 -9999   180    30     0 -9999 -9999
1980 08 04 00   220    80 -9999   140    30     0 -9999 -9999
1980 08 04 06   290    50 -9999   180    50     1 -9999     0
1980 08 04 09   290    50 -9999   140    50     0 -9999 -9999
1980 08 04 21   190    70 -9999   220    40     1 -9999 -9999
1980 08 05 00   210    60 -9999   200    60     2 -9999 -9999
1980 08 05 09   280    60 -9999   140    50     7 -9999 -9999
1980 08 05 21   190    50 -9999   160    40     7 -9999 -9999
1980 08 06 00   210    50 -9999   180    30     7 -9999 -9999
1980 08 06 06   280    30 -9999   140    70     5 -9999     0
1980 08 06 09   270    80 -9999   160    80     5 -9999 -9999
1980 08 06 21   160   110 -9999   250    60     7 -9999 -9999
1980 08 07 00   150   120 -9999   220    20     8 -9999 -9999
1980 08 07 09   200   120 -9999    40    20     6 -9999 -9999
1980 08 07 21   150  -170 -9999   140    40     0 -9999 -9999
1980 08 08 00   180    60 -9999   160    20     0 -9999 -9999
1980 08 08 06   270    80 -9999   320    30     3 -9999     0
1980 08 08 09   270    20 -9999   360    30     7 -9999 -9999
1980 08 08 12   210  -120 -9999   290    80     2 -9999 -9999
1980 08 08 21   180    60 -9999    90    20     2 -9999 -9999
1980 08 09 00   220    60 -9999   140    30     1 -9999 -9999
1980 08 09 06   280    70 -9999   220    60     2 -9999     0
1980 08 09 09   290    70 -9999   270    20     5 -9999 -9999
1980 08 10 00   150   120 -9999    40    20     8 -9999   100
1980 08 10 06   200   130 -9999   270    20     6 -9999    20
1980 08 10 09   230   120 -9999    20    20     3 -9999 -9999
1980 08 10 21   160    50 -9999   110    30     0 -9999 -9999
1980 08 11 00   170    90 -9999   110    30     6 -9999 -9999
1980 08 11 06   230    80 -9999   220    30     7 -9999     0
1980 08 11 09   260    50 -9999   250    20     7 -9999 -9999
1980 08 11 21   160    70 -9999    90    30     0 -9999 -9999
1980 08 12 00   190    80 -9999    90    20     1 -9999 -9999
1980 08 12 09   250   -30 -9999    20    40     2 -9999 -9999
1980 08 12 21   140    30 -9999   110    30     1 -9999 -9999
1980 08 13 00   180    50 -9999   140    30     1 -9999 -9999
1980 08 13 06   260    20 -9999   290    30     6 -9999     0
1980 08 13 21   170    40 -9999    90    30     1 -9999 -9999
1980 08 14 00   190    80 -9999     0     0     1 -9999 -9999
1980 08 14 06   260    30 -9999    40    40     2 -9999     0
1980 08 14 09   260    20 -9999    20    60     2 -9999 -9999
1980 08 14 21   170    40 -9999   340    20     1 -9999 -9999
1980 08 15 00   190    60 -9999    40    20     2 -9999 -9999
1980 08 15 06   260    40 -9999    40    50     5 -9999     0
1980 08 15 09   260    40 -9999   360    40     4 -9999 -9999
1980 08 16 00   180    80 -9999   110    20     2 -9999 -9999
1980 08 16 06   260    50 -9999   140    20     2 -9999     0
1980 08 16 09   270    30 -9999   340    30     1 -9999 -9999
1980 08 16 21   170    50 -9999    90    30     1 -9999 -9999
1980 08 17 06   270    70 -9999   250    30     7 -9999     0
1980 08 17 09   260    60 -9999    20    30     7 -9999 -9999
1980 08 17 21   180   110 -9999   180    40     2 -9999 -9999
1980 08 18 00   180   130 -9999   200    30     6 -9999 -9999
1980 08 18 06   250   100 -9999   270    20     4 -9999     0
1980 08 18 09   240   100 -9999   200    20     6 -9999 -9999
1980 08 18 21   170    90 -9999   110    30     0 -9999 -9999
1980 08 19 00   200   110 -9999     0     0     1 -9999 -9999
1980 08 19 06   210 -9999 -9999   250    20 -9999 -9999 -9999
1980 08 19 09   270    90 -9999    90    30     5 -9999 -9999
1980 08 19 21   190    90 -9999    90    30     0 -9999 -9999
1980 08 20 00   210   110 -9999   140    30     1 -9999 -9999
1980 08 20 06   300   190 10116   220    20     1 -9999     0
1980 08 20 09   280    70 -9999   200    20     3 -9999 -9999
1980 08 21 00   210   120 -9999    70    30     2 -9999 -9999
1980 08 21 06   270   110 -9999    20    30     7 -9999     0
1980 08 21 09   290    90 -9999   360    30     6 -9999 -9999
1980 08 21 21   220   100 -9999    20    20     5 -9999 -9999
1980 08 22 00   200   120 -9999    70    10     7 -9999 -9999
1980 08 22 06   240   120 -9999    20    60     8 -9999     0
1980 08 22 09   250   110 -9999     0     0     7 -9999 -9999
1980 08 22 21   180   130 -9999   270    20     7 -9999 -9999
1980 08 23 00   170   140 -9999   360    20     8 -9999    10
1980 08 23 06   150   140 -9999    40    30     8 -9999    90
1980 08 23 21   160   100 -9999   140    40     2 -9999 -9999
1980 08 24 00   160   110 -9999   180    40     6 -9999 -9999
1980 08 24 06   240   110 -9999   220    30     2 -9999     0
1980 08 24 09   250   100 -9999   250    30     2 -9999 -9999
1980 08 25 00   160   140 -9999    90    20     1 -9999 -9999
1980 08 25 06   220   130 -9999   270    20     6 -9999    -1
1980 08 25 09   230   130 -9999    40    20     3 -9999 -9999
1980 08 26 00   170   140 -9999     0     0     7 -9999 -9999
1980 08 26 06   160   150 -9999    20    50     8 -9999     5
1980 08 26 09   160   120 -9999    20    50     8 -9999 -9999
1980 08 27 00   140   140 -9999   360    30     7 -9999    20
1980 08 27 06   200   120 -9999   320    20     6 -9999    -1
1980 08 27 09   220   100 -9999   320    40     6 -9999 -9999
1980 08 27 21   130    80 10444    90    30     1 -9999 -9999
1980 08 28 06   230    80 10076   270    50     2 -9999    -1
1980 08 28 09   240    40 -9999   270    40     3 -9999 -9999
1980 08 28 21   160    50 -9999    40    30     7 -9999 -9999
1980 08 29 00   160    40 -9999    70    30     6 -9999 -9999
1980 08 29 06   240   -10 -9999   360    30     1 -9999     0
1980 08 29 09   250   -10 -9999   320    30     1 -9999 -9999
1980 08 29 21    90    90 10126     0     0     0 -9999 -9999
1980 08 30 00   150    60 -9999   360    30     2 -9999    -1
1980 08 30 09   220    40 -9999   340    30     2 -9999 -9999
1980 08 30 21   140    30 -9999   110    40     0 -9999 -9999
1980 08 31 00   170    40 -9999     0     0     0 -9999 -9999
1980 08 31 06   240   -10 -9999     0     0     0 -9999     0
1980 08 31 09   260   -80 -9999   320    30     0 -9999 -9999
1980 08 31 21   150     0 -9999 -9999 -9999     0 -9999 -9999
1980 09 01 00   170   -20 -9999   140    30     0 -9999 -9999
1980 09 01 21   150     0 -9999    70    20     2 -9999 -9999
1980 09 02 00   160    20 -9999   110    20     8 -9999 -9999
1980 09 02 06   230    20 -9999   340    40     7 -9999     0
1980 09 02 09   220    30 -9999    20    40     7 -9999 -9999
1980 09 03 00   130   110 -9999   220    20     8 -9999    10
1980 09 03 06   150   110 -9999   220    30     8 -9999    20
1980 09 03 21   110    50 -9999     0     0     4 -9999 -9999
1980 09 04 00   120    30 -9999    70    20     7 -9999     0
1980 09 04 06   210    30 -9999   220    20     7 -9999     0
1980 09 04 09   220   -30 -9999     0     0     6 -9999 -9999
1980 09 04 21   130    80 -9999   110    30     2 -9999 -9999
1980 09 05 00   140    20 -9999     0     0     4 -9999 -9999
1980 09 05 21   130   -10 -9999    90    30     0 -9999 -9999
1980 09 06 00   160     0 -9999     0     0     1 -9999 -9999
1980 09 06 06   230   -20 -9999    20    40     2 -9999     0
1980 09 06 09   230   -10 -9999    20    30     1 -9999 -9999
1980 09 06 21   170   -30 -9999   140    60     1 -9999 -9999
1980 09 07 00   180   -30 -9999   110    70     7 -9999 -9999
1980 09 07 06 -9999 -9999 -9999   140    60     7 -9999     0
1980 09 07 09   200    20 -9999   140    30     8 -9999 -9999
1980 09 07 18    60   -30 -9999    20    10     0 -9999     0
1980 09 07 21   130   100 -9999   140    50     8 -9999 -9999
1980 09 08 00   140    90 -9999   160    30     7 -9999    10
1980 09 08 21   100    10 -9999   110    20     0 -9999 -9999
1980 09 09 00   130    10 -9999   110    20     0 -9999     0
1980 09 09 06   230     0 -9999   200    20     1 -9999     0
1980 09 09 09   240   -20 -9999   180    30     1 -9999 -9999
1980 09 10 00   170    30 -9999   110    20     1 -9999 -9999
1980 09 10 06   290    30 -9999   360    30     2 -9999     0
1980 09 10 21   160    20 -9999    70    30     0 -9999 -9999
1980 09 11 00   170    40 -9999   110    20     0 -9999 -9999
1980 09 11 21   190    20 -9999    90    60     0 -9999 -9999
1980 09 12 00   210    40 -9999   160    40     6 -9999 -9999
1980 09 12 06   260    20 -9999   180    50     1 -9999     0
1980 09 12 09   250    40 -9999   140    60     3 -9999 -9999
1980 09 13 00   150   -30 -9999   360    50     8 -9999    -1
1980 09 13 21   110    90 -9999     0     0     8 -9999 -9999
1980 09 14 00   110    70 -9999   360    20     8 -9999     5
1980 09 14 06   110    70 -9999    20    30     8 -9999    40
1980 09 14 09   110    20 -9999   320    40     7 -9999 -9999
1980 09 14 21    80    20 -9999     0     0     8 -9999 -9999
1980 09 15 00    90   -20 -9999   360    30     7 -9999     0
1980 09 15 09   140   -80 -9999   290    30     1 -9999 -9999
1980 09 15 21    60   -60 -9999    90    30     0 -9999 -9999
1980 09 16 00    80   -70 -9999   110    20     0 -9999     0
1980 09 16 21    70   -20 -9999    70    20     0 -9999 -9999
1980 09 17 00   120   -10 -9999   140    20     1 -9999     0
1980 09 17 06   190    10 -9999   220    30     3 -9999     0
1980 09 17 12   110  -150 -9999   260    50     0 -9999 -9999
1980 09 17 18    50   -80 -9999   180    30     0 -9999     0
1980 09 18 00   140   -30 -9999     0     0     6 -9999     0
1980 09 18 06   210   -80 -9999   270    50     5 -9999     0
1980 09 18 21    90   -90 -9999    40    20     0 -9999 -9999
1980 09 19 00   120   -90 -9999   110    30     1 -9999     0
1980 09 19 06   210   -70 -9999   220    40     7 -9999     0
1980 09 20 00   140    50 -9999    70    20     8 -9999 -9999
1980 09 20 06   220    10 -9999   320    30     2 -9999     3
1980 09 20 09   190  -210 -9999   320    60     1 -9999 -9999
1980 09 20 15    70  -170 -9999    20    30     1 -9999 -9999
1980 09 20 21    80   -40 -9999     0     0     0 -9999 -9999
1980 09 21 09   160   -90 -9999    20    40     1 -9999 -9999
1980 09 21 21    80   -50 -9999   110    30     0 -9999 -9999
1980 09 22 00   100   -20 -9999    70    20     5 -9999     0
1980 09 22 06   180  -160 -9999    20    20     1 -9999     0
1980 09 23 00   110   -30 -9999    90    30     1 -9999     0
1980 09 23 06   200   -50 -9999   200    20     1 -9999     0
1980 09 23 09   210   -70 -9999   180    30     0 -9999 -9999
1980 09 23 21   160   -70 -9999   140    40     0 -9999 -9999
1980 09 24 00   160    10 -9999   160    30     0 -9999 -9999
1980 09 24 09 -9999 -9999 -9999   340    40     1 -9999 -9999
1980 09 24 21   100   -70 -9999   180    20     0 -9999 -9999
1980 09 25 00   110   -70 -9999   110    30     0 -9999     0
1980 09 25 21    90  -120 -9999    90    50     0 -9999 -9999
1980 09 26 00   110   -80 -9999    70    20     0 -9999     0
1980 09 26 06   200   -60 -9999     0     0     0 -9999     0
1980 09 26 21   110   -20 -9999    70    30     7 -9999 -9999
1980 09 27 00   110   -10 -9999     0     0     7 -9999 -9999
1980 09 27 06   210   -20 -9999   340    30     6 -9999     0
1980 09 28 00   120   -30 -9999    90    20     2 -9999     0
1980 09 28 06   220   -10 -9999   340    30     2 -9999     0
1980 09 28 09   220   -40 -9999   340    20     1 -9999 -9999
1980 09 28 21   130    10 -9999   110    30     0 -9999 -9999
1980 09 29 09   220   -30 -9999    20    20     1 -9999 -9999
1980 09 29 21   120   -10 -9999   110    30     4 -9999 -9999
1980 09 30 00   130   -30 -9999   140    30     0 -9999     0
1980 09 30 09   220 -9999 -9999     0     0     1 -9999 -9999
1980 09 30 21   130   -50 -9999   110    40     0 -9999 -9999
1980 10 01 00   130   -40 -9999    90    30     0 -9999 -9999
1980 10 01 06   230 -9999 -9999   160    50 -9999 -9999     0
1980 10 02 06   220    50 -9999   140    20     7 -9999 -9999
1980 10 02 21   100    90 -9999     0     0     4 -9999 -9999
1980 10 03 00    80    30 -9999    20    30     2 -9999 -9999
1980 10 03 09   170   -20 -9999    20    20     1 -9999 -9999
1980 10 03 21    90    30 -9999   110    20     2 -9999 -9999
1980 10 04 00    90    20 -9999    90    30     7 -9999     0
1980 10 04 21   110    10 -9999   110    40     0 -9999 -9999
1980 10 05 00   130   -10 -9999   140    30     2 -9999     0
1980 10 05 06   250   120 10173   300    30     3 -9999     0
1980 10 05 21   110    20 -9999   110    30     0 -9999 -9999
1980 10 06 00   110   -50 -9999   110    30     0 -9999     0
1980 10 06 09   230  -100 -9999   250    20     0 -9999 -9999
1980 10 06 18   170   140 10071   200    30     0 -9999     0
1980 10 06 21   130   -50 -9999   320    20     0 -9999 -9999
1980 10 07 00   120   -20 -9999    20    30     0 -9999     0
1980 10 07 06   190   -10 -9999   360    50     0 -9999     0
1980 10 07 09   180   -10 -9999    20    40     1 -9999 -9999
1980 10 07 21   120    10 -9999    40    20     0 -9999 -9999
1980 10 08 00   170   -40 -9999   140    70     7 -9999     0
1980 10 08 06   190    10 -9999   180    40     7 -9999     0
1980 10 08 09   180     0 -9999   140    90     7 -9999 -9999
1980 10 08 12  -110  -140 -9999   360    70     7 -9999 -9999
1980 10 08 21   100    20 -9999    20    60     0 -9999 -9999
1980 10 09 00   110    30 -9999   340    30     7 -9999     0
1980 10 09 21    60     0 -9999   110    30     1 -9999 -9999
1980 10 10 00    80    10 -9999    70    20     7 -9999     0
1980 10 10 06   160   -40 -9999   360    20     7 -9999     0
1980 10 10 09   160 -9999 -9999   320    30     7 -9999 -9999
1980 10 10 12    80  -170 -9999   280    40     8 -9999 -9999
1980 10 10 21    40   -20 10189     0     0     3 -9999 -9999
1980 10 11 00    90   -30 -9999    70    30     7 -9999     0
1980 10 11 06   110   -60 -9999   360    40     8 -9999   800
1980 10 11 09   130   120 10223   110    30     7 -9999 -9999
1980 10 11 21 -9999 -9999 -9999   110    30     2 -9999 -9999
1980 10 12 00    40     0 -9999   140    30     1 -9999     0
1980 10 12 09   140   -20 -9999   360    20     1 -9999 -9999
1980 10 12 12    70  -120 -9999   290    70     2 -9999 -9999
1980 10 12 21    50  -140 -9999    20    30     0 -9999 -9999
1980 10 13 00    40  -150 -9999    20    30     1 -9999     0
1980 10 13 03   120    50 10251    90    20     7 -9999 -9999
1980 10 13 21    50   -80 -9999 -9999 -9999     0 -9999 -9999
1980 10 14 00    40  -110 -9999    90    30     1 -9999     0
1980 10 14 21    50   -90 -9999   110    30     1 -9999 -9999
1980 10 15 00    40   -70 -9999   110    20     4 -9999     0
1980 10 15 06   150   -90 -9999   290    20     1 -9999     0
1980 10 15 09   160  -100 -9999 -9999 -9999     0 -9999 -9999
1980 10 15 18   -20  -140 -9999   190    20     7 -9999     0
1980 10 16 00    80   -40 -9999   250    20     7 -9999     0
1980 10 16 06   130   -90 -9999   290    60     5 -9999     0
1980 10 16 15    20  -130 -9999    40    30     1 -9999 -9999
1980 10 16 21    40  -110 -9999   110    20     0 -9999 -9999
1980 10 17 06   160  -110 -9999   270    50     1 -9999 -9999
1980 10 18 00    40  -120 -9999   110    30     0 -9999     0
1980 10 18 06   150  -110 -9999   270    30     0 -9999 -9999
1980 10 18 09   150  -110 -9999   340    30     0 -9999 -9999
1980 10 18 21    30  -140 -9999    90    30     0 -9999 -9999
1980 10 19 00    30  -140 -9999    90    30     0 -9999 -9999
1980 10 19 21    30  -150 -9999    90    30     0 -9999 -9999
1980 10 20 00    20  -160 -9999    90    20     7 -9999 -9999
1980 10 20 06   120  -110 -9999    20    20     8 -9999     0
1980 10 20 09   120  -130 -9999   340    40     7 -9999 -9999
1980 10 21 00    50  -120 -9999   110    30     0 -9999 -9999
1980 10 22 00    30   -90 -9999    90    40     1 -9999     0
1980 10 22 06   150  -110 -9999   180    30     0 -9999     0
1980 10 22 09 -9999 -9999 -9999   270    10     1 -9999 -9999
1980 10 23 00    50    10 -9999    40    20     8 -9999    -1
1980 10 23 09    80     0 -9999   290    50     7 -9999 -9999
1980 10 24 00   -30   -30 -9999   320    50     8 -9999     3
1980 10 24 06   -10   -90 -9999    20    40     1 -9999    -1
1980 10 24 21   -80  -200 -9999    90    30     0 -9999 -9999
1980 10 25 00   -70  -210 10379    90    30     0 -9999 -9999
1980 10 25 21   -40  -180 -9999    70    30     0 -9999 -9999
1980 10 26 00   -50  -190 -9999    90    20     0 -9999 -9999
1980 10 27 00    10  -140 -9999   110    30     1 -9999 -9999
1980 10 27 06   120  -150 -9999   200    30     0 -9999     0
1980 10 28 00   -30  -180 -9999    90    30     2 -9999 -9999
1980 10 28 21   -40  -200 -9999    40    70     4 -9999 -9999
1980 10 29 00    10   -50 -9999    90    20     0 -9999 -9999
1980 10 29 03    50   -80 10258    40    60     1 -9999 -9999
1980 10 29 09   100  -140 -9999    20    70     7 -9999 -9999
1980 10 29 21    30  -120 -9999   160    40     7 -9999 -9999
1980 10 30 00    10   -90 -9999   320    20     2 -9999     0
1980 10 30 09   100   -90 -9999   360    30     6 -9999 -9999
1980 10 30 21     0   -10 -9999    40    20     8 -9999 -9999
1980 10 31 00     0     0 -9999    40    30     8 -9999    30
1980 10 31 06    50   -20 -9999   320    30     2 -9999     3
1980 10 31 09    60   -80 -9999   340    50     2 -9999 -9999
1980 10 31 21   -10   -70 10348   220    50     0 -9999 -9999
1980 11 01 00   -40   -90 -9999    90    20     0 -9999 -9999
1980 11 01 06    60   -70 -9999     0     0     0 -9999     0
1980 11 01 09    80   -80 -9999 -9999 -9999     0 -9999 -9999
1980 11 02 00    30  -180 -9999   110    40     1 -9999 -9999
1980 11 02 06 -9999 -9999 10109   320    30     7 -9999 -9999
1980 11 02 21     0  -100 -9999   110    20     1 -9999 -9999
1980 11 03 00   -10  -110 -9999    70    30     0 -9999 -9999
1980 11 03 09   100  -120 -9999   220    20     0 -9999 -9999
1980 11 03 21    30  -140 -9999   140    30     0 -9999 -9999
1980 11 04 00    10  -150 -9999   140    30     0 -9999 -9999
1980 11 04 09   110  -110 -9999   270    30     0 -9999 -9999
1980 11 04 21    20  -110 -9999   190    30     0 -9999 -9999
1980 11 05 00    10  -110 -9999    90    30     1 -9999 -9999
1980 11 05 06   100  -130 -9999   320    40     7 -9999     0
1980 11 05 12 -9999 -9999  9809 -9999 -9999     7 -9999 -9999
1980 11 05 21    10   -90 -9999    70    20     0 -9999 -9999
1980 11 06 00   -10   -80 -9999     0     0     1 -9999 -9999
1980 11 06 09    80   -90 -9999   320    60     2 -9999 -9999
1980 11 07 00   -20  -180 -9999    40    30     1 -9999 -9999
1980 11 07 09    40  -140 -9999   320    20     1 -9999 -9999
1980 11 08 00    10  -110 -9999   160    30     7 -9999 -9999
1980 11 08 09    90   -70 -9999   200    30     1 -9999 -9999
1980 11 08 21     0   -80 -9999   110    40     0 -9999 -9999
1980 11 09 00    20   -90 -9999    90    30     1 -9999 -9999
1980 11 09 06   120  -180 -9999   270    30     0 -9999 -9999
1980 11 09 09   120   -80 -9999     0     0     6 -9999 -9999
1980 11 09 21     0  -150 -9999    90    30     0 -9999 -9999
1980 11 10 00     0  -150 -9999   110    30     0 -9999 -9999
1980 11 10 06   110  -150 -9999   180    40     0 -9999     0
1980 11 10 09   110  -100 -9999   220    20     0 -9999 -9999
1980 11 11 00   -20  -130 -9999   110    20     2 -9999 -9999
1980 11 11 09    60   -60 -9999   340    70     6 -9999 -9999
1980 11 12 00   -80  -180 -9999    70    20     0 -9999 -9999
1980 11 12 06    20  -370 -9999   200    20     0 -9999     0
1980 11 12 09    30  -270 -9999     0     0     0 -9999 -9999
1980 11 12 18   -90  -120 -9999   360    10     0 -9999 -9999
1980 11 12 21   -20 -9999 -9999   140    70     0 -9999 -9999
1980 11 13 00   -30  -140 -9999   140    20     1 -9999 -9999
1980 11 13 06    70   -80 -9999   220    20     1 -9999     0
1980 11 13 09    70   -80 -9999   320    20     5 -9999 -9999
1980 11 13 15   -40  -180 -9999     0     0     0 -9999 -9999
1980 11 14 00    10  -100 -9999   110    40     1 -9999 -9999
1980 11 14 09   110   -50 -9999   220    30     1 -9999 -9999
1980 11 15 00    30   -90 -9999   110    40     5 -9999 -9999
1980 11 15 06   100   -80 -9999   120    20     7 -9999     0
1980 11 15 09   100   -80 -9999   200    30     1 -9999 -9999
1980 11 16 00    40   -90 -9999   110    40     6 -9999     0
1980 11 16 06   140   -80 -9999   160    30     7 -9999     0
1980 11 16 09   110   -90 -9999     0     0     7 -9999 -9999
1980 11 16 21    10   -70 -9999    90    30     0 -9999 -9999
1980 11 17 00    10   -70 -9999    90    30     0 -9999 -9999
1980 11 17 06   120   -70 -9999   220    30     0 -9999     0
1980 11 17 09   120   -50 -9999     0     0     0 -9999 -9999
1980 11 17 21    40  -100 -9999   110    20     0 -9999 -9999
1980 11 18 00    20   -90 -9999     0     0     4 -9999 -9999
1980 11 18 06   120 -9999 -9999   220    30     2 -9999 -9999
1980 11 18 09   110   -70 -9999   200    30     2 -9999 -9999
1980 11 18 21    10   -60 -9999   110    30     0 -9999 -9999
1980 11 19 00    30  -100 -9999   110    40     1 -9999 -9999
1980 11 19 09   130    10 -9999   220    20     0 -9999 -9999
1980 11 20 00    10   -80 -9999   110    40     0 -9999     0
1980 11 20 06   120   -20 -9999   320    30     0 -9999 -9999
1980 11 20 09   110   -10 -9999    20    40     0 -9999 -9999
1980 11 21 00   -20   -40 -9999     0     0     7 -9999 -9999
1980 11 21 06    30   -10 -9999   220    40     8 -9999     0
1980 11 21 09    20   -10 -9999     0     0     8 -9999 -9999
1980 11 21 21   -10   -80 -9999    40    30     7 -9999 -9999
1980 11 22 00   -10   -80 -9999    70    10     7 -9999 -9999
1980 11 22 06    40   -90 -9999   270    30     7 -9999     0
1980 11 22 09     0   -20 -9999   110    30     7 -9999 -9999
1980 11 23 00   -90  -140 -9999    70    20     0 -9999 -9999
1980 11 23 06   -10  -160 -9999   320    20     0 -9999     0
1980 11 23 09   -10  -160 -9999   340    40     0 -9999 -9999
1980 11 24 00   -50  -180 -9999   140    40     0 -9999 -9999
1980 11 24 06    60  -230 -9999   200    30     0 -9999     0
1980 11 24 09    70  -200 -9999   200    20     0 -9999 -9999
1980 11 24 18  -120  -200 -9999   360    20     0 -9999     0
1980 11 24 21     0  -140 -9999   140    30     0 -9999 -9999
1980 11 25 00   -20  -140 -9999     0     0     0 -9999 -9999
1980 11 25 06    10  -110 -9999   270    30     1 -9999     0
1980 11 25 09    20  -100 -9999   290    40     5 -9999 -9999
1980 11 26 00   -50  -150 -9999    70    30     0 -9999 -9999
1980 11 26 06    60  -140 -9999   360    20     0 -9999     0
1980 11 26 21   -50  -120 -9999    90    30     0 -9999 -9999
1980 11 27 00   -30  -150 -9999    90    20     0 -9999 -9999
1980 11 27 09    50  -110 -9999    20    40     7 -9999 -9999
1980 11 28 00   -20 -9999 -9999   140    30     2 -9999 -9999
1980 11 28 09    40   -80 -9999     0     0     0 -9999 -9999
1980 11 28 12    60    20 10223   300    10     2 -9999 -9999
1980 11 28 21   -30  -110 -9999    70    30     0 -9999 -9999
1980 11 29 00   -20  -100 -9999   320    20     1 -9999 -9999
1980 11 29 06    40   -90 -9999   340    20     1 -9999     0
1980 11 29 09    40   -80 -9999    40    30     0 -9999 -9999
1980 11 29 21   -30  -160 -9999   160    20     0 -9999 -9999
1980 11 30 00    10  -160 -9999   140    40     0 -9999 -9999
1980 11 30 09 -9999 -9999 -9999     0     0     1 -9999 -9999
1980 12 01 00    10   -40 10137   260    20     8 -9999     0
1980 12 01 03    70   -40 10126    10    20     7 -9999 -9999
1980 12 01 06   -70  -210 -9999   290    30     7 -9999     0
1980 12 01 09   -70  -260 -9999   320    60     7 -9999 -9999
1980 12 02 00   -50  -170 -9999   140    30     8 -9999 -9999
1980 12 02 06   -30  -150 -9999   290    50     5 -9999     0
1980 12 02 09   -30  -200 -9999   340    60     1 -9999 -9999
1980 12 02 12   -90  -240 -9999    40    20     1 -9999 -9999
1980 12 03 00   -90  -240 -9999    20    30     0 -9999 -9999
1980 12 03 06   -20  -220 -9999     0     0     1 -9999     0
1980 12 04 09    30  -120 -9999     0     0     0 -9999 -9999
1980 12 04 21   -50  -120 -9999    90    30     0 -9999 -9999
1980 12 05 00   -50   -70 -9999    70    40     1 -9999 -9999
1980 12 05 09    50  -100 -9999     0     0     0 -9999 -9999
1980 12 05 21   -30  -140 -9999    20    40     1 -9999 -9999
1980 12 06 00   -60  -120 -9999    70    30     1 -9999 -9999
1980 12 06 06    20  -130 -9999   270    20     1 -9999     0
1980 12 06 09    10  -120 -9999   220    30     2 -9999 -9999
1980 12 07 00   -60  -180 -9999   140    30     1 -9999 -9999
1980 12 07 09    10  -110 -9999   340    30     6 -9999 -9999
1980 12 08 00  -100  -140 -9999    40    20     1 -9999 -9999
1980 12 08 06   -30  -140 -9999   360    30     1 -9999     0
1980 12 08 09   -30  -160 -9999   340    40     1 -9999 -9999
1980 12 08 18  -190  -200 10151    30    20     0 -9999     0
1980 12 08 21   -10  -110 10201   200    30     0 -9999 -9999
1980 12 09 00  -110  -180 -9999   110    30     0 -9999 -9999
1980 12 09 06    10  -170 -9999   220    20     0 -9999     0
1980 12 09 09    20  -180 -9999   200    20     0 -9999 -9999
1980 12 09 21   -50  -220 -9999   140    20     0 -9999 -9999
1980 12 10 00   -50  -210 -9999     0     0     8 -9999 -9999
1980 12 10 06    10  -220 -9999   270    30     7 -9999     0
1980 12 10 09    10  -190 -9999   290    80     7 -9999 -9999
1980 12 10 21   -90  -140 -9999    20    60     0 -9999 -9999
1980 12 11 00  -110  -140 -9999    40    60     4 -9999 -9999
1980 12 11 06   -80  -270 -9999   360    50     0 -9999     0
1980 12 12 06    30  -210 -9999     0     0     0 -9999     0
1980 12 12 09    10  -220 -9999   320    30     0 -9999 -9999
1980 12 13 00   -90  -180 -9999    40    40     0 -9999 -9999
1980 12 13 06   -30  -230 -9999   180    20     0 -9999     0
1980 12 13 09   -20  -220 -9999   200    30     0 -9999 -9999
1980 12 14 00   -80  -260 -9999 -9999 -9999     1 -9999 -9999
1980 12 14 09     0  -240 -9999   360    20     7 -9999 -9999
1980 12 14 21 -9999 -9999 -9999     0     0     1 -9999 -9999
1980 12 15 00 -9999 -9999 -9999     0     0     1 -9999 -9999
1980 12 15 06     0  -170 -9999     0     0     0 -9999     0
1980 12 15 21   -90 -9999 -9999   110    20     0 -9999 -9999
1980 12 16 06     0  -180 -9999   290    20     0 -9999     0
1980 12 16 09   -10  -180 -9999   340    30     0 -9999 -9999
1980 12 16 12   -30   -70 10376     0     0     0 -9999 -9999
1980 12 17 00   -60  -120 -9999    40    20     8 -9999    -1
1980 12 17 06   -50  -110 -9999   320    30     7 -9999    -1
1980 12 17 09    50  -120 -9999   360    40     6 -9999 -9999
1980 12 17 21  -100  -140 -9999    70    20     0 -9999 -9999
1980 12 18 00  -120  -150 -9999    90    20     2 -9999 -9999
1980 12 18 06   -20  -130 -9999    20    30     2 -9999     0
1980 12 18 09   -30   -80 -9999   360    30     1 -9999 -9999
1980 12 19 00  -100  -150 -9999    90    30     3 -9999 -9999
1980 12 19 06   -10  -130 -9999   200    20     1 -9999     0
1980 12 19 09   -10  -110 -9999     0     0     1 -9999 -9999
1980 12 19 18  -110  -120 -9999   160    10     0 -9999     0
1980 12 19 21  -120  -140 -9999    70    20     0 -9999 -9999
1980 12 20 00   -70  -150 -9999   180    30     7 -9999 -9999
1980 12 20 06   -20  -110 -9999   220    30     6 -9999     0
1980 12 20 09   -10  -120 -9999   200    20     1 -9999 -9999
1980 12 21 00   -90  -180 -9999    70    20     7 -9999 -9999
1980 12 21 06   -50  -150 -9999   320    60     8 -9999 -9999
1980 12 21 09   -40  -210 -9999   320    80     7 -9999 -9999
1980 12 22 00  -160  -220 -9999   110    20     0 -9999 -9999
1980 12 22 06   -80  -230 -9999     0     0     0 -9999     0
1980 12 22 09   -80  -230 -9999   360    20     0 -9999 -9999
1980 12 23 00   -80  -200 -9999   140    40     1 -9999 -9999
1980 12 23 06    20  -210 -9999   200    30     6 -9999     0
1980 12 23 21  -110  -190 -9999    70    20     1 -9999 -9999
1980 12 24 00  -100  -170 -9999    40    20     6 -9999 -9999
1980 12 24 06   -30  -180 -9999   320    30     7 -9999 -9999
1980 12 24 09   -50  -180 -9999   360    60     7 -9999 -9999
1980 12 24 21  -190  -250 -9999    40    20     0 -9999 -9999
1980 12 25 06  -100  -310 -9999   360    30     1 -9999     0
1980 12 25 09  -100  -270 -9999   360    20     1 -9999 -9999
1980 12 26 00  -170  -200 -9999    70    30     0 -9999 -9999
1980 12 26 09  -100  -220 -9999   340    50     1 -9999 -9999
1980 12 26 21  -180  -270 -9999   110    40     0 -9999 -9999
1980 12 27 06   -60  -260 -9999     0     0     0 -9999     0
1980 12 27 09   -60  -260 -9999   270    20     0 -9999 -9999
1980 12 27 21  -150  -230 -9999   110    30     0 -9999 -9999
1980 12 28 00  -150  -220 -9999    90    40     1 -9999 -9999
1980 12 28 03  -110  -180 10388   220    30     7 -9999 -9999
1980 12 28 06   -50  -190 -9999   200    30     7 -9999     0
1980 12 28 09   -40  -220 -9999   200    30     1 -9999 -9999
1980 12 29 00  -130  -180 -9999    90    30     2 -9999 -9999
1980 12 29 03   -60 -9999 10276 -9999 -9999     8 -9999 -9999
1980 12 29 06   -50  -210 -9999   220    30     8 -9999     0
1980 12 30 00  -100  -310 -9999   110    30     0 -9999 -9999
1980 12 30 06   -10  -260 -9999   200    20     0 -9999     0
1980 12 30 09     0  -180 -9999   200    20     0 -9999 -9999
1980 12 31 00   -80  -200 -9999   360    20     7 -9999 -9999
1980 12 31 06   -40  -190 -9999   340    60     1 -9999     0
1980 12 31 09   -30  -230 -9999    80    20     0 -9999 -9999
1980 12 31 18  -190  -190 -9999     0     0     0 -9999     0
1980 12 31 21  -140  -200 -9999    40    30     0 -9999 -9999
