1974 01 01 00   -70  -230 -9999   160    40     0 -9999 -9999
1974 01 01 06 -9999 -9999 -9999     0     0     0 -9999 -9999
1974 01 01 09 -9999 -9999 -9999   290    20     0 -9999 -9999
1974 01 01 21  -110  -270 -9999    90    40     0 -9999 -9999
1974 01 02 00  -120  -260 -9999   110    40     0 -9999 -9999
1974 01 02 06     0  -240 -9999   320    10     0 -9999 -9999
1974 01 02 09     0  -200 -9999     0     0     0 -9999 -9999
1974 01 02 21  -120  -260 -9999   110    30     0 -9999 -9999
1974 01 03 00  -110  -250 -9999    90    30     0 -9999 -9999
1974 01 03 06   -10  -240 -9999   320    20     2 -9999 -9999
1974 01 03 09   -20  -180 -9999   340    20     1 -9999 -9999
1974 01 03 21  -110  -220 -9999   110    30     0 -9999 -9999
1974 01 04 00  -130  -240 -9999   110    30     1 -9999 -9999
1974 01 04 06   -30  -170 -9999   340    30     7 -9999 -9999
1974 01 04 09   -30  -170 -9999    70    40     8 -9999 -9999
1974 01 04 21   -50   -90 -9999    20    20     0 -9999 -9999
1974 01 05 00  -140  -220 -9999   110 -9999     0 -9999 -9999
1974 01 05 06   -20  -170 -9999   340    20     0 -9999 -9999
1974 01 05 09   -20  -160 -9999   340    20     1 -9999 -9999
1974 01 05 21  -100  -200 -9999 -9999 -9999 -9999 -9999 -9999
1974 01 06 00   -90  -220 -9999   140    20     2 -9999 -9999
1974 01 06 06    20  -160 -9999   250    20     1 -9999 -9999
1974 01 06 09    20  -180 -9999    40    20     0 -9999 -9999
1974 01 06 21   -60  -150 -9999    70    30     2 -9999 -9999
1974 01 07 00   -80  -170 -9999     0     0     2 -9999 -9999
1974 01 07 06   -40  -170 -9999    40    30     1 -9999 -9999
1974 01 07 09   -50  -160 -9999   360    20     7 -9999 -9999
1974 01 07 21  -110  -190 -9999    90    30     0 -9999 -9999
1974 01 08 00  -100  -200 -9999    40    50     1 -9999 -9999
1974 01 08 09   -60  -220 -9999     0     0     8 -9999 -9999
1974 01 08 21  -100  -200 -9999   140    30     8 -9999 -9999
1974 01 09 06   -30  -170 -9999   320    20     7 -9999 -9999
1974 01 09 09   -50  -160 -9999   360    20     8 -9999 -9999
1974 01 09 21   -90  -160 -9999   170    20     8 -9999 -9999
1974 01 10 00  -110  -180 -9999   140    20     8 -9999 -9999
1974 01 10 06   -20  -230 -9999   320    10     1 -9999 -9999
1974 01 10 09   -30  -160 -9999     0     0     0 -9999 -9999
1974 01 10 21   -90  -230 -9999   140    50     0 -9999 -9999
1974 01 11 00   -90  -190 -9999   110    20     1 -9999 -9999
1974 01 11 06    10  -140 -9999   320    20     0 -9999 -9999
1974 01 11 09     0  -180 -9999    40    30     1 -9999 -9999
1974 01 11 21   -90  -160 -9999    70    30     0 -9999 -9999
1974 01 12 00   -90  -160 -9999    90    10     2 -9999 -9999
1974 01 12 06   -80  -170 -9999   250    30     7 -9999 -9999
1974 01 12 09   -70  -130 -9999   360    30     8 -9999 -9999
1974 01 12 21  -110  -150 -9999    20    30     8 -9999 -9999
1974 01 13 00  -110  -150 -9999    40    20     8 -9999     5
1974 01 13 06   -90  -140 -9999   340    20     8 -9999 -9999
1974 01 13 09   -90  -130 -9999    20    20     1 -9999 -9999
1974 01 13 21  -130  -220 -9999    70    40     2 -9999 -9999
1974 01 14 00  -160  -240 -9999    90    30     5 -9999 -9999
1974 01 14 06  -100  -180 -9999    40    50     7 -9999 -9999
1974 01 14 09  -110  -220 -9999    40    50     7 -9999 -9999
1974 01 14 21  -160  -220 -9999     0     0     0 -9999 -9999
1974 01 15 00  -150  -210 -9999     0     0     8 -9999 -9999
1974 01 15 06  -100  -200 -9999     0     0     7 -9999 -9999
1974 01 15 21  -160  -200 -9999   140    20     7 -9999 -9999
1974 01 16 06   -80  -140 -9999   220    20     1 -9999     0
1974 01 16 09   -80  -130 -9999   160    20     3 -9999 -9999
1974 01 16 21  -120  -170 -9999   200    20     1 -9999 -9999
1974 01 17 00  -120  -190 -9999   140    40     4 -9999 -9999
1974 01 17 06   -20  -150 -9999     0     0     2 -9999 -9999
1974 01 17 09   -20  -170 -9999   220    20     6 -9999 -9999
1974 01 17 21  -110  -180 -9999    70    20     2 -9999 -9999
1974 01 18 00  -140  -210 -9999   110    20     1 -9999 -9999
1974 01 18 06   -20  -140 -9999   340    20     0 -9999 -9999
1974 01 18 09   -20  -180 -9999    40    60     0 -9999 -9999
1974 01 18 21  -140  -210 -9999     0     0     0 -9999 -9999
1974 01 19 00  -140  -200 -9999    70    20     1 -9999 -9999
1974 01 19 06   -60  -210 -9999   360    10     6 -9999 -9999
1974 01 19 09   -70  -240 -9999   340    20     7 -9999 -9999
1974 01 19 21  -100  -200 -9999   160    20     6 -9999 -9999
1974 01 20 00  -110  -210 -9999    40    20     7 -9999 -9999
1974 01 20 06   -70  -140 -9999   250    20     2 -9999 -9999
1974 01 20 09   -60  -160 -9999   250    20     1 -9999 -9999
1974 01 20 21   -90  -240 -9999   180    40     0 -9999 -9999
1974 01 21 00   -90  -220 -9999   160    50     0 -9999 -9999
1974 01 21 06     0  -170 -9999   250    30     1 -9999 -9999
1974 01 21 09   -10  -190 -9999    20    30     5 -9999 -9999
1974 01 21 21   -90  -210 -9999    70    20     1 -9999 -9999
1974 01 22 00  -100  -200 -9999   220    20     6 -9999 -9999
1974 01 22 06   -70  -230 -9999   250    20     7 -9999 -9999
1974 01 22 09   -70  -130 -9999    20    60     7 -9999 -9999
1974 01 22 21  -130  -220 -9999    40    20     0 -9999 -9999
1974 01 23 00  -130  -200 -9999    70    30     3 -9999 -9999
1974 01 23 06   -50  -200 -9999    20    50     7 -9999 -9999
1974 01 23 09   -60  -190 -9999    20    50     6 -9999 -9999
1974 01 23 21  -110  -190 -9999     0     0     2 -9999 -9999
1974 01 24 00  -130  -200 -9999   180    10     1 -9999 -9999
1974 01 24 06   -30  -190 -9999   290    20     2 -9999 -9999
1974 01 24 21   -90  -200 -9999   140    30     0 -9999 -9999
1974 01 25 00  -100  -190 -9999     0     0     7 -9999 -9999
1974 01 25 06   -40  -160 -9999   290    40     7 -9999 -9999
1974 01 25 09   -30 -9999 -9999    20    40     1 -9999 -9999
1974 01 25 21  -110  -230 -9999   140    40     1 -9999 -9999
1974 01 26 00   -90  -160 -9999   140    50     0 -9999 -9999
1974 01 26 06     0  -180 -9999    40    40     2 -9999 -9999
1974 01 26 09   -20  -140 -9999    20    70     2 -9999 -9999
1974 01 26 21  -120  -220 -9999    90    30     0 -9999 -9999
1974 01 27 00  -140  -220 -9999     0     0     7 -9999 -9999
1974 01 27 06   -50  -210 -9999   270    30     7 -9999 -9999
1974 01 27 09   -60  -210 -9999    40    20     7 -9999 -9999
1974 01 27 21   -70  -160 -9999   200    30     8 -9999 -9999
1974 01 28 00  -100  -230 -9999   220    50     8 -9999 -9999
1974 01 28 06  -110  -150 -9999   250    40     8 -9999 -9999
1974 01 28 09  -100  -140 -9999   140    20     7 -9999 -9999
1974 01 28 21  -120  -170 -9999   160    20     1 -9999 -9999
1974 01 29 00  -130  -180 -9999     0     0     7 -9999 -9999
1974 01 29 06   -30  -130 -9999     0     0     8 -9999 -9999
1974 01 29 09   -30  -140 -9999   340    10     1 -9999 -9999
1974 01 29 21   -80  -150 -9999   140    30     7 -9999 -9999
1974 01 30 00   -90  -160 -9999   110    40     7 -9999 -9999
1974 01 30 06     0  -160 -9999   250    20     0 -9999 -9999
1974 01 30 09     0  -140 -9999     0     0     0 -9999 -9999
1974 01 30 12   -60  -110 -9999   340    10     0 -9999 -9999
1974 01 30 21  -120  -220 -9999   110    30     0 -9999 -9999
1974 01 31 00  -100  -190 -9999   140    40     7 -9999 -9999
1974 01 31 06    20  -170 -9999    10    10     2 -9999 -9999
1974 01 31 09   -20  -120 -9999    10    70     2 -9999 -9999
1974 01 31 12   -90  -300 -9999   280    40     4 -9999 -9999
1974 02 01 00   -50  -170 -9999    70    30     2 -9999 -9999
1974 02 01 06    30  -140 -9999   140   110     7 -9999 -9999
1974 02 01 09    30  -180 -9999   140   120     7 -9999 -9999
1974 02 01 21   -70  -120 -9999   110    20     2 -9999 -9999
1974 02 02 00   -90  -140 -9999    90    10     7 -9999 -9999
1974 02 02 06   -30  -120 -9999   200    30     3 -9999 -9999
1974 02 02 09     0  -150 -9999    40    30     1 -9999 -9999
1974 02 02 21  -100  -180 -9999     0     0     1 -9999 -9999
1974 02 03 00  -110  -190 -9999   140    30     2 -9999 -9999
1974 02 03 06   -50  -110 -9999    40    20     8 -9999 -9999
1974 02 03 21  -110  -140 -9999   140    40     6 -9999 -9999
1974 02 04 00  -110  -140 -9999   140    30     7 -9999 -9999
1974 02 04 03   -50  -130 -9999   360    20     7 -9999 -9999
1974 02 04 09   -20  -150 -9999   250    40     7 -9999 -9999
1974 02 04 21   -70  -140 -9999     0     0     8 -9999 -9999
1974 02 05 00   -90  -110 -9999   360    30     8 -9999 -9999
1974 02 05 06   -60   -90 -9999   360    20     8 -9999     5
1974 02 05 09  -110  -130 -9999   320    20     8 -9999 -9999
1974 02 05 21  -180  -210 -9999    70    20     0 -9999 -9999
1974 02 06 00  -190  -240 -9999    90    20     1 -9999     0
1974 02 06 06  -110  -150 -9999   220    10     1 -9999 -9999
1974 02 06 09   -90  -140 -9999   270    20     7 -9999 -9999
1974 02 06 21  -170  -210 -9999    70    20     0 -9999 -9999
1974 02 07 00  -190  -230 -9999    70    20     2 -9999 -9999
1974 02 07 06  -100  -150 -9999   340    20     2 -9999 -9999
1974 02 07 09   -80  -180 -9999     0     0     5 -9999 -9999
1974 02 07 12  -150  -310 -9999   290    90     5 -9999 -9999
1974 02 07 21  -140  -200 -9999   140    30     8 -9999 -9999
1974 02 08 00  -140  -170 -9999    90    10     8 -9999 -9999
1974 02 08 06   -70  -190 -9999    20    20     7 -9999 -9999
1974 02 08 09   -80  -160 -9999   340    20     7 -9999 -9999
1974 02 08 21  -120  -180 -9999    90    20     8 -9999 -9999
1974 02 09 00  -120  -190 -9999    40    20     8 -9999 -9999
1974 02 09 06   -80  -190 -9999    20    20     2 -9999 -9999
1974 02 09 09   -80  -180 -9999    40    30     2 -9999 -9999
1974 02 09 21  -150  -220 -9999   140    50     0 -9999 -9999
1974 02 10 00  -160  -240 -9999   140    40     1 -9999 -9999
1974 02 10 06   -50  -190 -9999     0     0     1 -9999 -9999
1974 02 10 09   -50  -170 -9999   320    30     1 -9999 -9999
1974 02 10 21  -100  -180 -9999     0     0     2 -9999 -9999
1974 02 11 00  -140  -220 -9999   110    20     1 -9999 -9999
1974 02 11 06   -60  -180 -9999   360    60     1 -9999 -9999
1974 02 11 09   -40  -160 -9999   340    30     0 -9999 -9999
1974 02 11 21  -100  -210 -9999    40    40     0 -9999 -9999
1974 02 12 06    20  -210 -9999     0     0     1 -9999 -9999
1974 02 12 09    20  -200 -9999   320    20     7 -9999 -9999
1974 02 12 21   -90  -160 -9999    90    20     0 -9999 -9999
1974 02 13 00  -100  -170 -9999    90    40     1 -9999 -9999
1974 02 13 06   -20  -180 -9999   360    30     7 -9999 -9999
1974 02 13 09   -20  -170 -9999   360    10     8 -9999 -9999
1974 02 13 21   -60  -180 -9999   180    40     7 -9999 -9999
1974 02 14 00   -80  -190 -9999   160    30     3 -9999 -9999
1974 02 14 06    10  -220 -9999   250    40     0 -9999 -9999
1974 02 14 09    70   -40 -9999    70    30     7 -9999 -9999
1974 02 14 21   -50  -230 -9999   110    40     0 -9999 -9999
1974 02 15 00   -70  -210 -9999     0     0     7 -9999 -9999
1974 02 15 06    30  -210 -9999   290    10     7 -9999 -9999
1974 02 15 09    30  -230 -9999    20    30     7 -9999 -9999
1974 02 15 21   -60  -220 -9999   140    40     0 -9999 -9999
1974 02 16 00   -60  -230 -9999   160    40     1 -9999 -9999
1974 02 16 06    40  -240 -9999   250    60     5 -9999 -9999
1974 02 16 09    50  -230 -9999   320    60     0 -9999 -9999
1974 02 16 21   -30  -170 -9999   140    50     0 -9999 -9999
1974 02 17 00   -30  -160 -9999   140    70     0 -9999 -9999
1974 02 17 06    90  -220 -9999   250    50     0 -9999 -9999
1974 02 17 09   100  -150 -9999     0     0     0 -9999 -9999
1974 02 17 21    20  -170 -9999    10    60     8 -9999 -9999
1974 02 18 00     0  -160 -9999    70    40     8 -9999 -9999
1974 02 18 06    20  -180 -9999    40    80     7 -9999 -9999
1974 02 18 21   -70  -160 -9999    70    30     7 -9999 -9999
1974 02 19 00   -60  -160 -9999   160    20     7 -9999 -9999
1974 02 19 06    20  -150 -9999   340    30     7 -9999 -9999
1974 02 19 09    20  -200 -9999    40    50     7 -9999 -9999
1974 02 19 21     0   -90 -9999   160    60     0 -9999 -9999
1974 02 20 00    10   -90 -9999   160    30     2 -9999 -9999
1974 02 20 06    90  -110 -9999   360    50     7 -9999 -9999
1974 02 20 09    70  -110 -9999    70    20     4 -9999 -9999
1974 02 20 21    30  -140 -9999    40    70     5 -9999 -9999
1974 02 21 00   -20  -170 -9999    20   120     8 -9999 -9999
1974 02 21 06   -10  -160 -9999   360    70     7 -9999 -9999
1974 02 21 09   -30  -480 -9999    20    80     8 -9999 -9999
1974 02 21 21  -110  -370 -9999    40    90     8 -9999 -9999
1974 02 22 00  -110  -330 -9999    20    70     8 -9999 -9999
1974 02 22 06   -90  -240 -9999   360    60     6 -9999 -9999
1974 02 22 09   -80  -300 -9999    20    50     7 -9999 -9999
1974 02 22 21  -120  -260 -9999     0     0     8 -9999 -9999
1974 02 23 00  -130  -270 -9999     0     0     8 -9999 -9999
1974 02 23 06   -80 -9999 -9999   360    30     8 -9999 -9999
1974 02 23 09   -80  -240 -9999    20    50     7 -9999 -9999
1974 02 23 18  -240 -9999 -9999    20    60     7 -9999    50
1974 02 23 21  -150  -310 -9999    40    30     8 -9999 -9999
1974 02 24 00  -160  -320 -9999    40    50     8 -9999 -9999
1974 02 24 06  -110  -300 -9999    20    50     1 -9999 -9999
1974 02 24 09  -110  -300 -9999    20    50     2 -9999 -9999
1974 02 24 18   -70  -250 -9999   360    30     8 -9999 -9999
1974 02 25 00  -180  -330 -9999    40    50     1 -9999 -9999
1974 02 25 06  -110  -300 -9999    20    50     0 -9999 -9999
1974 02 25 09 -9999 -9999 -9999    20    30     0 -9999 -9999
1974 02 25 21  -160  -320 -9999    90    20     0 -9999 -9999
1974 02 26 06   -50  -220 -9999    20    60     7 -9999 -9999
1974 02 26 09   -50  -230 -9999    20    50     7 -9999 -9999
1974 02 27 00  -130  -270 -9999    90    30     1 -9999 -9999
1974 02 27 06   -10  -160 -9999   360    60     7 -9999 -9999
1974 02 27 09   -10  -180 -9999    20    60     7 -9999 -9999
1974 02 27 21   -90  -210 -9999     0     0     1 -9999 -9999
1974 02 28 00   -80  -200 -9999   160    30     3 -9999 -9999
1974 02 28 06    10  -240 -9999   250    30     0 -9999 -9999
1974 02 28 09    10  -210 -9999     0     0     2 -9999 -9999
1974 02 28 21   -80  -220 -9999   110    20     0 -9999 -9999
1974 03 01 00   -90  -220 -9999    90    40     1 -9999 -9999
1974 03 01 06    10  -190 -9999   360    20     7 -9999 -9999
1974 03 01 09    10  -200 -9999   360    20     8 -9999 -9999
1974 03 01 21   -50  -220 -9999   160    30     7 -9999 -9999
1974 03 02 00   -50  -190 -9999    70    20     7 -9999 -9999
1974 03 02 06    30  -120 -9999     0     0     6 -9999 -9999
1974 03 02 09    40  -140 -9999   220    30     5 -9999 -9999
1974 03 02 21     0  -160 -9999   140    40     0 -9999 -9999
1974 03 03 00     0  -140 -9999    70    30     7 -9999 -9999
1974 03 03 06    20  -160 -9999    20    80     8 -9999 -9999
1974 03 03 09    10  -220 -9999   360    70     7 -9999 -9999
1974 03 03 21   -40  -180 -9999    60    60     8 -9999 -9999
1974 03 04 00   -40  -210 -9999    40    50     7 -9999 -9999
1974 03 04 06    10  -300 -9999   360    30     7 -9999 -9999
1974 03 04 21   -40  -210 -9999   110    20     8 -9999 -9999
1974 03 05 00   -50  -230 -9999    40    50     7 -9999 -9999
1974 03 05 09    10  -160 -9999   360    60     7 -9999 -9999
1974 03 05 21   -40  -140 -9999   180    30     6 -9999 -9999
1974 03 06 00   -60  -140 -9999   140    30     7 -9999 -9999
1974 03 06 06     0  -120 -9999    20    30     8 -9999 -9999
1974 03 06 21   -50  -110 -9999   140    40     1 -9999 -9999
1974 03 07 00   -50  -110 -9999   160    50     1 -9999 -9999
1974 03 07 06    40  -110 -9999   250    30     2 -9999 -9999
1974 03 07 09    40  -240 -9999   340    30     7 -9999 -9999
1974 03 07 21   -20  -160 -9999    20    30     7 -9999 -9999
1974 03 08 00   -50  -170 -9999     0     0     7 -9999 -9999
1974 03 08 06     0  -220 -9999   290    50     7 -9999 -9999
1974 03 08 09    10 -9999 -9999   340    50     2 -9999 -9999
1974 03 08 21   -70  -210 -9999    40    30     0 -9999 -9999
1974 03 09 00   -80  -190 -9999    40    30     1 -9999 -9999
1974 03 09 06   -30  -180 -9999   340    40     1 -9999 -9999
1974 03 09 21   -90  -210 -9999   110    20     6 -9999 -9999
1974 03 10 00   -90  -230 -9999    90    20     1 -9999 -9999
1974 03 10 06   -10  -180 -9999    40    40     1 -9999 -9999
1974 03 10 09   -10  -230 -9999    20    50     1 -9999 -9999
1974 03 10 21   -20  -260 -9999     0     0     0 -9999 -9999
1974 03 11 00  -120  -240 -9999     0     0     2 -9999 -9999
1974 03 11 06   -10  -240 -9999   360    50     1 -9999 -9999
1974 03 11 09     0  -250 -9999    40    60     1 -9999 -9999
1974 03 11 21  -100  -240 -9999    90    30     1 -9999 -9999
1974 03 12 00   -70  -230 -9999   110    30     6 -9999 -9999
1974 03 12 06   -10  -210 -9999   360    20     7 -9999 -9999
1974 03 13 00   -60  -110 -9999     0     0     1 -9999 -9999
1974 03 13 06    40   -60 -9999   220    50     2 -9999 -9999
1974 03 13 09    70   -70 -9999   320    30     7 -9999 -9999
1974 03 13 21   -30  -120 -9999   110    20     7 -9999 -9999
1974 03 14 00 -9999  -120 -9999   160    20     2 -9999 -9999
1974 03 14 06    70  -150 -9999   340    30     8 -9999 -9999
1974 03 14 09    60   -90 -9999   360    80     8 -9999 -9999
1974 03 14 12   -30  -210 -9999   290    80     6 -9999 -9999
1974 03 14 21   -80  -200 -9999    90    10     0 -9999 -9999
1974 03 15 00   -70  -220 -9999    70    20     1 -9999 -9999
1974 03 15 06    20  -250 -9999   360    30     1 -9999 -9999
1974 03 15 09    30  -210 -9999   360    30     1 -9999 -9999
1974 03 15 21   -40  -210 -9999    90    30     6 -9999 -9999
1974 03 16 00   -30  -190 -9999    70    20     7 -9999 -9999
1974 03 16 06    40  -250 -9999   360    80     5 -9999 -9999
1974 03 16 09    40  -270 -9999   360    50     0 -9999 -9999
1974 03 16 21   -80  -220 -9999    90    30     0 -9999 -9999
1974 03 17 00   -70  -220 -9999   200    20     1 -9999 -9999
1974 03 17 06    40  -210 -9999   220    10     0 -9999 -9999
1974 03 17 09    40  -180 -9999     0     0     0 -9999 -9999
1974 03 17 21   -50  -220 -9999   140    40     0 -9999 -9999
1974 03 18 00   -40  -220 -9999   160    40     1 -9999 -9999
1974 03 18 06    70  -280 -9999   320   120     3 -9999 -9999
1974 03 18 09    70  -250 -9999   340    80     7 -9999 -9999
1974 03 18 21   -30  -210 -9999    90    20     1 -9999 -9999
1974 03 19 00   -30  -220 -9999    70    20     2 -9999 -9999
1974 03 19 06    60  -240 -9999   340    40     7 -9999 -9999
1974 03 19 09    70  -230 -9999   360    70     7 -9999 -9999
1974 03 19 21   -40  -200 -9999   360    30     2 -9999 -9999
1974 03 20 00   -40  -230 -9999   340    20     4 -9999 -9999
1974 03 20 06    20  -270 -9999    10    70     3 -9999 -9999
1974 03 20 09    20  -220 -9999   360    60     5 -9999 -9999
1974 03 20 21   -10  -200 -9999   200    40     8 -9999 -9999
1974 03 21 00   -50  -190 -9999   340    20     8 -9999 -9999
1974 03 21 06   -10  -220 -9999   200    30     8 -9999 -9999
1974 03 21 21   -30   -40 -9999   280    70     5 -9999 -9999
1974 03 22 00   -40   -50 -9999 -9999 -9999     7 -9999     5
1974 03 22 06    20   -40 -9999     0     0     1 -9999     0
1974 03 22 09    40   -40 -9999     0     0     1 -9999 -9999
1974 03 22 21 -9999 -9999 -9999   140    40     5 -9999 -9999
1974 03 23 00    40   -60 -9999    70    30     6 -9999 -9999
1974 03 23 06   100   -20 -9999   340    30     7 -9999 -9999
1974 03 23 09   110   -10 -9999   360    20     4 -9999 -9999
1974 03 23 21   -30   -40 -9999    20    90     8 -9999 -9999
1974 03 24 00   -10  -100 -9999    20    50     8 -9999     5
1974 03 24 06    10  -110 -9999   340    30     8 -9999     0
1974 03 24 09    10  -170 -9999   360    50     8 -9999 -9999
1974 03 24 21   -30  -160 -9999    40    30     8 -9999 -9999
1974 03 25 00   -30  -190 -9999    20    40     8 -9999 -9999
1974 03 25 09     0  -170 -9999    70    30     8 -9999 -9999
1974 03 25 21   -40  -180 -9999     0     0     8 -9999 -9999
1974 03 26 00   -50  -170 -9999     0     0     1 -9999 -9999
1974 03 26 06    10  -220 -9999    20    40     1 -9999 -9999
1974 03 26 09    30  -180 -9999   360    40     0 -9999 -9999
1974 03 26 21   -30  -160 -9999   160    50     0 -9999 -9999
1974 03 27 00     0  -220 -9999   180    30     1 -9999 -9999
1974 03 27 06   120  -210 -9999   200    60     1 -9999 -9999
1974 03 27 09   150  -190 -9999   220    40     0 -9999 -9999
1974 03 27 21    30  -100 -9999    40    30     1 -9999 -9999
1974 03 28 00    20   -90 -9999    70    20     1 -9999 -9999
1974 03 28 06   120   -90 -9999   340    20     7 -9999 -9999
1974 03 28 09   120   -90 -9999   340    50     7 -9999 -9999
1974 03 28 21    60   -30 -9999    70    20     8 -9999 -9999
1974 03 29 00    40   -40 -9999     0     0     8 -9999 -9999
1974 03 29 06   110   -40 -9999    40    50     6 -9999 -9999
1974 03 30 06   110  -150 -9999   360    80     7 -9999 -9999
1974 03 30 09    90  -180 -9999   360   120     7 -9999 -9999
1974 03 30 21   -40  -190 -9999 -9999 -9999     0 -9999 -9999
1974 03 31 00   -60  -340 -9999    20    50     1 -9999 -9999
1974 03 31 06    10  -280 -9999    20    60     1 -9999 -9999
1974 03 31 09    10  -250 -9999    20    80     0 -9999 -9999
1974 03 31 21   -60  -200 -9999   160    40     0 -9999 -9999
1974 04 01 00   -40  -190 -9999   160    30     0 -9999 -9999
1974 04 01 06    70  -180 -9999   220    40     0 -9999 -9999
1974 04 01 09    90  -210 -9999   220    30     0 -9999 -9999
1974 04 01 21    60  -100 -9999   180    60     0 -9999 -9999
1974 04 02 00    60   -90 -9999   170    60     0 -9999 -9999
1974 04 02 06   150  -110 -9999   320    50     5 -9999 -9999
1974 04 02 09   160   -90 -9999     0     0     7 -9999 -9999
1974 04 02 21    50   -90 -9999   110    30     2 -9999 -9999
1974 04 03 00    80   -60 -9999    70    30     7 -9999 -9999
1974 04 03 06   150   -50 -9999   320    20     7 -9999 -9999
1974 04 03 09   160   -20 -9999     0     0     7 -9999 -9999
1974 04 03 21    60   -50 -9999   140    30     0 -9999 -9999
1974 04 04 00   100   -50 -9999   110    40     1 -9999 -9999
1974 04 04 06   220     0 -9999     0     0     1 -9999 -9999
1974 04 04 09   220   -20 -9999   140    60     7 -9999 -9999
1974 04 04 21   110     0 -9999   180    20     6 -9999 -9999
1974 04 05 00    80   -40 -9999   320    50     7 -9999 -9999
1974 04 05 09   150   -60 -9999    10    70     8 -9999 -9999
1974 04 05 21    30    10 -9999    40    20     7 -9999 -9999
1974 04 06 00    40     0 -9999     0     0     7 -9999 -9999
1974 04 06 06   110   -20 -9999    40    30     3 -9999 -9999
1974 04 06 09   140     0 -9999   360    20     7 -9999 -9999
1974 04 06 21    30 -9999 -9999   360    60     8 -9999 -9999
1974 04 07 00    10     0 -9999    20    50     8 -9999     5
1974 04 07 06    60   -40 -9999   360    20     8 -9999    10
1974 04 07 09    70   -90 -9999   360    30     8 -9999 -9999
1974 04 07 21    30   -20 -9999   160    40     1 -9999 -9999
1974 04 08 00    40   -30 -9999   180    20     1 -9999 -9999
1974 04 08 06   120  -100 -9999   340    70     1 -9999 -9999
1974 04 08 09   130  -100 -9999   290    40     1 -9999 -9999
1974 04 08 18   -60  -280 -9999     0     0     0 -9999 -9999
1974 04 08 21    10   -70 -9999   140    40     0 -9999 -9999
1974 04 09 00    50   -60 -9999    90    20     3 -9999 -9999
1974 04 09 06   150   -70 -9999   340    20     1 -9999 -9999
1974 04 09 09   160   -60 -9999   360    30     0 -9999 -9999
1974 04 09 21     0   -70 -9999   160    70     0 -9999 -9999
1974 04 10 06   210   -30 -9999   220    80     0 -9999 -9999
1974 04 10 09   210   -60 -9999   250    50     0 -9999 -9999
1974 04 10 21   120   -20 -9999   160    40     0 -9999 -9999
1974 04 11 00   130     0 -9999   140    20     0 -9999 -9999
1974 04 11 06   190   -30 -9999   220    20     7 -9999 -9999
1974 04 11 09   200     0 -9999     0     0     6 -9999 -9999
1974 04 11 21   100   -70 -9999   360    30     8 -9999 -9999
1974 04 12 09   130   -20 -9999   320    80     6 -9999 -9999
1974 04 13 00    70    30 -9999   180    20     1 -9999     5
1974 04 13 06   160   -20 -9999   180    30     1 -9999 -9999
1974 04 13 21   120   -50 -9999   180    20     2 -9999 -9999
1974 04 14 00   130   -40 -9999   160    40     3 -9999 -9999
1974 04 14 06   210   -40 -9999   320    50     6 -9999 -9999
1974 04 14 21    90   -60 -9999   110    30     0 -9999 -9999
1974 04 15 00    80   -80 -9999   200    40     0 -9999 -9999
1974 04 15 06   160   -70 -9999   320    30     7 -9999 -9999
1974 04 15 09   180  -120 -9999   320    30     7 -9999 -9999
1974 04 15 21   110   -70 -9999   140    40     7 -9999 -9999
1974 04 16 00   110   -40 -9999   140    20     8 -9999 -9999
1974 04 16 06   190   -50 -9999   360    50     7 -9999 -9999
1974 04 16 09   190   -60 -9999   360   120     7 -9999 -9999
1974 04 16 21    90   -30 -9999    90    20     1 -9999 -9999
1974 04 17 00   100   -40 -9999    90    20     1 -9999 -9999
1974 04 17 06   170   -90 -9999    20    60     4 -9999 -9999
1974 04 17 21   100   -10 -9999   220    20     8 -9999 -9999
1974 04 18 00 -9999 -9999 -9999    90    20     1 -9999     0
1974 04 18 06   170   -30 -9999    70    30     7 -9999 -9999
1974 04 18 09   180   -20 -9999    70    20     7 -9999 -9999
1974 04 18 21   100    10 -9999   160    20     7 -9999 -9999
1974 04 19 00   130    20 -9999   140    10     7 -9999 -9999
1974 04 19 06   170     0 -9999    20    60     8 -9999 -9999
1974 04 19 09   120    10 -9999    20   140     8 -9999 -9999
1974 04 19 21    80   -10 -9999     0     0     5 -9999 -9999
1974 04 20 00    90   -20 -9999    40    60     7 -9999 -9999
1974 04 20 06   110   -10 -9999    40   150     8 -9999 -9999
1974 04 20 09   150  -130 -9999   360    50     7 -9999 -9999
1974 04 20 15    40  -130 -9999    20    50     7 -9999 -9999
1974 04 20 21    50  -110 -9999   160    30     0 -9999 -9999
1974 04 21 00    80   -90 -9999   180    20     0 -9999 -9999
1974 04 21 06   160  -140 -9999   340    70     1 -9999 -9999
1974 04 21 09   180  -320 -9999   240    70     1 -9999 -9999
1974 04 21 21   100  -130 -9999   160    40     7 -9999 -9999
1974 04 22 00   120  -130 -9999   200    40     7 -9999 -9999
1974 04 22 06   190  -120 -9999   320    90     7 -9999 -9999
1974 04 22 09   210   -90 -9999   360    60     6 -9999 -9999
1974 04 22 21    90   -50 -9999    10   100     8 -9999 -9999
1974 04 23 00    30   -80 -9999    20   120     6 -9999 -9999
1974 04 23 06   100  -190 -9999   360    60     0 -9999 -9999
1974 04 23 09   110  -200 -9999   340    40     0 -9999 -9999
1974 04 23 21    50  -130 -9999     0     0     0 -9999 -9999
1974 04 24 00    90  -160 -9999    90    20     0 -9999 -9999
1974 04 24 06   150  -150 -9999   360    60     7 -9999 -9999
1974 04 24 21    20  -150 -9999   140    40     0 -9999 -9999
1974 04 25 00    70   -90 -9999     0     0     2 -9999 -9999
1974 04 25 06   150  -150 -9999     0     0     3 -9999 -9999
1974 04 25 09   170  -150 -9999     0     0     7 -9999 -9999
1974 04 25 18    40  -170 -9999 -9999 -9999 -9999 -9999 -9999
1974 04 25 21   100  -210 -9999   140    70     0 -9999 -9999
1974 04 26 00   140  -140 -9999   180    30     0 -9999 -9999
1974 04 26 06   200   -90 -9999   360    30     3 -9999 -9999
1974 04 26 09   190   -50 -9999   360    90     7 -9999 -9999
1974 04 26 21    30   -50 -9999   360    80     3 -9999 -9999
1974 04 27 00    20   -50 -9999 -9999 -9999     6 -9999 -9999
1974 04 27 06    80  -150 -9999   360   100     3 -9999 -9999
1974 04 27 09    90  -140 -9999   320    50     6 -9999 -9999
1974 04 27 21    20  -140 -9999   140    40     0 -9999 -9999
1974 04 28 00    60  -130 -9999   180    30     3 -9999 -9999
1974 04 28 06   180  -200 -9999   200    70     7 -9999 -9999
1974 04 28 09   190  -140 -9999   220    70     7 -9999 -9999
1974 04 28 21    80   -70 -9999   320    30     7 -9999 -9999
1974 04 29 00    70  -200 -9999    10    70     8 -9999 -9999
1974 04 29 06   120  -190 -9999   360    80     0 -9999 -9999
1974 04 29 09   130  -230 -9999   360    30     0 -9999 -9999
1974 04 29 21    50  -130 -9999   140    40     1 -9999 -9999
1974 04 30 00     0  -100 -9999    90    20     0 -9999 -9999
1974 04 30 06   160  -180 -9999   250    10     6 -9999 -9999
1974 04 30 21    80  -130 -9999   110    30     0 -9999 -9999
1974 05 01 00   130  -140 -9999   250    20     1 -9999 -9999
1974 05 01 06   230   -60 -9999    20    40     1 -9999 -9999
1974 05 01 09   240   -40 -9999   360    40     0 -9999 -9999
1974 05 01 12   190 -9999 -9999   360   110     7 -9999 -9999
1974 05 01 15    90    10 -9999   360    30     8 -9999 -9999
1974 05 02 00   180   -40 -9999   110    40     7 -9999 -9999
1974 05 02 06   250   -40 -9999   360    30     7 -9999 -9999
1974 05 02 09   260   -30 -9999     0     0     7 -9999 -9999
1974 05 02 21   150   -40 -9999    90    30     3 -9999 -9999
1974 05 03 06   270   -50 -9999   320    30     0 -9999 -9999
1974 05 03 09   260   -30 -9999    10    70     1 -9999 -9999
1974 05 03 21   110   -40 -9999     0     0     0 -9999 -9999
1974 05 04 06   220   -30 -9999    90    40     7 -9999 -9999
1974 05 04 09   200   -90 -9999   160   100     8 -9999 -9999
1974 05 04 21   150   -70 -9999   140    30     7 -9999 -9999
1974 05 05 00   150  -130 -9999   220    20     6 -9999 -9999
1974 05 05 06   230    30 -9999   200    80     6 -9999 -9999
1974 05 05 09   230    40 -9999   200    70     7 -9999 -9999
1974 05 05 21   110    70 -9999    70    20     7 -9999 -9999
1974 05 06 00   140    90 -9999     0     0     7 -9999 -9999
1974 05 06 06   170   100 -9999   340    20     8 -9999 -9999
1974 05 06 09   170    80 -9999   200   110     8 -9999 -9999
1974 05 06 21   100    50 -9999     0     0     0 -9999 -9999
1974 05 07 00   130    60 -9999   220    40     0 -9999 -9999
1974 05 07 09   100   -10 -9999   360    90     7 -9999 -9999
1974 05 07 18   -50  -100 -9999   250    20     2 -9999 -9999
1974 05 07 21    20   -80 -9999    20    70     8 -9999 -9999
1974 05 08 00    30   -70 -9999    20    80     7 -9999 -9999
1974 05 08 06   100   -90 -9999   360    20     7 -9999 -9999
1974 05 08 09   100  -120 -9999   340    30     7 -9999 -9999
1974 05 08 21    30  -130 -9999   110    50     7 -9999 -9999
1974 05 09 00    70  -100 -9999   160    20     7 -9999 -9999
1974 05 09 06   140  -130 -9999   200    30     7 -9999 -9999
1974 05 09 09   150  -110 -9999   250    30     7 -9999 -9999
1974 05 09 21    80   -80 -9999   160    60     1 -9999 -9999
1974 05 10 00   120   -60 -9999   160    40     1 -9999 -9999
1974 05 10 09   210  -230 -9999   220    70     1 -9999 -9999
1974 05 10 21   130  -110 -9999   160    20     6 -9999 -9999
1974 05 11 00   130   -90 -9999    70    40     8 -9999 -9999
1974 05 11 06   180   -70 -9999    40    70     7 -9999 -9999
1974 05 11 09   170   -90 -9999   360    60     7 -9999 -9999
1974 05 11 21    80   -90 -9999   140    30     0 -9999 -9999
1974 05 12 00   160   -30 -9999   160    60     6 -9999 -9999
1974 05 12 06   220  -160 -9999   270    90     6 -9999 -9999
1974 05 12 09   210  -170 -9999   340   100     7 -9999 -9999
1974 05 12 21    90  -130 -9999   110    30     1 -9999 -9999
1974 05 13 00   140  -130 -9999   290    30     7 -9999 -9999
1974 05 13 06   190  -120 -9999    20    70     1 -9999 -9999
1974 05 13 09   170 -9999 -9999   360    70     0 -9999 -9999
1974 05 13 21    50  -170 -9999   160    50     0 -9999 -9999
1974 05 14 06   180  -150 -9999   250    50     0 -9999 -9999
1974 05 14 09   190  -170 -9999   360    30     0 -9999 -9999
1974 05 14 21   120 -9999 -9999   140    40     0 -9999 -9999
1974 05 15 00   180   -20 -9999   140    60     0 -9999 -9999
1974 05 15 06   130   -30 -9999   200    70     1 -9999 -9999
1974 05 15 21   170    40 -9999   160    40     7 -9999 -9999
1974 05 16 00   190    50 -9999     0     0     7 -9999 -9999
1974 05 16 06   220    70 -9999   220    20     8 -9999 -9999
1974 05 16 09   230    80 -9999   220    20     8 -9999 -9999
1974 05 16 12   150  -120 -9999   250   130     8 -9999 -9999
1974 05 16 21   140    50 -9999   160    30     0 -9999 -9999
1974 05 17 00   190    50 -9999     0     0     1 -9999 -9999
1974 05 17 06   160    90 -9999    40   100     7 -9999    10
1974 05 17 09   170    90 -9999    20    30     8 -9999 -9999
1974 05 17 21   120    70 -9999   160    20     8 -9999 -9999
1974 05 18 00   120    70 -9999 -9999 -9999     8 -9999 -9999
1974 05 18 06   150    80 -9999   220    20     7 -9999 -9999
1974 05 18 09   170    80 -9999   250    40     7 -9999 -9999
1974 05 18 21   120    90 -9999   360    20     7 -9999 -9999
1974 05 19 06   150  -180 -9999   320    40     4 -9999 -9999
1974 05 19 09   150    60 -9999   110    40     8 -9999 -9999
1974 05 19 21   100    90 -9999   160    20     8 -9999 -9999
1974 05 20 00   110    90 -9999     0     0     8 -9999 -9999
1974 05 20 06   170    60 -9999     0     0     7 -9999 -9999
1974 05 20 09   180    50 -9999   220    20     7 -9999 -9999
1974 05 20 21   120    70 -9999   140    30     3 -9999 -9999
1974 05 21 00   160    60 -9999   140    20     2 -9999 -9999
1974 05 21 06   230   -10 -9999    40    20     6 -9999 -9999
1974 05 21 09   230   -20 -9999    20    60     7 -9999 -9999
1974 05 21 18    80  -160 -9999    80    60     0 -9999 -9999
1974 05 22 00   190    40 -9999   140    30     6 -9999 -9999
1974 05 22 06   250   -10 -9999     0     0     1 -9999 -9999
1974 05 22 09   250   -60 -9999   340    20     2 -9999 -9999
1974 05 22 21   140   -70 -9999   140    40     0 -9999 -9999
1974 05 23 00   200   -20 -9999   160    30     0 -9999 -9999
1974 05 23 06   260   -60 -9999   220    40     1 -9999 -9999
1974 05 23 09   260   -80 -9999   180    40     2 -9999 -9999
1974 05 23 21   160   -90 -9999   160    40     1 -9999 -9999
1974 05 24 00   200     0 -9999   180    30     0 -9999 -9999
1974 05 24 06   270   -20 -9999   360    30     1 -9999 -9999
1974 05 24 09   280   -40 -9999   160    20     2 -9999 -9999
1974 05 24 21   170   -10 -9999   160    40     0 -9999 -9999
1974 05 25 00   200    40 -9999   180    30     0 -9999 -9999
1974 05 25 06   280   -60 -9999   140   110     2 -9999 -9999
1974 05 25 09   270   -50 -9999   160    80     1 -9999 -9999
1974 05 25 21   190     0 -9999   170   100     7 -9999 -9999
1974 05 26 00   200    40 -9999 -9999 -9999     7 -9999 -9999
1974 05 26 06   260     0 -9999   140   140     7 -9999 -9999
1974 05 26 09   260    30 -9999   140   120     7 -9999 -9999
1974 05 26 21   170    20 -9999    90    40     0 -9999 -9999
1974 05 27 00   210    70 -9999     0     0     1 -9999 -9999
1974 05 27 06   280     0 -9999    20   100     2 -9999 -9999
1974 05 27 09   280   -30 -9999    20    70     7 -9999 -9999
1974 05 27 21   170   -30 -9999   140    30     0 -9999 -9999
1974 05 28 00   230    30 -9999     0     0     0 -9999 -9999
1974 05 28 06 -9999 -9999 -9999   270    30     3 -9999 -9999
1974 05 28 09 -9999 -9999 -9999     0     0     1 -9999 -9999
1974 05 28 21   170   -80 -9999    40   160     8 -9999 -9999
1974 05 29 00   180     0 -9999    20    20     8 -9999     0
1974 05 29 06   210   -40 -9999   360   120     7 -9999 -9999
1974 05 29 09   200 -9999 -9999   360   100     7 -9999 -9999
1974 05 30 00   150     0 -9999   200    50     0 -9999 -9999
1974 05 30 06   230   -20 -9999   340    30     1 -9999 -9999
1974 05 30 09   250   -60 -9999   340    50     1 -9999 -9999
1974 05 30 21   130   -50 -9999   110    30     1 -9999 -9999
1974 05 31 00   190    10 -9999 -9999 -9999     1 -9999 -9999
1974 05 31 06   260    20 -9999   340    30     8 -9999 -9999
1974 05 31 09   250   -10 -9999 -9999 -9999     8 -9999 -9999
1974 05 31 21   140   -70 -9999   110    40     1 -9999 -9999
1974 06 01 00   210   -10 -9999    90    20     1 -9999 -9999
1974 06 01 09   280     0 -9999    20    60     2 -9999 -9999
1974 06 01 21   160   -30 -9999   110    40     1 -9999 -9999
1974 06 02 06   280    20 -9999     0     0     2 -9999 -9999
1974 06 02 09   280   -10 -9999    20    30     6 -9999 -9999
1974 06 02 21   180     0 -9999   110    50     0 -9999 -9999
1974 06 03 06   300    20 -9999     0     0     1 -9999 -9999
1974 06 03 09   280     0 -9999   160   100     6 -9999 -9999
1974 06 03 21   220     0 -9999   140    30     7 -9999 -9999
1974 06 04 00   190    20 -9999   340    20     8 -9999 -9999
1974 06 04 06   190    10 -9999   340    70     8 -9999 -9999
1974 06 04 09   210    10 -9999   360    40     7 -9999 -9999
1974 06 04 21   140    70 -9999   220    60     8 -9999 -9999
1974 06 05 00    90    50 -9999    40    70     8 -9999    20
1974 06 05 06   140    50 -9999     0     0     8 -9999     0
1974 06 05 09   150    30 -9999   290    20     8 -9999 -9999
1974 06 06 06   230   -30 -9999   200    80     0 -9999 -9999
1974 06 06 09   240   -10 -9999   220    70     0 -9999 -9999
1974 06 06 21   160   -10 -9999   110    50     1 -9999 -9999
1974 06 07 00   210    40 -9999     0     0     1 -9999 -9999
1974 06 07 06   290    40 -9999   250    50     0 -9999 -9999
1974 06 07 09   300    70 -9999   220    20     2 -9999 -9999
1974 06 07 21   190 -9999 -9999   320    20     6 -9999 -9999
1974 06 08 00   200    60 -9999    40    30     7 -9999 -9999
1974 06 08 06   200   -50 -9999    20   140     9 -9999 -9999
1974 06 08 09   180  -100 -9999    20   200     7 -9999 -9999
1974 06 08 21   120   -90 -9999   360    60     8 -9999 -9999
1974 06 09 00   130   -70 -9999    20    20     7 -9999 -9999
1974 06 09 06   200   -70 -9999     0     0     7 -9999 -9999
1974 06 09 09   220   -90 -9999   340    30     7 -9999 -9999
1974 06 09 21   130   -80 -9999   140    50     1 -9999 -9999
1974 06 10 06   260   -60 -9999   180    60     1 -9999 -9999
1974 06 10 09   260   -70 -9999   140    90     2 -9999 -9999
1974 06 10 21   170   -10 -9999   180    50     7 -9999 -9999
1974 06 11 00   210  -100 -9999   140    70     7 -9999 -9999
1974 06 11 06   260   -40 -9999   220    80     3 -9999 -9999
1974 06 11 09   280   -10 -9999   250    20     0 -9999 -9999
1974 06 11 21   160   -30 -9999   110    50     1 -9999 -9999
1974 06 12 00   240     0 -9999   140    20     1 -9999 -9999
1974 06 12 21   210     0 -9999   220    30     1 -9999 -9999
1974 06 13 00   230    20 -9999   250    50     3 -9999 -9999
1974 06 13 06   290   -20 -9999   160    90     2 -9999 -9999
1974 06 13 09   290     0 -9999   140   110     3 -9999 -9999
1974 06 13 21   210    40 -9999 -9999 -9999     2 -9999 -9999
1974 06 14 00   220    40 -9999   140    90     6 -9999 -9999
1974 06 14 06   290    30 -9999    40    10     7 -9999 -9999
1974 06 14 09   300    30 -9999    40    20     7 -9999 -9999
1974 06 14 21   210    70 -9999     0     0     7 -9999 -9999
1974 06 15 00   240    80 -9999    70    20     7 -9999 -9999
1974 06 15 06   320    20 -9999     0     0     1 -9999 -9999
1974 06 15 09   320     0 -9999   320    50     5 -9999 -9999
1974 06 15 21   200    10 -9999   140    30     1 -9999 -9999
1974 06 16 06 -9999 -9999 -9999    20    50     2 -9999 -9999
1974 06 16 09   290    20 -9999    20    50     6 -9999 -9999
1974 06 16 21   210    20 -9999    40   100     7 -9999 -9999
1974 06 17 00   200    50 -9999    40    20     6 -9999 -9999
1974 06 17 06   280   -30 -9999    40    60     5 -9999     0
1974 06 17 09   280     0 -9999   360    20     6 -9999 -9999
1974 06 17 21   220    20 -9999   160    40     1 -9999 -9999
1974 06 18 00   230    60 -9999   200    60     7 -9999 -9999
1974 06 18 06   220    40 -9999   360    80     8 -9999     0
1974 06 18 09   180    40 -9999   360    70     8 -9999 -9999
1974 06 18 21   150    50 -9999   320    20     7 -9999 -9999
1974 06 19 00   150    20 -9999   340    20     3 -9999 -9999
1974 06 19 06   210  -110 -9999   320   100     1 -9999 -9999
1974 06 19 09   220  -100 -9999   360   110     7 -9999 -9999
1974 06 19 21   130   -30 -9999     0     0     7 -9999 -9999
1974 06 20 00   160  -100 -9999   360    40     0 -9999 -9999
1974 06 20 06   210   -30 -9999   360    50     1 -9999 -9999
1974 06 20 09   230   -40 -9999   360    40     1 -9999 -9999
1974 06 20 18   110   -30 -9999   110    30     0 -9999 -9999
1974 06 21 00   170     0 -9999   180    10     0 -9999 -9999
1974 06 21 03   190 -9999 -9999    70    80     6 -9999 -9999
1974 06 21 06   240   -10 -9999   340    40     1 -9999 -9999
1974 06 21 09   250   -10 -9999    40    30     1 -9999 -9999
1974 06 21 21   180   -20 -9999   140    70     0 -9999 -9999
1974 06 22 00   220     0 -9999   140   100     1 -9999 -9999
1974 06 22 06   260   -60 -9999   160   110     5 -9999 -9999
1974 06 22 09   270   -40 -9999   160   100     7 -9999 -9999
1974 06 22 21   200    30 -9999   160    50     2 -9999 -9999
1974 06 23 06   270    50 -9999   160   120     6 -9999 -9999
1974 06 23 09   260    50 -9999   180    70     8 -9999 -9999
1974 06 24 00   140   100 -9999   180    20     3 -9999    10
1974 06 24 06   190    80 -9999   340    50     7 -9999 -9999
1974 06 24 09   210    90 -9999    20    40     5 -9999 -9999
1974 06 24 21   140   100 -9999    90    10     8 -9999 -9999
1974 06 25 00   150    80 -9999   220    30     6 -9999 -9999
1974 06 25 06   230    10 -9999   200    20     1 -9999 -9999
1974 06 25 09   240     0 -9999   200    10     1 -9999 -9999
1974 06 25 21   150   -40 -9999    90    20     0 -9999 -9999
1974 06 26 00   180   -30 -9999   160    60     2 -9999 -9999
1974 06 26 06   240   -40 -9999   320    30     5 -9999 -9999
1974 06 26 09   240  -100 -9999   160   100     3 -9999 -9999
1974 06 26 12   190    30 -9999   360   120     7 -9999 -9999
1974 06 26 15   150    30 -9999    20   110     8 -9999 -9999
1974 06 26 21   160   -60 -9999    90    40     2 -9999 -9999
1974 06 27 00   190   -30 -9999   360    10     1 -9999 -9999
1974 06 27 06   260   -60 -9999   340    30     7 -9999 -9999
1974 06 28 00   170    70 -9999    20    30     8 -9999 -9999
1974 06 28 06   160   120 -9999   230    60     7 -9999 -9999
1974 06 28 09   170  -100 -9999   270    30     7 -9999 -9999
1974 06 28 21   130    90 -9999   140    30     3 -9999 -9999
1974 06 29 00   180    90 -9999   110    20     1 -9999 -9999
1974 06 29 21   150   100 -9999   140    20     7 -9999 -9999
1974 06 30 00   150   130 -9999   140    30     7 -9999     0
1974 06 30 06   200   100 -9999   180    20     6 -9999     0
1974 06 30 09   210   100 -9999     0     0     7 -9999 -9999
1974 06 30 21   140   100 -9999   140    30     2 -9999 -9999
1974 07 01 00   190   110 -9999   110    30     1 -9999 -9999
1974 07 01 06   240   160 -9999   220    40     5 -9999 -9999
1974 07 01 09   260    40 -9999   320    70     2 -9999 -9999
1974 07 01 21   170    90 -9999   140    40     2 -9999 -9999
1974 07 02 21   160    80 -9999   140    30     7 -9999 -9999
1974 07 03 00   210    90 -9999   180    20     7 -9999 -9999
1974 07 03 06   260    80 -9999   220    20     3 -9999 -9999
1974 07 03 09   200 -9999 -9999   260    30     1 -9999 -9999
1974 07 03 21   200    70 -9999 -9999 -9999 -9999 -9999 -9999
1974 07 04 00   240    70 -9999   140    70     5 -9999 -9999
1974 07 04 06   270    70 -9999     0     0     6 -9999     0
1974 07 04 09   270    90 -9999     0     0     6 -9999 -9999
1974 07 04 21   190   110 -9999   220    50     1 -9999 -9999
1974 07 06 00   170   140 -9999     0     0     8 -9999 -9999
1974 07 06 09   190   160 -9999   220    30     7 -9999 -9999
1974 07 06 21   170    80 -9999   140    50     1 -9999 -9999
1974 07 07 00   200    90 -9999   140    70     1 -9999 -9999
1974 07 07 06   260    70 -9999   340    40     7 -9999 -9999
1974 07 07 09   270    70 -9999    20    20     7 -9999 -9999
1974 07 07 21   190    60 -9999   140    50     2 -9999 -9999
1974 07 08 00   220    80 -9999   200    30     1 -9999 -9999
1974 07 08 06   290    30 -9999   340    30     1 -9999 -9999
1974 07 08 09   300    50 -9999    20    30     2 -9999 -9999
1974 07 08 21   200    60 -9999   140    40     6 -9999 -9999
1974 07 09 06   250    50 -9999    90    20     2 -9999 -9999
1974 07 09 09   320    30 -9999    40    20     1 -9999 -9999
1974 07 09 21   260    20 -9999   160    50     7 -9999 -9999
1974 07 10 00   280    50 -9999   200    40     7 -9999 -9999
1974 07 10 06   260    70 -9999   340    60     2 -9999     0
1974 07 10 09   230    70 -9999   340    70     8 -9999 -9999
1974 07 10 18   270   240 -9999   360    30     2 -9999 -9999
1974 07 10 21   130   100 -9999     0     0     2 -9999 -9999
1974 07 11 00   140    70 -9999    40    50     1 -9999 -9999
1974 07 11 06   180    10 -9999   360    60     5 -9999 -9999
1974 07 11 09   200   -20 -9999    20    60     3 -9999 -9999
1974 07 11 21   140     0 -9999   160    40     0 -9999 -9999
1974 07 12 00   170    10 -9999   180    30     0 -9999 -9999
1974 07 12 06   260   -10 -9999   340    70     2 -9999 -9999
1974 07 12 09   270   -20 -9999   360    80     3 -9999 -9999
1974 07 12 21   140    10 -9999    90    30     1 -9999 -9999
1974 07 13 00   190    50 -9999    20    40     2 -9999 -9999
1974 07 13 06   230    40 -9999    20    30     4 -9999 -9999
1974 07 13 21   180    60 -9999     0     0     7 -9999 -9999
1974 07 14 00   200    90 -9999     0     0     6 -9999 -9999
1974 07 14 06   260    60 -9999    20    50     2 -9999 -9999
1974 07 14 21   180    50 -9999   140    40     6 -9999 -9999
1974 07 15 06   280    50 -9999   360    10     2 -9999     0
1974 07 15 09   280    60 -9999   320    20     3 -9999 -9999
1974 07 15 15   170   -30 -9999    40    30     9 -9999 -9999
1974 07 15 21   190    70 -9999   110    40     6 -9999 -9999
1974 07 16 00   230    90 -9999   180    20     7 -9999 -9999
1974 07 16 06   290    40 -9999   360    30     7 -9999 -9999
1974 07 16 09   300    20 -9999   320    30     6 -9999 -9999
1974 07 16 21   170    80 -9999    70    20     2 -9999 -9999
1974 07 17 00   230   100 -9999     0     0     1 -9999 -9999
1974 07 17 06   280    60 -9999    40    30     3 -9999 -9999
1974 07 17 09   290    40 -9999   320    30     3 -9999 -9999
1974 07 17 21   190    80 -9999    40    20     1 -9999 -9999
1974 07 18 00   230   110 -9999    70    20     0 -9999 -9999
1974 07 18 06   300    80 -9999   180    20     2 -9999 -9999
1974 07 18 09   300    70 -9999   320    30     2 -9999 -9999
1974 07 18 21   240    50 -9999   140   100     0 -9999 -9999
1974 07 19 00   270    50 -9999   140    80     6 -9999 -9999
1974 07 19 06   310    60 -9999   140    90     1 -9999 -9999
1974 07 19 09   310    40 -9999   180    80     1 -9999 -9999
1974 07 19 21   240    60 -9999   200    70     1 -9999 -9999
1974 07 20 00   240    90 -9999    90    30     2 -9999 -9999
1974 07 20 06   300    90 -9999   270    30     7 -9999 -9999
1974 07 20 15   260   170 -9999    40    10     0 -9999 -9999
1974 07 20 21   210   130 -9999   160    40     8 -9999 -9999
1974 07 21 00   220   110 -9999    90    40     7 -9999     0
1974 07 21 06   200   150 -9999   140    50     8 -9999    20
1974 07 21 09   220   160 -9999     0     0     6 -9999 -9999
1974 07 22 00   210   140 -9999     0     0     6 -9999 -9999
1974 07 22 06   280   120 -9999   340    30     2 -9999 -9999
1974 07 22 09   290    90 -9999    20    70     2 -9999 -9999
1974 07 22 12   140   -90 -9999   240    60     1 -9999 -9999
1974 07 22 21   200    80 -9999    90    20     0 -9999 -9999
1974 07 23 00   230   100 -9999   140    20     2 -9999 -9999
1974 07 23 21   160   130 -9999    20    40     7 -9999 -9999
1974 07 24 00   160   130 -9999   340    20     7 -9999 -9999
1974 07 25 21   230    80 -9999   160    60     2 -9999 -9999
1974 07 26 06   190   140 -9999    20    60     7 -9999    20
1974 07 26 09   200   150 -9999   180    30     8 -9999 -9999
1974 07 26 21   180   170 -9999     0     0     8 -9999 -9999
1974 07 27 00   190   170 -9999     0     0     7 -9999 -9999
1974 07 27 06   230   170 -9999     0     0     8 -9999     0
1974 07 27 09   250   180 -9999     0     0     7 -9999 -9999
1974 07 28 00   190   190 -9999   250    20     8 -9999   180
1974 07 28 06   180   180 -9999   200    40     8 -9999   360
1974 07 28 09   210   190 -9999     0     0     7 -9999 -9999
1974 07 28 21   190   180 -9999   360    20     7 -9999 -9999
1974 07 29 00   200   190 -9999     0     0     8 -9999     0
1974 07 29 06   230   190 -9999   360    30     8 -9999    20
1974 07 29 21   200   180 -9999    90    20     7 -9999 -9999
1974 07 30 00   220   180 -9999   200    20     7 -9999 -9999
1974 07 30 06   250   -80 -9999     0     0     1 -9999 -9999
1974 07 30 21   160   160 -9999   360    70     8 -9999 -9999
1974 07 31 00   160   150 -9999   360    40     6 -9999    10
1974 07 31 09   240   120 -9999    20    50     1 -9999 -9999
1974 07 31 15   180    40 -9999    40 -9999     6 -9999 -9999
1974 07 31 21   180   130 -9999   210    30     7 -9999 -9999
1974 08 01 00   210   150 -9999   140    20     3 -9999 -9999
1974 08 01 09   270   110 -9999   270    20     7 -9999 -9999
1974 08 01 21   190   140 -9999   170    30     7 -9999 -9999
1974 08 02 00   200   140 -9999     0     0     6 -9999 -9999
1974 08 02 06   270    80 -9999   270    20     7 -9999 -9999
1974 08 02 09   220    90 -9999   360   130     8 -9999 -9999
1974 08 02 21   190    90 -9999   140    50     6 -9999 -9999
1974 08 03 06   290    70 -9999   220    30     2 -9999 -9999
1974 08 03 09   290    40 -9999     0     0     1 -9999 -9999
1974 08 03 21   190    50 -9999    90    50     0 -9999 -9999
1974 08 04 00   220   100 -9999   140    20     0 -9999 -9999
1974 08 04 06   100    80 -9999     0     0     1 -9999 -9999
1974 08 04 09   300    50 -9999   360    40     1 -9999 -9999
1974 08 04 21   210    70 -9999   140    50     7 -9999 -9999
1974 08 05 00   230   110 -9999   180    20     6 -9999 -9999
1974 08 05 06   310    70 -9999   220    50     3 -9999 -9999
1974 08 05 09   290    70 -9999   160    60     7 -9999 -9999
1974 08 05 21   220    80 -9999   140    70     6 -9999 -9999
1974 08 06 00   180   140 -9999   220    70     7 -9999 -9999
1974 08 06 09   260   130 -9999   250    70     5 -9999 -9999
1974 08 06 21   160   140 -9999   360    40     8 -9999 -9999
1974 08 07 00 -9999 -9999 -9999    10    40     8 -9999     0
1974 08 07 09   200   160 -9999    20    40     8 -9999 -9999
1974 08 08 06   250   100 -9999    20    60     2 -9999 -9999
1974 08 08 21   160    80 -9999    90    30     0 -9999 -9999
1974 08 09 00   200   110 -9999     0     0     1 -9999 -9999
1974 08 09 06   240   100 -9999   360    60     5 -9999 -9999
1974 08 09 09   250    70 -9999   360    50     2 -9999 -9999
1974 08 09 21   150   100 -9999   360    20     0 -9999 -9999
1974 08 10 00   190   100 -9999    40    30     1 -9999 -9999
1974 08 10 06   240    80 -9999    20    70     3 -9999 -9999
1974 08 10 09   250    70 -9999   360    70     2 -9999 -9999
1974 08 11 06   240    90 -9999   250    10     1 -9999 -9999
1974 08 11 09   250   100 -9999    40    10     1 -9999 -9999
1974 08 11 21   180    90 -9999    70    40     1 -9999 -9999
1974 08 12 00   210   100 -9999   110    30     1 -9999 -9999
1974 08 12 06   260   100 -9999     0     0     6 -9999 -9999
1974 08 12 09   270   110 -9999    90    30     2 -9999 -9999
1974 08 12 21   200   100 -9999    90    40     0 -9999 -9999
1974 08 13 00   230   100 -9999    70    20     6 -9999 -9999
1974 08 13 06   270   110 -9999   180    70     6 -9999 -9999
1974 08 13 09   260   110 -9999     0     0     7 -9999 -9999
1974 08 13 21   210    70 -9999   160    40     1 -9999 -9999
1974 08 14 00   210    90 -9999     0     0     6 -9999 -9999
1974 08 14 06   270    90 -9999     0     0     3 -9999 -9999
1974 08 14 09   280    80 -9999   320    30     1 -9999 -9999
1974 08 14 21   210    60 -9999   110    60     0 -9999 -9999
1974 08 15 00   230    90 -9999   140    60     1 -9999 -9999
1974 08 15 06   280    80 -9999   160    60     1 -9999 -9999
1974 08 15 09   280    80 -9999   180    80     1 -9999 -9999
1974 08 15 15   160     0 -9999    70    90     8 -9999 -9999
1974 08 15 21   230    90 -9999   140    80     0 -9999 -9999
1974 08 16 06   280   130 -9999   140   100     1 -9999 -9999
1974 08 16 09   290   130 -9999   140   100     1 -9999 -9999
1974 08 16 21   220   130 -9999   160    70     0 -9999 -9999
1974 08 17 00   230   140 -9999   200    20     1 -9999 -9999
1974 08 17 06   190   120 -9999   200    70     3 -9999 -9999
1974 08 17 09   300   120 -9999   220    70     2 -9999 -9999
1974 08 17 21   200   110 -9999   140    20     1 -9999 -9999
1974 08 18 00   200    90 -9999     0     0     1 -9999 -9999
1974 08 18 09   260   100 -9999     0     0     6 -9999 -9999
1974 08 19 00   210   120 -9999    90    30     7 -9999     0
1974 08 19 06   260   110 -9999   110    60     7 -9999 -9999
1974 08 19 09   270   110 -9999     0     0     3 -9999 -9999
1974 08 19 21   190   120 -9999     0     0     3 -9999 -9999
1974 08 20 00   180   150 -9999   290    20     5 -9999 -9999
1974 08 20 06   230   140 -9999     0     0     7 -9999 -9999
1974 08 20 09   240   150 -9999     0     0     6 -9999 -9999
1974 08 21 00   140   120 -9999   360    40     8 -9999     5
1974 08 21 06   140   120 -9999     0     0     8 -9999    30
1974 08 21 09   160   120 -9999   140    30     7 -9999 -9999
1974 08 21 21   140   130 -9999     0     0     8 -9999 -9999
1974 08 22 00   150   140 -9999    20    20     7 -9999     0
1974 08 22 06   200    90 -9999    20    50     3 -9999 -9999
1974 08 22 09   200   180 -9999   360    60     3 -9999 -9999
1974 08 23 00   150    90 -9999     0     0     0 -9999 -9999
1974 08 23 06   230    60 -9999   270    20     1 -9999 -9999
1974 08 23 09   230    60 -9999   270    30     1 -9999 -9999
1974 08 23 21   150    20 -9999   110    50     0 -9999 -9999
1974 08 24 00   190    20 -9999   110    30     1 -9999 -9999
1974 08 24 06   230    30 -9999   220    30     1 -9999 -9999
1974 08 24 09   230    40 -9999     0     0     2 -9999 -9999
1974 08 24 21   170    20 -9999   130    20     0 -9999 -9999
1974 08 25 09   250   100 -9999   220    60     1 -9999 -9999
1974 08 25 21   150    30 -9999   140    20     0 -9999 -9999
1974 08 26 00   180    50 -9999    90    20     1 -9999 -9999
1974 08 26 06   230    50 -9999    90    40     6 -9999 -9999
1974 08 26 09   230    60 -9999   160    50     3 -9999 -9999
1974 08 26 21   100   -20 -9999    40    50     0 -9999 -9999
1974 08 27 00   180    70 -9999   140    30     0 -9999 -9999
1974 08 27 06   250    40 -9999   250    20     3 -9999 -9999
1974 08 27 09   240     0 -9999   140    80     1 -9999 -9999
1974 08 27 21   170    40 -9999   180    60     0 -9999 -9999
1974 08 28 00   190    40 -9999   160    50     1 -9999 -9999
1974 08 28 06   230    50 -9999   140    10     2 -9999 -9999
1974 08 28 09   230    40 -9999   140    70     1 -9999 -9999
1974 08 28 21   160    60 -9999   160    60     0 -9999 -9999
1974 08 29 00   180    60 -9999   140    70     1 -9999 -9999
1974 08 29 09   220    40 -9999   160   100     5 -9999 -9999
1974 08 29 21   160    40 -9999   140    30     2 -9999 -9999
1974 08 30 00   160    60 -9999     0     0     7 -9999 -9999
1974 08 30 06   190  -170 -9999   320    40     0 -9999 -9999
1974 08 30 21   130    70 -9999     0     0     1 -9999 -9999
1974 08 31 00   140 -9999 -9999   140    20     1 -9999 -9999
1974 08 31 06   220    50 -9999   320    30     2 -9999 -9999
1974 08 31 09   230    20 -9999   360    50     2 -9999 -9999
1974 08 31 21   150    20 -9999   110    50     7 -9999 -9999
1974 09 01 00   170    40 -9999   110    20     7 -9999 -9999
1974 09 01 09   230    40 -9999   270    20     6 -9999 -9999
1974 09 01 21   190    60 -9999   140    40     8 -9999 -9999
1974 09 02 00   160   100 -9999   200    20     8 -9999 -9999
1974 09 02 06   220   100 -9999     0     0     3 -9999     0
1974 09 02 09   210   100 -9999     0     0     4 -9999 -9999
1974 09 02 21   130    70 -9999   340    30     7 -9999 -9999
1974 09 03 00   150   110 -9999    20    20     7 -9999 -9999
1974 09 03 06   220   100 -9999   220    10     7 -9999 -9999
1974 09 03 09   220   100 -9999   200    40     7 -9999 -9999
1974 09 03 21   140    80 -9999    40    70     8 -9999 -9999
1974 09 04 00   140   100 -9999   320    20     8 -9999     0
1974 09 04 06   190   100 10089     0     0     7 -9999     0
1974 09 04 09   210    70 -9999    10    10     5 -9999 -9999
1974 09 04 21   130    70 -9999    20    60     8 -9999 -9999
1974 09 05 06   160    80 -9999   270    50     3 -9999     2
1974 09 05 09   190    40 -9999   320    20     3 -9999 -9999
1974 09 05 21   120    40 -9999   160    30     0 -9999 -9999
1974 09 06 00   150    50 -9999   160    30     1 -9999 -9999
1974 09 06 03   140   -90 -9999 -9999 -9999     1 -9999 -9999
1974 09 06 21   130    20 -9999   160    40     0 -9999 -9999
1974 09 07 00   160    30 -9999   140    20     0 -9999 -9999
1974 09 07 06   250    20 -9999   200    40     1 -9999 -9999
1974 09 07 09   260    30 -9999    70    30     1 -9999 -9999
1974 09 07 21   170    50 -9999     0     0     7 -9999 -9999
1974 09 08 00   170    60 -9999     0     0     7 -9999 -9999
1974 09 08 03   230   130 10140 -9999 -9999     7 -9999 -9999
1974 09 08 06   240    50 -9999   270    40     7 -9999 -9999
1974 09 08 09   240    50 -9999   340    40     8 -9999 -9999
1974 09 08 21   140    20 -9999    70    20     6 -9999 -9999
1974 09 09 06   210    70 -9999     0     0     4 -9999 -9999
1974 09 09 09   220   -70 -9999   320    30     5 -9999 -9999
1974 09 09 21   140   -30 -9999   110    40     6 -9999 -9999
1974 09 10 00   160   -20 -9999   240    20     6 -9999 -9999
1974 09 10 09   240   -70 -9999     0     0     2 -9999 -9999
1974 09 10 21   160    30 -9999    90    30     8 -9999 -9999
1974 09 11 00   170    50 -9999   140    20     7 -9999 -9999
1974 09 11 06   250    60 -9999     0     0     7 -9999 -9999
1974 09 11 09   230    40 -9999   200    30     7 -9999 -9999
1974 09 11 21   180    10 -9999    70    30     8 -9999 -9999
1974 09 12 00   100    20 -9999    40    30     7 -9999 -9999
1974 09 12 06   140    40 -9999    40    80     8 -9999 -9999
1974 09 12 09   170    50 -9999    40    40     8 -9999 -9999
1974 09 12 21   100    20 -9999    40    30     8 -9999 -9999
1974 09 13 00    90   -40 -9999    40    50     2 -9999 -9999
1974 09 13 06   140  -100 -9999    20    60     1 -9999 -9999
1974 09 13 09   140  -110 -9999   360    60     3 -9999 -9999
1974 09 13 21    40   -60 -9999    90    20     1 -9999 -9999
1974 09 14 00    70   -70 -9999   140    20     1 -9999 -9999
1974 09 14 06   140  -100 -9999   270    30     0 -9999 -9999
1974 09 14 09   150   -70 -9999   360    30     0 -9999 -9999
1974 09 15 00   110   -90 -9999   160    30     0 -9999 -9999
1974 09 15 06   190   -60 -9999   360    20     1 -9999 -9999
1974 09 15 09   200   -60 -9999   290    30     7 -9999 -9999
1974 09 16 06   170   -70 -9999   140    60     6 -9999 -9999
1974 09 16 21    50   -50 -9999     0     0     0 -9999 -9999
1974 09 17 00    90   -40 -9999     0     0     3 -9999 -9999
1974 09 17 06   160   -60 -9999    20    40     1 -9999 -9999
1974 09 17 09   160  -100 -9999    20    40     1 -9999 -9999
1974 09 17 21    80   -70 -9999   140    50     0 -9999 -9999
1974 09 18 00   100   -70 -9999   220    40     1 -9999 -9999
1974 09 18 06   180   -50 -9999   200    40     1 -9999 -9999
1974 09 18 09   180   -50 -9999   340    40     2 -9999 -9999
1974 09 19 00   110    50 -9999     0     0     7 -9999 -9999
1974 09 19 06   160    10 -9999   340    30     8 -9999 -9999
1974 09 19 09   140    50 -9999   180    50     7 -9999 -9999
1974 09 19 21   110    50 -9999   180    50     0 -9999 -9999
1974 09 20 00   130    20 -9999   180    30     3 -9999 -9999
1974 09 20 06   190   -10 -9999   360    40     6 -9999 -9999
1974 09 20 09   200   -40 -9999   340    50     6 -9999 -9999
1974 09 20 21   110   -30 -9999   180    10     0 -9999 -9999
1974 09 21 00   140   -20 -9999   180    40     0 -9999 -9999
1974 09 21 06   230   -30 -9999   320    70     1 -9999 -9999
1974 09 21 09   230   -40 -9999   320    50 -9999 -9999 -9999
1974 09 21 21   130     0 -9999    40    10     3 -9999 -9999
1974 09 22 00   110    20 -9999     0     0     7 -9999 -9999
1974 09 22 06   170   -40 -9999   360    40     1 -9999 -9999
1974 09 22 09   170   -40 -9999   360    40     0 -9999 -9999
1974 09 22 21    90   -50 -9999   140    50     0 -9999 -9999
1974 09 23 00   120   -40 -9999   140    30     0 -9999 -9999
1974 09 23 06   210   -20 -9999   340    50     0 -9999 -9999
1974 09 23 09   210   -20 -9999     0     0     1 -9999 -9999
1974 09 23 21   110   -40 -9999   110    30     0 -9999 -9999
1974 09 24 00   140   -20 -9999   140    30     0 -9999 -9999
1974 09 24 06   240   -10 -9999    20    20     0 -9999 -9999
1974 09 24 09   240   -30 -9999   250    50     0 -9999 -9999
1974 09 24 21   170    30 -9999   180    50     1 -9999 -9999
1974 09 25 00   170    50 -9999   220    20     7 -9999 -9999
1974 09 25 06   220    40 -9999     0     0     2 -9999 -9999
1974 09 25 09   190   -20 -9999   360    70     7 -9999 -9999
1974 09 25 21    60    20 -9999   110    20     0 -9999 -9999
1974 09 26 00    80   -40 -9999   140    20     2 -9999 -9999
1974 09 26 06   170    10 -9999     0     0     2 -9999 -9999
1974 09 26 21   110   -20 -9999   110    30     7 -9999 -9999
1974 09 27 00   100   -50 -9999    40    60     7 -9999 -9999
1974 09 27 06   160   -60 -9999   110    20     6 -9999 -9999
1974 09 27 09   160   -80 -9999    40    20     6 -9999 -9999
1974 09 27 21   100     0 -9999   110    50     1 -9999 -9999
1974 09 28 06   170  -120 -9999    40    60     7 -9999 -9999
1974 09 28 09   180   -60 -9999     0     0     7 -9999 -9999
1974 09 29 00    90    50 -9999    90    20     8 -9999    10
1974 09 29 09   100    70 -9999   360    20     7 -9999 -9999
1974 09 29 21    80 -9999 -9999     0     0     8 -9999 -9999
1974 09 30 00    80    70 -9999     0     0     7 -9999    10
1974 09 30 06   130    70 -9999   160    40     6 -9999 -9999
1974 09 30 09   150    70 -9999   270    30     7 -9999 -9999
1974 09 30 21   100    50 -9999   140    30     7 -9999 -9999
1974 10 01 00   110    50 -9999   220    30     7 -9999 -9999
1974 10 01 06   110    90 -9999 -9999 -9999 -9999 -9999 -9999
1974 10 01 09    80    60 -9999    40    70     8 -9999 -9999
1974 10 01 21    60  -100 -9999    70    40     7 -9999 -9999
1974 10 02 06    90   -50 -9999     0     0     7 -9999 -9999
1974 10 02 09   100   -40 -9999     0     0     7 -9999 -9999
1974 10 02 12   100  -220 -9999    20   100     4 -9999 -9999
1974 10 02 21    80   -30 -9999   220    20     8 -9999 -9999
1974 10 03 00    60    20 -9999     0     0     8 -9999 -9999
1974 10 03 06   170   -30 -9999    20    40     7 -9999     0
1974 10 03 09   120   -40 -9999    40    30     7 -9999 -9999
1974 10 03 21    90    20 -9999     0     0     7 -9999 -9999
1974 10 04 00   100    30 -9999   160    20     7 -9999 -9999
1974 10 04 06   150   -10 -9999    20    20     1 -9999 -9999
1974 10 04 21    90     0 -9999   140    30     8 -9999 -9999
1974 10 05 00    90    30 -9999   140    20     7 -9999 -9999
1974 10 05 06   180    20 -9999   360    20     6 -9999 -9999
1974 10 05 09   180     0 -9999   180    50     2 -9999 -9999
1974 10 05 21   120    20 -9999   180    20     8 -9999 -9999
1974 10 06 00   120    60 -9999   270    30     7 -9999 -9999
1974 10 06 06   110   -60 -9999    90    20     8 -9999 -9999
1974 10 06 09   110   -70 -9999   220    10     7 -9999 -9999
1974 10 06 21    30   -80 -9999   110    20     0 -9999 -9999
1974 10 07 00    40   -90 -9999   140    20     0 -9999 -9999
1974 10 07 09   140  -120 -9999   360    20     0 -9999 -9999
1974 10 07 21    40   -90 -9999    40    50     0 -9999 -9999
1974 10 08 00    40   -70 -9999    90    10     0 -9999 -9999
1974 10 08 06   100  -110 -9999   360    40     0 -9999 -9999
1974 10 08 09   100  -120 -9999    70    40     0 -9999 -9999
1974 10 08 21    10  -130 -9999   140    40     0 -9999 -9999
1974 10 09 00    30  -120 -9999   110    20     0 -9999 -9999
1974 10 09 06   130   -80 -9999   270    20     0 -9999 -9999
1974 10 09 09   150   -60 -9999     0     0     0 -9999 -9999
1974 10 09 21    60   -80 -9999     0     0     7 -9999 -9999
1974 10 10 00    60   -70 -9999     0     0     6 -9999 -9999
1974 10 10 06   130  -140 -9999   320    70     0 -9999 -9999
1974 10 10 09   130  -140 -9999   360    50     0 -9999 -9999
1974 10 11 00    30  -130 -9999   140    30     0 -9999 -9999
1974 10 11 06   130   -90 -9999 -9999 -9999     0 -9999 -9999
1974 10 11 21    50  -110 -9999   140    40     0 -9999 -9999
1974 10 12 00    70  -110 -9999   140    30     1 -9999 -9999
1974 10 12 06   160   -50 -9999   320    30     5 -9999 -9999
1974 10 12 09   170   -40 -9999   320    10     1 -9999 -9999
1974 10 13 00    70  -110 -9999   140    40     0 -9999 -9999
1974 10 13 06   170   -70 -9999   360    50     1 -9999 -9999
1974 10 13 09   150  -100 -9999    40    70     6 -9999 -9999
1974 10 13 21    60  -100 -9999    40    50     7 -9999 -9999
1974 10 14 00    60   -90 -9999    70    20     7 -9999 -9999
1974 10 14 06   100   -70 -9999   250    30     1 -9999 -9999
1974 10 14 09   100   -70 -9999    40    20     0 -9999 -9999
1974 10 14 21    60   -90 -9999   160    30     0 -9999 -9999
1974 10 15 00    80  -100 -9999   140    30     0 -9999 -9999
1974 10 15 06   160   -70 -9999    40    30     1 -9999 -9999
1974 10 15 21    70   -10 -9999   110    30     0 -9999 -9999
1974 10 16 00    70   -60 -9999   140    30     3 -9999 -9999
1974 10 16 06   160     0 -9999    40    40     7 -9999 -9999
1974 10 16 09   130   -10 -9999    40    50     8 -9999 -9999
1974 10 16 21    90   -30 -9999    70    30     8 -9999 -9999
1974 10 17 00    70   -40 -9999   360    50     8 -9999 -9999
1974 10 17 06    90   -40 -9999   360    60     7 -9999 -9999
1974 10 17 09    90   -60 -9999   360    50     1 -9999 -9999
1974 10 17 21    20   -20 -9999     0     0     0 -9999 -9999
1974 10 18 00    30   -30 -9999     0     0     8 -9999 -9999
1974 10 18 06    90   -30 -9999   320    20     7 -9999 -9999
1974 10 18 09   100   -90 -9999   340    50     1 -9999 -9999
1974 10 18 21    40   -90 -9999    40    20     7 -9999 -9999
1974 10 19 00    30  -110 -9999     0     0     1 -9999 -9999
1974 10 19 06    90   -90 -9999   320    30     0 -9999 -9999
1974 10 19 09   100   -70 -9999   320    60     1 -9999 -9999
1974 10 19 21    60   -90 -9999   140    50     0 -9999 -9999
1974 10 20 00    60   -90 -9999   200    30     7 -9999 -9999
1974 10 20 06   130  -110 -9999   320   130     7 -9999 -9999
1974 10 20 09   130   -90 -9999   320    70     1 -9999 -9999
1974 10 20 21   -60   -90 -9999    40    60     7 -9999 -9999
1974 10 21 00   -80  -150 -9999    40    20     0 -9999 -9999
1974 10 21 06   -20  -160 -9999    70    40     0 -9999 -9999
1974 10 21 09   -10  -130 -9999    20    50     0 -9999 -9999
1974 10 21 21   -70  -210 -9999   280    20     0 -9999 -9999
1974 10 22 00   -60  -220 -9999   140    20     0 -9999 -9999
1974 10 22 06   110  -130 -9999   150    20     0 -9999 -9999
1974 10 22 09   120   -70 -9999   250    10     0 -9999 -9999
1974 10 22 21     0   -80 -9999   220    20     0 -9999 -9999
1974 10 23 00     0  -110 -9999   160    20     7 -9999 -9999
1974 10 23 06    60   -90 -9999   270    30     8 -9999 -9999
1974 10 23 09    80  -110 -9999    40    20     6 -9999 -9999
1974 10 24 00    50  -130 -9999   140    40     1 -9999 -9999
1974 10 24 06   140   -90 -9999   290    20     7 -9999 -9999
1974 10 24 21    50   -60 -9999   240    40     0 -9999 -9999
1974 10 25 00    70   -40 -9999   200    30     7 -9999 -9999
1974 10 25 06   130   -20 -9999   290    20     7 -9999 -9999
1974 10 25 09   130   -50 -9999    20    20     8 -9999 -9999
1974 10 25 21    60   -80 -9999   110    30     5 -9999 -9999
1974 10 26 00    50   -70 -9999    90    20     7 -9999 -9999
1974 10 26 06   130   -60 -9999   270    20     8 -9999 -9999
1974 10 26 09   100   -90 -9999    40    60     8 -9999 -9999
1974 10 26 21    20   -70 -9999     0     0     1 -9999 -9999
1974 10 27 00    10  -100 -9999    70    40     7 -9999 -9999
1974 10 27 09    50  -120 -9999   270    30     8 -9999 -9999
1974 10 27 21    40   -90 -9999    70    30     8 -9999 -9999
1974 10 28 00    40  -130 -9999   250    40     8 -9999 -9999
1974 10 28 09   -10   -30 -9999     0     0     8 -9999 -9999
1974 10 28 21   -10   -40 -9999   160    20     8 -9999 -9999
1974 10 29 00   -10   -50 -9999   200    30     7 -9999     0
1974 10 29 06    60   -70 -9999   220    60     0 -9999 -9999
1974 10 29 09    80   -50 -9999   220    40     0 -9999 -9999
1974 10 29 21   -10   -70 -9999     0     0     0 -9999 -9999
1974 10 30 00   -20   -90 -9999    90    20     0 -9999 -9999
1974 10 30 06    70   -90 -9999   320    10     0 -9999 -9999
1974 10 30 09    60   -80 -9999     0     0     0 -9999 -9999
1974 10 30 21   -20  -130 -9999   140    40     0 -9999 -9999
1974 10 31 00   -20  -100 -9999   140    20     1 -9999 -9999
1974 10 31 06    80  -100 -9999    20    30     0 -9999 -9999
1974 10 31 09    70  -110 -9999    20    30     2 -9999 -9999
1974 10 31 21   -10  -120 -9999   160    30     0 -9999 -9999
1974 11 01 00   -20   -80 -9999   160    30     0 -9999 -9999
1974 11 01 06   100  -120 -9999   270    20     0 -9999 -9999
1974 11 01 09   100  -120 -9999     0     0     0 -9999 -9999
1974 11 01 21    10  -190 -9999     0     0     0 -9999 -9999
1974 11 02 00    10  -160 -9999   160    20     7 -9999 -9999
1974 11 02 09   100  -110 -9999    40    30     6 -9999 -9999
1974 11 02 21    30  -140 -9999   110    60     0 -9999 -9999
1974 11 03 00    30  -140 -9999   110    30     4 -9999 -9999
1974 11 03 06    60  -240 -9999   280    40     1 -9999 -9999
1974 11 03 09   130  -120 -9999   320    20     1 -9999 -9999
1974 11 03 21    20  -110 -9999   140    30     0 -9999 -9999
1974 11 04 00    20  -110 -9999   140    40     2 -9999 -9999
1974 11 04 09   100  -100 -9999     0     0     7 -9999 -9999
1974 11 04 21    30  -170 -9999   160    40     1 -9999 -9999
1974 11 05 09   120  -130 -9999   270    20     1 -9999 -9999
1974 11 05 21    70  -180 -9999   180    40     0 -9999 -9999
1974 11 06 00    80  -130 -9999   180    50     1 -9999 -9999
1974 11 06 06   150   -40 -9999   290    40     0 -9999 -9999
1974 11 06 09   140   -60 -9999   360    30     1 -9999 -9999
1974 11 06 21    20  -190 -9999   140    50     0 -9999 -9999
1974 11 07 06   130  -160 -9999    20    30     0 -9999 -9999
1974 11 07 21    20   -90 -9999     0     0     3 -9999 -9999
1974 11 08 00    30   -60 -9999   110    20     6 -9999 -9999
1974 11 08 06    60  -130 -9999   360    30     2 -9999 -9999
1974 11 08 09    40  -160 -9999    40    70     2 -9999 -9999
1974 11 08 21   -10  -130 -9999   220    20     2 -9999 -9999
1974 11 09 09    60  -130 -9999    70    50     7 -9999 -9999
1974 11 09 21     0  -100 -9999   160    20     0 -9999 -9999
1974 11 10 00   -10   -90 -9999    70    20     1 -9999 -9999
1974 11 10 06    10  -100 -9999   360    50     8 -9999 -9999
1974 11 10 21   -30 -9999 -9999    70    20     0 -9999 -9999
1974 11 11 06    20   -80 -9999    20    50     8 -9999 -9999
1974 11 11 09    20   -80 -9999    40    50     3 -9999 -9999
1974 11 11 21   -60  -120 -9999   160    20     0 -9999 -9999
1974 11 12 00   -70  -130 -9999   140    30     3 -9999 -9999
1974 11 12 06    20  -140 -9999    70    30     7 -9999 -9999
1974 11 12 09    10  -140 -9999    40    70     8 -9999 -9999
1974 11 12 21   -50  -110 -9999   140    20     5 -9999 -9999
1974 11 13 00   -40  -110 -9999     0     0     7 -9999 -9999
1974 11 13 06    20   -90 -9999   270    20     7 -9999 -9999
1974 11 13 09    20  -120 -9999     0     0     7 -9999 -9999
1974 11 13 21   -50  -100 -9999   110    30     0 -9999 -9999
1974 11 14 00   -50   -80 -9999   110    20     1 -9999 -9999
1974 11 14 06    40   -70 -9999   250    50     7 -9999 -9999
1974 11 14 09    30   -60 -9999   320    40     8 -9999 -9999
1974 11 14 21   -10   -40 -9999     0     0     8 -9999 -9999
1974 11 15 00     0   -40 -9999     0     0     8 -9999 -9999
1974 11 15 06    40   -50 -9999   360    20     6 -9999 -9999
1974 11 15 09    30   -60 -9999   360    20     5 -9999 -9999
1974 11 15 21   -30  -110 -9999    90    30     3 -9999 -9999
1974 11 16 06   -10   -60 -9999    40    20     6 -9999    10
1974 11 16 09   -10  -120 -9999   340    70     2 -9999 -9999
1974 11 16 21   -90  -170 -9999   140    30     0 -9999 -9999
1974 11 17 00   -70  -150 -9999   140    50     0 -9999 -9999
1974 11 17 06    30  -110 -9999   250    40     0 -9999 -9999
1974 11 17 09    30  -140 -9999   220    40     0 -9999 -9999
1974 11 17 21   200     0 10720 -9999 -9999 -9999 -9999 -9999
1974 11 18 00   -50  -170 -9999   160    40     0 -9999 -9999
1974 11 18 06    60  -170 -9999   290    40     0 -9999 -9999
1974 11 18 09    50  -140 -9999     0     0     0 -9999 -9999
1974 11 18 21   -60  -150 -9999   180    30     0 -9999 -9999
1974 11 19 00   -60  -160 -9999     0     0     3 -9999 -9999
1974 11 19 06    30  -130 -9999   340    60     3 -9999 -9999
1974 11 19 09    30  -130 -9999   320    50     2 -9999 -9999
1974 11 19 21   -20  -140 -9999     0     0     2 -9999 -9999
1974 11 20 00   -50  -130 -9999   110    30     2 -9999 -9999
1974 11 20 06    40  -130 -9999   270    20     1 -9999 -9999
1974 11 20 09    40  -100 -9999     0     0     1 -9999 -9999
1974 11 20 21   -20  -110 -9999   110    50     0 -9999 -9999
1974 11 21 00   -30  -160 -9999   140    30     7 -9999 -9999
1974 11 21 06    70  -150 -9999   250    40     7 -9999 -9999
1974 11 21 21   -20  -160 -9999     0     0     3 -9999 -9999
1974 11 22 00   -50  -150 -9999     0     0     3 -9999 -9999
1974 11 22 06    30  -180 -9999   320    50     0 -9999 -9999
1974 11 22 09    20  -210 -9999   360    20     0 -9999 -9999
1974 11 22 21   -30  -160 -9999   160    40     0 -9999 -9999
1974 11 23 00   -20  -150 -9999   160    50     0 -9999 -9999
1974 11 23 06   100  -150 -9999   220    40     0 -9999 -9999
1974 11 23 21    10  -170 -9999   200    20     0 -9999 -9999
1974 11 24 00   -30  -160 -9999     0     0     1 -9999 -9999
1974 11 24 06    30  -140 -9999    20    30     8 -9999 -9999
1974 11 24 09    30  -130 -9999    20    50     7 -9999 -9999
1974 11 24 21   -80  -200 -9999   100    20     0 -9999 -9999
1974 11 25 00   -60  -220 -9999   160    30     1 -9999 -9999
1974 11 25 06   -40  -190 -9999     0     0     2 -9999 -9999
1974 11 25 09    40  -150 -9999     0     0     1 -9999 -9999
1974 11 26 00    10  -100 -9999   180    40     1 -9999 -9999
1974 11 26 06    80   -80 -9999   250    40     0 -9999 -9999
1974 11 26 09    80   -90 -9999   250    30     0 -9999 -9999
1974 11 26 21   -40  -240 -9999     0     0     0 -9999 -9999
1974 11 27 00   -20  -130 -9999   200    30     0 -9999 -9999
1974 11 27 06    70   -90 -9999     0     0     0 -9999 -9999
1974 11 27 09    60   -70 -9999   360    10     0 -9999 -9999
1974 11 27 21   -20  -140 -9999   160    30     7 -9999 -9999
1974 11 28 06    60  -100 -9999   360    30     0 -9999 -9999
1974 11 28 09    50  -130 -9999    40    30     1 -9999 -9999
1974 11 28 21   -50  -160 -9999   140    30     0 -9999 -9999
1974 11 29 00   -70  -130 -9999   110    30     0 -9999 -9999
1974 11 29 09    30   -70 -9999    40    30     1 -9999 -9999
1974 11 29 21   -10  -130 -9999   200    20     7 -9999 -9999
1974 11 30 00   -30  -130 -9999     0     0     7 -9999 -9999
1974 11 30 06    20  -110 -9999     0     0     7 -9999 -9999
1974 11 30 09    10   -90 -9999     0     0     8 -9999 -9999
1974 12 01 00   -30  -120 -9999   140    10     7 -9999 -9999
1974 12 01 06    30  -120 -9999   250    20     6 -9999 -9999
1974 12 01 09    40   -90 -9999   250    10     0 -9999 -9999
1974 12 01 21   -50  -130 -9999   140    20     7 -9999 -9999
1974 12 02 00   -50  -110 -9999   110    20     6 -9999 -9999
1974 12 02 06   -50  -140 -9999    70    40     8 -9999 -9999
1974 12 02 09   -80  -160 -9999    70   110     8 -9999 -9999
1974 12 02 21  -160  -220 -9999    70    50     7 -9999 -9999
1974 12 03 00  -170  -230 -9999    90    10     7 -9999 -9999
1974 12 03 06  -110  -190 -9999   220    40     0 -9999 -9999
1974 12 03 09  -100  -180 -9999     0     0     0 -9999 -9999
1974 12 03 21  -160  -210 -9999   140    20     1 -9999 -9999
1974 12 04 00  -170  -210 -9999     0     0     2 -9999 -9999
1974 12 04 06  -100  -200 -9999   320    30     1 -9999 -9999
1974 12 05 00  -170  -250 -9999     0     0     0 -9999 -9999
1974 12 05 06   -50  -170 -9999    40    20     0 -9999 -9999
1974 12 05 09   -60  -180 -9999    40    30     0 -9999 -9999
1974 12 05 21  -140  -200 -9999   140    30     0 -9999 -9999
1974 12 06 00  -120  -200 -9999    90    30     1 -9999 -9999
1974 12 06 06   -30  -190 -9999    20    20     1 -9999 -9999
1974 12 06 09   -70  -160 -9999    40    30     7 -9999 -9999
1974 12 06 21  -130  -200 -9999    90    20     0 -9999 -9999
1974 12 07 00  -140  -200 -9999     0     0     1 -9999 -9999
1974 12 07 06   -50  -190 -9999   360    30     7 -9999 -9999
1974 12 07 09   -50  -200 -9999    40    20     7 -9999 -9999
1974 12 07 21  -120  -130 -9999   110    30     8 -9999 -9999
1974 12 08 00  -100  -140 -9999     0     0     8 -9999    10
1974 12 08 06  -100  -130 -9999   290    20     7 -9999    10
1974 12 08 09  -100  -150 -9999     0     0     8 -9999 -9999
1974 12 08 21  -160  -220 -9999   110    20     0 -9999 -9999
1974 12 09 00  -160  -210 -9999    90    30     0 -9999 -9999
1974 12 09 06   -50  -160 -9999    10    30     0 -9999 -9999
1974 12 09 09   -90  -140 -9999    40    50     0 -9999 -9999
1974 12 09 21  -140  -200 -9999   110    20     3 -9999 -9999
1974 12 10 00  -120  -180 -9999   160    20     7 -9999 -9999
1974 12 10 06   -50  -130 -9999   340    20     2 -9999 -9999
1974 12 10 09   -40  -130 -9999     0     0     1 -9999 -9999
1974 12 10 21  -100  -140 -9999   260    10     5 -9999 -9999
1974 12 11 00  -170  -180 -9999   140    20     0 -9999 -9999
1974 12 11 06  -100  -130 -9999   360    30     7 -9999 -9999
1974 12 11 09  -100  -130 -9999   360    30     7 -9999 -9999
1974 12 11 21  -120  -160 -9999   200    20     0 -9999 -9999
1974 12 12 00  -120  -160 -9999   160    20     1 -9999 -9999
1974 12 12 06   -90  -140 -9999    40    20     7 -9999 -9999
1974 12 12 09  -100  -140 -9999   360    30     7 -9999 -9999
1974 12 12 21  -190  -250 -9999    90    20     0 -9999 -9999
1974 12 13 00  -200  -260 -9999    90    20     1 -9999 -9999
1974 12 13 06  -110 -9999 -9999    40    30     0 -9999 -9999
1974 12 13 09  -120  -240 -9999   360    40     1 -9999 -9999
1974 12 13 21  -180  -270 -9999   160    40     0 -9999 -9999
1974 12 14 00  -170  -270 -9999   140    40     0 -9999 -9999
1974 12 14 06     0  -180 10341   200    30     0 -9999 -9999
1974 12 14 09   -90  -160 -9999    40    20     2 -9999 -9999
1974 12 14 21  -160  -210 -9999   140    20     0 -9999 -9999
1974 12 15 06  -110  -160 -9999 -9999 -9999     0 -9999 -9999
1974 12 15 09  -130  -180 -9999     0     0     7 -9999 -9999
1974 12 15 18  -130  -250 -9999    30    40     7 -9999 -9999
1974 12 15 21  -180  -210 -9999     0     0     0 -9999 -9999
1974 12 16 00  -180  -210 -9999    90    20     1 -9999 -9999
1974 12 16 06  -100  -200 -9999   360    20     8 -9999 -9999
1974 12 16 09  -110  -190 -9999    40    40     8 -9999 -9999
1974 12 16 21  -190  -230 -9999    90    30     0 -9999 -9999
1974 12 17 00  -200  -240 -9999   110    20     1 -9999 -9999
1974 12 17 06  -110  -210 -9999    20    30     5 -9999 -9999
1974 12 17 09  -120  -220 -9999   360    20     7 -9999 -9999
1974 12 17 21  -150  -210 -9999    90    20     0 -9999 -9999
1974 12 18 06  -110  -220 -9999     0     0     8 -9999 -9999
1974 12 19 00  -180  -240 -9999   160    30     0 -9999 -9999
1974 12 19 06   -80  -220 -9999   250    10     0 -9999 -9999
1974 12 19 09   -90  -190 -9999   340    20     0 -9999 -9999
1974 12 19 21  -180  -250 -9999   140    40     0 -9999 -9999
1974 12 20 00  -200  -260 -9999   140    20     1 -9999 -9999
1974 12 20 06   -70  -230 -9999     0     0     1 -9999 -9999
1974 12 20 09   -80  -200 -9999     0     0     0 -9999 -9999
1974 12 21 00  -170  -220 -9999   160    20     0 -9999 -9999
1974 12 21 06   -70  -210 -9999   320    10     1 -9999 -9999
1974 12 21 09   -70  -210 -9999     0     0     7 -9999 -9999
1974 12 21 21   -80  -230 -9999   220    10     5 -9999 -9999
1974 12 22 00  -120  -240 -9999   180    40     1 -9999 -9999
1974 12 22 06   -50  -130 -9999   220    40     0 -9999 -9999
1974 12 22 09   -50  -250 -9999   270    10     0 -9999 -9999
1974 12 22 21  -160  -240 -9999    70    10     0 -9999 -9999
1974 12 23 00  -160  -230 -9999   110    20     6 -9999 -9999
1974 12 23 06   -90  -240 -9999   340    20     1 -9999 -9999
1974 12 23 09  -100  -250 -9999     0     0     1 -9999 -9999
1974 12 23 21  -130  -250 -9999   160    50     0 -9999 -9999
1974 12 24 00    40  -260 -9999   160    40     0 -9999 -9999
1974 12 24 06   -30  -400 -9999   270    10     1 -9999 -9999
1974 12 24 09   -40  -190 -9999     0     0     1 -9999 -9999
1974 12 24 21  -140  -260 -9999   160    40     0 -9999 -9999
1974 12 25 00  -160  -280 -9999   110    30     1 -9999 -9999
1974 12 25 06   -30  -220 -9999     0     0     1 -9999 -9999
1974 12 25 09   -30  -180 -9999     0     0     0 -9999 -9999
1974 12 25 21  -140  -300 -9999    90    20     0 -9999 -9999
1974 12 26 00  -120  -280 -9999   110    30     0 -9999 -9999
1974 12 26 06   -20  -230 -9999   270    20     3 -9999 -9999
1974 12 26 09   -40  -220 -9999    20    30     1 -9999 -9999
1974 12 26 12  -100  -260 -9999     0     0     5 -9999 -9999
1974 12 26 21   -70  -140 -9999   140    30     7 -9999 -9999
1974 12 27 00  -100  -160 -9999     0     0     7 -9999 -9999
1974 12 27 06   -50  -230 -9999   320    20     8 -9999 -9999
1974 12 27 09   -40  -220 -9999     0     0     1 -9999 -9999
1974 12 28 00   -90  -110 -9999   160    30     8 -9999     5
1974 12 28 09   -40  -140 -9999     0     0     1 -9999 -9999
1974 12 28 18  -150  -240 10360   180    20     0 -9999 -9999
1974 12 28 21  -150  -200 -9999   110    20     1 -9999 -9999
1974 12 29 00  -140  -200 -9999   110    10     1 -9999 -9999
1974 12 29 06   -20  -190 -9999   220    30     1 -9999 -9999
1974 12 29 09   -30  -190 10363     0     0     1 -9999 -9999
1974 12 29 21  -110  -170 -9999    90    20     1 -9999 -9999
1974 12 30 00   -80  -170 -9999   140    30     1 -9999 -9999
1974 12 30 06   -20  -160 -9999     0     0     3 -9999 -9999
1974 12 30 09   -40  -170 -9999    40    20     7 -9999 -9999
1974 12 30 18  -100  -140 -9999    90    50     7 -9999 -9999
1974 12 30 21   -90  -110 -9999   220    20     8 -9999 -9999
1974 12 31 00   -90  -110 -9999     0     0     8 -9999    10
1974 12 31 06   -70   -90 -9999   320    20     8 -9999 -9999
1974 12 31 09 -9999 -9999 -9999     0     0     7 -9999 -9999
1974 12 31 21   -70  -100 -9999     0     0     8 -9999 -9999
