1992 04 07 21    13  -154 -9999     0     0     7 -9999 -9999
1992 04 09 20    54  -141 -9999   360    40     7 -9999 -9999
1992 04 10 09    51  -302 -9999   340    80     7 -9999 -9999
1992 04 10 21   -20  -188 -9999   110    30     0 -9999 -9999
1992 04 11 21     9  -196 -9999    90    30     0 -9999 -9999
1992 04 12 21    45  -167 -9999     0     0     0 -9999 -9999
1992 04 13 09   151  -186 -9999   270    30     0 -9999 -9999
1992 04 13 21    54  -209 -9999   110    40     0 -9999 -9999
1992 04 14 21    43  -114 -9999     0     0     1 -9999 -9999
1992 04 15 21   115  -135 -9999   140    40     0 -9999 -9999
1992 04 16 21   122  -108 -9999    20    70     1 -9999 -9999
1992 04 17 09   101  -138 -9999 -9999 -9999 -9999 -9999 -9999
1992 04 17 21    29  -110 -9999   140    30     0 -9999 -9999
1992 04 18 09   149  -130 -9999 -9999 -9999     0 -9999 -9999
1992 04 18 21    86  -109 -9999    90    30     0 -9999 -9999
1992 04 19 21   133   -87 -9999   360    40     7 -9999 -9999
1992 04 20 09   160  -137 -9999   340    40     7 -9999 -9999
1992 04 20 21    58  -159 -9999   180    20     1 -9999     0
1992 04 21 21    34  -175 -9999    90    30     0 -9999 -9999
1992 04 22 21    61  -172 -9999    90    20     0 -9999 -9999
1992 04 23 09   153  -174 -9999   360    60     0 -9999 -9999
1992 04 23 21    67  -278 -9999    90    40     0 -9999 -9999
1992 04 24 21    95  -175 -9999    90    30     0 -9999 -9999
1992 04 25 21   131  -174 -9999    90    40     0 -9999 -9999
1992 04 28 21    73    20 -9999   140    30     0 -9999 -9999
1992 04 29 21   105  -125 -9999    40    30     0 -9999 -9999
1992 04 30 09   225  -141 -9999 -9999 -9999     7 -9999 -9999
1992 05 01 21   170   -39 -9999   160    50     0 -9999 -9999
1992 05 02 09   204    71 -9999   110   150     7 -9999 -9999
1992 05 03 09   172    99 -9999   270    40     8 -9999 -9999
1992 05 04 21   119    96 -9999   340    20     1 -9999 -9999
1992 05 06 09   103    51 -9999   360    50     7 -9999 -9999
1992 05 09 12   138  -107 -9999    20    70     6 -9999     0
1992 05 11 09   153    62 -9999   340    30     2 -9999 -9999
1992 05 11 21    78    38 -9999     0     0     0 -9999 -9999
1992 05 12 21   116    64 -9999 -9999 -9999     8 -9999 -9999
1992 05 13 09   114     3 -9999   360    30     1 -9999 -9999
1992 05 13 21    76    16 -9999   160    50     8 -9999 -9999
1992 05 14 21    43   -46 -9999   140    30     0 -9999 -9999
1992 05 16 21    79   -24 -9999   110    20     7 -9999 -9999
1992 05 18 21    88    10 -9999     0     0     1 -9999 -9999
1992 05 19 21   120   -88 -9999   110    40     0 -9999 -9999
1992 05 20 21   137   -93 -9999   110    40     0 -9999 -9999
1992 05 21 21   168   -52 -9999   110    40     0 -9999 -9999
1992 06 02 21 -9999 -9999 -9999   140    30     1 -9999 -9999
1992 06 07 21   150 -9999 -9999 -9999 -9999     0 -9999 -9999
1992 06 09 21   204    13 -9999   110    40     1 -9999 -9999
1992 06 11 21   183    60 -9999   110    30     7 -9999 -9999
1992 06 15 21   184    44 -9999   140    80     1 -9999 -9999
1992 06 17 21   202 -9999 -9999   140    70     7 -9999 -9999
1992 06 19 21   133   105 -9999   180    30     8 -9999 -9999
1992 06 21 21   187    54 -9999   180    40     2 -9999 -9999
1992 06 27 21   150    91 -9999    70    20     3 -9999 -9999
1992 06 29 21   174 -9999 -9999    90    30     0 -9999 -9999
1992 07 01 21   216    90 -9999    90    40     0 -9999 -9999
1992 07 03 21 -9999 -9999 -9999   140    10     1 -9999 -9999
1992 07 06 21   237    32 -9999   140    40     0 -9999 -9999
1992 07 07 21   129   112 -9999   110    30     8 -9999 -9999
1992 07 08 21   134    18 -9999    90    30     0 -9999 -9999
1992 07 09 21   170    46 -9999   160    30     2 -9999 -9999
1992 07 14 21 -9999 -9999 -9999     0     0     7 -9999 -9999
1992 07 20 21 -9999 -9999 -9999 -9999 -9999     0 -9999 -9999
1992 07 22 21   205    94 -9999     0     0     7 -9999 -9999
1992 07 23 21 -9999 -9999 -9999   110    20     2 -9999 -9999
1992 07 25 21   162 -9999 -9999   140    20     7 -9999 -9999
1992 07 27 21   139   137 -9999   180    20     8 -9999 -9999
1992 07 29 21   198    96 -9999   140    40     0 -9999 -9999
1992 07 31 21   250   158 -9999   180    60     7 -9999 -9999
1992 08 01 21   154   143 -9999   250    30     8 -9999 -9999
1992 08 03 21  -110 -9999 -9999   110    20     0 -9999 -9999
1992 08 04 21   174   142 -9999   360    10     0 -9999 -9999
1992 08 05 21   182    86 -9999   110    20     0 -9999 -9999
1992 08 06 21   238   123 -9999   180    20     0 -9999 -9999
1992 08 10 21 -9999 -9999 -9999    40    20     0 -9999 -9999
1992 08 11 21   186   154 -9999   200    40     8 -9999 -9999
1992 08 12 21   141   129 -9999    20    20     0 -9999 -9999
1992 08 13 21 -9999 -9999 -9999     0     0     0 -9999 -9999
1992 08 14 09   212    74 -9999    20    50     2 -9999 -9999
1992 08 15 21   156    47 -9999    90    30     0 -9999 -9999
1992 08 16 00   181    62 -9999    70    30     1 -9999     0
1992 08 16 21   184    95 -9999   160    30     7 -9999 -9999
1992 08 19 21   121   109 -9999    70    30     7 -9999 -9999
1992 08 20 21   113    69 -9999   110    30     0 -9999 -9999
1992 08 23 21   193    21 -9999    10   640 -9999 -9999 -9999
1992 08 24 09   277     8 -9999     0     0     1 -9999 -9999
1992 08 24 21   184    51 -9999   160    40     0 -9999 -9999
1992 08 27 21   169   135 -9999    40    20     0 -9999 -9999
1992 08 28 06   221   132 -9999   250    40     8 -9999     0
1992 08 28 21   161    89 -9999 -9999 -9999     0 -9999 -9999
1992 08 29 21   200    15 -9999    70    30     0 -9999 -9999
1992 08 30 21   145    85 -9999   140    30     0 -9999 -9999
1992 09 01 21   156   -11 -9999    70    30     0 -9999 -9999
1992 09 02 21   146   -25 -9999    90    30     0 -9999 -9999
1992 09 03 21   202    70 -9999    70    20     0 -9999 -9999
1992 09 05 21    85    24 -9999    90    30     0 -9999 -9999
1992 09 06 21   104  -250 -9999    70    30     0 -9999 -9999
1992 09 07 21   117   -90 -9999    90    40     0 -9999 -9999
1992 09 09 09   254    50 -9999   250    20     1 -9999 -9999
1992 09 11 09 -9999 -9999 -9999   270   810 -9999 -9999 -9999
1992 09 11 21    76    58 -9999    20    20     0 -9999 -9999
1992 09 12 00    40   -67 -9999   320    10     7 -9999     0
1992 09 12 21   118    46 -9999    40    20     8 -9999 -9999
1992 09 15 21    95   -22 -9999 -9999 -9999     0 -9999 -9999
1992 09 16 09   212 -9999 -9999   250    20     1 -9999 -9999
1992 09 17 21   130    37 -9999    90    30     7 -9999 -9999
1992 09 18 21   129    79 -9999    40    30     2 -9999 -9999
1992 09 19 09   201    82 -9999     0     0     7 -9999 -9999
1992 09 20 00   126    62 -9999    40    20     0 -9999     0
1992 09 20 09   213 -9999 -9999     0     0     1 -9999 -9999
1992 09 20 21   139    51 -9999   110    30     0 -9999 -9999
1992 09 23 09   167   -20 -9999   360    20     7 -9999 -9999
1992 09 25 00    94    20 -9999    70    20     7 -9999     0
1992 09 26 21   119    49 -9999   110    30     0 -9999 -9999
1992 09 27 00   143    41 -9999   110    20     7 -9999     0
1992 09 27 21    52   -66 -9999    90    30     0 -9999 -9999
1992 09 28 09   164   -77 -9999   360    20     0 -9999 -9999
1992 09 28 21   116   -15 -9999    90    40     0 -9999 -9999
1992 09 29 21   111    -5 -9999   110    40     0 -9999 -9999
1992 09 30 21    93   -46 -9999    30   490 -9999 -9999 -9999
1992 10 02 00    67   -61 -9999 -9999 -9999     8 -9999     0
1992 10 02 21 -9999 -9999 -9999    20    40     8 -9999 -9999
1992 10 03 09 -9999 -9999 -9999   360    70     7 -9999 -9999
1992 10 05 09    44 -9999 -9999   320    20     8 -9999 -9999
1992 10 05 21    21     6 -9999   160    20     0 -9999 -9999
1992 10 07 09   176   -77 -9999   360    20     0 -9999 -9999
1992 10 07 21    73   -23 -9999    70    20     0 -9999 -9999
1992 10 09 21    70    -6 -9999    90    30     0 -9999 -9999
1992 10 10 00    87     3 -9999    90    30 -9999 -9999     0
1992 10 12 21    31   -56 -9999    90    40     2 -9999 -9999
1992 10 13 00    55   -50 -9999    70    20     7 -9999     0
1992 10 15 21    15  -107 -9999    90    30     0 -9999 -9999
1992 10 18 00    50   -69 -9999    90    30     0 -9999     0
1992 10 18 09   131 -9999 -9999   360    40     1 -9999 -9999
1992 10 19 09    58 -9999 -9999   270   150     6 -9999 -9999
1992 10 20 21   -23   -77 -9999   340    20     0 -9999 -9999
1992 10 21 00    -3   -97 -9999     0     0     1 -9999     0
1992 10 22 09     0  -154 -9999   340    50     2 -9999 -9999
1992 10 23 21   -35  -122 -9999   110    30     0 -9999 -9999
1992 10 24 00   -33  -124 -9999   110    30     0 -9999     0
1992 10 26 21    67    15 -9999     0     0     2 -9999 -9999
1992 10 27 21    41   -64 -9999   110    30     0 -9999 -9999
1992 10 28 21    10   -97 -9999    70    30     0 -9999 -9999
1992 10 29 09    97  -139 -9999     0     0     0 -9999 -9999
1992 10 29 21    61   -59 -9999   140    50     0 -9999 -9999
1992 11 02 18  -125  -258 -9999 -9999 -9999     0 -9999     0
1992 11 03 21    40   -61 -9999   110    30 -9999 -9999 -9999
1992 11 06 09     7   -60 -9999   320    30     8 -9999 -9999
1992 11 06 21   -45   -96 -9999    20    40     8 -9999 -9999
1992 11 08 00  -130  -135 -9999   360    30     7 -9999     5
1992 11 08 21   -97  -167 -9999    40    20     0 -9999 -9999
1992 11 09 21   -71  -128 -9999    70    20     0 -9999 -9999
1992 11 10 21   -50 -9999 -9999   110    20     0 -9999 -9999
1992 11 11 09     0   -29 -9999   220    20     8 -9999 -9999
1992 11 12 21    21   -88 -9999   160    20     2 -9999 -9999
1992 11 15 09    11  -110 -9999   220    20     0 -9999 -9999
1992 11 16 21    40   -69 -9999   160    40     0 -9999 -9999
1992 11 17 18   -52  -125 -9999   270   130     6 -9999     0
1992 11 19 21   -75  -139 -9999   140    30     0 -9999 -9999
1992 11 21 21   -57  -143 -9999   140    30     0 -9999 -9999
1992 11 23 21   -45  -123 -9999     0     0     0 -9999 -9999
1992 11 24 00   -35  -139 -9999   160    30     0 -9999     0
1992 11 24 09 -9999 -9999 -9999   340    20     7 -9999 -9999
1992 11 24 21   -47  -105 -9999    40    20     0 -9999 -9999
1992 11 25 21    -7   -86 -9999   110    40     0 -9999 -9999
1992 11 26 21   -39   -95 -9999    90    30     0 -9999 -9999
1992 11 27 00   -43  -110 -9999   140    30     0 -9999     0
1992 11 27 09 -9999 -9999 -9999     0     0     0 -9999 -9999
1992 11 27 21    -2  -140 -9999   110    40     0 -9999 -9999
1992 11 28 06   105  -142 -9999   180    30     0 -9999     0
1992 11 28 09    98  -105 -9999   180    20     0 -9999 -9999
1992 11 28 21    54   -93 -9999   160    40     0 -9999 -9999
1992 11 29 00 -9999 -9999 -9999    20    30     0 -9999     0
1992 11 29 21   -31   -97 -9999    20    30     0 -9999 -9999
1992 11 30 06    19   -87 -9999     0     0     0 -9999     0
1992 11 30 18   -56   -93 -9999    70    30     0 -9999 -9999
1992 12 01 00   -55  -124 -9999    70    20     0 -9999     0
1992 12 01 09    27  -109 -9999     0     0     0 -9999 -9999
1992 12 01 21   -33  -114 -9999   110    40     0 -9999 -9999
1992 12 02 00   -42  -124 -9999    90    30     0 -9999     0
1992 12 02 09    42  -107 -9999   360    20     0 -9999 -9999
1992 12 02 21 -9999 -9999 -9999    90    30     0 -9999 -9999
1992 12 03 09    60   -45 -9999   270    20     7 -9999 -9999
1992 12 03 12     7   -20 10361   220    10     0 -9999     0
1992 12 03 21   -27   -61 -9999     0     0     0 -9999 -9999
1992 12 04 00   -23   -51 -9999 -9999 -9999     0 -9999     0
1992 12 04 06    34   -29 -9999   320    20     7 -9999     0
1992 12 04 09    25   -44 -9999   320    30     8 -9999 -9999
1992 12 04 21   -34   -76 -9999    70    20     2 -9999 -9999
1992 12 05 00   -56   -70 -9999   220    20     2 -9999     0
1992 12 05 09     2   -83 -9999   340    30     7 -9999 -9999
1992 12 06 21   -65  -114 -9999     0     0     0 -9999 -9999
1992 12 07 00   -54  -150 -9999    40    20     0 -9999     0
1992 12 07 09    -1  -123 -9999     0     0     0 -9999 -9999
1992 12 08 00   -57   -99 -9999   270    10     1 -9999 -9999
1992 12 09 21  -123  -166 -9999    90    20     0 -9999 -9999
1992 12 10 09   -15  -175 -9999     0     0     0 -9999 -9999
1992 12 10 21   -47  -175 -9999   110    40     0 -9999 -9999
1992 12 11 00   -42  -123 -9999   110    40     0 -9999     0
1992 12 11 09    25  -129 -9999     0     0     0 -9999 -9999
1992 12 11 21   -60  -148 -9999    90    30     0 -9999 -9999
1992 12 12 00   -56  -135 -9999    90    30     0 -9999     0
1992 12 12 09    15  -147 -9999   360    30     2 -9999 -9999
1992 12 12 21   -77  -126 -9999   160    30     0 -9999 -9999
1992 12 13 09   -52  -153 -9999    20    50     7 -9999 -9999
1992 12 13 21  -109  -166 -9999     0     0     0 -9999 -9999
1992 12 14 09   -27  -175 -9999    20    20     0 -9999     0
1992 12 14 21   -59  -141 -9999   110    40     0 -9999 -9999
1992 12 15 00   -60  -126 -9999     0     0     0 -9999     0
1992 12 15 09     3  -115 -9999     0     0     2 -9999 -9999
1992 12 15 21   -69  -157 -9999   180    30     0 -9999 -9999
1992 12 16 00   -66  -135 -9999   140    20     0 -9999     0
1992 12 16 09     7   -80 -9999   180    20     0 -9999 -9999
1992 12 16 21   -47  -126 -9999   160    40     2 -9999 -9999
1992 12 17 00   -38  -138 -9999     0     0     7 -9999     0
1992 12 17 09     3  -141 -9999   320    30     0 -9999 -9999
1992 12 18 09    16  -100 -9999   200    30     0 -9999 -9999
1992 12 18 21   -28  -142 -9999    90    30     0 -9999 -9999
1992 12 19 00   -17  -163 -9999    90    40     0 -9999     0
1992 12 19 06    43  -103 -9999   200    10     7 -9999     0
1992 12 19 09    47 -9999 -9999   220    20     1 -9999 -9999
1992 12 19 21   -80  -171 -9999   360    50     8 -9999 -9999
1992 12 20 06   -60  -277 -9999   270    20     0 -9999     0
1992 12 20 09   -90  -304 -9999     0     0     0 -9999 -9999
1992 12 21 00   -65  -177 -9999   160    20     0 -9999     0
1992 12 21 06     1  -216 -9999     0     0     1 -9999     0
1992 12 21 09    -2  -158 -9999     0     0     7 -9999 -9999
1992 12 21 21  -147  -188 -9999    20    70     7 -9999 -9999
1992 12 22 00 -9999 -9999 -9999    20    50     7 -9999     0
1992 12 22 09  -123  -226 -9999   340    30     0 -9999 -9999
1992 12 22 21  -161  -201 -9999   160    30     0 -9999 -9999
1992 12 23 00  -169  -208 -9999    70    20     0 -9999     0
1992 12 24 09   -41  -152 -9999     0     0     1 -9999 -9999
1992 12 25 09    17  -176 -9999    20    30     0 -9999 -9999
1992 12 25 21   -55  -158 -9999    20    30     0 -9999 -9999
1992 12 26 00   -55  -152 -9999    20    30     7 -9999     0
1992 12 26 06   -41  -127 -9999   360    40     6 -9999     0
1992 12 26 09   -43  -120 -9999   360    40     2 -9999 -9999
1992 12 26 21   -83  -114 -9999    90    20     0 -9999 -9999
1992 12 27 00   -95  -134 -9999   110    20     1 -9999     0
1992 12 27 09     8  -114 -9999     0     0     0 -9999 -9999
1992 12 28 21   -50  -102 -9999   140    40     0 -9999 -9999
1992 12 29 00   -27  -124 -9999   160    20     7 -9999     0
1992 12 29 09   -16  -116 -9999   340    50     0 -9999 -9999
1992 12 29 21   -72  -145 -9999    90    40     0 -9999 -9999
1992 12 30 00   -58  -157 -9999     0     0     0 -9999     0
1992 12 30 09     5  -109 -9999   360    20     0 -9999 -9999
1992 12 30 21   -80  -140 -9999   140 -9999     0 -9999 -9999
1992 12 31 00   -87  -115 -9999   160    30 -9999 -9999     0
1992 12 31 09   -32  -128 -9999   200    20     2 -9999 -9999
1992 12 31 21   -39  -134 -9999   140    20     0 -9999 -9999
