1984 01 01 06   -39  -160 -9999   220    30     0 -9999     0
1984 01 01 09   -38  -220 -9999   320    20     1 -9999 -9999
1984 01 01 21  -139  -200 -9999   360    30     0 -9999 -9999
1984 01 02 00  -152  -200 -9999    20    50     0 -9999     0
1984 01 02 06  -110  -210 -9999   340    30     0 -9999     0
1984 01 02 09  -108  -220 -9999    20    20     0 -9999 -9999
1984 01 02 21  -136  -231 -9999    90    30     0 -9999 -9999
1984 01 03 00  -154  -274 -9999   180    40     2 -9999     0
1984 01 03 06   -61  -258 -9999   250    20     7 -9999     0
1984 01 03 09   -73  -220 -9999    20    20     7 -9999 -9999
1984 01 03 21  -128  -292 -9999   110    30     0 -9999 -9999
1984 01 04 00  -126  -292 -9999    70    20     1 -9999     0
1984 01 04 06   -56  -220 -9999   320    20     2 -9999     0
1984 01 04 09   -58  -220 -9999   360    30     7 -9999 -9999
1984 01 04 21  -161  -231 -9999     0     0     0 -9999 -9999
1984 01 05 00  -151  -220 -9999    70    20     0 -9999     0
1984 01 05 09   -75  -244 -9999   340    20     0 -9999 -9999
1984 01 05 21  -118  -244 -9999    20    30     0 -9999 -9999
1984 01 06 00  -152  -258 -9999    70    20     0 -9999     0
1984 01 06 06   -38  -244 -9999   320    20     0 -9999     0
1984 01 06 09   -46  -258 -9999   320    20     0 -9999 -9999
1984 01 06 21  -127  -258 -9999    70    30     0 -9999 -9999
1984 01 07 06   -47  -231 -9999   220    30     0 -9999     0
1984 01 07 09   -37  -200 -9999     0     0     1 -9999 -9999
1984 01 07 21  -108  -200 -9999    70    20     0 -9999 -9999
1984 01 08 00  -134  -210 -9999    90    20     0 -9999     0
1984 01 08 06   -12  -191 -9999   200    20     0 -9999     0
1984 01 08 09     4  -175 -9999     0     0     0 -9999 -9999
1984 01 08 21   -77  -244 -9999    90    30     0 -9999 -9999
1984 01 09 00  -122  -258 -9999    90    20     0 -9999     0
1984 01 09 06   -16  -210 -9999   180    30     7 -9999     0
1984 01 09 09   -14  -210 -9999   220    20     6 -9999 -9999
1984 01 09 21   -95  -231 -9999   110    40     0 -9999 -9999
1984 01 10 00   -89  -258 -9999   110    40     1 -9999     0
1984 01 10 06    10  -244 -9999   220    40     0 -9999     0
1984 01 10 09    24  -191 -9999   180    20     0 -9999 -9999
1984 01 10 21  -105  -258 -9999     0     0     0 -9999 -9999
1984 01 11 09   -23  -210 -9999   360    30     1 -9999 -9999
1984 01 12 00   -87  -200 -9999   140    40     1 -9999     0
1984 01 12 06     8  -200 -9999   220    20     0 -9999     0
1984 01 12 09     7  -183 -9999   180    20     0 -9999 -9999
1984 01 12 21   -73  -231 -9999   140    40     0 -9999 -9999
1984 01 13 00   -73  -244 -9999   110    40     0 -9999     0
1984 01 13 06    28  -244 -9999   250    20     1 -9999     0
1984 01 13 09    29  -274 -9999   320    20     2 -9999 -9999
1984 01 13 21   -67  -210 -9999    20    20     6 -9999 -9999
1984 01 14 00   -82  -191 -9999    40    30     7 -9999     0
1984 01 14 06   -71  -175 -9999     0     0     7 -9999    -1
1984 01 14 09   -74  -154 -9999   360    20     7 -9999 -9999
1984 01 14 21  -152  -210 -9999     0     0     0 -9999 -9999
1984 01 15 06   -79  -210 -9999   320    20     0 -9999     0
1984 01 15 21  -133  -191 -9999    70    20     0 -9999 -9999
1984 01 16 00  -131  -175 -9999     0     0     1 -9999     0
1984 01 16 06   -57  -200 -9999   360    20     0 -9999     0
1984 01 16 09   -64  -200 -9999   320    30     0 -9999 -9999
1984 01 16 12  -108  -258 -9999   250    20     1 -9999     0
1984 01 16 21  -132  -244 -9999    90    20     0 -9999 -9999
1984 01 17 00  -133  -210 -9999    70    20     1 -9999     0
1984 01 17 06   -49  -191 -9999   360    30     1 -9999     0
1984 01 17 09   -59  -200 -9999   360    50     1 -9999 -9999
1984 01 17 21   -95  -183 -9999    40    30     7 -9999 -9999
1984 01 18 00  -114  -183 -9999   180    20     7 -9999     0
1984 01 18 09   -76  -191 -9999   360    50     7 -9999 -9999
1984 01 18 21  -111  -210 -9999     0     0     8 -9999 -9999
1984 01 19 00  -118  -200 -9999     0     0     7 -9999     0
1984 01 19 06   -75  -167 -9999   340    20     6 -9999     0
1984 01 19 09   -86  -210 -9999   360    20     1 -9999 -9999
1984 01 19 21  -140  -210 -9999     0     0     7 -9999 -9999
1984 01 20 00  -132  -210 -9999     0     0     7 -9999     0
1984 01 20 06   -96  -231 -9999   360    30     5 -9999     0
1984 01 20 09   -96  -220 -9999   360    30     2 -9999 -9999
1984 01 20 21  -152  -231 -9999    20    30     7 -9999 -9999
1984 01 21 00  -164  -258 -9999    40    30     1 -9999     0
1984 01 21 06  -107  -231 -9999   340    30     7 -9999     0
1984 01 21 09  -109  -258 -9999 -9999 -9999     1 -9999 -9999
1984 01 22 00  -179  -244 -9999    90    20     0 -9999     0
1984 01 22 06   -93  -210 -9999   340    20     7 -9999     0
1984 01 22 09   -99  -200 -9999     0     0     1 -9999 -9999
1984 01 23 00  -184  -258 -9999     0     0     0 -9999     0
1984 01 23 06   -98  -258 -9999   290    20     1 -9999     0
1984 01 23 09  -102  -210 -9999   360    20     1 -9999 -9999
1984 01 23 21  -171  -244 -9999    90    20     1 -9999 -9999
1984 01 24 00  -182  -244 -9999    90    30     1 -9999     0
1984 01 24 06   -92  -258 -9999   290    20     1 -9999     0
1984 01 24 09   -94  -200 -9999     0     0     7 -9999     0
1984 01 24 21  -174  -231 -9999    40    20     0 -9999 -9999
1984 01 25 00  -182  -231 -9999    90    30     1 -9999     0
1984 01 25 06   -78  -183 -9999   320    20     1 -9999     0
1984 01 25 21  -135  -220 -9999   110    30     0 -9999 -9999
1984 01 26 00  -156  -231 -9999    70    20     0 -9999     0
1984 01 26 06   -89  -220 -9999   140    40     0 -9999     0
1984 01 26 09   -97 -9999 -9999    20    80     4 -9999 -9999
1984 01 26 21  -176  -258 -9999     0     0     0 -9999 -9999
1984 01 27 00  -190  -258 -9999     0     0     1 -9999     0
1984 01 27 06  -107  -220 -9999   200    20     2 -9999     0
1984 01 27 21  -161  -258 -9999    70    30     0 -9999 -9999
1984 01 28 06  -146  -258 -9999   360    20     8 -9999 -9999
1984 01 28 21  -165  -210 -9999    90    20     2 -9999 -9999
1984 01 29 00  -164  -210 -9999     0     0     8 -9999     0
1984 01 29 06  -104  -210 -9999     0     0     7 -9999     0
1984 01 29 09   -97  -191 -9999     0     0     8 -9999 -9999
1984 01 29 21  -138  -200 -9999   140    40     0 -9999 -9999
1984 01 30 00  -128  -191 -9999   140    30     8 -9999     0
1984 01 30 06  -114  -191 -9999   360    30     8 -9999     0
1984 01 30 09  -120  -210 -9999     0     0     8 -9999 -9999
1984 01 30 21  -149  -244 -9999   140    30     0 -9999 -9999
1984 01 31 00   -82  -244 -9999   290    20     0 -9999     0
1984 01 31 09   -76  -274 -9999   320    40     0 -9999 -9999
1984 02 01 06   -99  -292 -9999     0     0     1 -9999     0
1984 02 01 09   -99  -274 -9999   360    20     0 -9999 -9999
1984 02 01 21  -171  -292 -9999     0     0     0 -9999 -9999
1984 02 02 06   -77  -274 -9999   200    30     0 -9999     0
1984 02 02 09   -66  -258 -9999     0     0     0 -9999 -9999
1984 02 02 21  -100  -231 -9999    70    30     7 -9999 -9999
1984 02 03 00   -92  -210 -9999    40    40     7 -9999     0
1984 02 03 06   -98  -231 -9999   320    20     8 -9999     0
1984 02 03 09  -103  -292 -9999   360    20     8 -9999 -9999
1984 02 03 21  -150  -258 -9999     0     0     0 -9999 -9999
1984 02 04 00  -138  -274 -9999    40    20     8 -9999     0
1984 02 04 06   -64  -274 -9999   360    30     7 -9999     0
1984 02 04 09   -62  -258 -9999   360    30     8 -9999 -9999
1984 02 04 21  -101  -292 -9999     0     0     7 -9999 -9999
1984 02 05 00  -126  -313 -9999   180    20     8 -9999     0
1984 02 05 06   -86  -292 -9999   180    40     7 -9999     0
1984 02 05 09   -94  -292 -9999    20    50     7 -9999 -9999
1984 02 05 21  -171  -313 -9999    90    20     0 -9999 -9999
1984 02 06 00  -192  -339 -9999     0     0     1 -9999     0
1984 02 06 06   -85 -9999 -9999   270    30     0 -9999     0
1984 02 06 09   -87  -313 -9999   360    30     0 -9999 -9999
1984 02 06 21  -150  -339 -9999   140    30     0 -9999 -9999
1984 02 07 00  -148  -292 -9999    90    20     0 -9999     0
1984 02 07 06   -45  -258 -9999   360    40     0 -9999     0
1984 02 07 09   -51  -258 -9999   360    50     0 -9999 -9999
1984 02 07 21 -9999 -9999 -9999   110    30     0 -9999 -9999
1984 02 08 00  -140  -274 -9999    90    20     0 -9999     0
1984 02 08 06   -53  -231 -9999   320    30     2 -9999     0
1984 02 08 09   -27  -258 -9999   290    20     1 -9999 -9999
1984 02 08 21   -70  -244 -9999    70    30     8 -9999 -9999
1984 02 09 00   -75  -220 -9999    70    20     8 -9999     0
1984 02 09 06   -61  -231 -9999    20    30     8 -9999     0
1984 02 09 09   -86  -274 -9999   360    20     8 -9999 -9999
1984 02 09 21  -132  -160 -9999   160    20     8 -9999 -9999
1984 02 10 00  -159  -191 -9999   140    20     6 -9999    -1
1984 02 10 06 -9999 -9999 -9999     0     0     2 -9999     0
1984 02 10 09   -37  -220 -9999   140    20     0 -9999 -9999
1984 02 10 21 -9999 -9999 -9999    90    30     0 -9999 -9999
1984 02 11 00  -108  -200 -9999    90    20     0 -9999     0
1984 02 11 06   -15  -175 -9999   220    30     0 -9999     0
1984 02 11 09     3  -167 -9999   270    20     0 -9999 -9999
1984 02 11 21   -86  -210 -9999   110    40     0 -9999 -9999
1984 02 12 06    12  -175 -9999    20    40     7 -9999     0
1984 02 13 00   -79  -191 -9999    90    20     7 -9999     0
1984 02 13 06    -7  -183 -9999   220    30     7 -9999     0
1984 02 13 09   -10  -200 -9999    20    40     7 -9999 -9999
1984 02 13 21   -36  -154 -9999   160    40     2 -9999 -9999
1984 02 14 00   -25  -154 -9999   140    40     1 -9999     0
1984 02 14 06    32  -130 -9999   360    30     1 -9999     0
1984 02 14 09    44  -160 -9999   360    40     1 -9999 -9999
1984 02 14 21 -9999 -9999 -9999   110    30     2 -9999 -9999
1984 02 15 00   -58  -191 -9999     0     0     0 -9999     0
1984 02 15 09     9  -200 -9999   360    70     1 -9999 -9999
1984 02 15 21   -84  -210 -9999   360    60     8 -9999 -9999
1984 02 16 00   -95  -200 -9999   340   160     7 -9999     0
1984 02 16 06   -64  -231 -9999   360    70     7 -9999     0
1984 02 16 09   -66  -292 -9999   340    70     1 -9999 -9999
1984 02 16 21  -146  -274 -9999    90    20     0 -9999 -9999
1984 02 17 00  -168  -292 -9999     0     0     0 -9999     0
1984 02 17 06   -74  -258 -9999   320    30     0 -9999     0
1984 02 17 09   -51  -231 -9999    40    20     0 -9999 -9999
1984 02 18 00  -112  -274 -9999   160    20     1 -9999     0
1984 02 18 09   -28  -200 -9999   340    30     1 -9999 -9999
1984 02 18 21   -85  -210 -9999     0     0     7 -9999 -9999
1984 02 19 00   -94  -231 -9999   140    20     1 -9999     0
1984 02 19 06    -9  -210 -9999   340    50     7 -9999     0
1984 02 19 09     3  -220 -9999   360    40     7 -9999 -9999
1984 02 19 21   -61  -200 -9999    90    20     7 -9999 -9999
1984 02 20 00   -64  -210 -9999    90    20     7 -9999     0
1984 02 20 06    34  -105 -9999   320    30     2 -9999     0
1984 02 20 09    16  -130 -9999   360    40     7 -9999 -9999
1984 02 20 21   -17  -124 -9999   220    30     8 -9999 -9999
1984 02 21 00   -51  -154 -9999   250    30     8 -9999    -1
1984 02 21 06   -75  -105 -9999   360    40     8 -9999    20
1984 02 21 09   -67  -141 -9999    40    30     8 -9999 -9999
1984 02 21 21   -91  -167 -9999   360    20     8 -9999 -9999
1984 02 22 00   -94  -183 -9999   360    10     8 -9999     0
1984 02 22 09   -64  -191 -9999     0     0     2 -9999 -9999
1984 02 22 18   -86  -191 -9999    40    20     0 -9999 -9999
1984 02 23 00   -90  -160 -9999   140    30     8 -9999     0
1984 02 23 09   -34  -141 -9999    20    20     8 -9999 -9999
1984 02 23 21   -60  -124 -9999   320    20     8 -9999 -9999
1984 02 24 00   -70  -135 -9999     0     0     8 -9999    -1
1984 02 24 06   -50  -167 -9999    20    30     8 -9999     0
1984 02 24 21  -101  -220 -9999   360    30     8 -9999 -9999
1984 02 25 00  -106  -244 -9999   360    40     8 -9999     0
1984 02 25 06   -78  -220 -9999   320    30     7 -9999     0
1984 02 25 09   -75  -258 -9999   360    20     1 -9999 -9999
1984 02 25 21  -121  -244 -9999   110    30     0 -9999 -9999
1984 02 26 00  -110  -231 -9999   110    30     0 -9999     0
1984 02 26 06   -19  -183 -9999   360    40     0 -9999     0
1984 02 26 09   -20  -231 -9999   360    40     1 -9999 -9999
1984 02 27 00   -98  -231 -9999    70    20     2 -9999 -9999
1984 02 27 06   -33  -244 -9999   360    50     0 -9999     0
1984 02 27 09   -49  -244 -9999   340    70     7 -9999 -9999
1984 02 27 21  -146  -374 -9999    20    20     0 -9999 -9999
1984 02 28 00  -164  -339 -9999    40    20     0 -9999     0
1984 02 28 06   -93  -374 -9999   320    20     0 -9999     0
1984 02 28 09   -73  -313 -9999   320    30     0 -9999 -9999
1984 02 29 00  -113  -374 -9999     0     0     1 -9999     0
1984 02 29 06   -37  -292 -9999   320    70     2 -9999     0
1984 02 29 21   -98  -313 -9999     0     0     0 -9999 -9999
1984 03 01 00  -105  -339 -9999    90    20     0 -9999     0
1984 03 01 06    -3  -258 -9999   320    50     0 -9999     0
1984 03 01 09    15  -244 -9999   320    90     0 -9999 -9999
1984 03 01 21   -84  -231 -9999    70    20     0 -9999 -9999
1984 03 02 00  -109  -231 -9999    40    20     0 -9999     0
1984 03 02 06     0  -175 -9999   320    40     0 -9999     0
1984 03 02 09     0  -183 -9999   290    20     0 -9999 -9999
1984 03 02 21   -57  -191 -9999   140    50     0 -9999 -9999
1984 03 03 00   -57  -210 -9999   140    40     0 -9999     0
1984 03 03 06    22  -231 -9999   200    30     2 -9999     0
1984 03 03 09    39  -210 -9999   290    20     7 -9999 -9999
1984 03 03 21   -68  -231 -9999    70    30     0 -9999 -9999
1984 03 04 00   -76  -258 -9999   110    30     0 -9999     0
1984 03 04 06    36  -191 -9999   250    20     1 -9999     0
1984 03 04 09    42  -175 -9999   340    20     1 -9999 -9999
1984 03 04 21   -39  -244 -9999   110    40     1 -9999 -9999
1984 03 05 00   -44  -244 -9999   110    30     1 -9999     0
1984 03 05 06    52  -191 -9999   340    30     2 -9999 -9999
1984 03 05 09    66  -167 -9999   340    30     0 -9999 -9999
1984 03 05 21   -52  -210 -9999    70    30     0 -9999 -9999
1984 03 06 00   -39  -210 -9999   290    30     7 -9999     0
1984 03 06 06    27  -183 -9999   360    30     7 -9999     0
1984 03 06 09    24 -9999 -9999   360    40     1 -9999 -9999
1984 03 06 21   -46  -191 -9999   110    40     0 -9999 -9999
1984 03 07 00   -57  -191 -9999    70    30     1 -9999     0
1984 03 07 09    39  -160 -9999    20    70     7 -9999 -9999
1984 03 07 21   -13  -210 -9999   110    30     7 -9999 -9999
1984 03 08 00   -36  -191 -9999    40    50     8 -9999     0
1984 03 08 09   -26  -135 -9999    20    50     3 -9999 -9999
1984 03 08 21   -77  -175 -9999   140    20     1 -9999 -9999
1984 03 09 00   -84  -160 -9999   200    20     7 -9999     0
1984 03 09 09   -17  -200 -9999   320    40     2 -9999 -9999
1984 03 10 00   -93  -160 -9999   110    40     1 -9999     0
1984 03 10 06    12  -154 -9999   290    40     7 -9999     0
1984 03 10 09    27  -154 -9999   290    40     1 -9999 -9999
1984 03 10 21   -65  -200 -9999   110    30     0 -9999 -9999
1984 03 11 00   -49  -200 -9999   110    40     0 -9999     0
1984 03 12 00   -39  -210 -9999    90    30     7 -9999     0
1984 03 12 06    14  -210 -9999    20    30     8 -9999     0
1984 03 12 21   -16  -175 -9999 -9999 -9999     8 -9999 -9999
1984 03 13 06    31   -83 -9999   220    30     7 -9999     0
1984 03 13 21    33  -109 -9999   160    50     7 -9999 -9999
1984 03 14 00 -9999 -9999 -9999   140    30     8 -9999     0
1984 03 14 06    30  -114 -9999   360    50     8 -9999     0
1984 03 14 09    39  -100 -9999   340    70     7 -9999 -9999
1984 03 15 09     3  -292 -9999    20    50     7 -9999 -9999
1984 03 15 21   -38  -231 -9999   110    40     0 -9999 -9999
1984 03 16 00   -24  -200 -9999   110    30     0 -9999     0
1984 03 16 06    66  -147 -9999 -9999 -9999     7 -9999     0
1984 03 16 09    83  -124 -9999   320    20     7 -9999 -9999
1984 03 16 21    24  -167 -9999   110    30     7 -9999 -9999
1984 03 17 00    27  -160 -9999    70    30     2 -9999     0
1984 03 17 06   121  -175 -9999   320    50     7 -9999     0
1984 03 17 09   126  -175 -9999   340    70     6 -9999 -9999
1984 03 17 21    -7  -191 -9999   360    70     8 -9999 -9999
1984 03 18 00   -23  -167 -9999    20    70     8 -9999     0
1984 03 18 06    18  -200 -9999    20    60     7 -9999     0
1984 03 18 09    26  -200 -9999   360    50     1 -9999 -9999
1984 03 19 00   -46  -191 -9999     0     0     1 -9999     0
1984 03 19 06    42  -210 -9999   320    40     0 -9999     0
1984 03 19 21   -37  -274 -9999    90    30     0 -9999 -9999
1984 03 20 00   -32  -258 -9999   110    20     5 -9999     0
1984 03 20 06    64  -258 -9999   360    80     7 -9999     0
1984 03 20 21   -23  -231 -9999   140    30     0 -9999 -9999
1984 03 21 00    10  -191 -9999   160    30     7 -9999     0
1984 03 21 06    79  -200 -9999   290    50     7 -9999     0
1984 03 21 21    27  -147 -9999    90    20     7 -9999 -9999
1984 03 22 06    55   -92 -9999   290    20     8 -9999     0
1984 03 22 09    64  -100 -9999   320    90     8 -9999 -9999
1984 03 22 21 -9999 -9999 -9999    70    20     0 -9999 -9999
1984 03 23 09    36  -191 -9999     0     0     1 -9999 -9999
1984 03 23 21   -50  -167 -9999   110    30     1 -9999 -9999
1984 03 24 00   -46  -191 -9999    70    20     1 -9999     0
1984 03 24 06    46  -160 -9999    20    40     2 -9999     0
1984 03 24 09    52  -160 -9999   340    50     6 -9999 -9999
1984 03 24 21   -30  -200 -9999   340    30     1 -9999 -9999
1984 03 25 00   -46  -231 -9999   110    30     0 -9999     0
1984 03 25 01    64  -175 -9999   250    70     7 -9999     0
1984 03 25 09    66  -135 -9999   290    50     7 -9999 -9999
1984 03 26 00    -5  -231 -9999    90    30     1 -9999     0
1984 03 26 09    76  -175 -9999   360    40     1 -9999 -9999
1984 03 27 00    19  -210 -9999   140    40     1 -9999     0
1984 03 27 06    91  -258 -9999   340    80     4 -9999     0
1984 03 27 09    92  -292 -9999   320    40     0 -9999 -9999
1984 03 27 21    44  -210 -9999   160    50     0 -9999 -9999
1984 03 28 00    58  -141 -9999   160    40     0 -9999     0
1984 03 28 06   158  -147 -9999   200    50     7 -9999     0
1984 03 28 09   177  -167 -9999   290    60     8 -9999 -9999
1984 03 28 21    46 -9999 -9999   110    30     0 -9999 -9999
1984 03 29 00    57  -191 -9999   110    30     0 -9999     0
1984 03 29 09   166  -119 -9999   340    60     8 -9999 -9999
1984 03 29 21    56    12 -9999   360    40     8 -9999 -9999
1984 03 30 00    38    24 -9999    70    20     8 -9999    20
1984 03 30 06   113    -3 -9999   320    50     7 -9999    -1
1984 03 30 09   120   -61 -9999   320    70     5 -9999 -9999
1984 03 31 00    31   -92 -9999    90    40     1 -9999     0
1984 03 31 06   125  -119 -9999   340    30     4 -9999     0
1984 03 31 09   124  -124 -9999   360    20     7 -9999 -9999
1984 03 31 21    74   -39 -9999   160    30     1 -9999 -9999
1984 04 01 00    88    18 -9999   200    50 -9999 -9999     0
1984 04 01 06   108  -100 -9999    60    60     7 -9999     0
1984 04 01 09    86  -154 -9999   340    60     8 -9999 -9999
1984 04 01 21    37  -189 -9999 -9999 -9999     7 -9999 -9999
1984 04 02 00    29  -135 -9999    90    20     7 -9999     0
1984 04 02 06   113  -191 -9999     0     0     4 -9999     0
1984 04 02 09   119  -167 -9999   340    40     2 -9999 -9999
1984 04 02 21    63  -124 -9999    90    30     7 -9999 -9999
1984 04 03 00    68   -79 -9999    70    30     7 -9999     0
1984 04 03 06    90    -1 -9999   160    40 -9999 -9999    -1
1984 04 03 21    26     6 -9999   160    30     7 -9999 -9999
1984 04 04 00    37   -13 -9999 -9999 -9999     7 -9999     0
1984 04 04 06    76  -175 -9999   360    70     7 -9999     0
1984 04 04 21   -40  -191 -9999    40    50     0 -9999 -9999
1984 04 05 00   -57  -147 -9999   180    40     7 -9999     0
1984 04 05 06    28  -167 -9999   200    20     7 -9999     0
1984 04 05 09    41  -154 -9999   320    20     7 -9999 -9999
1984 04 05 21     7  -130 -9999   140    20     0 -9999 -9999
1984 04 06 00    14   -76 -9999   110    20     1 -9999     0
1984 04 06 21    52   -87 -9999   110    30     0 -9999 -9999
1984 04 07 00    69   -68 -9999 -9999 -9999     7 -9999     0
1984 04 07 09   113  -160 -9999   340    70     8 -9999 -9999
1984 04 07 21   -10   -52 -9999   110    30     7 -9999 -9999
1984 04 08 09   120  -100 -9999   200    30     7 -9999 -9999
1984 04 08 21    38  -141 -9999    90    30     1 -9999 -9999
1984 04 09 00    65  -154 -9999    90    20     7 -9999     0
1984 04 09 06   144   -92 -9999    20    60     7 -9999     0
1984 04 09 09   145   -96 -9999   360    80     7 -9999 -9999
1984 04 10 00    86   -42 -9999   140    30     7 -9999     0
1984 04 10 09   152  -105 -9999   160    70     7 -9999 -9999
1984 04 10 21    90     1 -9999     0     0     8 -9999 -9999
1984 04 11 00    83    21 -9999     0     0     7 -9999     0
1984 04 11 06   148 -9999 -9999   360    60     5 -9999    20
1984 04 11 09   160   -42 -9999   320    80     7 -9999 -9999
1984 04 11 21    57   -92 -9999    70    30     0 -9999 -9999
1984 04 12 00    86  -100 -9999    70    20     0 -9999     0
1984 04 12 06   168  -141 -9999   340    20     1 -9999     0
1984 04 12 21   108 -9999 -9999   110    40     1 -9999 -9999
1984 04 13 00   127  -109 -9999   160    30     1 -9999     0
1984 04 13 06 -9999 -9999 -9999   290    50     7 -9999     0
1984 04 13 09   229  -109 -9999   290    50     7 -9999 -9999
1984 04 13 21   164  -109 -9999   140    40     2 -9999 -9999
1984 04 14 00   160   -61 -9999   160    40     7 -9999     0
1984 04 14 06   255   -72 -9999   250    50     7 -9999     0
1984 04 14 09 -9999 -9999 -9999   340    20     7 -9999 -9999
1984 04 14 21   116   -48 -9999    20    40     7 -9999 -9999
1984 04 15 00   109   -52 -9999   250    30     7 -9999     0
1984 04 15 09   181  -119 -9999    20    90     7 -9999 -9999
1984 04 16 00    80    -8 -9999   340    50     8 -9999    -1
1984 04 16 06   131  -124 -9999   360    60     7 -9999     0
1984 04 16 21    52  -105 -9999    20    50     7 -9999 -9999
1984 04 17 00    58  -220 -9999    20    40     8 -9999     0
1984 04 17 06   100  -175 -9999     0     0     7 -9999     0
1984 04 17 09   109  -200 -9999   360    30     7 -9999 -9999
1984 04 17 21    54   -10 -9999   160    30     2 -9999 -9999
1984 04 18 00    60    -6 -9999   160    40     2 -9999     0
1984 04 18 09   169  -114 -9999   200    70     1 -9999 -9999
1984 04 19 00   135   -39 -9999   180    30     7 -9999     0
1984 04 19 06   173     8 -9999   360    40     7 -9999     0
1984 04 19 09   127   -58 -9999   340   130     9 -9999 -9999
1984 04 20 00    14  -200 -9999    20    20     8 -9999     0
1984 04 20 09    50 -9999 -9999   140    20     8 -9999 -9999
1984 04 20 21    21  -114 -9999   110    30     0 -9999 -9999
1984 04 21 00    42   -72 -9999   180    20     0 -9999     0
1984 04 21 06   130  -114 -9999   250    30     0 -9999     0
1984 04 21 09   150  -175 -9999   220    40     0 -9999 -9999
1984 04 21 21    80  -183 -9999   110    40     0 -9999 -9999
1984 04 22 00   111  -160 -9999    90    30     1 -9999     0
1984 04 22 06   185  -175 -9999   200    20     7 -9999     0
1984 04 22 09   188  -160 -9999   220    50     7 -9999 -9999
1984 04 22 12 -9999 -9999 10074    20   300     2 -9999 -9999
1984 04 22 21    88  -109 -9999   110    40     7 -9999 -9999
1984 04 23 00   112   -87 -9999   110    30     7 -9999     0
1984 04 23 01   199  -191 -9999   340    50     7 -9999     0
1984 04 23 09   186  -124 -9999   360    60     8 -9999 -9999
1984 04 23 21   107   -28 -9999   160    30     8 -9999 -9999
1984 04 24 00   120   -61 -9999   160    30     7 -9999     0
1984 04 24 06   206  -160 -9999   320    40     7 -9999     0
1984 04 24 09   222  -141 -9999 -9999 -9999     1 -9999 -9999
1984 04 24 21   166  -191 -9999   140    50     1 -9999 -9999
1984 04 25 00   206  -175 -9999   160    50     0 -9999     0
1984 04 25 06   273   -58 -9999   250    50     0 -9999     0
1984 04 25 09   146  -167 -9999   340   110     9 -9999 -9999
1984 04 25 21    -3  -244 -9999   340    70     8 -9999 -9999
1984 04 26 00    -6  -244 -9999    20    40     8 -9999     0
1984 04 26 09    68  -191 -9999     0     0     1 -9999 -9999
1984 04 27 00    54  -220 -9999    70    20     0 -9999     0
1984 04 27 21    16  -210 -9999    90    30     0 -9999 -9999
1984 04 28 00    62  -244 -9999    90    20     0 -9999     0
1984 04 28 06   140  -250 -9999    70    20     7 -9999     0
1984 04 28 09   152  -231 -9999   340    20     2 -9999 -9999
1984 04 29 00   108  -210 -9999    70    20     0 -9999     0
1984 04 29 06   193 -9999 -9999    20    20     0 -9999     0
1984 04 29 09   190 -9999 -9999    20    30     0 -9999 -9999
1984 04 29 21   126 -9999 -9999    90    30     2 -9999 -9999
1984 04 30 00   160  -191 -9999   160    40     7 -9999     0
1984 04 30 09   213   -55 -9999   140   110     7 -9999 -9999
1984 04 30 21   180    12 -9999   140    40     8 -9999 -9999
1984 05 01 00    87 -9999 -9999   360    60     8 -9999     0
1984 05 01 06    33    18 -9999    20    80     8 -9999    80
1984 05 01 09     0    -3 -9999   340    50     8 -9999 -9999
1984 05 01 21    24    24 -9999   340    50     8 -9999 -9999
1984 05 02 00    23    22 -9999   360    60     8 -9999     0
1984 05 02 06   105    28 -9999   320    30     7 -9999     0
1984 05 02 09   132    39 -9999   320    20     7 -9999 -9999
1984 05 03 00    91    24 -9999   180    20     7 -9999     0
1984 05 03 06   176    -6 -9999   220    40     7 -9999     0
1984 05 03 09   190    -8 -9999     0     0     7 -9999 -9999
1984 05 04 00   141   -26 -9999   160    30     7 -9999     0
1984 05 04 06   208  -124 -9999   160    80     7 -9999     0
1984 05 04 09   200  -175 -9999   200    70     7 -9999 -9999
1984 05 05 00   144   -20 -9999   180    40     7 -9999     0
1984 05 05 06   216   -79 -9999    90    40     6 -9999     0
1984 05 05 09   224   -45 -9999    40    30     2 -9999 -9999
1984 05 05 21   130   -26 -9999    90    30     0 -9999 -9999
1984 05 06 00   163   -18 -9999   140    20     7 -9999     0
1984 05 06 06   234   -72 -9999   200    50     7 -9999     0
1984 05 06 09   229   -96 -9999   180    50     7 -9999 -9999
1984 05 06 21   158   -42 -9999   110    30     0 -9999 -9999
1984 05 07 00   175   -23 -9999   180    30     1 -9999     0
1984 05 07 06   246   -45 -9999   220    50     1 -9999     0
1984 05 07 09   263   -76 -9999   270    30     2 -9999 -9999
1984 05 07 21   154  -105 -9999    90    30     0 -9999 -9999
1984 05 08 00   199   -61 -9999   110    30     2 -9999     0
1984 05 08 06   272  -105 -9999   290    10     2 -9999     0
1984 05 08 09   273   -87 -9999   200    30     7 -9999 -9999
1984 05 08 21   196   -39 -9999    90    40     0 -9999 -9999
1984 05 09 00   209   -18 -9999   180    30     7 -9999     0
1984 05 09 21   186    10 -9999    20    30     8 -9999 -9999
1984 05 10 21   135     6 -9999    40    20     7 -9999 -9999
1984 05 11 00   119    24 -9999    40    20     7 -9999     0
1984 05 11 06   195   -15 -9999   360    90     7 -9999     0
1984 05 11 09   179   -39 -9999   360    80     8 -9999 -9999
1984 05 11 21 -9999 -9999 -9999    40    30     1 -9999 -9999
1984 05 12 00   122    16 -9999   180    20     0 -9999     0
1984 05 12 06   185   -31 -9999   320    30     5 -9999     0
1984 05 12 09   191   -45 -9999   340    30     2 -9999 -9999
1984 05 12 21   142   -96 -9999   110    50     0 -9999 -9999
1984 05 13 00   167   -39 -9999    70    20     0 -9999     0
1984 05 13 06   214   -28 -9999   200    40     7 -9999     0
1984 05 13 09   197   -79 -9999   360    90     8 -9999 -9999
1984 05 13 21 -9999 -9999 -9999 -9999 -9999     8 -9999 -9999
1984 05 14 00   110    18 -9999   200    30     8 -9999    -1
1984 05 14 06   130 -9999 -9999   200    40     8 -9999    -1
1984 05 14 09   133   -15 -9999   200    40     8 -9999 -9999
1984 05 14 21 -9999 -9999 -9999   110    20     1 -9999 -9999
1984 05 15 00    92    18 -9999   320    20     2 -9999     0
1984 05 15 06   172   -28 -9999   160    40     1 -9999     0
1984 05 16 00   142    32 -9999     0     0     8 -9999     0
1984 05 16 06   197    41 -9999   220    50     6 -9999     0
1984 05 16 09   171    62 -9999   160    30     7 -9999 -9999
1984 05 16 21   104    39 -9999   110    20     0 -9999 -9999
1984 05 17 00   156    54 -9999    70    20     0 -9999    -1
1984 05 17 06   215   -55 -9999   340    50     2 -9999     0
1984 05 17 09   231   -23 -9999   320    40     2 -9999 -9999
1984 05 18 00   195   -37 -9999   140    70     1 -9999     0
1984 05 18 06   222   -26 -9999    90    70     7 -9999     0
1984 05 18 09   232   -10 -9999   140    70     7 -9999 -9999
1984 05 18 21   168    49 -9999   180    50     7 -9999 -9999
1984 05 19 00   181    51 -9999   180    40     7 -9999     0
1984 05 19 06 -9999 -9999 -9999    20    70     8 -9999    -1
1984 05 19 09   184    39 -9999    40    80     8 -9999 -9999
1984 05 20 00   128    71 -9999   140    20     1 -9999     0
1984 05 20 06   208    48 -9999     0     0     7 -9999     0
1984 05 20 09   270    26 -9999   360    20     7 -9999 -9999
1984 05 21 00   118   -87 -9999   340    20     1 -9999     0
1984 05 21 06   177 -9999 -9999   290    20     7 -9999     0
1984 05 21 09   191   -96 -9999   270    20     6 -9999 -9999
1984 05 21 21   116   -31 -9999   140    30     7 -9999 -9999
1984 05 22 00   140   -28 -9999   180    30     8 -9999     0
1984 05 22 21 -9999 -9999 -9999     0     0     7 -9999 -9999
1984 05 23 00   125    78 -9999   320    30     7 -9999     0
1984 05 23 06   217   -76 -9999   200    30     7 -9999     0
1984 05 23 09   234   -45 -9999   340    30     7 -9999 -9999
1984 05 23 21   122    32 -9999   180    30     5 -9999 -9999
1984 05 24 00   134    44 -9999   200    20     7 -9999     0
1984 05 24 06   197    30 -9999   320    20     7 -9999     0
1984 05 24 09   220   -39 -9999   320    50     6 -9999 -9999
1984 05 24 21   142    10 -9999    90    20     2 -9999 -9999
1984 05 25 00   152    10 -9999   180    50     7 -9999     0
1984 05 25 06   178   -92 -9999   340    30     7 -9999     0
1984 05 25 09   207   -83 -9999   340    40     1 -9999 -9999
1984 05 26 00   157   -52 -9999     0     0     0 -9999     0
1984 05 26 06   220  -109 -9999     0     0     1 -9999     0
1984 05 26 09   234  -124 -9999     0     0     1 -9999 -9999
1984 05 26 21   122  -124 -9999    90    30     0 -9999 -9999
1984 05 27 00   186   -28 -9999    40    20     1 -9999     0
1984 05 27 06   236  -130 -9999   270    30     4 -9999     0
1984 05 27 09   244  -119 -9999    20    50     4 -9999 -9999
1984 05 28 00   188   -26 -9999   160    20     7 -9999     0
1984 05 28 06   229   -68 -9999   360    40     7 -9999     0
1984 05 28 09   230   -34 -9999   360    30     2 -9999 -9999
1984 05 28 12   176  -134 -9999   340    70     7 -9999     0
1984 05 28 21   154    28 -9999   110    40     7 -9999 -9999
1984 05 29 00   185    28 -9999     0     0     7 -9999    -1
1984 05 29 06   209    21 -9999    40    20     2 -9999    -1
1984 05 29 09   222    -6 -9999   270    20     2 -9999 -9999
1984 05 30 00   187   -10 -9999   110    20     6 -9999     0
1984 05 30 06   250    12 -9999   200    80     7 -9999     0
1984 05 30 09   238    30 -9999   160    30     7 -9999 -9999
1984 05 31 00   193    51 -9999   180    40     7 -9999     0
1984 05 31 06   261   -13 -9999   200    30     7 -9999     0
1984 05 31 09   283     4 -9999   220    30     7 -9999 -9999
1984 05 31 21   183    37 -9999   160    30     2 -9999 -9999
1984 06 01 00   191    48 -9999   200    40     7 -9999     0
1984 06 01 06   274    -1 -9999     0     0     7 -9999     0
1984 06 01 09   284   -37 -9999   320    60     4 -9999 -9999
1984 06 02 00   224    24 -9999   180    30     1 -9999     0
1984 06 02 06   298    -6 -9999   290    80     7 -9999     0
1984 06 02 09   307   -15 -9999   320    80     7 -9999 -9999
1984 06 03 00   165    91 -9999   110    20     7 -9999     5
1984 06 03 06   252    48 -9999   340    50     7 -9999     1
1984 06 03 09   275    36 -9999   340    30     7 -9999 -9999
1984 06 04 00   221    36 -9999    20    50     2 -9999     0
1984 06 04 06   258    10 -9999   340    80     7 -9999     0
1984 06 04 09   253   -28 -9999   360    80     8 -9999 -9999
1984 06 04 21   162   -20 -9999    20    30     8 -9999 -9999
1984 06 05 00   162    12 -9999     0     0     8 -9999     0
1984 06 05 06   171   -45 -9999   340    30     8 -9999     0
1984 06 06 00   152     1 -9999   180    30     0 -9999     0
1984 06 06 06   230   -39 -9999   220    90     1 -9999     0
1984 06 06 09   240   -48 -9999   200    50     0 -9999 -9999
1984 06 06 21    80   -34 -9999 -9999 -9999     4 -9999 -9999
1984 06 07 00   185     1 -9999   200    30     8 -9999     0
1984 06 07 06   209   -55 -9999   340    60     8 -9999     0
1984 06 07 09   181   -31 -9999   340    80     8 -9999 -9999
1984 06 07 21 -9999 -9999 -9999    90    20     0 -9999 -9999
1984 06 08 00   121    36 -9999     0     0     0 -9999     0
1984 06 08 06   198    -8 -9999   200    30     1 -9999     0
1984 06 08 09   236   -92 -9999   290    40     1 -9999 -9999
1984 06 08 21   113   -72 -9999    90    30     0 -9999 -9999
1984 06 09 00   181   -55 -9999   140    30     0 -9999     0
1984 06 09 06   255   -48 -9999   270    50     1 -9999     0
1984 06 09 09   261   -96 -9999   320    20     2 -9999 -9999
1984 06 09 21   161  -105 -9999   110    40     1 -9999 -9999
1984 06 10 00 -9999 -9999 -9999   110    20     1 -9999     0
1984 06 10 06   270  -130 -9999   140    40     7 -9999     0
1984 06 10 09   294   -96 -9999   110    30     5 -9999 -9999
1984 06 10 21   186 -9999 -9999    90    30 -9999 -9999 -9999
1984 06 11 00   228    -3 -9999   160    20     2 -9999     0
1984 06 11 06   296    44 -9999   220    20     7 -9999     0
1984 06 11 09   305    14 -9999   250    40     7 -9999 -9999
1984 06 12 00   205    81 -9999    90    60     7 -9999 -9999
1984 06 12 06   235    96 -9999   110    20     7 -9999    10
1984 06 12 09   268   101 -9999   180    50     7 -9999 -9999
1984 06 13 00   148   145 -9999    20    30     8 -9999    10
1984 06 13 06   172   146 -9999   290    20     8 -9999    30
1984 06 14 00   123    91 -9999   360    50     8 -9999    30
1984 06 14 06   167    26 -9999    20    50     7 -9999     0
1984 06 14 09   198     4 -9999   360    50     1 -9999 -9999
1984 06 14 21   105    37 -9999   110    30     0 -9999 -9999
1984 06 15 00   168    12 -9999   160    30     0 -9999     0
1984 06 15 09   248     8 -9999     0     0     2 -9999 -9999
1984 06 15 20 -9999 -9999 -9999   110    40     1 -9999 -9999
1984 06 16 00   210    12 -9999   140    10     6 -9999     0
1984 06 16 06   263   -10 -9999   320    40     7 -9999     0
1984 06 16 21   159 -9999 -9999   200    60     8 -9999 -9999
1984 06 17 00   124    75 -9999   220    50     8 -9999     0
1984 06 17 06   126   111 -9999   220    30     8 -9999    10
1984 06 17 21   121    98 -9999 -9999 -9999     7 -9999 -9999
1984 06 18 00   131    94 -9999   340    30     7 -9999     0
1984 06 18 06   174    85 -9999    20    50     5 -9999    -1
1984 06 18 09   195    75 -9999   360    50     1 -9999 -9999
1984 06 19 00   162    82 -9999    40    20     7 -9999     0
1984 06 19 06   221    74 -9999   340    20     7 -9999     0
1984 06 19 09   231    65 -9999   340    20     7 -9999 -9999
1984 06 19 21   140   124 -9999     0     0     8 -9999 -9999
1984 06 20 00   147   117 -9999    20    20     8 -9999    10
1984 06 20 06   161   125 -9999    20    30     8 -9999     5
1984 06 20 09   180   121 -9999   290    20     7 -9999 -9999
1984 06 20 21   141   132 -9999     0     0     8 -9999 -9999
1984 06 21 00   146   133 -9999     0     0     8 -9999     1
1984 06 21 06   190   144 -9999   360    30     7 -9999     5
1984 06 21 09   193   148 -9999    20    40     7 -9999 -9999
1984 06 21 21   159   145 -9999 -9999 -9999     0 -9999 -9999
1984 06 22 00   173   151 -9999     0     0     7 -9999     0
1984 06 22 06   213   138 -9999    20    30     7 -9999    -1
1984 06 22 09   197   149 -9999   160    40     7 -9999 -9999
1984 06 23 00   153   151 -9999   290    40     8 -9999    90
1984 06 23 06   199   133 -9999   340    20     7 -9999     5
1984 06 23 09   218    80 -9999   340    50     7 -9999 -9999
1984 06 23 21   158   118 -9999   360    30     5 -9999 -9999
1984 06 24 00   158   137 -9999   360    30     7 -9999     0
1984 06 24 06   204    94 -9999    40    60     7 -9999     0
1984 06 24 09   224    54 -9999    20    50     2 -9999 -9999
1984 06 24 21   142    88 -9999   110    30     4 -9999 -9999
1984 06 25 00   171   101 -9999   110    20     7 -9999     0
1984 06 25 06   246    26 -9999   160    30     7 -9999     0
1984 06 25 09   256   -20 -9999    20    20     7 -9999 -9999
1984 06 25 21 -9999 -9999 -9999   110    30     7 -9999 -9999
1984 06 26 00   195    67 -9999    90    20     7 -9999     0
1984 06 26 06   248    26 -9999   200    20     7 -9999     0
1984 06 26 09   223    43 -9999   200    40     8 -9999 -9999
1984 06 26 21   170    75 -9999   160    30     8 -9999 -9999
1984 06 27 00   182    43 -9999   160    50     7 -9999     0
1984 06 27 06   230    54 -9999    20    40     6 -9999     0
1984 06 27 09   243    37 -9999     0     0     6 -9999 -9999
1984 06 27 21 -9999 -9999 -9999   160    30     0 -9999 -9999
1984 06 28 00   194    46 -9999   160    30     0 -9999     0
1984 06 28 06   271    30 -9999   180    40     0 -9999     0
1984 06 28 09   284 -9999 -9999   200    30     1 -9999 -9999
1984 06 29 00   241    46 -9999   140    20     0 -9999     0
1984 06 29 06   305    37 -9999   160    20     1 -9999     0
1984 06 29 09   320    28 -9999   290    30     1 -9999 -9999
1984 06 29 21   204    67 -9999    90    20     1 -9999 -9999
1984 06 30 00   241   116 -9999   360    20     7 -9999     0
1984 06 30 06   277    68 -9999    20    80     7 -9999     0
1984 06 30 09   256    67 -9999   360   100     7 -9999 -9999
1984 06 30 21   136   132 -9999   320    40     8 -9999 -9999
1984 07 01 00   136   129 -9999   290    30     8 -9999   140
1984 07 01 06   165   129 -9999     0     0     7 -9999    20
1984 07 01 09   171   134 -9999   200    40     7 -9999 -9999
1984 07 01 21   156   122 -9999   160    20     1 -9999 -9999
1984 07 02 00   180   125 -9999   160    30     1 -9999     0
1984 07 02 06   242    77 -9999     0     0     2 -9999     0
1984 07 02 09 -9999 -9999 -9999    40    70     3 -9999 -9999
1984 07 02 21   169    60 -9999    90    30     0 -9999 -9999
1984 07 03 00   206    69 -9999    90    30     0 -9999     0
1984 07 03 06   271    48 -9999   200    50     1 -9999     0
1984 07 03 09   276    64 -9999   140    20     1 -9999 -9999
1984 07 03 21   222    67 -9999   140    40     7 -9999 -9999
1984 07 04 00   233    62 -9999   140    50     7 -9999     0
1984 07 04 06   276    67 -9999 -9999 -9999 -9999 -9999     0
1984 07 04 09   280    90 -9999   110    40     7 -9999 -9999
1984 07 04 21   210   115 -9999   200    50     7 -9999 -9999
1984 07 05 00   201   127 -9999   200    70     7 -9999     0
1984 07 05 06   135   129 -9999   340    70     8 -9999    20
1984 07 05 21   153    91 -9999   100    20     8 -9999 -9999
1984 07 06 00   166   105 -9999   140    20     7 -9999     0
1984 07 06 06   235    77 -9999   220    20     1 -9999     0
1984 07 06 09   251    46 -9999   220    20     1 -9999 -9999
1984 07 06 21   186    48 -9999   140    40     2 -9999 -9999
1984 07 07 00   203    62 -9999   160    40     2 -9999     0
1984 07 07 01   272    -6 -9999   360    30     1 -9999 -9999
1984 07 07 06   272    -6 -9999   360    30     1 -9999     0
1984 07 07 09   287    28 -9999   290    20     7 -9999 -9999
1984 07 07 21   214    46 -9999   160    40     7 -9999 -9999
1984 07 08 00   229    65 -9999   180    20     1 -9999     0
1984 07 08 06   303    30 -9999   220    40     1 -9999     0
1984 07 08 09   309    24 -9999   220    40     2 -9999 -9999
1984 07 09 00   235    71 -9999   140    70     7 -9999     0
1984 07 09 06   290    67 -9999   100 -9999     2 -9999     0
1984 07 09 09   282    65 -9999   140    50     7 -9999 -9999
1984 07 09 21   213   120 -9999   160    60     8 -9999 -9999
1984 07 10 00   208   134 -9999    70    20     8 -9999     0
1984 07 10 06   199   148 -9999   180    20     7 -9999    20
1984 07 10 09   211   121 -9999   160    60     8 -9999 -9999
1984 07 10 21   164   130 -9999     0     0     7 -9999 -9999
1984 07 11 00   168   123 -9999    20    20     8 -9999     0
1984 07 11 06   167   133 -9999   320    30     8 -9999    30
1984 07 11 21   149   110 -9999   140    30     6 -9999 -9999
1984 07 12 00   192    96 -9999   160    20     2 -9999     0
1984 07 12 21   196    90 -9999    20    30     8 -9999 -9999
1984 07 13 00   195    51 -9999    20    20     8 -9999     0
1984 07 13 06   229    16 -9999   320    40     8 -9999    -1
1984 07 13 09   220    49 -9999   270    40     8 -9999 -9999
1984 07 13 21   150    69 -9999   110    20     4 -9999 -9999
1984 07 14 00   192    72 -9999    70    20     2 -9999     0
1984 07 14 06   264   -28 -9999   320    70     6 -9999     0
1984 07 14 09   275   -26 -9999   320    50     7 -9999 -9999
1984 07 14 21   170    22 -9999   110    30     0 -9999 -9999
1984 07 15 00   221    36 -9999   140    30     0 -9999     0
1984 07 15 06   295    21 -9999   180    40     1 -9999     0
1984 07 15 09   302    24 -9999     0     0     1 -9999 -9999
1984 07 15 21   222    72 -9999   160    30     1 -9999 -9999
1984 07 16 00   237    88 -9999   160    30     2 -9999     0
1984 07 16 06   290    21 -9999   160    80     7 -9999     0
1984 07 16 09   280    48 -9999   140    80     7 -9999 -9999
1984 07 16 21   167   130 -9999     0     0     1 -9999 -9999
1984 07 17 00   202   130 -9999   340    20     1 -9999     0
1984 07 17 06   277   129 -9999    20    20     5 -9999     0
1984 07 17 09   295   117 -9999     0     0     4 -9999 -9999
1984 07 17 21   179   143 -9999   340    20     0 -9999 -9999
1984 07 18 00   212   147 -9999     0     0     1 -9999     0
1984 07 18 06   282   115 -9999   340    20     7 -9999     0
1984 07 18 09   260    86 -9999   340    60     8 -9999 -9999
1984 07 19 00   187   115 -9999     0     0     1 -9999     0
1984 07 19 06   271    91 -9999     0     0     7 -9999     0
1984 07 19 09   287    95 -9999   250    20     4 -9999 -9999
1984 07 19 21   175   106 -9999   140    30     2 -9999 -9999
1984 07 20 00   187   104 -9999   200    20     0 -9999     0
1984 07 20 06   285    81 -9999   200    30     1 -9999     0
1984 07 20 09 -9999 -9999 -9999     0     0     7 -9999 -9999
1984 07 20 21   207    53 -9999   160    30     0 -9999 -9999
1984 07 21 00   229    86 -9999   140    30     0 -9999     0
1984 07 21 06   269    74 -9999   360    80     7 -9999     0
1984 07 21 09   245    59 -9999    20   150     3 -9999 -9999
1984 07 21 21   182    94 -9999    70    20     0 -9999 -9999
1984 07 22 06   281    86 -9999     0     0     6 -9999     0
1984 07 22 21   202   132 -9999   140    40     8 -9999 -9999
1984 07 23 00   199   148 -9999     0     0     7 -9999     1
1984 07 23 06   252   127 -9999    90    20     4 -9999     0
1984 07 23 09   282   106 -9999     0     0     3 -9999 -9999
1984 07 23 21   174   141 -9999 -9999 -9999     1 -9999 -9999
1984 07 24 00   201   104 -9999     0     0     7 -9999     0
1984 07 24 06   280   107 -9999    20    30     7 -9999     0
1984 07 24 09   285    93 -9999    70    30     7 -9999 -9999
1984 07 25 00   155   134 -9999     0     0     5 -9999    -1
1984 07 25 06   229    90 -9999   160    20     2 -9999     0
1984 07 26 00   189    77 -9999   160    30     2 -9999     0
1984 07 26 06   286 -9999 -9999   320    50     7 -9999     0
1984 07 26 09   293   -26 -9999   320    50     7 -9999 -9999
1984 07 27 00   214    80 -9999   140    20     2 -9999     0
1984 07 27 06   302     4 -9999   320    30     1 -9999     0
1984 07 27 09   307    -6 -9999     0     0     1 -9999 -9999
1984 07 27 21   238    44 -9999    80    20     7 -9999 -9999
1984 07 28 00   238    65 -9999     0     0     7 -9999     0
1984 07 28 06   273    60 -9999   200    50     8 -9999     0
1984 07 28 09   253   111 -9999   320    60     7 -9999 -9999
1984 07 28 21   160   128 -9999     0     0     7 -9999 -9999
1984 07 29 00   163   127 -9999     0     0     3 -9999     0
1984 07 29 06   224   145 -9999   270    30     3 -9999     0
1984 07 29 09   251   134 -9999     0     0     4 -9999 -9999
1984 07 29 21   162   148 -9999    90    40     7 -9999 -9999
1984 07 30 00   187   144 -9999     0     0     7 -9999   140
1984 07 30 06   253   115 -9999   270    30     1 -9999     0
1984 07 30 09   273   108 -9999   290    20     1 -9999 -9999
1984 07 31 00   242   105 -9999   110    50     1 -9999     0
1984 07 31 06   289   130 -9999   110    50     1 -9999     0
1984 07 31 09   292   136 -9999   110    70     1 -9999 -9999
1984 07 31 21   236 -9999 -9999   110    20     7 -9999 -9999
1984 08 01 00   227   168 -9999     0     0     7 -9999     0
1984 08 01 06   263   148 -9999   140    50     7 -9999    -1
1984 08 01 09   228   179 -9999   110    40     7 -9999 -9999
1984 08 02 00   166   166 -9999   340    40     8 -9999    30
1984 08 02 06   202   175 -9999    20    30     3 -9999    20
1984 08 02 09   216   151 -9999   360    50     5 -9999 -9999
1984 08 03 00   130   126 -9999   340    50     8 -9999   120
1984 08 03 06   167   110 -9999   220    20     7 -9999    20
1984 08 03 09   206   145 -9999     0     0     7 -9999 -9999
1984 08 03 21   164    80 -9999   140    40     0 -9999 -9999
1984 08 04 00   177    91 -9999   160    20     1 -9999     0
1984 08 04 06   245    83 -9999   180    30     1 -9999     0
1984 08 04 09   260    64 -9999   200    20     1 -9999 -9999
1984 08 04 21   196    89 -9999   140    40     0 -9999 -9999
1984 08 05 00   215   115 -9999   110    30     0 -9999     0
1984 08 05 06   281    91 -9999 -9999 -9999     7 -9999     0
1984 08 05 09   297    65 -9999   250    40     1 -9999 -9999
1984 08 05 21   196    95 -9999    40    30     1 -9999 -9999
1984 08 06 00   233    68 -9999   110    20     7 -9999    -1
1984 08 06 06   301    69 -9999     0     0     2 -9999     0
1984 08 06 09   311    75 -9999   320    30     2 -9999 -9999
1984 08 07 00   235    91 -9999   160    40     1 -9999     0
1984 08 07 06   311    72 -9999   200    50     1 -9999     0
1984 08 07 09   317    60 -9999   180    30     1 -9999 -9999
1984 08 07 21   227    88 -9999   160    20     0 -9999 -9999
1984 08 08 00   250   101 -9999    20    20     0 -9999     0
1984 08 08 06   290    37 -9999    20    60     1 -9999     0
1984 08 08 09   302    49 -9999   360    70     1 -9999 -9999
1984 08 09 00   210   120 -9999    70    40     7 -9999    -1
1984 08 09 06   270   116 -9999   340    30     7 -9999    -1
1984 08 09 09   285   122 -9999    20    30     1 -9999 -9999
1984 08 09 21   171   130 -9999   160    30     0 -9999 -9999
1984 08 10 00   204   182 -9999     0     0     2 -9999     0
1984 08 10 06   266   152 -9999   200    20     1 -9999     0
1984 08 10 09   293   103 -9999     0     0     1 -9999 -9999
1984 08 11 00   229   112 -9999   160    30     0 -9999     0
1984 08 11 06   305    96 -9999   180    20     7 -9999     0
1984 08 11 09   309    98 -9999   180    20     6 -9999 -9999
1984 08 11 21   192    83 -9999     0     0     0 -9999 -9999
1984 08 12 00   199    94 -9999    40    20     0 -9999     0
1984 08 12 09   260 -9999 -9999     0     0     7 -9999 -9999
1984 08 12 21   154    22 -9999    20    30     1 -9999 -9999
1984 08 13 00   164    34 -9999    20    40     1 -9999     0
1984 08 13 06   213   -76 -9999   360    60     3 -9999     0
1984 08 13 09   218   -28 -9999    20    70     2 -9999 -9999
1984 08 13 21   127   -15 -9999   110    30     0 -9999 -9999
1984 08 14 00   153    -8 -9999   110    20     0 -9999     0
1984 08 14 09 -9999 -9999 -9999   160    40     1 -9999 -9999
1984 08 14 21   189   -39 -9999   140    70     4 -9999 -9999
1984 08 15 00   187    -3 -9999   220    30     7 -9999     0
1984 08 15 06   269    59 -9999   200    30     7 -9999     0
1984 08 15 09   259    68 -9999   360    20     7 -9999 -9999
1984 08 15 21   196   108 -9999   160    40     8 -9999 -9999
1984 08 16 00   165   133 -9999   160    30     8 -9999    -1
1984 08 16 06   184   131 -9999   200    60     8 -9999    -1
1984 08 16 09   194   123 -9999   200    50     7 -9999 -9999
1984 08 17 00   179    65 -9999    20    60     1 -9999     0
1984 08 17 06   243    78 -9999   250    30     7 -9999     0
1984 08 17 09   242    80 -9999   160    50     6 -9999 -9999
1984 08 17 21   137   126 -9999    20    20     8 -9999 -9999
1984 08 18 00   138   124 -9999     0     0     8 -9999   180
1984 08 18 06   142   131 -9999    20    50     7 -9999    20
1984 08 18 09   158   112 -9999   360    40     2 -9999 -9999
1984 08 18 21   110 -9999 -9999   140    30     0 -9999 -9999
1984 08 19 00   138    75 -9999   140    20     0 -9999     0
1984 08 19 06   222    75 -9999   180    50     2 -9999     0
1984 08 19 21   143    72 -9999   160    30     0 -9999 -9999
1984 08 20 00   164    72 -9999   160    30     1 -9999     0
1984 08 20 06   234    59 -9999   290    20     2 -9999     0
1984 08 20 09   231    65 -9999   340    20     7 -9999 -9999
1984 08 20 21   144    51 -9999   110    30     0 -9999 -9999
1984 08 21 00   154    85 -9999   360    20     7 -9999     0
1984 08 21 06   198    77 -9999   340    40     7 -9999    -1
1984 08 21 09   180    95 -9999   270    30     2 -9999 -9999
1984 08 22 00 -9999 -9999 -9999   110    20     1 -9999     0
1984 08 22 06   232    53 -9999   340    30     7 -9999     0
1984 08 22 09   142   111 -9999   140    70     7 -9999 -9999
1984 08 22 21   136    91 -9999    90    20     1 -9999 -9999
1984 08 23 00   150    90 -9999   140    30     1 -9999    10
1984 08 23 06   206    44 -9999   320    20     4 -9999     0
1984 08 23 09   222    32 -9999   290    10     1 -9999 -9999
1984 08 23 21   164    41 -9999 -9999 -9999     0 -9999 -9999
1984 08 24 00   177    59 -9999   110    30     1 -9999     0
1984 08 24 06   236    16 -9999    20    20     2 -9999     0
1984 08 24 09   246    36 -9999   270    40     6 -9999 -9999
1984 08 24 21   153    60 -9999 -9999 -9999     1 -9999 -9999
1984 08 25 00   175    56 -9999   110    30     1 -9999     0
1984 08 25 06   245    34 -9999     0     0     7 -9999 -9999
1984 08 25 09   258    43 -9999   160    30     1 -9999 -9999
1984 08 25 21   152    94 -9999    20    50     4 -9999 -9999
1984 08 26 00   159   108 -9999   140    30     7 -9999   220
1984 08 26 06   171   123 -9999     0     0     8 -9999     3
1984 08 26 09   178   108 -9999   360    30     8 -9999 -9999
1984 08 26 21   114    81 -9999   110    30     0 -9999 -9999
1984 08 27 00   145    80 -9999   110    20     1 -9999     0
1984 08 27 06   214    83 -9999   180    50     2 -9999     0
1984 08 27 09   207    71 -9999   140    30     5 -9999 -9999
1984 08 28 00   149    54 -9999   110    40     7 -9999     0
1984 08 28 06   201    88 -9999   200    30     7 -9999     0
1984 08 28 09   200    32 -9999   290    50     7 -9999 -9999
1984 08 28 21   111    32 -9999   110    30     0 -9999 -9999
1984 08 29 00   140    34 -9999    90    30     0 -9999     0
1984 08 29 06   211    -1 -9999   360    40     1 -9999     0
1984 08 29 09   221     1 -9999   360    20     0 -9999 -9999
1984 08 29 21   140    44 -9999 -9999 -9999     0 -9999 -9999
1984 08 30 00   149    60 -9999   110    20     7 -9999     0
1984 08 30 06   220    53 -9999     0     0     8 -9999     0
1984 08 30 09   199    39 -9999   340    30     8 -9999 -9999
1984 08 30 21   127    94 -9999   110    20     8 -9999 -9999
1984 08 31 00   129    91 -9999   110    20     7 -9999     0
1984 08 31 06   211    72 -9999   320    30     4 -9999     0
1984 08 31 09   213    44 -9999   140    20     4 -9999 -9999
1984 08 31 21   129    62 -9999   110    30     1 -9999 -9999
1984 09 01 00   152    46 -9999   110    10     1 -9999     0
1984 09 01 06   219    12 -9999    20    30     1 -9999     0
1984 09 01 09   225    16 -9999    20    40     2 -9999 -9999
1984 09 01 21   130    51 -9999   110    30     0 -9999 -9999
1984 09 02 00   155    39 -9999   110    30     0 -9999     0
1984 09 02 06   222    28 -9999     0     0     6 -9999     0
1984 09 02 09   229    14 -9999   340    30     4 -9999 -9999
1984 09 02 21   162    16 -9999   110    30     2 -9999 -9999
1984 09 03 00   170    49 -9999    90    20     1 -9999     0
1984 09 03 06   234    30 -9999     0     0     7 -9999     0
1984 09 03 09   230    18 -9999   160    30     7 -9999 -9999
1984 09 03 21   181    41 -9999   110    40     0 -9999 -9999
1984 09 04 00   186    77 -9999   160    50     7 -9999     0
1984 09 04 06   179   112 -9999   160    30     8 -9999    -1
1984 09 04 09   192    90 -9999   140    70     8 -9999 -9999
1984 09 05 00   141    99 -9999     0     0     6 -9999     0
1984 09 05 06   223    16 -9999   200    30     1 -9999     0
1984 09 05 09   222    62 -9999   340    20     4 -9999 -9999
1984 09 05 21   146    43 -9999   200    30     0 -9999 -9999
1984 09 06 00   168    69 -9999   110    20     0 -9999     0
1984 09 06 06   240    68 -9999   250    20     7 -9999     0
1984 09 06 09   234    81 -9999   360    40     7 -9999 -9999
1984 09 06 21   149    68 -9999    90    20     1 -9999 -9999
1984 09 07 00   143   103 -9999     0     0     7 -9999     0
1984 09 07 06   223    71 -9999   360    20     6 -9999     0
1984 09 07 09   230     4 -9999    40    20     7 -9999 -9999
1984 09 08 00   134    99 -9999   180    10     8 -9999     3
1984 09 08 06   160    98 -9999   360    30     7 -9999    -1
1984 09 08 09   168    68 -9999   340    30     8 -9999 -9999
1984 09 09 00   142    60 -9999    40    20     8 -9999    -1
1984 09 09 06   174     1 -9999   160    50     8 -9999     0
1984 09 09 09   130    71 -9999   250    20     8 -9999 -9999
1984 09 09 21    98    39 -9999    90    20     6 -9999 -9999
1984 09 10 00   117    48 -9999     0     0     7 -9999     0
1984 09 10 06   184    21 -9999   340    20     7 -9999     0
1984 09 10 09   193    32 -9999   250    20     6 -9999 -9999
1984 09 10 21   103     8 -9999    90    20     1 -9999 -9999
1984 09 11 00   130    14 -9999   110    30     1 -9999     0
1984 09 11 09   205    -6 -9999    20    20     1 -9999 -9999
1984 09 11 21   117     6 -9999   110    30     2 -9999 -9999
1984 09 12 00   124    26 -9999    70    20     2 -9999     0
1984 09 12 06   208     1 -9999   340    40     7 -9999     0
1984 09 12 09   206     8 -9999    20    30     7 -9999 -9999
1984 09 12 21   125    26 -9999   140    30     1 -9999 -9999
1984 09 13 00    26   -72 -9999    40    70     0 -9999     0
1984 09 13 06   193     6 -9999   340    30     5 -9999     0
1984 09 13 09   198    -3 -9999   290    50     2 -9999 -9999
1984 09 13 21   114    -8 -9999   110    40     0 -9999 -9999
1984 09 14 00   135    12 -9999   110    30     1 -9999     0
1984 09 14 06   212   -18 -9999    40    40     7 -9999     0
1984 09 14 09   194   -15 -9999    20    40     7 -9999 -9999
1984 09 14 21   114     1 -9999    90    30     0 -9999 -9999
1984 09 15 00   135    -6 -9999   110    30     2 -9999     0
1984 09 15 06   209   -18 -9999   340    50     4 -9999     0
1984 09 15 09   208   -28 -9999   360    40     2 -9999 -9999
1984 09 15 21   110    -1 -9999   110    30     1 -9999 -9999
1984 09 16 00   122    10 -9999   110    20     1 -9999     0
1984 09 16 06   212    -3 -9999   340    40     2 -9999     0
1984 09 16 09   212   -10 -9999   360    20     2 -9999 -9999
1984 09 16 21   124    10 -9999    20    50     7 -9999 -9999
1984 09 17 00   137    21 -9999    70    20     6 -9999    -1
1984 09 17 06   203    16 -9999   290    20     2 -9999     0
1984 09 17 21 -9999 -9999 -9999   110    30     7 -9999 -9999
1984 09 18 00   111   -45 -9999    90    20     1 -9999     0
1984 09 18 06   193   -92 -9999    20    20     1 -9999     0
1984 09 18 21   118   -48 -9999   110    40     0 -9999 -9999
1984 09 19 00   147   -48 -9999   110    40     0 -9999     0
1984 09 19 06   205   -18 -9999   110    50     1 -9999     0
1984 09 19 09   202     8 -9999   140    90     1 -9999 -9999
1984 09 19 21   131 -9999 -9999    40    30     0 -9999 -9999
1984 09 20 00   159    53 -9999   140    70     1 -9999     0
1984 09 20 06   200    69 -9999   160    80     7 -9999     0
1984 09 20 09   198    74 -9999   140    60     7 -9999 -9999
1984 09 20 21   166    95 -9999   240    20     7 -9999 -9999
1984 09 21 00   159   100 -9999   320    20     7 -9999     0
1984 09 21 06   196   106 -9999   250    30     7 -9999     0
1984 09 21 09   206    93 -9999   320    30     7 -9999 -9999
1984 09 21 21    94    59 -9999   320    20     8 -9999 -9999
1984 09 22 00    96    44 -9999    20    20     7 -9999    -1
1984 09 22 06   151    14 -9999   290    50     1 -9999     0
1984 09 22 09   160    -1 -9999    20    20     1 -9999 -9999
1984 09 22 21   104    34 -9999    70    20     1 -9999 -9999
1984 09 23 00   111    26 -9999    40    20     7 -9999     0
1984 09 23 06   164    -6 -9999   320    20     7 -9999     0
1984 09 23 09   165    -8 -9999    20    20     7 -9999 -9999
1984 09 23 21    84    22 -9999   110    30     0 -9999 -9999
1984 09 24 00   104    12 -9999    70    20     7 -9999     0
1984 09 24 06   178    12 -9999     0     0     6 -9999     0
1984 09 24 09   174   -18 -9999    40    40     7 -9999 -9999
1984 09 25 00   126   -34 -9999    20    30     7 -9999     0
1984 09 25 06   184     6 -9999    40    40     7 -9999     0
1984 09 25 09   181     1 -9999   160    90     6 -9999 -9999
1984 09 25 21   174    57 -9999 -9999 -9999 -9999 -9999 -9999
1984 09 26 00   101    65 -9999     0     0     7 -9999     0
1984 09 26 06   156    59 -9999   320    30     7 -9999     0
1984 09 26 09   174    41 -9999    20    30     2 -9999 -9999
1984 09 26 21    97    67 -9999   360    20     8 -9999 -9999
1984 09 27 00    96    72 -9999   340    20     8 -9999     0
1984 09 27 06    82    67 -9999   340    70     8 -9999    30
1984 09 27 09    62    41 -9999    40    50     8 -9999 -9999
1984 09 27 21    47    -1 -9999   140    20     0 -9999 -9999
1984 09 28 00    57   -10 -9999   140    30     0 -9999     0
1984 09 28 06   139   -76 -9999    70    10     0 -9999     0
1984 09 28 21    83   -39 -9999   110    20     0 -9999 -9999
1984 09 29 00    98   -34 -9999   110    30     7 -9999     0
1984 09 29 06   188   -65 -9999   360    20     1 -9999     0
1984 09 29 09   186  -100 -9999   320    20     7 -9999 -9999
1984 09 30 00   128  -100 -9999   160    40     8 -9999     0
1984 09 30 06   180   -34 -9999     0     0     7 -9999    -1
1984 09 30 09   180   -39 -9999   160    30     7 -9999 -9999
1984 09 30 21   124     6 -9999   110    30     0 -9999 -9999
1984 10 01 00   128    28 -9999    90    20     7 -9999     0
1984 10 01 06    56     1 -9999   360    70     8 -9999    -1
1984 10 01 09    45    -3 -9999    20    70     8 -9999 -9999
1984 10 01 21    30   -96 -9999    40    30     0 -9999 -9999
1984 10 02 00    47  -114 -9999   360    30     7 -9999     0
1984 10 02 06    84  -124 -9999   340    20     7 -9999     0
1984 10 02 09    82  -141 -9999    20    40     7 -9999 -9999
1984 10 02 21    24   -79 -9999    70    20     0 -9999 -9999
1984 10 03 00    38  -124 -9999    20    30     7 -9999     0
1984 10 03 06    98  -135 -9999   340    50     0 -9999     0
1984 10 03 09    94  -147 -9999   360    40     0 -9999 -9999
1984 10 03 21    26  -130 -9999   110    30     0 -9999 -9999
1984 10 04 00    42  -119 -9999   110    30     0 -9999     0
1984 10 04 06   126  -124 -9999    40    20     1 -9999     0
1984 10 04 09   135  -119 -9999    90    20     1 -9999 -9999
1984 10 04 21    29  -119 -9999   110    30     0 -9999 -9999
1984 10 05 00    38  -119 -9999   110    30     0 -9999     0
1984 10 05 06   146  -124 -9999   340    20     0 -9999     0
1984 10 05 09   145  -147 -9999   180    20     0 -9999 -9999
1984 10 05 21    58  -135 -9999   110    40     0 -9999 -9999
1984 10 06 00    69  -114 -9999   110    30     1 -9999     0
1984 10 06 06   163  -154 -9999     0     0     1 -9999     0
1984 10 06 09   169  -130 -9999     0     0     0 -9999 -9999
1984 10 06 21    88  -154 -9999    90    40     2 -9999 -9999
1984 10 07 00    82  -175 -9999    90    30     1 -9999     0
1984 10 07 06   195   -96 -9999   360    20     1 -9999     0
1984 10 07 09   186  -147 -9999    20    20     6 -9999 -9999
1984 10 07 21    88    12 -9999   110    30     0 -9999 -9999
1984 10 08 00   100 -9999 -9999   110    30     1 -9999     0
1984 10 08 06   180    -1 -9999     0     0     7 -9999     0
1984 10 08 09   174    12 -9999     0     0     7 -9999 -9999
1984 10 08 21   112    24 -9999   110    30     0 -9999 -9999
1984 10 09 00   117    22 -9999   110    40     0 -9999     0
1984 10 09 06   229   -48 -9999   200    50     0 -9999     0
1984 10 09 09   226   -72 -9999   200    50     0 -9999 -9999
1984 10 09 21   164   -18 -9999   140    70     1 -9999 -9999
1984 10 10 00   153   -31 -9999   340    30     2 -9999     0
1984 10 10 06   185    64 -9999   160    50     2 -9999     0
1984 10 10 09   161    56 -9999   200    60     8 -9999 -9999
1984 10 10 21    69   -23 -9999    20    40     8 -9999 -9999
1984 10 11 00    62   -34 -9999   360    40     7 -9999     0
1984 10 11 06    85  -100 -9999   360    70     7 -9999     0
1984 10 11 09    90  -100 -9999   340    50     2 -9999 -9999
1984 10 11 21    38  -105 -9999   110    30     0 -9999 -9999
1984 10 12 00    58   -96 -9999   160    20     0 -9999     0
1984 10 12 06   148  -119 -9999   200    30     1 -9999     0
1984 10 12 09   158  -100 -9999   200    30     0 -9999 -9999
1984 10 12 21    68   -79 -9999   110    50     0 -9999 -9999
1984 10 13 00    65   -79 -9999   160    30     0 -9999     0
1984 10 13 06   188   -65 -9999   320    20     0 -9999     0
1984 10 13 09   192   -48 -9999   200    20     0 -9999 -9999
1984 10 13 21    82  -141 -9999   160    30     0 -9999 -9999
1984 10 14 00    84  -100 -9999   110    30     1 -9999     0
1984 10 14 06   174   -87 -9999   320    20     1 -9999     0
1984 10 14 09   170   -79 -9999    20    40     1 -9999 -9999
1984 10 14 21    92   -45 -9999    20    50     2 -9999 -9999
1984 10 15 00    76   -37 -9999   340    20     7 -9999     0
1984 10 15 06   116  -124 -9999   340    30     7 -9999     0
1984 10 15 09   121  -119 -9999   340    40     1 -9999 -9999
1984 10 15 21    18   -76 -9999    70    20     0 -9999 -9999
1984 10 16 00    23   -92 -9999     0     0     1 -9999     0
1984 10 16 06   119  -105 -9999   270    20     1 -9999     0
1984 10 16 09   136  -124 -9999   290    30     1 -9999 -9999
1984 10 16 21    32   -92 -9999    90    20     0 -9999 -9999
1984 10 17 00    26   -83 -9999    70    20     0 -9999     0
1984 10 17 09   150  -147 -9999   270    20     0 -9999 -9999
1984 10 17 21    40  -141 -9999   110    40     0 -9999 -9999
1984 10 18 00    55  -124 -9999   200    20     0 -9999     0
1984 10 18 21    22  -119 -9999    90    20     0 -9999 -9999
1984 10 19 00    25  -109 -9999     0     0     0 -9999     0
1984 10 19 09   122  -135 -9999   360    20     0 -9999 -9999
1984 10 19 21    25  -160 -9999   110    30     0 -9999 -9999
1984 10 20 00 -9999 -9999 -9999   140    30     0 -9999     0
1984 10 20 06   163  -191 -9999 -9999 -9999     0 -9999     0
1984 10 20 09   166   -92 -9999     0     0     0 -9999 -9999
1984 10 20 21    34  -154 -9999   110    30     0 -9999 -9999
1984 10 21 00    61  -105 -9999   200    20     0 -9999     0
1984 10 21 09   154  -114 -9999   250    20     0 -9999 -9999
1984 10 22 00    55  -147 -9999   110    30     1 -9999     0
1984 10 22 06   173  -147 -9999   290    20     0 -9999     0
1984 10 22 09   172  -135 -9999   270    20     0 -9999 -9999
1984 10 22 21    80  -200 -9999   110    30     0 -9999 -9999
1984 10 23 00    78  -210 -9999    90    40     0 -9999     0
1984 10 23 06   200 -9999 -9999   180    20     0 -9999     0
1984 10 23 09   194  -141 -9999   320    20     0 -9999 -9999
1984 10 23 21    72  -154 -9999    90    30     0 -9999 -9999
1984 10 24 00    93  -114 -9999    90    30     7 -9999     0
1984 10 24 06   151  -109 -9999   340    30     5 -9999     0
1984 10 24 09   141   -76 -9999   340    40     7 -9999 -9999
1984 10 24 21    54   -65 -9999    20    40     0 -9999 -9999
1984 10 25 00    45   -61 -9999   360    40     1 -9999     0
1984 10 25 06    93   -96 -9999   340    40     7 -9999     0
1984 10 25 09    91   -92 -9999   360    20     7 -9999 -9999
1984 10 25 21    22  -119 -9999   110    20     0 -9999 -9999
1984 10 26 00     6   -83 -9999     0     0     1 -9999     0
1984 10 26 01 -9999 -9999 -9999   320    30     0 -9999     0
1984 10 26 06    90  -124 -9999   320    30     0 -9999     0
1984 10 26 09    86  -119 -9999   250    20     0 -9999 -9999
1984 10 26 21    -3  -160 -9999   110    20     0 -9999 -9999
1984 10 27 00   -12  -183 -9999    90    20     1 -9999     0
1984 10 27 06    94  -191 -9999   360    20     1 -9999     0
1984 10 27 09    86  -200 -9999   360    30     0 -9999 -9999
1984 10 27 21   -22  -175 -9999   110    30     0 -9999 -9999
1984 10 28 00   -12  -244 -9999   110    20     1 -9999     0
1984 10 28 06    99  -175 -9999   360    20     7 -9999     0
1984 10 28 09    87  -147 -9999   360    30     7 -9999 -9999
1984 10 28 21    12  -147 -9999    90    20     0 -9999 -9999
1984 10 29 00   -13  -200 -9999   160    20     0 -9999     0
1984 10 29 06    96  -154 -9999   320    20     0 -9999     0
1984 10 29 09    92  -167 -9999   360    20     0 -9999 -9999
1984 10 29 21     3  -183 -9999   110    30     0 -9999 -9999
1984 10 30 00    -3  -167 -9999   110    40     7 -9999     0
1984 10 30 06    75  -160 -9999   290    30     8 -9999     0
1984 10 30 09    68  -141 -9999   360    20     8 -9999 -9999
1984 10 30 21   -11  -105 -9999    70    20     0 -9999 -9999
1984 10 31 00    -8  -124 -9999     0     0     7 -9999     0
1984 10 31 09    56  -124 -9999   320    20     7 -9999 -9999
1984 10 31 21   -26  -160 -9999   110    30     0 -9999 -9999
1984 11 01 00   -15  -114 -9999    70    20     1 -9999     0
1984 11 01 06    78  -114 -9999   220    30     2 -9999     0
1984 11 01 09    81  -130 -9999   290    30     1 -9999 -9999
1984 11 01 18    74   -13 10263   220    20     0 -9999     0
1984 11 01 21     4  -147 -9999   110    20     0 -9999 -9999
1984 11 02 00    -4  -160 -9999   110    30     0 -9999     0
1984 11 02 06   105  -135 -9999   200    40     0 -9999     0
1984 11 02 09   110  -114 -9999   200    30     0 -9999 -9999
1984 11 02 21    60  -130 -9999   160    30     0 -9999 -9999
1984 11 03 00    26  -109 -9999     0     0     0 -9999     0
1984 11 03 06   102  -119 -9999   320    20     1 -9999     0
1984 11 03 09    99  -119 -9999     0     0     0 -9999 -9999
1984 11 03 21    36  -147 -9999   110    40     0 -9999 -9999
1984 11 04 00    58  -175 -9999   140    40     0 -9999     0
1984 11 04 06   159  -160 -9999   200    60     0 -9999     0
1984 11 04 09   156  -114 -9999   200    50     0 -9999 -9999
1984 11 04 21    48  -105 -9999    20    20     0 -9999 -9999
1984 11 05 00    38   -55 -9999   340    60     3 -9999     0
1984 11 05 06    53  -135 -9999   340    70     4 -9999     0
1984 11 05 09    39  -130 -9999    20    40     7 -9999 -9999
1984 11 05 21     0  -167 -9999   110    30     2 -9999 -9999
1984 11 06 00    13  -160 -9999   140    30     4 -9999     0
1984 11 06 06    95   -92 -9999   200    50     7 -9999     0
1984 11 06 09    91   -79 -9999   180    40     2 -9999 -9999
1984 11 06 21    61  -154 -9999   160    40     0 -9999 -9999
1984 11 07 00    41  -154 -9999   140    20     0 -9999     0
1984 11 07 06   100  -147 -9999   340    70     1 -9999     0
1984 11 07 09    72  -130 -9999   360    50     7 -9999 -9999
1984 11 07 21   -26  -141 -9999    90    30     0 -9999 -9999
1984 11 08 00   -11  -175 -9999     0     0     7 -9999     0
1984 11 08 06    65  -105 -9999     0     0     7 -9999     0
1984 11 08 09    70   -92 -9999     0     0     7 -9999 -9999
1984 11 08 21    42  -147 -9999   160    40     2 -9999 -9999
1984 11 09 00     8  -124 -9999   110    20     1 -9999     0
1984 11 09 06    90  -109 -9999   320    20     7 -9999     0
1984 11 09 21    29  -141 -9999    20    30     7 -9999 -9999
1984 11 10 00    21  -135 -9999    40    20     7 -9999     0
1984 11 10 06    74  -154 -9999     0     0     7 -9999     0
1984 11 10 21   -28  -183 -9999   110    30     1 -9999 -9999
1984 11 11 06    94  -167 -9999   220    40     7 -9999     0
1984 11 11 09    87  -135 -9999     0     0     0 -9999 -9999
1984 11 12 00    12   -65 -9999    70    20     7 -9999     0
1984 11 12 06    85   -87 -9999   270    30     4 -9999     0
1984 11 12 09    73  -105 -9999   320    20     1 -9999 -9999
1984 11 12 21    27   -72 -9999    90    20     7 -9999 -9999
1984 11 13 00    26   -68 -9999   160    10     7 -9999     0
1984 11 13 06    79   -87 -9999   270    20     2 -9999     0
1984 11 13 09    90   -48 -9999     0     0     0 -9999 -9999
1984 11 13 21    30   -87 -9999   160    40     0 -9999 -9999
1984 11 14 00    23   -87 -9999   140    30     0 -9999     0
1984 11 14 09    98   -92 -9999   220    20     7 -9999 -9999
1984 11 14 21    30  -130 -9999   110    40     0 -9999 -9999
1984 11 15 00    31  -119 -9999   140    30     0 -9999     0
1984 11 15 06   116   -31 -9999   200    40     0 -9999     0
1984 11 15 09   118   -45 -9999   290    20     1 -9999 -9999
1984 11 15 21     7  -119 -9999   140    30     0 -9999 -9999
1984 11 16 00     6  -119 -9999    70    20     0 -9999     0
1984 11 16 06   120  -105 -9999   220    40     0 -9999     0
1984 11 16 09   111   -87 -9999    20    40     0 -9999 -9999
1984 11 16 21     8   -96 -9999   180    40     0 -9999 -9999
1984 11 17 00   -31  -119 -9999     0     0     0 -9999     0
1984 11 17 09    40  -105 -9999   340    50     1 -9999 -9999
1984 11 17 21   -36   -87 -9999    20    50     0 -9999 -9999
1984 11 18 00   -56  -105 -9999    40    30     0 -9999     0
1984 11 18 06     8  -109 -9999     0     0     0 -9999     0
1984 11 18 09    15   -76 -9999     0     0     0 -9999 -9999
1984 11 18 21   -58  -175 -9999    70    20     0 -9999 -9999
1984 11 19 00   -48  -160 -9999   110    20     0 -9999     0
1984 11 19 06    21  -154 -9999   250    20     0 -9999     0
1984 11 19 09    10  -130 -9999    20    50     4 -9999 -9999
1984 11 19 21   -45  -119 -9999     0     0     0 -9999 -9999
1984 11 20 00   -55  -135 -9999     0     0     4 -9999     0
1984 11 20 06    33  -109 -9999     0     0     0 -9999     0
1984 11 20 09    27  -114 -9999   360    20     0 -9999 -9999
1984 11 20 21   -34  -119 -9999    90    20     0 -9999 -9999
1984 11 21 00   -25  -124 -9999    90    20     0 -9999     0
1984 11 21 06    76   -65 -9999   360    20     1 -9999     0
1984 11 21 09    80   -61 -9999    40    30     0 -9999 -9999
1984 11 21 21   -16   -55 -9999    70    30     7 -9999 -9999
1984 11 22 00   -32  -105 -9999     0     0     8 -9999     0
1984 11 22 06    -8  -100 -9999     0     0     7 -9999     0
1984 11 22 09     3   -96 -9999   340    20     1 -9999 -9999
1984 11 22 21   -40  -114 -9999    20    30     0 -9999 -9999
1984 11 23 00   -57  -119 -9999    70    20     1 -9999     0
1984 11 23 09    14  -105 -9999   340    20     1 -9999 -9999
1984 11 23 21   -55  -135 -9999    70    30     0 -9999 -9999
1984 11 24 00   -68  -130 -9999    90    20     0 -9999     0
1984 11 24 06    26  -109 -9999   360    30     0 -9999     0
1984 11 24 09    12  -130 -9999    20    40     1 -9999 -9999
1984 11 24 21   -56  -135 -9999    90    20     1 -9999 -9999
1984 11 25 00   -59  -114 -9999     0     0     7 -9999     0
1984 11 25 06     6  -119 -9999     0     0     7 -9999     0
1984 11 25 21   -53  -160 -9999    20    40     0 -9999 -9999
1984 11 26 00   -56  -154 -9999    40    20     2 -9999     0
1984 11 26 06 -9999 -9999 -9999   340    20     2 -9999     0
1984 11 26 21   -81  -210 -9999   110    30     0 -9999 -9999
1984 11 27 00   -88  -231 -9999   110    30     0 -9999     0
1984 11 27 06    18  -119 -9999     0     0     0 -9999     0
1984 11 27 09    16  -124 -9999   270    10     0 -9999 -9999
1984 11 27 21   -32  -175 -9999   140    20     0 -9999 -9999
1984 11 28 00   -29  -191 -9999   160    20     1 -9999     0
1984 11 28 06    38  -109 -9999   180    40     0 -9999     0
1984 11 28 09    30  -114 -9999   180    20     0 -9999 -9999
1984 11 28 21   -22  -124 -9999   220    20     7 -9999 -9999
1984 11 29 00   -30  -114 -9999     0     0     7 -9999     0
1984 11 29 06    11  -130 -9999   220    20     4 -9999     0
1984 11 29 09    18  -114 -9999   250    20     1 -9999 -9999
1984 11 29 21   -62  -124 -9999    90    20     4 -9999 -9999
1984 11 30 00   -57  -119 -9999    20    20     1 -9999     0
1984 11 30 06     0  -119 -9999   340    20     0 -9999     0
1984 11 30 09     6  -154 -9999   220    10     0 -9999 -9999
1984 11 30 21    22  -244 -9999   140    30     0 -9999 -9999
1984 12 01 00    11  -210 -9999   160    40     1 -9999     0
1984 12 01 06    93  -124 -9999   180    20     1 -9999     0
1984 12 01 09    78  -124 -9999   200    30     2 -9999 -9999
1984 12 01 21    -7  -119 -9999    20    30     0 -9999 -9999
1984 12 02 00   -25  -154 -9999    20    20     0 -9999     0
1984 12 02 06     8  -147 -9999   340    40     1 -9999     0
1984 12 02 09     4  -130 -9999   320    40     2 -9999 -9999
1984 12 02 21   -48  -160 -9999   340    20     1 -9999 -9999
1984 12 03 00   -66  -191 -9999   340    20     1 -9999     0
1984 12 03 06   -45  -220 -9999 -9999 -9999     7 -9999     0
1984 12 03 09   -60  -210 -9999    20    70     8 -9999 -9999
1984 12 03 18  -122  -175 -9999   160    20     0 -9999 -9999
1984 12 04 00  -122  -183 -9999   160    30     0 -9999     0
1984 12 04 06   -50  -200 -9999   290    20     1 -9999     0
1984 12 04 21   -35  -183 -9999     0     0     7 -9999 -9999
1984 12 05 00   -46  -175 -9999 -9999 -9999 -9999 -9999     0
1984 12 05 21   -70  -175 -9999   110    20     0 -9999 -9999
1984 12 06 00   -54  -175 -9999   320    20     1 -9999     0
1984 12 06 06   -15  -183 -9999    20    50     3 -9999     0
1984 12 06 21   -76  -167 -9999     0     0     8 -9999 -9999
1984 12 07 00   -85  -175 -9999     0     0     7 -9999     0
1984 12 07 09   -30  -200 -9999   340    30     0 -9999 -9999
1984 12 07 21   -80  -220 -9999     0     0     0 -9999 -9999
1984 12 08 00   -90  -200 -9999   140    20     2 -9999     0
1984 12 08 06     1  -183 -9999   200    50     7 -9999     0
1984 12 08 09     4  -191 -9999     0     0     4 -9999 -9999
1984 12 08 21   -63  -175 -9999   160    20     0 -9999 -9999
1984 12 09 00   -67  -175 -9999   110    30     0 -9999     0
1984 12 09 06    37  -160 -9999   320    20     0 -9999     0
1984 12 10 06   -47  -160 -9999   320    20     7 -9999     0
1984 12 10 09   -36  -154 -9999    20    10     7 -9999 -9999
1984 12 10 21  -105  -160 -9999    90    30     0 -9999 -9999
1984 12 11 00   -87  -160 -9999   160    20     0 -9999     0
1984 12 11 06 -9999 -9999 -9999   290    20     0 -9999     0
1984 12 11 09    13  -147 -9999     0     0     1 -9999 -9999
1984 12 11 21   -14  -220 -9999   320    30     0 -9999 -9999
1984 12 12 00   -52  -210 -9999   160    20     7 -9999     0
1984 12 12 06   -59  -135 -9999   200    40     7 -9999     0
1984 12 12 09   -57  -130 -9999   220    20     1 -9999 -9999
1984 12 12 21   -86  -167 -9999    70    20     2 -9999 -9999
1984 12 13 00   -81  -147 -9999     0     0     2 -9999     0
1984 12 13 06   -26  -135 -9999     0     0     7 -9999     0
1984 12 13 09   -44  -141 -9999   360    30     7 -9999 -9999
1984 12 13 21   -82  -141 -9999   160    20     7 -9999 -9999
1984 12 14 00   -81  -135 -9999     0     0     8 -9999     0
1984 12 14 06  -104  -124 -9999   220    30     8 -9999     3
1984 12 14 09  -107  -124 -9999     0     0     8 -9999 -9999
1984 12 15 00  -130  -154 -9999     0     0     7 -9999     0
1984 12 15 06   -78  -119 -9999 -9999 -9999     6 -9999 -9999
1984 12 15 21 -9999 -9999 -9999     0     0     7 -9999 -9999
1984 12 16 00  -136  -154 -9999     0     0     8 -9999     3
1984 12 16 06  -118  -154 -9999   340    50     7 -9999     1
1984 12 16 09  -133  -168 -9999    20    30     7 -9999 -9999
1984 12 16 18   -24  -192 10249     0     0     0 -9999 -9999
1984 12 17 00  -214  -292 -9999    20    50     2 -9999     0
1984 12 17 06  -189  -274 -9999   360    20     0 -9999     0
1984 12 17 09  -187  -274 -9999     0     0     0 -9999 -9999
1984 12 17 21  -195  -292 -9999    90    20     0 -9999 -9999
1984 12 18 06   -99  -130 -9999     0     0     7 -9999     0
1984 12 18 09  -135  -258 -9999     0     0     7 -9999 -9999
1984 12 19 00  -162  -231 -9999     0     0     1 -9999     0
1984 12 19 06  -109  -191 -9999   180    20     0 -9999     0
1984 12 19 09   -86  -170 10447     0     0     0 -9999 -9999
1984 12 19 21  -146  -210 -9999    20    20     0 -9999 -9999
1984 12 20 09  -150  -231 -9999    20    30     5 -9999 -9999
1984 12 20 21  -196  -274 -9999    70    10     0 -9999 -9999
1984 12 21 00  -212  -274 -9999     0     0     1 -9999     0
1984 12 21 06  -135  -231 -9999    20    30     0 -9999     0
1984 12 21 09  -150  -231 -9999    20    30     0 -9999 -9999
1984 12 21 18 -9999 -9999 10363   240    20     0 -9999     0
1984 12 21 21  -176  -258 -9999    40    30     0 -9999 -9999
1984 12 22 00  -185  -258 -9999   360    20     7 -9999     0
1984 12 22 06  -175  -258 -9999   340    40     0 -9999     0
1984 12 22 09  -184  -258 -9999    20    40     1 -9999 -9999
1984 12 22 21  -229  -313 -9999     0     0     0 -9999 -9999
1984 12 23 00  -237  -313 -9999     0     0     0 -9999     0
1984 12 23 06  -169  -274 -9999   360    20     0 -9999     0
1984 12 24 00  -228  -339 -9999     0     0     0 -9999     0
1984 12 24 06  -151  -244 -9999     0     0     0 -9999     0
1984 12 24 09  -162  -244 -9999   340    20     1 -9999 -9999
1984 12 24 21  -167  -244 -9999     0     0     7 -9999 -9999
1984 12 25 00  -173  -258 -9999    20    20     1 -9999     0
1984 12 25 06  -130  -220 -9999     0     0     7 -9999     0
1984 12 25 09  -134  -231 -9999     0     0     8 -9999 -9999
1984 12 25 21 -9999 -9999 -9999     0     0     0 -9999 -9999
1984 12 26 00  -193  -274 -9999     0     0     2 -9999     0
1984 12 26 06  -134  -220 -9999     0     0     8 -9999     0
1984 12 26 09  -125  -231 -9999     0     0     2 -9999 -9999
1984 12 26 21  -176  -258 -9999    40    20     0 -9999 -9999
1984 12 27 00  -172  -258 -9999    40    20     1 -9999     0
1984 12 27 06  -129  -220 -9999   340    30     7 -9999     0
1984 12 27 09  -135  -231 -9999   360    20     4 -9999 -9999
1984 12 27 21  -206  -292 -9999     0     0 -9999 -9999 -9999
1984 12 28 00  -227  -313 -9999     0     0     0 -9999     0
1984 12 28 06  -121  -258 -9999   220    20     0 -9999     0
1984 12 28 21  -193  -292 -9999   110    20     2 -9999 -9999
1984 12 29 00  -178  -272 -9999   140    30     0 -9999     0
1984 12 29 06   -50  -231 -9999     0     0     0 -9999     0
1984 12 29 09   -62  -313 -9999     0     0     0 -9999 -9999
1984 12 29 21  -132  -244 -9999   110    30     0 -9999 -9999
1984 12 30 00  -121  -220 -9999   110    20     0 -9999     0
1984 12 30 06 -9999 -9999 -9999 -9999 -9999     0 -9999     0
1984 12 30 09   -50  -147 -9999    20    10     1 -9999 -9999
1984 12 31 00  -142  -200 -9999    90    20     0 -9999     0
1984 12 31 06   -32  -160 -9999   250    20     0 -9999     0
1984 12 31 09   -24  -105 -9999   360    20     1 -9999 -9999
1984 12 31 21  -129  -185 -9999   140    20     1 -9999 -9999
