1982 01 01 09    19  -175 -9999     0     0     0 -9999 -9999
1982 01 01 21   -14  -220 -9999   140    50     3 -9999 -9999
1982 01 02 00   -30  -210 -9999    20    60     1 -9999 -9999
1982 01 02 09   -61  -175 -9999   340    40     8 -9999 -9999
1982 01 02 21  -121  -191 -9999 -9999 -9999     0 -9999 -9999
1982 01 03 09   -47  -200 -9999   290    20     0 -9999 -9999
1982 01 03 21  -128  -220 -9999     0     0     0 -9999 -9999
1982 01 04 06    -6  -231 -9999   200    20     0 -9999 -9999
1982 01 04 09    -1  -210 -9999     0     0     0 -9999 -9999
1982 01 04 12   -52  -178 -9999    90    20     0 -9999 -9999
1982 01 04 21   -63  -258 -9999   140    40     0 -9999 -9999
1982 01 05 00   -65  -231 -9999   160    30     3 -9999 -9999
1982 01 05 09   -13  -220 -9999   320    30     0 -9999 -9999
1982 01 06 00   -96  -231 -9999    90    30     1 -9999 -9999
1982 01 06 09    -1  -210 -9999   200    30     0 -9999 -9999
1982 01 06 18  -155  -244 -9999    20    20     6 -9999 -9999
1982 01 07 00   -83  -200 -9999    70    30     4 -9999 -9999
1982 01 07 06    33  -154 -9999     0     0     0 -9999 -9999
1982 01 07 09    33  -147 -9999   110    20     0 -9999 -9999
1982 01 08 00   -52  -191 -9999   110    40     0 -9999 -9999
1982 01 08 06    56  -183 -9999     0     0     0 -9999 -9999
1982 01 08 09    67  -135 -9999     0     0     1 -9999 -9999
1982 01 09 00   -28  -167 -9999    40    20     2 -9999 -9999
1982 01 09 09    39  -154 -9999   320    20     1 -9999 -9999
1982 01 09 21   -53  -200 -9999    90    50     0 -9999 -9999
1982 01 10 06    57  -167 -9999     0     0     6 -9999 -9999
1982 01 10 09    45  -114 -9999   320    20     7 -9999 -9999
1982 01 11 00   -73  -167 -9999    40    50     1 -9999 -9999
1982 01 11 06 -9999 -9999 -9999   250    20     1 -9999 -9999
1982 01 11 09   -21  -175 -9999   200    20     1 -9999 -9999
1982 01 11 21   -85  -154 -9999     0     0     1 -9999 -9999
1982 01 12 00   -99  -175 -9999    70    20     1 -9999 -9999
1982 01 12 06    18  -141 -9999     0     0     2 -9999 -9999
1982 01 12 21   -46  -160 -9999   110    30     0 -9999 -9999
1982 01 13 00  -130  -220 -9999    20    30     0 -9999 -9999
1982 01 13 09    37  -114 -9999     0     0     1 -9999 -9999
1982 01 13 21   -66  -141 -9999    90    20     1 -9999 -9999
1982 01 14 00   -54  -119 -9999    90    30     1 -9999 -9999
1982 01 14 21  -147  -220 -9999     0     0     0 -9999 -9999
1982 01 15 00  -162  -231 -9999    90    10     0 -9999 -9999
1982 01 15 09   -65  -258 -9999     0     0     0 -9999 -9999
1982 01 15 21   -94  -210 -9999   180    30     4 -9999 -9999
1982 01 16 00   -84  -220 -9999   160    40     1 -9999 -9999
1982 01 16 06   -22  -183 -9999 -9999 -9999     2 -9999 -9999
1982 01 16 09   -13  -175 -9999   250    10     1 -9999 -9999
1982 01 16 21  -111  -210 -9999   360    40     6 -9999 -9999
1982 01 17 00  -137  -231 -9999   360    40     0 -9999 -9999
1982 01 17 06  -105  -258 -9999   340    40     0 -9999 -9999
1982 01 17 21  -148  -292 -9999   110    40     0 -9999 -9999
1982 01 18 00  -131  -313 -9999   140    30     0 -9999 -9999
1982 01 18 06   -31  -258 -9999   320    20     0 -9999 -9999
1982 01 18 09   -20  -420 -9999   290    20     1 -9999 -9999
1982 01 19 00  -128  -274 -9999    90    30     0 -9999 -9999
1982 01 19 18  -146  -339 -9999    40    60     0 -9999 -9999
1982 01 19 21  -110  -274 -9999    90    40     0 -9999 -9999
1982 01 20 00  -120  -258 -9999    70    30     0 -9999 -9999
1982 01 20 06    20  -231 -9999   290    30     0 -9999 -9999
1982 01 20 09     8  -220 -9999   360    30     0 -9999 -9999
1982 01 21 00  -126  -244 -9999    90    10     1 -9999 -9999
1982 01 21 06   -20  -154 -9999   220    20     0 -9999 -9999
1982 01 21 09 -9999 -9999 -9999 -9999 -9999     0 -9999 -9999
1982 01 21 21  -104  -220 -9999   110    40     0 -9999 -9999
1982 01 22 00   -93  -231 -9999    70    30     7 -9999 -9999
1982 01 22 09   -22  -220 -9999   320    40     7 -9999 -9999
1982 01 22 18   -92  -274 -9999     0     0     8 -9999 -9999
1982 01 22 21   -51  -210 -9999    20    30     8 -9999 -9999
1982 01 23 00   -60  -191 10306    40    20     2 -9999 -9999
1982 01 23 06   -30  -175 -9999   200    20     7 -9999 -9999
1982 01 23 09   -25  -175 -9999   320    30     8 -9999 -9999
1982 01 23 21   -36  -167 -9999   200    20     4 -9999 -9999
1982 01 24 06   -65  -105 -9999   200    30     8 -9999    10
1982 01 25 00   -85  -231 -9999    20    40     4 -9999 -9999
1982 01 25 06   -36  -183 -9999   360    30     6 -9999 -9999
1982 01 25 09   -30 -9999 -9999   340    40     7 -9999 -9999
1982 01 25 21  -115  -220 -9999    70    20     0 -9999 -9999
1982 01 26 00  -114  -200 -9999    70    40     2 -9999 -9999
1982 01 26 09   -13  -220 -9999   360    40     7 -9999 -9999
1982 01 26 21  -103  -191 -9999    90    40     0 -9999 -9999
1982 01 27 00  -101  -191 -9999    70    20     1 -9999 -9999
1982 01 27 06   -19  -210 -9999   360    20     7 -9999 -9999
1982 01 27 09    -9  -231 -9999   320    10     7 -9999 -9999
1982 01 27 21   -82  -183 -9999    70    20     8 -9999 -9999
1982 01 28 00   -92  -200 -9999    40    20     8 -9999 -9999
1982 01 28 09   -63  -231 -9999   360    20     8 -9999 -9999
1982 01 28 21  -117  -191 10498    20    30     8 -9999 -9999
1982 01 29 00  -112  -119 -9999     0     0     8 -9999     0
1982 01 29 21  -113  -154 -9999     0     0     0 -9999 -9999
1982 01 30 00  -121  -154 -9999     0     0     4 -9999 -9999
1982 01 30 09   -22  -160 -9999     0     0     7 -9999 -9999
1982 01 30 21   -75  -183 -9999 -9999 -9999     0 -9999 -9999
1982 01 31 00   -76  -175 -9999    70    20     7 -9999 -9999
1982 01 31 09   -23  -147 -9999    20    60     0 -9999 -9999
1982 01 31 21   -89  -147 -9999    40    20     0 -9999 -9999
1982 02 01 00  -121  -141 -9999    90    20     1 -9999 -9999
1982 02 01 06   -38  -160 -9999   340    10     1 -9999 -9999
1982 02 01 21   -67  -147 -9999    40    20     8 -9999 -9999
1982 02 02 09   -65  -135 -9999   360    30     8 -9999 -9999
1982 02 02 18  -114 -9999 -9999    20    20     8 -9999 -9999
1982 02 02 21  -105  -114 -9999     0     0     7 -9999 -9999
1982 02 03 00   -98  -114 -9999   200    30     8 -9999     3
1982 02 03 06   -64  -100 -9999   360    50     7 -9999    -1
1982 02 03 09   -75  -160 -9999    20    80     7 -9999 -9999
1982 02 03 21  -121  -124 -9999     0     0     7 -9999 -9999
1982 02 04 00  -132  -141 -9999     0     0     1 -9999    -1
1982 02 04 06   -72  -154 -9999   270    20     1 -9999 -9999
1982 02 04 09   -63   -67 -9999   320    20     7 -9999 -9999
1982 02 05 06   -40  -210 -9999   340    30     1 -9999 -9999
1982 02 05 09   -40  -191 -9999   360    30     0 -9999 -9999
1982 02 05 18  -127  -182 -9999   250    60     6 -9999    -1
1982 02 05 21  -108  -175 -9999   110    40     1 -9999 -9999
1982 02 06 00  -118  -175 -9999    40    20     3 -9999 -9999
1982 02 06 09   -27  -154 -9999   360    30     8 -9999 -9999
1982 02 06 21  -101  -175 -9999    90    20     7 -9999 -9999
1982 02 07 00  -100  -167 -9999   140    20     2 -9999 -9999
1982 02 07 09   -18  -141 -9999   340    20     2 -9999 -9999
1982 02 08 00  -106  -141 -9999    90    30     1 -9999 -9999
1982 02 09 00   -62   -76 -9999     0     0     8 -9999     5
1982 02 09 06   -37   -52 -9999     0     0     7 -9999    -1
1982 02 09 09   -17   -68 -9999   360    20     7 -9999 -9999
1982 02 09 12   -14   -92 10374   360    20     7 -9999     0
1982 02 09 21   -38  -114 -9999    90    30     7 -9999 -9999
1982 02 10 06    13  -130 -9999   110    50     8 -9999     0
1982 02 10 09    18  -119 -9999   110    30     1 -9999 -9999
1982 02 10 21   -37  -154 -9999    70   110     1 -9999 -9999
1982 02 11 06     8  -119 -9999   340    30     6 -9999     0
1982 02 11 09    11   -87 -9999   320    30     7 -9999 -9999
1982 02 12 00   -73  -141 -9999   110    20     1 -9999     0
1982 02 12 06    12  -130 -9999   250    30     1 -9999     0
1982 02 12 09    22  -100 -9999   320    30     4 -9999 -9999
1982 02 12 12   -37  -210 -9999   270    30     5 -9999     0
1982 02 12 21   -65  -147 -9999    70    30     0 -9999 -9999
1982 02 13 00   -69  -147 -9999    90    40     1 -9999     0
1982 02 13 09    29  -109 -9999    20    30     0 -9999 -9999
1982 02 13 21   -58  -175 -9999    70    20     0 -9999 -9999
1982 02 14 21   -43   -52 -9999   360    10     7 -9999 -9999
1982 02 15 00   -76  -109 -9999    40    20     7 -9999     5
1982 02 15 06     0 -9999 -9999 -9999 -9999     8 -9999     0
1982 02 15 09     7   -92 -9999     0     0     2 -9999 -9999
1982 02 15 21   -49  -124 -9999   110    40     0 -9999 -9999
1982 02 16 00   -55  -135 -9999   110    40     1 -9999     0
1982 02 16 06    49  -105 -9999   200    30     0 -9999     0
1982 02 16 09    62  -114 -9999     0     0     0 -9999 -9999
1982 02 16 21   -17  -147 -9999    70    30     0 -9999 -9999
1982 02 17 00   -43  -100 -9999   220    30     7 -9999     0
1982 02 17 06     6   -72 -9999   320    30     5 -9999     0
1982 02 17 09    22   -76 -9999   320    20     7 -9999 -9999
1982 02 18 00   -65  -124 -9999    70    20     3 -9999     0
1982 02 18 06    15  -154 -9999   340    30     7 -9999     0
1982 02 18 09    26  -135 -9999   320    30     2 -9999 -9999
1982 02 19 00   -30  -124 -9999    20    40     7 -9999     0
1982 02 19 06    14  -141 -9999     0     0     7 -9999     0
1982 02 19 09    28  -154 -9999   360    50     7 -9999 -9999
1982 02 20 00   -59  -135 -9999   140    30     1 -9999     0
1982 02 20 03  -100  -258 -9999    70    70     7 -9999 -9999
1982 02 20 06    38  -154 -9999   220    50     0 -9999     0
1982 02 20 09    59  -167 -9999   220    20     2 -9999 -9999
1982 02 20 21   -47  -292 -9999    90    40     0 -9999 -9999
1982 02 21 21   -32  -105 -9999    90    10     8 -9999 -9999
1982 02 22 00   -29   -65 -9999     0     0     8 -9999     3
1982 02 22 06    20  -147 -9999   360    60     8 -9999    -1
1982 02 22 09    13  -244 -9999   340    70     8 -9999 -9999
1982 02 22 21   -53  -191 -9999   360    30     7 -9999 -9999
1982 02 23 00   -61  -210 -9999    40    20     4 -9999     0
1982 02 23 03     8 -9999 10274    20    20     8 -9999 -9999
1982 02 23 06     9  -210 -9999   320    20     2 -9999     0
1982 02 23 21   -73  -200 -9999    90    30     0 -9999 -9999
1982 02 24 06    70  -191 -9999     0     0     2 -9999     0
1982 02 24 09    65  -210 -9999   140    40     7 -9999 -9999
1982 02 24 21    13  -119 -9999     0     0     8 -9999 -9999
1982 02 25 00   -14  -114 -9999     0     0     8 -9999     0
1982 02 25 06   -28  -210 -9999 -9999 -9999     6 -9999     0
1982 02 26 00   -52  -175 -9999    90    40     1 -9999     0
1982 02 26 06    69  -154 -9999     0     0     1 -9999     0
1982 02 26 09    63  -175 -9999   360    30     1 -9999 -9999
1982 02 26 21     2  -175 -9999    20    50     8 -9999 -9999
1982 02 27 00   -18  -183 -9999    20    40     8 -9999     0
1982 02 27 09   -28  -109 -9999   320    50     8 -9999 -9999
1982 02 27 21  -102  -154 -9999   110    30     0 -9999 -9999
1982 02 28 00  -107  -160 -9999   110    30     0 -9999     0
1982 02 28 06     0  -191 10308   160    20     0 -9999     0
1982 02 28 09    24  -167 -9999     0     0     1 -9999 -9999
1982 02 28 21   -18   -76 10269     0     0     0 -9999 -9999
1982 03 01 00   -46  -232 -9999    40    60     8 -9999     0
1982 03 01 06    55  -210 -9999   220    30     1 -9999     0
1982 03 01 09    86  -119 -9999   220    30     2 -9999 -9999
1982 03 01 12     9  -220 -9999   290    50     6 -9999     0
1982 03 01 21   -30  -167 -9999    90    20     0 -9999 -9999
1982 03 02 00   -12  -119 -9999   110    20     1 -9999     0
1982 03 02 21   -69  -154 -9999    40    30     0 -9999 -9999
1982 03 03 00   -61  -167 -9999 -9999 -9999     7 -9999     0
1982 03 03 06     1  -200 -9999    20    40     8 -9999     0
1982 03 03 09     1  -244 -9999   340    50     8 -9999 -9999
1982 03 03 21   -78  -135 -9999    70    30     2 -9999 -9999
1982 03 04 00   -70  -114 -9999    40    20     7 -9999     0
1982 03 04 09     5  -200 -9999   360    40     8 -9999 -9999
1982 03 05 00   -62  -135 -9999   110    20     7 -9999     0
1982 03 05 06   -20  -160 -9999   270    20     7 -9999    -1
1982 03 05 09    -5  -160 -9999   320    30     3 -9999 -9999
1982 03 05 18  -138  -191 -9999   270    20     1 -9999     0
1982 03 06 06     0 -9999 -9999   340    20     5 -9999     0
1982 03 06 09     6  -258 -9999   340    20     2 -9999 -9999
1982 03 06 21   -42  -220 -9999   160    30     7 -9999 -9999
1982 03 07 21   -75  -231 -9999    70    20     0 -9999 -9999
1982 03 08 00   -83  -244 -9999    70    30     1 -9999     0
1982 03 08 06    23  -258 -9999    40    20     1 -9999     0
1982 03 08 09    46  -220 -9999   220    30     0 -9999 -9999
1982 03 08 21   -16  -274 -9999   110    40     0 -9999 -9999
1982 03 09 00   -42  -292 -9999   110    30     0 -9999     0
1982 03 09 09    92  -183 -9999     0     0     0 -9999 -9999
1982 03 09 21   -32  -313 -9999    90    30     0 -9999 -9999
1982 03 10 00   -27  -313 -9999    90    40     0 -9999     0
1982 03 10 06    88  -244 -9999     0     0     0 -9999     0
1982 03 10 09    88  -244 -9999   360    50     2 -9999 -9999
1982 03 10 21    16  -183 -9999    70    20     8 -9999 -9999
1982 03 11 00   -10  -191 -9999    70    30     6 -9999     0
1982 03 11 06    96  -258 -9999   270    30     0 -9999     0
1982 03 11 09   101  -100 -9999   290    20     0 -9999 -9999
1982 03 11 21    13  -114 -9999    90    40     6 -9999 -9999
1982 03 12 06   124   -96 -9999     0     0     4 -9999     0
1982 03 12 09   123   -79 -9999   290    20     7 -9999 -9999
1982 03 13 00    28  -124 -9999     0     0     7 -9999     0
1982 03 13 06   108   -96 -9999   320    20     7 -9999     0
1982 03 13 09   112  -147 -9999   320    20     6 -9999 -9999
1982 03 13 21    41   -65 -9999   200    20     8 -9999 -9999
1982 03 14 00    24  -105 -9999     0     0     7 -9999     0
1982 03 14 06   106  -200 -9999   250    70     7 -9999     0
1982 03 14 09   110 -9999 -9999   320   180     9 -9999 -9999
1982 03 14 21    25  -135 -9999 -9999 -9999     9 -9999 -9999
1982 03 15 00   -51  -141 -9999    40    40     8 -9999     0
1982 03 15 21   -25  -147 -9999   140    30     7 -9999 -9999
1982 03 16 00   -38  -220 -9999   110    20     7 -9999     0
1982 03 16 06    68  -160 -9999   220    60     7 -9999     0
1982 03 16 09    58  -183 -9999    20    60     8 -9999 -9999
1982 03 16 21   -16  -210 -9999    20    50     0 -9999 -9999
1982 03 17 00   -38  -191 -9999    40    30     1 -9999     0
1982 03 17 09    66  -191 -9999   360    30     2 -9999 -9999
1982 03 17 21    36  -160 -9999   160    30     7 -9999 -9999
1982 03 18 00    50  -105 -9999   140    70     8 -9999     0
1982 03 18 06    19  -100 -9999   340    30     8 -9999     0
1982 03 18 09    36   -72 -9999    40    30     7 -9999 -9999
1982 03 18 21   -16   -42 -9999   140    30     2 -9999 -9999
1982 03 19 00   -13   -40 -9999   140    30     7 -9999     0
1982 03 19 06    81   -83 -9999   290    30     7 -9999     0
1982 03 19 09    87  -135 -9999   320    30     7 -9999 -9999
1982 03 20 00    16   -72 -9999   160    40     1 -9999     0
1982 03 20 12   129    12 10105   200    30     0 -9999     0
1982 03 20 21    30  -220 -9999    90    30     0 -9999 -9999
1982 03 21 09   161  -154 -9999     0     0     7 -9999 -9999
1982 03 21 21   122  -124 -9999   140    30     0 -9999 -9999
1982 03 22 00    81   -83 -9999    40    20     1 -9999     0
1982 03 22 06   126  -160 -9999   340    70     1 -9999     0
1982 03 23 00 -9999 -9999 -9999   220    30     8 -9999     0
1982 03 23 06    26   -83 -9999   220    30     8 -9999    -1
1982 03 23 09    38   -68 -9999   340    20     7 -9999 -9999
1982 03 23 21   -11   -23 -9999     0     0     8 -9999 -9999
1982 03 24 00   -52  -105 -9999   160    20     7 -9999     0
1982 03 24 06    67   -20 -9999   320    20     1 -9999     0
1982 03 24 09    95   -31 -9999     0     0     4 -9999 -9999
1982 03 25 00     3   -34 -9999    20    30     7 -9999     0
1982 03 25 09    88   -37 -9999   360    40     7 -9999 -9999
1982 03 25 21     9   -45 -9999   180    10     2 -9999 -9999
1982 03 26 00    -4   -42 -9999     0     0     4 -9999     0
1982 03 26 06    82   -45 -9999   290    20     1 -9999 -9999
1982 03 26 09   107   -72 -9999   360    20     7 -9999 -9999
1982 03 26 21    -4  -160 -9999     0     0     0 -9999 -9999
1982 03 27 00     5  -105 -9999     0     0     7 -9999     0
1982 03 27 06   130  -270 -9999   110    60     7 -9999     0
1982 03 27 09   113  -210 -9999   110    90     7 -9999 -9999
1982 03 27 21    72  -150 -9999   110    80     7 -9999 -9999
1982 03 28 00    70  -124 -9999   110   100     7 -9999     0
1982 03 28 06   104  -135 -9999   140   110     7 -9999     0
1982 03 28 09   103   -76 -9999   140    46     7 -9999 -9999
1982 03 29 00    49   -31 -9999   140    30     0 -9999     0
1982 03 29 09   161   -87 -9999   320    20     2 -9999 -9999
1982 03 30 00    94   -72 -9999   110    20     8 -9999     0
1982 03 30 09   204  -109 -9999   200    20     6 -9999 -9999
1982 03 30 21   106   -72 -9999    20    70     7 -9999 -9999
1982 03 31 00    84   -65 -9999 -9999 -9999     8 -9999     0
1982 03 31 09   152  -200 -9999   320    30     1 -9999 -9999
1982 03 31 21    -7  -183 -9999    10    50     7 -9999 -9999
1982 04 01 00    68  -167 -9999   360    50     8 -9999     0
1982 04 01 21    -6  -244 -9999 -9999 -9999     0 -9999 -9999
1982 04 02 00    -3  -231 -9999   140    40     7 -9999     0
1982 04 02 06 -9999 -9999 -9999   290    20     2 -9999     0
1982 04 02 09    77  -154 -9999   320    30     7 -9999 -9999
1982 04 02 21   -10  -167 -9999    90    30     0 -9999 -9999
1982 04 03 00     6  -231 -9999    90    20     1 -9999     0
1982 04 03 06   109  -175 -9999   320    30     1 -9999     0
1982 04 03 09   114  -191 -9999    40    20     0 -9999 -9999
1982 04 03 21    68  -258 -9999   110    70     0 -9999 -9999
1982 04 04 00    78  -191 -9999   110    15     0 -9999     0
1982 04 04 09   128  -141 -9999   110   427     0 -9999 -9999
1982 04 04 21    57   -58 -9999   110    15     0 -9999 -9999
1982 04 05 00    44   -76 -9999     0     0     0 -9999     0
1982 04 05 06   136   -87 -9999 -9999 -9999     0 -9999     0
1982 04 05 09   135   -68 -9999   140    36     0 -9999 -9999
1982 04 05 21    26   -31 -9999 -9999 -9999     0 -9999 -9999
1982 04 06 00    61 -9999 -9999    20    30     7 -9999     0
1982 04 06 06   130   -76 -9999   360    40     0 -9999     0
1982 04 06 21    18  -135 -9999    20    80     8 -9999 -9999
1982 04 07 00    57  -130 -9999   360    50     7 -9999     0
1982 04 07 06    90  -147 -9999   320    60     8 -9999     0
1982 04 07 09    88  -114 -9999    20    50     8 -9999 -9999
1982 04 08 00    -5   -96 -9999    70    20     0 -9999     0
1982 04 08 09    90  -109 -9999     0     0     5 -9999 -9999
1982 04 08 21    -2  -210 -9999    70    20     1 -9999 -9999
1982 04 09 06   121  -175 -9999   290    20     7 -9999     0
1982 04 09 09 -9999 -9999 -9999   180   120     7 -9999 -9999
1982 04 09 21    22    -3 -9999   200    30     8 -9999 -9999
1982 04 10 00    34    -8 -9999   110    30     7 -9999     0
1982 04 10 09   102   -76 -9999   320    40     7 -9999 -9999
1982 04 10 18   -42  -160 -9999     0     0     0 -9999     0
1982 04 10 21    62   -52 -9999   220    20     8 -9999 -9999
1982 04 11 09    90 -9999 -9999    90    30     8 -9999 -9999
1982 04 12 00    26   -45 -9999   360    20     0 -9999     0
1982 04 12 21     9  -160 -9999    90    30     0 -9999 -9999
1982 04 13 00    49  -141 -9999    90    30     7 -9999     0
1982 04 13 06   131 -9999 -9999   320    20     3 -9999     0
1982 04 13 09   137  -141 -9999   290    30     3 -9999 -9999
1982 04 13 21    40  -147 -9999    90    40     0 -9999 -9999
1982 04 14 09   150  -114 -9999   320    40     2 -9999 -9999
1982 04 14 21    38  -141 -9999    90    30     0 -9999 -9999
1982 04 15 00    71  -141 -9999    90    30     1 -9999     0
1982 04 15 06   162  -183 -9999   270    30     1 -9999     0
1982 04 15 09   164  -220 -9999   340    30     7 -9999 -9999
1982 04 15 21    72  -130 -9999    70    20     1 -9999 -9999
1982 04 16 00   100  -109 -9999    20    20     2 -9999     0
1982 04 16 06   161  -119 -9999   320    60     7 -9999     0
1982 04 16 09   167  -124 -9999   320    50     7 -9999 -9999
1982 04 16 21    57 -9999 -9999    40    50     0 -9999 -9999
1982 04 17 00    91   -83 -9999    90    20     0 -9999     0
1982 04 17 06   160   -61 -9999   250    50     2 -9999     0
1982 04 17 09   164   -72 -9999    20    50     6 -9999 -9999
1982 04 17 21    92   -48 -9999   110    30     0 -9999 -9999
1982 04 18 06   172   -42 -9999   250    40     7 -9999     0
1982 04 18 09   178   -52 -9999   200    30     7 -9999 -9999
1982 04 18 21    52    30 -9999   200    20     8 -9999 -9999
1982 04 19 00    57    18 -9999   160    30     7 -9999     1
1982 04 19 06   130   -87 -9999 -9999 -9999     7 -9999     0
1982 04 19 09   124   -34 -9999   340    90     1 -9999 -9999
1982 04 19 21    63   -23 -9999   140    30     0 -9999 -9999
1982 04 20 09   181  -105 -9999     0     0     7 -9999 -9999
1982 04 20 21   113  -130 -9999    90    40     0 -9999 -9999
1982 04 21 00   126   -92 -9999   140    20     7 -9999     0
1982 04 21 06   181   -83 -9999    20    60     7 -9999     0
1982 04 21 09   187   -79 -9999   320    30     7 -9999 -9999
1982 04 21 21    66   -61 -9999    90    30     0 -9999 -9999
1982 04 22 00   112   -34 -9999     0     0     2 -9999     0
1982 04 22 06   167   -48 -9999   360    30     2 -9999     0
1982 04 22 09   170   -68 -9999   340    30     5 -9999 -9999
1982 04 22 21    92   -72 -9999    70    30     0 -9999 -9999
1982 04 23 00   112   -68 -9999   110    30     1 -9999     0
1982 04 23 09   194  -114 -9999   270    30     1 -9999 -9999
1982 04 23 21    98   -79 -9999   110    40     0 -9999 -9999
1982 04 24 00   133   -45 -9999   160    40     0 -9999     0
1982 04 24 06   217   -76 -9999   200    50     1 -9999     0
1982 04 24 09   217  -147 -9999   180    20     1 -9999 -9999
1982 04 25 00   123   -76 -9999   340    20     7 -9999     0
1982 04 25 06   172   -68 -9999   250    20     3 -9999     0
1982 04 25 09   194   -39 -9999   320    30     0 -9999 -9999
1982 04 25 21    78   -48 -9999    20    80     0 -9999 -9999
1982 04 26 00    97   -37 -9999    20    20     3 -9999     0
1982 04 26 06   115   -18 -9999   340    70     8 -9999     0
1982 04 27 00    32   -13 -9999     0     0     2 -9999     0
1982 04 27 06    89  -124 -9999   270    50     7 -9999     0
1982 04 27 09   106  -154 -9999   270    30     0 -9999 -9999
1982 04 28 00 -9999 -9999 -9999   110    40     0 -9999     0
1982 04 28 06   167  -135 -9999   220    20     5 -9999     0
1982 04 28 21    94  -124 -9999   110    30     4 -9999 -9999
1982 04 29 00   122   -87 -9999   160    30     7 -9999     0
1982 04 29 06   168   -96 -9999   360    30     7 -9999     0
1982 04 29 09   178  -154 -9999   340    50     7 -9999 -9999
1982 04 29 18   -33  -200 -9999   260    50     0 -9999     0
1982 04 29 21    68  -105 -9999   360    10     1 -9999 -9999
1982 04 30 09   177   -87 -9999   320    70     0 -9999 -9999
1982 05 01 06 -9999 -9999 -9999   320    80     7 -9999     0
1982 05 01 09   199  -135 -9999   290   100     7 -9999 -9999
1982 05 01 21    27   -87 -9999   340    90     9 -9999 -9999
1982 05 02 00 -9999 -9999 -9999 -9999 -9999 -9999 -9999     0
1982 05 02 06    65  -210 -9999   340   100     7 -9999     0
1982 05 02 09    79  -200 -9999   340   100     7 -9999 -9999
1982 05 02 21     5  -141 -9999    70    20     0 -9999 -9999
1982 05 03 00    60   -92 -9999     0     0     0 -9999     0
1982 05 03 06   148   -92 -9999     0     0     4 -9999     0
1982 05 03 09   167  -135 -9999   270    30     2 -9999 -9999
1982 05 03 18    32  -220 -9999   150    50     0 -9999     0
1982 05 03 21   125  -135 -9999   160    40     7 -9999 -9999
1982 05 04 00   133   -92 -9999   140    20     4 -9999     0
1982 05 04 06   118   -42 -9999   290    70     7 -9999    -1
1982 05 04 21    -6  -114 -9999    70    40     0 -9999 -9999
1982 05 05 00     9   -96 -9999   220    30     4 -9999     0
1982 05 05 06   115  -135 -9999   320    40     7 -9999     0
1982 05 05 09   131  -183 -9999   340    50     1 -9999 -9999
1982 05 05 21    74  -210 -9999   140    30     0 -9999 -9999
1982 05 06 00    95  -109 -9999   160    50     1 -9999     0
1982 05 06 06   197  -175 -9999   180    30     7 -9999     0
1982 05 06 09   209  -119 -9999   250    20     7 -9999 -9999
1982 05 06 21   147   -52 -9999   340    40     8 -9999 -9999
1982 05 07 00   124    32 -9999    20    60     7 -9999    -1
1982 05 07 06   131    26 -9999   270    70     8 -9999 -9999
1982 05 07 09   154    12 -9999   290    50     8 -9999 -9999
1982 05 07 18    21   -76 -9999   140    10     7 -9999     0
1982 05 07 21   -11  -114 -9999   160    20     1 -9999 -9999
1982 05 08 00   124     4 -9999    40    20     7 -9999     0
1982 05 08 06   192   -34 -9999   340    40     6 -9999     0
1982 05 08 09   203   -26 -9999   290    30     7 -9999 -9999
1982 05 08 21   118   -15 -9999   140    40     0 -9999 -9999
1982 05 09 00   152     1 -9999   140    40     5 -9999     0
1982 05 09 06   228    26 -9999   200    50     7 -9999     0
1982 05 09 09   220    34 -9999   270    30     7 -9999 -9999
1982 05 09 21   100   -23 -9999    90    40     7 -9999 -9999
1982 05 10 00   149    -8 -9999     0     0     7 -9999     0
1982 05 10 06   155    30 -9999   110    60     8 -9999    -1
1982 05 10 09   151    30 -9999   110    40     8 -9999 -9999
1982 05 10 21    69   -87 -9999   360    40     0 -9999 -9999
1982 05 11 00    68   -79 -9999    20   120     8 -9999     0
1982 05 11 06    20    16 -9999   320    90     8 -9999    10
1982 05 11 09    -4    -6 -9999   340    60     8 -9999 -9999
1982 05 12 00    -2    -8 -9999    20    30     7 -9999    20
1982 05 12 09    71   -28 -9999     0     0     8 -9999 -9999
1982 05 12 21    18   -37 -9999    90    30     0 -9999 -9999
1982 05 13 00    47   -34 -9999    90    30     1 -9999     0
1982 05 13 06   101   -83 -9999   340    20     7 -9999     0
1982 05 13 09   111   -52 -9999   220    20     3 -9999 -9999
1982 05 13 21    34    -1 -9999   110    30     1 -9999 -9999
1982 05 14 00    70   -13 -9999   110    20     0 -9999     0
1982 05 14 06   216 -9999 -9999   250    20     7 -9999     0
1982 05 14 09   136   -79 -9999   270    30     7 -9999 -9999
1982 05 14 21    50   -42 -9999    90    30     1 -9999 -9999
1982 05 15 09   184   -52 -9999     0     0     7 -9999 -9999
1982 05 15 21    82   -65 -9999   110    40     1 -9999 -9999
1982 05 16 00   134   -48 -9999   110    30     1 -9999     0
1982 05 16 06   201   -83 -9999   290    30     4 -9999     0
1982 05 16 09   215   -55 -9999   320    30     1 -9999 -9999
1982 05 17 00   144   -39 -9999   160    20     1 -9999     0
1982 05 17 06   213   -92 -9999   340    80     8 -9999     0
1982 05 17 21    86   -34 -9999   110    30     0 -9999 -9999
1982 05 18 00   146   -28 -9999   160    20     0 -9999     0
1982 05 18 06   222    14 -9999   340   100     1 -9999     0
1982 05 18 21    95   -52  9791   360    30     0 -9999 -9999
1982 05 19 00   155   -23 -9999     0     0     0 -9999     0
1982 05 20 00   196    28 -9999   110    20     7 -9999     0
1982 05 20 06   244   -48 -9999   270    30     1 -9999     0
1982 05 20 09   252   -26 -9999     0     0     7 -9999 -9999
1982 05 20 21   163   -37 -9999   140    30     3 -9999 -9999
1982 05 21 00   197   -13 -9999 -9999 -9999     2 -9999     0
1982 05 21 06   255   -42 -9999   340    90     7 -9999     0
1982 05 21 09   263   -68 -9999   320    50     7 -9999 -9999
1982 05 21 21   145   -34 -9999    40    20     0 -9999 -9999
1982 05 22 06   258  -109 -9999   290    20     3 -9999     0
1982 05 22 09   269   -72 -9999   320    40     7 -9999 -9999
1982 05 22 21   173   -39 -9999   140    40     0 -9999 -9999
1982 05 23 00   229   -37 -9999   180    30     0 -9999     0
1982 05 23 09   299   -39 -9999     0     0     1 -9999 -9999
1982 05 23 21   209     4 -9999   140    40     1 -9999 -9999
1982 05 24 00   235    -1 -9999   160    30     1 -9999     0
1982 05 24 06   298   -45 -9999   110    60     7 -9999     0
1982 05 24 09   291   -45 -9999   140    80     7 -9999 -9999
1982 05 24 21   210    32 -9999   140    50     0 -9999 -9999
1982 05 25 00 -9999 -9999 -9999 -9999 -9999     8 -9999     0
1982 05 25 06   299    16 -9999   340    60     7 -9999     0
1982 05 25 09   299    49 -9999   180    30     7 -9999 -9999
1982 05 26 00   238    94 -9999   110    20     7 -9999     0
1982 05 26 06   236    69 -9999   320    30     7 -9999    60
1982 05 26 09   261   111 -9999     0     0     7 -9999 -9999
1982 05 27 00   207    94 -9999   110    30     7 -9999     0
1982 05 27 06   271    81 -9999   250    20     8 -9999     0
1982 05 27 09   279    68 -9999     0     0     7 -9999 -9999
1982 05 27 21   194    62 -9999   140    40     7 -9999 -9999
1982 05 28 06   287    74 -9999   140    50     7 -9999     0
1982 05 28 09   283    57 -9999   110    60     7 -9999 -9999
1982 05 28 21   196 -9999 -9999   160    30     0 -9999 -9999
1982 05 29 00   212    68 -9999   180    40     1 -9999 -9999
1982 05 29 06   278    96 -9999   140    80     7 -9999     0
1982 05 29 21   188    78 -9999   160    20     3 -9999 -9999
1982 05 30 00   202    94 -9999     0     0     7 -9999     0
1982 05 30 06   271    94 -9999    40    40     3 -9999     0
1982 05 30 09   242   110 -9999   360   150     9 -9999 -9999
1982 05 30 21   157    78 -9999    20    60     8 -9999 -9999
1982 05 31 00   142   116 -9999    20    20     8 -9999     5
1982 05 31 06   202    74 -9999   180    40     7 -9999    -1
1982 05 31 09   186    72 -9999   220    60     8 -9999 -9999
1982 05 31 21   126   -10 -9999   110    50     3 -9999 -9999
1982 06 01 00   133   -13 -9999     0     0     7 -9999     0
1982 06 01 06   183 -9999 -9999     0     0     7 -9999     0
1982 06 01 09   203   -10 -9999   250    20     7 -9999 -9999
1982 06 01 12   211   -18 10137    70    50     1 -9999     0
1982 06 01 21   136     4 -9999   110    70     0 -9999 -9999
1982 06 02 09   214    64 -9999   140    80     0 -9999 -9999
1982 06 02 21   147    72 -9999   140    40     4 -9999 -9999
1982 06 03 00   170   113 -9999   160    40     7 -9999     0
1982 06 03 06   214    26 -9999   140    70     7 -9999     0
1982 06 03 09   208    48 -9999   110    60     7 -9999 -9999
1982 06 03 21   133    62 -9999     0     0     2 -9999 -9999
1982 06 04 00   152    77 -9999     0     0 -9999 -9999     0
1982 06 04 06   219    32 -9999   340    40     2 -9999     0
1982 06 04 21   150    16 -9999    90    20     7 -9999 -9999
1982 06 05 00   185     1 -9999     0     0     7 -9999     0
1982 06 05 06   255   -42 -9999   340    20     6 -9999     0
1982 06 05 09   242    22 -9999   220    30     7 -9999 -9999
1982 06 05 21   148    39 -9999   160    20     1 -9999 -9999
1982 06 06 00   199    54 -9999   140    30     1 -9999     0
1982 06 06 06   242    36 -9999   220    40     7 -9999    -1
1982 06 06 09   265   -52 -9999   290    50     7 -9999 -9999
1982 06 06 21   149     4 -9999     0     0     1 -9999 -9999
1982 06 07 00   183    24 -9999     0     0     1 -9999     0
1982 06 07 06   225    30 -9999   360    60     4 -9999     0
1982 06 07 21   145    14 -9999    90    30     1 -9999 -9999
1982 06 08 06   248    30 -9999   320    40     6 -9999     0
1982 06 08 21   156    22 -9999    70    30     0 -9999 -9999
1982 06 09 00   204    53 -9999     0     0     1 -9999     0
1982 06 09 06   259    54 -9999    20    30     3 -9999     0
1982 06 09 09   253    53 -9999   360    50     7 -9999 -9999
1982 06 10 00   222    24 -9999   140    40     1 -9999     0
1982 06 10 06   270     6 -9999   200    50     7 -9999     0
1982 06 10 09   273    28 -9999   140    70     7 -9999 -9999
1982 06 10 21    99    95 -9999   220    20     8 -9999 -9999
1982 06 11 06   167    83 -9999   180    30     1 -9999    -1
1982 06 11 09   189    56 -9999   250    20     7 -9999 -9999
1982 06 11 21   149    30 -9999   140    40     0 -9999 -9999
1982 06 12 00   164    54 -9999   140    30     1 -9999     0
1982 06 12 06   249   -28 -9999   270    40     2 -9999     0
1982 06 12 09   253   -42 -9999   270    10     5 -9999 -9999
1982 06 12 21   151    36 -9999   110    30     1 -9999 -9999
1982 06 13 00   188    62 -9999     0     0     0 -9999     0
1982 06 13 06   243    37 -9999     0     0     2 -9999     0
1982 06 13 09   263    10 -9999   250    30     2 -9999 -9999
1982 06 13 21   170    78 -9999    40    20     8 -9999 -9999
1982 06 14 00   151    93 -9999   180    40     8 -9999     1
1982 06 14 09   218    34 -9999   160    50     2 -9999 -9999
1982 06 14 21   150    50 -9999   210    30     0 -9999 -9999
1982 06 15 06   253   -48 -9999   340    50     7 -9999     0
1982 06 15 21   174   -18 -9999   110    20     1 -9999 -9999
1982 06 16 00   220    30 -9999   160    20     1 -9999     0
1982 06 16 06   281   -15 -9999   270    20     3 -9999     0
1982 06 16 09   270   -10 -9999   360    20     4 -9999 -9999
1982 06 17 00   211    28 -9999    40    20     0 -9999     0
1982 06 17 06   262   -18 -9999   360    30     1 -9999     0
1982 06 17 09   273    -3 -9999   360    30     1 -9999 -9999
1982 06 17 18   148   -15 -9999    70    60     8 -9999     0
1982 06 17 21   187    -3 -9999    90    20     0 -9999 -9999
1982 06 18 00   236    -8 -9999   110    30     1 -9999     0
1982 06 18 03   196   -20 -9999   360    20     7 -9999 -9999
1982 06 18 06   294     6 -9999   160    40     1 -9999     0
1982 06 18 09   290 -9999 -9999   140    60     3 -9999 -9999
1982 06 18 21   232    37 -9999   140    50     0 -9999 -9999
1982 06 19 06   315    62 -9999   110    40     1 -9999     0
1982 06 19 09   309    72 -9999     0     0     4 -9999 -9999
1982 06 19 21   142    37 -9999 -9999 -9999     8 -9999 -9999
1982 06 20 00   101    53 -9999    20   120     8 -9999    -1
1982 06 20 06   100    56 -9999    20   100     8 -9999     3
1982 06 20 21    79   -10 -9999   180    20     0 -9999 -9999
1982 06 21 00   116    24 -9999     0     0     0 -9999     0
1982 06 21 09   212    -3 -9999   320    40     1 -9999 -9999
1982 06 22 00   186     6 -9999   160    30     0 -9999     0
1982 06 23 06   212   -45 -9999   180    40     0 -9999     0
1982 06 24 00   203   -45 -9999   180    40     0 -9999     0
1982 06 24 06   301   -26 -9999   220    20     1 -9999 -9999
1982 06 25 00   212    26 -9999     0     0     7 -9999     0
1982 06 25 06   269    30 -9999   360    40     8 -9999     0
1982 06 25 21   200    28 -9999   110    30     7 -9999 -9999
1982 06 26 06   253    57 -9999   140    40     7 -9999    -1
1982 06 26 09   278    41 -9999   360    30     7 -9999 -9999
1982 06 26 21   189    60 -9999   180    50     7 -9999 -9999
1982 06 27 00   189    77 -9999   180    50     8 -9999     0
1982 06 27 06   252    80 -9999   140   100     7 -9999     0
1982 06 27 12   145    26 -9999    90    60     4 -9999 -9999
1982 06 27 21   144    88 -9999   250    30     2 -9999 -9999
1982 06 28 09   225 -9999 -9999    90    30     7 -9999 -9999
1982 06 28 21   162    74 -9999   110    30     2 -9999 -9999
1982 06 29 00   206    85 -9999   140    30     1 -9999     0
1982 06 29 06   277    43 -9999    40    20     2 -9999     0
1982 06 29 09   295    16 -9999   270    30     1 -9999 -9999
1982 06 30 00   235    80 -9999   160    30     0 -9999     0
1982 06 30 06   300    80 -9999   110    50     1 -9999     0
1982 06 30 09   300   101 -9999   180    40     2 -9999 -9999
1982 06 30 21   193    82 -9999   180    50     0 -9999 -9999
1982 07 01 00   216 -9999 -9999   200    50     7 -9999     0
1982 07 01 06 -9999 -9999 -9999   220    50     7 -9999     0
1982 07 01 09   297    32 -9999   200    20     7 -9999 -9999
1982 07 02 00   129    -9 -9999    90    90     2 -9999     0
1982 07 02 06   213   120 -9999   180    30     5 -9999    -1
1982 07 02 09   207   110 -9999   140    20     2 -9999 -9999
1982 07 02 21   151    93 -9999    20    30     2 -9999 -9999
1982 07 03 06   234    41 -9999   360    50     1 -9999     0
1982 07 04 00   188    34 -9999    90    20     7 -9999     0
1982 07 04 06   272    49 -9999    90    20     1 -9999     0
1982 07 04 09   292    39 -9999   250    20     1 -9999 -9999
1982 07 05 00   249    82 -9999   140    50     2 -9999     0
1982 07 05 06   309   168 -9999   160    50     1 -9999     0
1982 07 05 09   307   196 -9999   110    90     1 -9999 -9999
1982 07 05 21   243    65 -9999   140    70     7 -9999 -9999
1982 07 06 00   250   108 -9999   160    30     2 -9999     0
1982 07 06 09   309    81 -9999   140    60     7 -9999 -9999
1982 07 07 00   239   129 -9999   180    30     6 -9999     0
1982 07 07 09   272   128 -9999   250    30     8 -9999 -9999
1982 07 07 21   194   133 -9999    70    20     7 -9999 -9999
1982 07 08 00   218   142 -9999   340    20     7 -9999     0
1982 07 08 09   291   146 -9999   360    40     2 -9999 -9999
1982 07 08 21   207    86 -9999    90    40     0 -9999 -9999
1982 07 09 00 -9999 -9999 -9999     0     0     1 -9999     0
1982 07 09 09   147   120 -9999   340    70     8 -9999 -9999
1982 07 09 18    95  -105 -9999     0     0     0 -9999     0
1982 07 09 21   135    94 -9999     0     0     7 -9999 -9999
1982 07 10 00   158    83 -9999     0     0     1 -9999     0
1982 07 10 06   221    30 -9999    20    30     1 -9999     0
1982 07 10 09   250   -52 -9999   340    50     0 -9999 -9999
1982 07 10 21   152   -34 -9999    90    40     0 -9999 -9999
1982 07 11 00   203    21 -9999   110    20     1 -9999     0
1982 07 11 06   273    21 -9999   140    20     7 -9999     0
1982 07 11 09   283    60 -9999   220    50     7 -9999 -9999
1982 07 12 00   211 -9999 -9999 -9999 -9999     8 -9999     0
1982 07 12 06   294    81 -9999   220    40     6 -9999     0
1982 07 12 09 -9999 -9999 -9999   220    30     4 -9999 -9999
1982 07 12 21   207    49 -9999    70    20     7 -9999 -9999
1982 07 13 00   228    54 -9999     0     0     7 -9999     0
1982 07 13 06   298    78 -9999   160    30     1 -9999     0
1982 07 13 09   299    91 -9999   250    20     1 -9999 -9999
1982 07 14 06   281    96 -9999   360    30     7 -9999 -9999
1982 07 14 09   284   130 -9999   340    60     7 -9999 -9999
1982 07 14 21   154    88 -9999   360    60     7 -9999 -9999
1982 07 15 00   178   -28 -9999    20    40     7 -9999     0
1982 07 15 06   202   -23 -9999   180    20     7 -9999     0
1982 07 15 09   219   -65 -9999   250    30     7 -9999     0
1982 07 16 00   193     6 -9999     0     0     2 -9999     0
1982 07 16 06   261   -45 -9999     0     0     7 -9999     0
1982 07 16 09   210     4 -9999   320    20     1 -9999 -9999
1982 07 16 21   195   -39 -9999    90    30     5 -9999 -9999
1982 07 17 00 -9999 -9999 -9999    90    20     7 -9999     0
1982 07 17 09   294   -48 -9999   160    30     1 -9999 -9999
1982 07 17 21   214     1 -9999 -9999 -9999     1 -9999 -9999
1982 07 18 00   219    39 -9999    70    40     5 -9999     0
1982 07 18 09   269    30 -9999   200    30     7 -9999 -9999
1982 07 18 21   233 -9999 -9999    90    30     5 -9999 -9999
1982 07 19 06   236    59 -9999   360   140     7 -9999     0
1982 07 19 21   184    39 -9999    70    20     1 -9999 -9999
1982 07 20 09   302    -6 -9999 -9999 -9999 -9999 -9999 -9999
1982 07 21 00   228    51 -9999   360    30     8 -9999    -1
1982 07 21 09   230    85 -9999   340    40     8 -9999 -9999
1982 07 21 21   178    89 -9999    40    20     8 -9999 -9999
1982 07 22 00   178    83 -9999    20    20     8 -9999     0
1982 07 22 06   197   106 -9999     0     0     8 -9999 -9999
1982 07 22 09   207    68 -9999   360    20     8 -9999 -9999
1982 07 23 09   176    95 -9999   180    40     1 -9999 -9999
1982 07 23 18   119  -119 -9999    40    50     0 -9999     0
1982 07 24 00   187    41 -9999   140    30     2 -9999     0
1982 07 24 06   268    24 -9999     0     0     1 -9999     0
1982 07 24 09   288    18 -9999   220    40     1 -9999 -9999
1982 07 24 21   179     8 -9999   110    30     0 -9999 -9999
1982 07 25 06   306     6 -9999   320    40     1 -9999 -9999
1982 07 25 09   323    10 -9999   250    20     1 -9999 -9999
1982 07 25 21   221   -34 -9999    90    40     1 -9999 -9999
1982 07 26 00   233    24 -9999   360    20     0 -9999     0
1982 07 26 06 -9999 -9999 -9999 -9999 -9999     7 -9999     0
1982 07 26 09   321   -13 -9999   320    50     2 -9999 -9999
1982 07 26 21   197     0 -9999    70    30     0 -9999 -9999
1982 07 27 00   238    44 -9999   110    20     1 -9999     0
1982 07 27 06   300    59 -9999   220    20     2 -9999     0
1982 07 27 09   312    59 -9999   360    30     7 -9999 -9999
1982 07 28 00   225    69 -9999     0     0     7 -9999     0
1982 07 28 06   280    69 -9999   360    20     7 -9999     0
1982 07 28 09   288    78 -9999     0     0     7 -9999 -9999
1982 07 28 21   175   133 -9999 -9999 -9999     8 -9999 -9999
1982 07 29 06   208   128 -9999   200    30     7 -9999    20
1982 07 29 09   221   112 -9999   220    20     7 -9999 -9999
1982 07 29 21   140    95 -9999   110    20     1 -9999 -9999
1982 07 30 00   186   105 -9999    90    20     1 -9999     0
1982 07 30 06   271    60 -9999     0     0     2 -9999     0
1982 07 30 21   186    43 -9999   110    30     0 -9999 -9999
1982 07 31 00   200    80 -9999     0     0     0 -9999     0
1982 07 31 21   186    75 -9999     0     0     0 -9999 -9999
1982 08 01 00   196   124 -9999    20    40     1 -9999     0
1982 08 01 09   295   130 -9999   200    30     5 -9999 -9999
1982 08 01 21   172   137 -9999     0     0     1 -9999 -9999
1982 08 02 06   281   128 -9999     0     0     2 -9999     0
1982 08 02 09   303   111 -9999   320    20     1 -9999 -9999
1982 08 03 00   238   117 -9999   110    10     7 -9999    -1
1982 08 03 06   298   111 -9999   180    40     4 -9999     0
1982 08 03 21 -9999 -9999 -9999   160    20     0 -9999 -9999
1982 08 04 00   166   144 -9999   180    30     0 -9999     0
1982 08 04 06   223   -76 -9999   320    50     2 -9999     0
1982 08 05 00   215    70 -9999   140    40     0 -9999     0
1982 08 05 06   297    36 -9999   160    50     1 -9999     0
1982 08 05 09   304    21 -9999     0     0     1 -9999 -9999
1982 08 05 12   209   -61 -9999   320    80     2 -9999    -1
1982 08 06 00   192    69 -9999   360    70     8 -9999    -1
1982 08 06 06   235    89 -9999   200    30     7 -9999     3
1982 08 06 09   239    95 -9999   200    40     7 -9999 -9999
1982 08 06 21   186   105 -9999   140    40     7 -9999 -9999
1982 08 07 00   200    67 -9999   140    50     7 -9999     0
1982 08 07 06   280    54 -9999    40    20     2 -9999     0
1982 08 07 09   284    14 -9999     0     0     4 -9999 -9999
1982 08 08 00   217    65 -9999     0     0     7 -9999     0
1982 08 08 09   223    85 -9999   340    40     7 -9999 -9999
1982 08 08 21   169    78 -9999   110    40     0 -9999 -9999
1982 08 09 06   258    60 -9999   200    40     2 -9999     0
1982 08 10 00   198    68 -9999   160    30     0 -9999     0
1982 08 10 06   274    -6 -9999   270    40     1 -9999     0
1982 08 10 09   279    -6 -9999   340    40     1 -9999 -9999
1982 08 11 00   231    14 -9999   110    30     0 -9999     0
1982 08 11 06   295    21 -9999   320    30     2 -9999     0
1982 08 11 09   294    36 -9999   140    30     3 -9999 -9999
1982 08 11 12   260 -9999 -9999    60    20     1 -9999     0
1982 08 11 21   198    46 -9999   140    30     0 -9999 -9999
1982 08 12 06   282    39 -9999   140    60     1 -9999     0
1982 08 12 09   282    49 -9999   160    80     1 -9999 -9999
1982 08 12 21   187    68 -9999   110    30     0 -9999 -9999
1982 08 13 00   224    56 -9999   110    50     1 -9999     0
1982 08 13 06   258    78 -9999   140    80     1 -9999     0
1982 08 13 09   264    98 -9999   140    80     1 -9999 -9999
1982 08 13 12 -9999 -9999 -9999   160    70     8 -9999     0
1982 08 13 21 -9999 -9999 -9999   200    20     0 -9999 -9999
1982 08 14 00   206   115 -9999 -9999 -9999     1 -9999     0
1982 08 14 06   268   111 -9999   140    30     1 -9999     0
1982 08 14 09   272   106 -9999   140    50     1 -9999 -9999
1982 08 15 00   192   114 -9999   140    30     6 -9999     0
1982 08 15 09   236   132 -9999    90    20     7 -9999 -9999
1982 08 16 09   238    71 -9999   180    20     7 -9999 -9999
1982 08 16 21   136    51 -9999    90    20     0 -9999 -9999
1982 08 17 00   179    37 -9999   110    40     0 -9999     0
1982 08 17 06   252    48 -9999   320    40     1 -9999     0
1982 08 17 09   272    90 -9999   340    70     1 -9999 -9999
1982 08 17 21   130     0 -9999    70    20 -9999 -9999 -9999
1982 08 18 00   160    67 -9999   140    40     7 -9999     0
1982 08 18 06   192 -9999 -9999   180    50     8 -9999     0
1982 08 18 09   182    48 -9999 -9999 -9999     7 -9999 -9999
1982 08 19 00   147    62 -9999   180    30     1 -9999     0
1982 08 19 06   231    78 -9999   200    10     1 -9999     0
1982 08 19 09   240    96 -9999   270    20     2 -9999 -9999
1982 08 19 21   155    41 -9999    90    30     0 -9999 -9999
1982 08 20 00   168    72 -9999     0     0     0 -9999     0
1982 08 20 06   256    43 -9999   360    30     1 -9999     0
1982 08 20 09   263    43 -9999   360    20     1 -9999 -9999
1982 08 20 21   171    51 -9999    90    40     0 -9999 -9999
1982 08 21 00   205    91 -9999    90    20     1 -9999     0
1982 08 21 06   267    49 -9999   180    20     2 -9999     0
1982 08 21 09   277    36 -9999   320    30     2 -9999 -9999
1982 08 22 00   219    74 -9999   140    70     1 -9999     0
1982 08 22 06   256    57 -9999   110    70     7 -9999     0
1982 08 22 09   251    78 -9999   110    80     7 -9999 -9999
1982 08 22 21   188    72 -9999   140   100     2 -9999 -9999
1982 08 23 00   197    82 -9999   140    70     7 -9999     0
1982 08 23 06   242    77 10004   110    50     7 -9999     0
1982 08 23 09   248 -9999 -9999   140    50     7 -9999 -9999
1982 08 23 21   164   100 -9999   110    20     1 -9999 -9999
1982 08 24 00   191    91 -9999    40    20     2 -9999     0
1982 08 24 03   250 -9999 10040   360    20     0 -9999 -9999
1982 08 24 06   264    82 -9999   320    20     2 -9999     0
1982 08 25 00   195    99 -9999    20    30     7 -9999     0
1982 08 25 06   274    65 -9999   270    30     6 -9999     0
1982 08 25 09   281    64 -9999   180    30     7 -9999 -9999
1982 08 26 00   186    86 -9999     0     0     4 -9999     0
1982 08 26 06   224    44 -9999   110   100     7 -9999     0
1982 08 26 09   234    53 -9999   140   100     7 -9999 -9999
1982 08 26 21   184    77 -9999    90    30     2 -9999 -9999
1982 08 27 00   184    69 -9999   360    20     7 -9999     0
1982 08 27 09   208    93 -9999    20    70     7 -9999 -9999
1982 08 27 21   152   111 -9999    40    40     8 -9999 -9999
1982 08 28 00   158   114 -9999     0     0     7 -9999     0
1982 08 28 06   223   101 -9999     0     0     8 -9999     0
1982 08 28 09   222   100 -9999     0     0     7 -9999 -9999
1982 08 28 21   158    93 -9999   340    30     8 -9999 -9999
1982 08 29 00   137   121 -9999   360    50     8 -9999    -1
1982 08 29 06   139   132 -9999    20    30     8 -9999    -1
1982 08 29 09   138   132 -9999   360    40     8 -9999 -9999
1982 08 30 00   136   120 -9999     0     0     8 -9999    -1
1982 08 30 06   159   107 -9999   180    30     8 -9999     1
1982 08 30 09   171   111 -9999   180    20     7 -9999 -9999
1982 08 31 00   143   123 -9999   320    20     7 -9999     0
1982 08 31 06   158   133 -9999   250    30     8 -9999    10
1982 08 31 09   153   141 -9999     0     0     8 -9999 -9999
1982 09 01 06   148   143 -9999   340    20     8 -9999    40
1982 09 01 09   143   136 -9999   360    60     8 -9999 -9999
1982 09 01 18    94   -34 -9999     0     0     7 -9999     0
1982 09 02 00   116   112 -9999    20    30     7 -9999     0
1982 09 02 06   178   108 -9999   320    20     7 -9999     0
1982 09 02 09   188   104 -9999   290    30     7 -9999 -9999
1982 09 02 21   136   127 -9999 -9999 -9999     8 -9999 -9999
1982 09 03 06   169   121 -9999   340    30     7 -9999     5
1982 09 03 09   186   103 -9999    20    50     6 -9999 -9999
1982 09 04 00   141    83 -9999    90    30     7 -9999     0
1982 09 04 06 -9999 -9999 -9999    20    20     7 -9999     0
1982 09 04 09   215    48 -9999   360    30     1 -9999 -9999
1982 09 05 09   218   -13 -9999   340    30     7 -9999 -9999
1982 09 06 06   209    43 -9999   290    30     2 -9999     0
1982 09 07 00   153    10 -9999     0     0     0 -9999     0
1982 09 07 06   229    -3 -9999   200    50     2 -9999     0
1982 09 08 00   125    41 -9999     0     0     1 -9999     0
1982 09 08 06   177    30 -9999   340    30     2 -9999     0
1982 09 08 09   186    26 -9999    40    30     2 -9999 -9999
1982 09 09 00   137    36 -9999    90    20     0 -9999     0
1982 09 09 09   206   -48 -9999 -9999 -9999     7 -9999 -9999
1982 09 10 00    92   -75 -9999    40    40     8 -9999     0
1982 09 10 06   208    16 -9999   220    20     7 -9999     0
1982 09 11 00 -9999 -9999 -9999   110    30     7 -9999     0
1982 09 11 06   205    46 -9999   200    40     7 -9999     0
1982 09 11 09   217    32 -9999   160    20     3 -9999 -9999
1982 09 12 00    33   -72 -9999 -9999 -9999     0 -9999     0
1982 09 12 06   205   -18 -9999     0     0     7 -9999    -1
1982 09 12 09   205   -23 -9999   220    40     7 -9999 -9999
1982 09 13 18   163 -9999 -9999   140    40     0 -9999     0
1982 09 14 09   234     8 -9999 -9999 -9999     7 -9999 -9999
1982 09 15 06   223    54 -9999   200    70     7 -9999     0
1982 09 15 09   218    44 -9999   200    60     7 -9999 -9999
1982 09 15 21   142    37 -9999   110    30     0 -9999 -9999
1982 09 16 06   220    72 -9999     0     0     7 -9999     0
1982 09 16 09   220    30 -9999   140    70     7 -9999 -9999
1982 09 16 12   262     0 -9999   360    40     1 -9999     0
1982 09 17 00    52   -98 -9999    40    90     2 -9999     0
1982 09 17 06   179   105 -9999   220    40     7 -9999    -1
1982 09 17 09   188    96 -9999 -9999 -9999     7 -9999 -9999
1982 09 17 21   109    81 -9999    20    20     0 -9999 -9999
1982 09 18 00   320    75 -9999     0     0     0 -9999     0
1982 09 18 09   214    26 -9999   320    20     1 -9999 -9999
1982 09 18 21   112    -8 -9999    50    40     0 -9999 -9999
1982 09 19 00   130   -10 -9999    90    20     1 -9999     0
1982 09 19 06   218    34 -9999   320    30     1 -9999     0
1982 09 19 09   227    24 -9999    20    20     2 -9999 -9999
1982 09 19 21   134     4 -9999    90    30     0 -9999 -9999
1982 09 20 00   155    -8 -9999   110    20     0 -9999     0
1982 09 20 06   241   -13 -9999   140    60     4 -9999     0
1982 09 20 09   229   -18 -9999   140    50     2 -9999 -9999
1982 09 21 00   158   -26 -9999    90    30     7 -9999     0
1982 09 21 06   226   -13 -9999   340    30     1 -9999     0
1982 09 22 06   228    22 -9999   200    30     1 -9999     0
1982 09 22 09   220   -23 -9999   140    70     1 -9999 -9999
1982 09 22 21   160    26 -9999   140    50     0 -9999 -9999
1982 09 23 00   165    56 -9999   110    60     7 -9999     0
1982 09 23 06   196    90 -9999   180    60     7 -9999     0
1982 09 23 09   205    91 -9999   180    50     7 -9999 -9999
1982 09 23 21    94    77 -9999    20    20     7 -9999 -9999
1982 09 24 00    97    78 -9999   360    20     7 -9999    30
1982 09 24 06   146    43 -9999   340    40     7 -9999     0
1982 09 24 09   139    57 -9999   320    30     8 -9999 -9999
1982 09 25 06    64   -96 -9999   360    40     7 -9999     1
1982 09 25 09    83   -61 -9999   340    40     7 -9999 -9999
1982 09 25 21    14  -160 -9999    20    30     0 -9999 -9999
1982 09 26 03   156   -83 10236   320    50     0 -9999 -9999
1982 09 26 21     1   -55 -9999    70    20     0 -9999 -9999
1982 09 27 00    24   -68 -9999     0     0     2 -9999     0
1982 09 27 06   124   -48 -9999   340    40     7 -9999     0
1982 09 27 09   142   -28 -9999   340    40     7 -9999 -9999
1982 09 27 21    70   -34 -9999    70    30     0 -9999 -9999
1982 09 28 00    68    -6 -9999     0     0     7 -9999     0
1982 09 28 06   130   -10 -9999   290    30     7 -9999     0
1982 09 28 09   147   -28 -9999   200    20     7 -9999 -9999
1982 09 29 00    73   -34 -9999    90    20     7 -9999     0
1982 09 29 06   156   -83 -9999   290    30     7 -9999     0
1982 09 29 09   152  -114 -9999   360    30     8 -9999 -9999
1982 09 29 21    58   -72 -9999    90    40     0 -9999 -9999
1982 09 30 00    80   -55 -9999    70    20     7 -9999     0
1982 09 30 06   183   -52 -9999   250    30     7 -9999     0
1982 09 30 09   181   -48 -9999   220    20     7 -9999 -9999
1982 09 30 21   126     4 -9999    70    20     8 -9999     0
1982 10 01 00   123   -10 -9999     0     0     8 -9999     0
1982 10 01 06   173   -58 -9999   320    40     8 -9999     0
1982 10 02 00    84   -28 -9999    70    20     1 -9999     0
1982 10 02 06   198   -20 -9999     0     0     7 -9999     0
1982 10 02 09   203   -31 -9999   220    30     7 -9999 -9999
1982 10 02 21   111   -23 -9999    40    20     1 -9999 -9999
1982 10 03 06   205   -10 -9999   320    40     7 -9999     0
1982 10 03 09   201   -45 -9999   220    40     7 -9999 -9999
1982 10 04 00   140    10 -9999    70    20     2 -9999     0
1982 10 04 09   193   -18 -9999    20    30     6 -9999 -9999
1982 10 04 21    92  -105 -9999    90    30     0 -9999 -9999
1982 10 05 06   208  -135 -9999   200    30     1 -9999     0
1982 10 05 09   206   -96 -9999   200    50     1 -9999 -9999
1982 10 05 21   125   -42 -9999    90    40     0 -9999 -9999
1982 10 06 00   135   -34 -9999   110    30     0 -9999     0
1982 10 06 06   214   -31 -9999   200    40     0 -9999     0
1982 10 06 09   224   -23 -9999   270    20     0 -9999 -9999
1982 10 07 00   204   150 10148   220    40     0 -9999     0
1982 10 07 21   143  -105 -9999    90    30     0 -9999 -9999
1982 10 08 00   138   -79 -9999    90    40     1 -9999     0
1982 10 08 06   231   -96 -9999   150    50     2 -9999     0
1982 10 08 09   221   -65 -9999   110    50     1 -9999 -9999
1982 10 09 06   219    10 -9999     0     0     1 -9999     0
1982 10 09 21   134    26 -9999   110    30     7 -9999 -9999
1982 10 10 00   119    75 -9999     0     0     7 -9999     0
1982 10 10 06   152   -42 -9999    20    60     7 -9999     0
1982 10 10 09   126    64 -9999   320    40     7 -9999 -9999
1982 10 10 21    68   -34 -9999    40    30     0 -9999 -9999
1982 10 11 00    61   -39 -9999    90    30     1 -9999     0
1982 10 11 06   263  -114 -9999   320    30     0 -9999     0
1982 10 11 09   166  -109 -9999   340    30     0 -9999 -9999
1982 10 12 00   126    32 -9999    40    20     8 -9999     0
1982 10 12 06   152    51 -9999   200    20     8 -9999    -1
1982 10 12 09   149    39 -9999     0     0     8 -9999 -9999
1982 10 12 21    74    64 -9999   320    30     8 -9999 -9999
1982 10 13 00    60    51 -9999    70    20     1 -9999     1
1982 10 13 06   136    -1 -9999   320    20     1 -9999     0
1982 10 13 09   151    -3 -9999   320    20     1 -9999 -9999
1982 10 13 21    58   -13 -9999    90    30     0 -9999 -9999
1982 10 14 00    71   -20 -9999   110    30     0 -9999     0
1982 10 14 06   169     4 -9999   320    30     1 -9999     0
1982 10 14 09   166   -20 -9999    20    30     1 -9999 -9999
1982 10 14 21    99   -30 -9999    90    30     2 -9999 -9999
1982 10 15 00   110   -23 -9999    70    20     8 -9999     0
1982 10 15 06   150    -1 -9999   360    60     7 -9999     0
1982 10 15 09   142     6 -9999   360    40     7 -9999 -9999
1982 10 15 18   -24  -142 -9999   160    20     0 -9999     0
1982 10 15 21    86    36 -9999   110    20     7 -9999 -9999
1982 10 16 00    88    21 -9999   140    40     7 -9999     0
1982 10 16 06   163   -18 -9999   270    70     7 -9999     0
1982 10 16 09   164   -52 -9999   320    70     7 -9999 -9999
1982 10 16 21    88   -39 -9999   180    30     0 -9999 -9999
1982 10 17 00    80   -45 -9999   160    30     1 -9999     0
1982 10 17 06   157   -92 -9999   250    30     7 -9999     0
1982 10 17 09   165   -87 -9999   290    60     8 -9999 -9999
1982 10 18 00    64    24 -9999   320    80     7 -9999     0
1982 10 18 09    78   -96 -9999   360    40     0 -9999 -9999
1982 10 18 21    26  -200 -9999   140    40     0 -9999 -9999
1982 10 19 06   125   -83 -9999   340    30     7 -9999     0
1982 10 19 09   126   -87 -9999   320    30     7 -9999 -9999
1982 10 19 21    54   -45 10174   260    30     0 -9999 -9999
1982 10 20 00    48   -45 -9999    90    30     0 -9999     0
1982 10 20 06   164   -83 -9999   270    20     0 -9999     0
1982 10 20 09   165   -68 -9999     0     0     0 -9999 -9999
1982 10 20 21    56   -39 -9999    90    30     0 -9999 -9999
1982 10 21 00    48   -45 -9999    90    30     0 -9999     0
1982 10 21 09   144   -65 -9999   360    30     7 -9999 -9999
1982 10 21 21    83   -52 -9999    70    30     0 -9999 -9999
1982 10 22 00    73   -58 -9999   140    30     7 -9999     0
1982 10 22 06   128   -68 -9999   220    30     7 -9999     0
1982 10 22 09   130   -55 -9999   220    40     7 -9999 -9999
1982 10 22 21    66    -6 -9999   110    30     0 -9999 -9999
1982 10 23 06   126    -6 -9999   340    30     7 -9999     0
1982 10 23 09   105     8 -9999    20    20     7 -9999 -9999
1982 10 23 21    50   -34 -9999   110    30     1 -9999 -9999
1982 10 24 00    56   -26 -9999    90    40     2 -9999     0
1982 10 24 06   131   -13 -9999   320    30     2 -9999     0
1982 10 24 09   136    -8 -9999     0     0     2 -9999 -9999
1982 10 24 21    57   -60 -9999    90    40     0 -9999 -9999
1982 10 25 00    55   -61 -9999    90    30     0 -9999     0
1982 10 25 06   139   -20 -9999   270    20     1 -9999     0
1982 10 25 09   141   -34 -9999   270    20     1 -9999 -9999
1982 10 25 21   100   -39 -9999   110    70     0 -9999 -9999
1982 10 26 00    78   -52 -9999    70    20     7 -9999     0
1982 10 26 06   145   -88 -9999   110    40     7 -9999     0
1982 10 26 09   134    -3 -9999   140    60     7 -9999 -9999
1982 10 26 21    72    41 -9999     0     0     8 -9999 -9999
1982 10 27 00    70    37 -9999     0     0     3 -9999     0
1982 10 27 06   130    28 -9999   290    20     2 -9999     0
1982 10 27 09   133    12 -9999   340    30     2 -9999 -9999
1982 10 27 21    65     4 -9999    90    30     0 -9999 -9999
1982 10 28 05   128    14 -9999   340    50     6 -9999 -9999
1982 10 28 06   138    16 -9999   340    50     7 -9999     0
1982 10 28 21    51    32 -9999   290    40     8 -9999 -9999
1982 10 29 00    36     4 -9999   290    30     8 -9999    -1
1982 10 29 06    41    28 -9999     0     0     8 -9999    10
1982 10 30 09    59  -109 -9999   250    20     1 -9999 -9999
1982 10 30 21   -12  -105 -9999    90    30     0 -9999 -9999
1982 10 31 00   -17   -76 -9999    90    20     1 -9999     0
1982 10 31 06    60  -105 -9999   360    40     0 -9999     0
1982 10 31 21   -16  -154 -9999   110    30     0 -9999 -9999
1982 11 01 00    -3  -175 -9999    90    40     0 -9999     0
1982 11 01 06   113  -114 -9999   200    50     1 -9999     0
1982 11 01 09   102   -61 -9999   200    40     0 -9999 -9999
1982 11 01 21    24   -58 -9999   110    30     0 -9999 -9999
1982 11 02 00    18   -96 -9999    90    30     0 -9999     0
1982 11 02 06   124   -26 -9999   180    30     0 -9999     0
1982 11 02 09   129   -31 -9999   290    20     0 -9999 -9999
1982 11 02 21    71 -9999 -9999   140    30     0 -9999 -9999
1982 11 03 00    48   -15 -9999   110    30     0 -9999     0
1982 11 03 06   141    -6 -9999   340    40     1 -9999     0
1982 11 03 09   112   -31 -9999   340    50     7 -9999 -9999
1982 11 05 09    64  -135 -9999   320    50     8 -9999 -9999
1982 11 05 21   -21  -100 -9999    70    30     1 -9999 -9999
1982 11 06 09    78  -124 -9999   320    30     1 -9999 -9999
1982 11 06 21    -2   -87 -9999     0     0     7 -9999 -9999
1982 11 07 00     6   -83 -9999    90    20     7 -9999     0
1982 11 07 06    97   -52 -9999   220    30     7 -9999     0
1982 11 07 09    80   -68 -9999   360    50     2 -9999 -9999
1982 11 07 21   -11  -105 -9999    70    20     1 -9999     0
1982 11 08 00   -20  -109 -9999    20    30     1 -9999     0
1982 11 08 06     9  -124 -9999   340    90     2 -9999     0
1982 11 08 09    -1  -175 -9999   340    80     2 -9999 -9999
1982 11 08 21   -73  -147 -9999    70    20     0 -9999 -9999
1982 11 09 21   -48  -200 -9999   110    30     0 -9999 -9999
1982 11 10 00   -58  -200 -9999   110    20     0 -9999     0
1982 11 10 09    76  -167 -9999   200    20     0 -9999 -9999
1982 11 10 21     7  -130 -9999   110    40     0 -9999 -9999
1982 11 11 00     3  -258 -9999   140    30     0 -9999     0
1982 11 11 09    85  -210 -9999   200    40     0 -9999 -9999
1982 11 11 21    22  -258 -9999   110    30     0 -9999 -9999
1982 11 12 00    17  -231 -9999    90    40     0 -9999     0
1982 11 12 06   130  -147 -9999   220    20     0 -9999     0
1982 11 12 09   107  -130 -9999     0     0     1 -9999 -9999
1982 11 12 12   -26  -175 -9999   280   120     7 -9999     0
1982 11 13 00   -39  -160 -9999   340    50     8 -9999     0
1982 11 13 06   -46   -68 -9999   360    30     8 -9999    10
1982 11 13 09   -43   -96 -9999    20    20     8 -9999 -9999
1982 11 14 00   -91  -141 -9999    70    20     0 -9999     0
1982 11 14 06   -17  -147 -9999   320    30     1 -9999     0
1982 11 15 00   -88  -183 -9999    70    30     0 -9999     0
1982 11 15 06     4  -212 -9999   200    20     0 -9999     0
1982 11 15 21    -2  -124 -9999   140    40     0 -9999 -9999
1982 11 16 00    -9  -210 -9999   140    30     1 -9999     0
1982 11 16 06    76   -83 -9999 -9999 -9999     7 -9999     0
1982 11 16 21   -54  -147 -9999    20    30     0 -9999 -9999
1982 11 17 00   -54  -109 -9999    20    30     1 -9999     0
1982 11 17 06    18  -167 -9999   340    60     7 -9999     0
1982 11 18 00   -87  -175 -9999    70    30     0 -9999     0
1982 11 18 06     7  -135 -9999   320    30     1 -9999     0
1982 11 18 09    10  -147 -9999   320    30     1 -9999 -9999
1982 11 18 21   -74  -141 -9999    90    20     0 -9999 -9999
1982 11 19 00   -68  -119 -9999   110    30     1 -9999     0
1982 11 19 06    49  -141 -9999   200    30     0 -9999     0
1982 11 19 09    41  -114 -9999     0     0     1 -9999 -9999
1982 11 19 21   -21  -135 -9999    40    30     0 -9999 -9999
1982 11 20 00    -8 -9999 -9999   200    20     7 -9999     0
1982 11 20 06    12  -130 -9999   340    30     7 -9999     0
1982 11 21 00   -45  -110 -9999    20    30     1 -9999     0
1982 11 21 06     6  -109 -9999   340    30     7 -9999     0
1982 11 21 09     8  -114 -9999   320    30     6 -9999 -9999
1982 11 21 12   -30  -244 -9999     0     0     0 -9999     0
1982 11 22 06    18  -160 -9999 -9999 -9999     0 -9999     0
1982 11 22 09    -9  -183 -9999   320    20     1 -9999 -9999
1982 11 22 21   -80  -147 -9999    70    30     0 -9999 -9999
1982 11 23 00   -91  -154 -9999 -9999 -9999     1 -9999     0
1982 11 23 06    -4  -210 -9999   320    30     1 -9999     0
1982 11 23 09    -6  -210 -9999   340    20     0 -9999 -9999
1982 11 24 00  -162  -258 -9999   160    20     0 -9999     0
1982 11 24 06    37  -183 -9999   360    30     2 -9999     0
1982 11 25 00   -90  -175 -9999     0     0     2 -9999     0
1982 11 25 09   -14  -175 -9999   360    40     1 -9999 -9999
1982 11 26 00   -75  -154 -9999    70    30     7 -9999     0
1982 11 26 09    -8  -160 -9999   270    20     8 -9999 -9999
1982 11 27 00   -40   -79 -9999   360    20     8 -9999     1
1982 11 28 06   -10  -135 -9999     0     0     0 -9999     0
1982 11 28 09   -22  -130 -9999   180    20     0 -9999 -9999
1982 11 28 12  -230  -258 -9999    10    40     0 -9999     0
1982 11 29 00   -69  -183 -9999   110    40     0 -9999     0
1982 11 29 06    -3  -130 -9999   180    20     0 -9999     0
1982 11 29 09     0  -160 -9999 -9999 -9999     0 -9999 -9999
1982 11 30 00   -78  -154 -9999   110    30     0 -9999     0
1982 11 30 06    -1  -175 -9999   200    30     0 -9999     0
1982 12 01 00   -84  -191 -9999    90    40     0 -9999     0
1982 12 01 06   -13  -175 -9999   290    20     0 -9999     0
1982 12 01 09   -11  -167 -9999   320    30     0 -9999 -9999
1982 12 01 21   -99  -210 -9999   110    40     0 -9999 -9999
1982 12 02 00   -85  -140 10320   110    30     0 -9999     0
1982 12 02 06   -24  -141 -9999   200    40     0 -9999     0
1982 12 02 09    18  -160 -9999   200    20     0 -9999 -9999
1982 12 02 21   -67  -167 -9999    70    30     0 -9999 -9999
1982 12 03 00   -66  -167 -9999    40    30     2 -9999     0
1982 12 03 09    10  -135 -9999   340    30     7 -9999 -9999
1982 12 03 21   -51  -147 -9999    20    50     7 -9999 -9999
1982 12 04 00   -70  -154 -9999    20    30     7 -9999     0
1982 12 04 06   -68  -191 -9999   360    50     1 -9999     0
1982 12 04 09   -89  -231 -9999   360    70     1 -9999 -9999
1982 12 04 21  -154  -231 -9999   110    20     0 -9999 -9999
1982 12 05 00  -164  -244 -9999    90    20     0 -9999     0
1982 12 05 21  -131  -200 -9999   140    20     0 -9999 -9999
1982 12 06 00  -136  -191 -9999    70    20     1 -9999     0
1982 12 06 06   -47  -175 -9999   290    20     1 -9999     0
1982 12 06 21   -95  -154 -9999     0     0     2 -9999 -9999
1982 12 07 00  -104  -175 -9999     0     0     7 -9999     0
1982 12 07 06   -42  -200 -9999   200    30     1 -9999     0
1982 12 07 09   -35  -160 -9999     0     0     0 -9999 -9999
1982 12 08 00  -117  -191 -9999    40    20     0 -9999     0
1982 12 08 06    -7  -175 -9999   320    20     0 -9999     0
1982 12 08 09   -11  -175 -9999    20    30     0 -9999 -9999
1982 12 08 21   -65  -141 -9999   200    20     7 -9999 -9999
1982 12 09 00   -85  -130 -9999     0     0     8 -9999     0
1982 12 09 06   -40  -147 -9999   320    20     3 -9999    -1
1982 12 09 09   -58  -175 -9999   340    40     4 -9999 -9999
1982 12 10 00  -115  -191 -9999    60    20     2 -9999     0
1982 12 10 09  -102  -210 -9999   340    60     0 -9999 -9999
1982 12 11 00  -151  -220 -9999   270    30     0 -9999     0
1982 12 11 06   -81  -220 -9999   250    20     0 -9999     0
1982 12 11 21  -161  -244 -9999    90    20     0 -9999 -9999
1982 12 12 00  -168  -258 -9999   110    30     1 -9999     0
1982 12 12 06   -43  -258 -9999   320    20     6 -9999     0
1982 12 12 09   -57  -231 -9999   220    30     0 -9999 -9999
1982 12 13 00  -129  -210 -9999   110    30     1 -9999     0
1982 12 13 18   -57  -147 10316    20    20     0 -9999     0
1982 12 14 00  -131  -244 -9999    90    20     7 -9999     0
1982 12 14 09   -50  -183 -9999   360    30     7 -9999 -9999
1982 12 14 21  -112  -183 -9999   360    20     0 -9999 -9999
1982 12 15 00  -126  -191 -9999    70    20     7 -9999     0
1982 12 15 06   -67  -191 -9999   290    30     1 -9999     0
1982 12 15 09   -62  -175 -9999     0     0     0 -9999 -9999
1982 12 15 21  -111  -175 -9999    20    30     0 -9999 -9999
1982 12 16 00   -99  -175 -9999    40    30     6 -9999     0
1982 12 16 09   -53  -191 -9999   270    20     0 -9999 -9999
1982 12 17 00  -116  -200 -9999    40    20     0 -9999     0
1982 12 17 06   -38  -191 -9999   180    20     0 -9999     0
1982 12 17 09   -34  -191 -9999   200    20     0 -9999 -9999
1982 12 17 21  -110  -191 -9999 -9999 -9999     0 -9999 -9999
1982 12 18 00  -111  -183 -9999    90    40     0 -9999     0
1982 12 18 06    -8  -175 -9999   200    20     0 -9999     0
1982 12 19 06   -21  -175 -9999   270    30     1 -9999     0
1982 12 19 09   -40  -160 -9999   200    30     1 -9999 -9999
1982 12 20 00   -95  -200 -9999   140    30     1 -9999     0
1982 12 20 06   -78   -92 -9999   140    40     8 -9999    10
1982 12 20 21   -77  -141 -9999   290    30     7 -9999 -9999
1982 12 21 00   -82  -175 -9999   290    60     5 -9999     0
1982 12 21 06   -74  -244 -9999   290   130     4 -9999     0
1982 12 21 09   -75  -244 -9999   320   100     7 -9999 -9999
1982 12 22 00   -81  -142 -9999   160    30     8 -9999     0
1982 12 22 06   -28  -175 -9999   180    40     7 -9999     0
1982 12 23 00   -82  -130 -9999    40    30     7 -9999     0
1982 12 23 06   -41  -191 -9999   340    30     7 -9999     0
1982 12 23 09   -57  -210 -9999   340    60     7 -9999 -9999
1982 12 23 21  -107  -210 -9999    20    20     7 -9999 -9999
1982 12 24 00  -131  -220 -9999     0     0     2 -9999     0
1982 12 24 09   -93  -258 -9999   340    50     1 -9999 -9999
1982 12 24 21  -167  -244 -9999    70    30     0 -9999 -9999
1982 12 25 00  -172  -244 -9999   110    20     0 -9999     0
1982 12 25 09   -74  -274 -9999   140    30     1 -9999 -9999
1982 12 26 00  -105  -141 10242   200    70     0 -9999 -9999
1982 12 26 06   -30  -147 -9999   290    30     7 -9999     0
1982 12 26 09   -33  -210 -9999   290    30     1 -9999 -9999
1982 12 27 00   -80  -210 -9999   160    30     0 -9999     0
1982 12 27 06    -9  -220 -9999   220    30     0 -9999     0
1982 12 27 09    -9  -210 -9999   140    20     0 -9999 -9999
1982 12 27 21   -86  -210 -9999    90    40     0 -9999 -9999
1982 12 28 00   -89  -210 -9999    90    30     0 -9999     0
1982 12 28 06    35  -231 -9999 -9999 -9999     0 -9999     0
1982 12 28 09    33  -258 -9999     0     0     0 -9999 -9999
1982 12 29 00   -68  -244 -9999   340    20     0 -9999     0
1982 12 29 06   -15  -210 -9999   320    30     0 -9999     0
1982 12 29 09   -30  -175 -9999   360    30     0 -9999 -9999
1982 12 30 00   -93  -191 -9999     0     0     7 -9999     0
1982 12 30 06   -25  -200 -9999   320    20     7 -9999     0
1982 12 31 00  -103  -210 -9999   290    20     7 -9999     0
1982 12 31 06   -49  -191 -9999   360    30     7 -9999     0
1982 12 31 09   -41  -183 -9999   340    50     7 -9999 -9999
1982 12 31 21  -125  -220 -9999   110    30     0 -9999 -9999
