1994 01 01 09 -9999 -9999 -9999     0     0     0 -9999 -9999
1994 01 01 21   -27  -159 -9999    40    30     7 -9999 -9999
1994 01 02 00   -24  -208 -9999   360    30     7 -9999     0
1994 01 03 21   -87  -176 -9999    40    30     0 -9999 -9999
1994 01 04 00   -73  -178 -9999    20    30     2 -9999     0
1994 01 04 09   -17 -9999 -9999 -9999 -9999     7 -9999 -9999
1994 01 05 21   -98  -196 -9999    70    30     0 -9999 -9999
1994 01 06 21   -76  -170 -9999   110    30     0 -9999 -9999
1994 01 07 00 -9999 -9999 10328 -9999 -9999 -9999 -9999 -9999
1994 01 07 21   -39  -205 -9999    90    30     0 -9999 -9999
1994 01 12 09   -29  -188 -9999   140    20     4 -9999 -9999
1994 01 12 21   -62  -141 -9999   140    30     0 -9999 -9999
1994 01 13 00   -96  -171 -9999   110    40     0 -9999     0
1994 01 13 09     4  -186 -9999     0     0     0 -9999 -9999
1994 01 14 00   -54  -199 -9999   180    30     0 -9999     0
1994 01 14 09    39  -191 -9999   200    40     0 -9999 -9999
1994 01 15 09   -37  -167 -9999   340    50     7 -9999 -9999
1994 01 16 00 -9999 -9999 -9999   200   200 -9999 -9999     0
1994 01 16 09  -107  -239 -9999   340    40     2 -9999 -9999
1994 01 17 00  -141  -251 -9999    40    20     7 -9999     0
1994 01 17 06   -98  -232 -9999   340    30     0 -9999     0
1994 01 18 00  -163  -265 -9999   110    20     0 -9999     0
1994 01 18 09   -80  -264 -9999    20    40     0 -9999 -9999
1994 01 19 00  -151  -260 -9999     0     0     2 -9999     0
1994 01 19 06   -83  -191 -9999   340    40     1 -9999     0
1994 01 19 09 -9999 -9999 -9999   340    50     1 -9999 -9999
1994 01 20 00  -166  -263 -9999   360    20     0 -9999     0
1994 01 20 09   -95  -247 -9999   320    20     0 -9999 -9999
1994 01 21 00  -163  -279 -9999    40    30     1 -9999     0
1994 01 22 00  -153  -276 -9999   140    30     0 -9999     0
1994 01 22 09   -52   -80 -9999    40    30     2 -9999 -9999
1994 01 23 00  -104  -226 -9999   140    30     0 -9999     0
1994 01 23 09    27  -172 -9999   200    20     0 -9999 -9999
1994 01 24 00  -124  -241 -9999   110    40     0 -9999     0
1994 01 25 09   -73  -221 -9999   360    70     0 -9999 -9999
1994 01 26 00 -9999 -9999 -9999   140    30     1 -9999     0
1994 01 28 09    -2  -252 -9999   340    40     2 -9999 -9999
1994 01 28 21   -85  -220 -9999   160    20     4 -9999 -9999
1994 01 29 00   -57  -227 -9999   180    20     8 -9999     0
1994 01 29 09   -33  -239 -9999   250    20     7 -9999 -9999
1994 01 29 21   -94  -188 -9999     0     0     0 -9999 -9999
1994 01 30 00   -87  -183 -9999   360    10     7 -9999     0
1994 01 31 00   -54  -162 -9999     0     0     7 -9999     0
1994 01 31 09    -5  -145 -9999   340    30     2 -9999 -9999
1994 02 01 09    -4  -171 -9999    20    50     1 -9999 -9999
1994 02 02 21   -24  -134 -9999   110    20     7 -9999 -9999
1994 02 03 00   -21  -118 -9999     0     0     8 -9999     0
1994 02 03 09   -17   -40 -9999   320    20     7 -9999 -9999
1994 02 04 00   -70  -131 -9999   160    30     0 -9999     0
1994 02 04 09 -9999 -9999 -9999   340    40     0 -9999 -9999
1994 02 05 00  -115  -246 -9999   140    20     0 -9999     0
1994 02 05 09    -5 -9999 -9999   340    30     0 -9999 -9999
1994 02 06 00   -95  -245 -9999 -9999 -9999     1 -9999     0
1994 02 06 06 -9999 -9999 -9999    10   530     2 -9999 -9999
1994 02 07 00   -73  -158 -9999   140    20     0 -9999     0
1994 02 07 09     9 -9999 -9999 -9999 -9999 -9999 -9999 -9999
1994 02 08 00 -9999 -9999 -9999    40    30     0 -9999     0
1994 02 08 09     1  -178 -9999   360    10     2 -9999 -9999
1994 02 09 00    15 -9999 -9999   140    80     0 -9999     0
1994 02 10 09   -25  -219 -9999   290    20     8 -9999 -9999
1994 02 11 06    -1  -193 -9999     0     0     0 -9999     0
1994 02 11 09     5  -162 -9999   290    20     0 -9999 -9999
1994 02 12 00   -75  -174 -9999    70    20     0 -9999     0
1994 02 12 09    25   -89 -9999   110    60     5 -9999 -9999
1994 02 13 09   -31   -51 -9999   340    30     8 -9999 -9999
1994 02 14 09 -9999 -9999 -9999   340    10     2 -9999 -9999
1994 02 15 09    20   -93 -9999   360    20     0 -9999 -9999
1994 02 16 09    41  -112 -9999     0     0     7 -9999 -9999
1994 02 16 21   -24 -9999 -9999   200    20     0 -9999 -9999
1994 02 17 09    47  -100 -9999   360    40     0 -9999 -9999
1994 02 18 00   -26   -82 -9999    70    20     7 -9999     0
1994 02 18 09    57   -73 -9999   320    20     0 -9999 -9999
1994 02 20 09     9  -208 -9999     0     0     0 -9999 -9999
1994 02 21 09    33  -183 -9999   360    50     7 -9999 -9999
1994 02 22 09   -21  -218 -9999   250    20     7 -9999 -9999
1994 02 22 21   -59  -244 -9999   200    20     8 -9999 -9999
1994 02 25 09     9   -81 -9999    40    20     7 -9999 -9999
1994 02 25 21   -56  -173 -9999   360    30     7 -9999 -9999
1994 02 26 21   -82  -161 -9999   180    30     7 -9999 -9999
1994 02 27 21   -90 -9999 -9999    90    20     0 -9999 -9999
1994 02 28 09   -15  -211 -9999   290    20     0 -9999 -9999
1994 02 28 21   -89  -195 -9999    70    20     0 -9999 -9999
1994 03 01 00   -95  -183 -9999 -9999 -9999     0 -9999     0
1994 03 01 09     4 -9999 -9999   290    30     0 -9999 -9999
1994 03 02 00 -9999 -9999 -9999   100   360     1 -9999 -9999
1994 03 02 09    49  -155 -9999   320    50     0 -9999 -9999
1994 03 04 09   131  -140 -9999     0     0     0 -9999 -9999
1994 03 05 00    51  -196 -9999 -9999 -9999     2 -9999     0
1994 03 05 09    85  -118 -9999   340    50     7 -9999 -9999
1994 03 06 00    19  -172 -9999   200    30     1 -9999     0
1994 03 06 21   -43  -227 -9999    20    40     0 -9999 -9999
1994 03 07 00   -49  -214 -9999    20    50     7 -9999     0
1994 03 07 06   -41  -132 -9999   360    60     7 -9999     0
1994 03 07 21   -69  -146 -9999    20    20     4 -9999 -9999
1994 03 08 09   -38  -292 -9999   360    50     7 -9999 -9999
1994 03 09 00  -102 -9999 -9999    40    20     0 -9999     0
1994 03 09 09   -15  -289 -9999   290    10     7 -9999 -9999
1994 03 10 00   160  -129 -9999   200   110     0 -9999     0
1994 03 10 06    69  -100 -9999   320    40     1 -9999     0
1994 03 10 09    63  -157 -9999 -9999 -9999 -9999 -9999 -9999
1994 03 11 00 -9999 -9999 -9999 -9999 -9999 -9999 -9999     0
1994 03 11 09    15  -145 -9999   340    40     8 -9999 -9999
1994 03 12 09   -97  -179 -9999   360    90     8 -9999 -9999
1994 03 13 09   -55  -246 -9999   320    30     0 -9999 -9999
1994 03 14 00 -9999 -9999 -9999    90    30     0 -9999     0
1994 03 16 09    58  -168 -9999   220    20     1 -9999 -9999
1994 03 19 21    48   -90 -9999   340    50     8 -9999 -9999
1994 03 20 21    12  -153 -9999   140    20     7 -9999 -9999
1994 03 21 00    17  -113 -9999   250    20     8 -9999     0
1994 03 21 09    43  -159 -9999   340    60     8 -9999 -9999
1994 03 21 21   -39   -47 -9999   360    30     5 -9999 -9999
1994 03 22 00   -39   -44 -9999   360    40     8 -9999     5
1994 03 22 21   -36  -147 -9999    70    30     0 -9999 -9999
1994 03 23 00    -7  -144 -9999    40    30     0 -9999     0
1994 03 23 09    76  -126 -9999   340    30     0 -9999 -9999
1994 03 23 21   -19  -126 -9999    70    30     0 -9999 -9999
1994 03 24 09   102  -199 -9999   360    30     2 -9999 -9999
1994 03 24 21     9  -154 -9999     0     0     0 -9999 -9999
1994 03 25 00   -14  -165 -9999   160    50     6 -9999     0
1994 03 25 09    90  -170 -9999   340    20     1 -9999 -9999
1994 03 26 09   115  -179 -9999   110   100     0 -9999 -9999
1994 03 26 21    37   -62 -9999   160    20     7 -9999 -9999
1994 03 27 00    34   -48 -9999     0     0     0 -9999     0
1994 03 27 09   121   -82 -9999   320    30     2 -9999 -9999
1994 03 27 21    22  -110 -9999    70    30     0 -9999 -9999
1994 03 28 00    29  -147 -9999    40    20     0 -9999     0
1994 03 28 06   129  -239 -9999   320    20     0 -9999     0
1994 03 28 09   139  -164 -9999 -9999 -9999     0 -9999 -9999
1994 03 28 21    67  -172 -9999   110    40     0 -9999 -9999
1994 03 29 09   162  -155 -9999   290    30     0 -9999 -9999
1994 03 29 21    72  -135 -9999    90    40     0 -9999 -9999
1994 03 30 00    82  -115 -9999    70    20     0 -9999     0
1994 03 30 09   163  -101 -9999     0     0     7 -9999 -9999
1994 03 30 21    93   -62 -9999   360    30     8 -9999 -9999
1994 03 31 00    65     8 -9999   360    50     8 -9999     1
1994 03 31 09   114   -25 -9999    40    10     3 -9999 -9999
1994 04 01 09   165  -134 -9999   290    40     4 -9999 -9999
1994 04 01 21    75  -103 -9999   110    40     0 -9999 -9999
1994 04 02 00    89   -98 -9999   110    40     7 -9999     0
1994 04 02 09   174  -129 -9999   200    50     7 -9999 -9999
1994 04 03 09   178   -91 -9999   320    30     7 -9999 -9999
1994 04 03 21    94  -125 -9999   110    40     0 -9999 -9999
1994 04 04 09   225  -125 -9999   160    70     0 -9999 -9999
1994 04 04 21   152 -9999 -9999    40    40 -9999 -9999 -9999
1994 04 05 21   163   -22 -9999   160    70     0 -9999 -9999
1994 04 06 09   210    -9 -9999   140   120     7 -9999 -9999
1994 04 06 21   156   -10 -9999    70    60     0 -9999 -9999
1994 04 07 09   166   -16 -9999   340    40     8 -9999 -9999
1994 04 07 21   100    65 -9999   200    70     0 -9999 -9999
1994 04 08 09   156    42 -9999   340    40     7 -9999 -9999
1994 04 09 09    38   -12 -9999    20    30     8 -9999 -9999
1994 04 09 21    22     3 -9999   140    20     7 -9999 -9999
1994 04 10 09    87     3 -9999   360    50     8 -9999 -9999
1994 04 10 21    29  -101 -9999   360    50     8 -9999 -9999
1994 04 11 21    -9  -216 -9999   360    50     0 -9999 -9999
1994 04 12 09    70  -211 -9999   340    60     0 -9999 -9999
1994 04 12 21   -12  -123 -9999    70    20     0 -9999 -9999
1994 04 13 21    33  -137 -9999   140    30     0 -9999 -9999
1994 04 14 09   146  -199 -9999   200    20     0 -9999 -9999
1994 04 14 21    88  -150 -9999   110    30     2 -9999 -9999
1994 04 15 21    79  -180 -9999   110    40     0 -9999 -9999
1994 04 16 09 -9999 -9999 -9999   200    30     7 -9999 -9999
1994 04 16 21   127   -38 -9999   160    40     0 -9999 -9999
1994 04 17 09   218    -4 -9999   320    20     1 -9999 -9999
1994 04 17 21   120    34 -9999 -9999 -9999     0 -9999 -9999
1994 04 18 00 -9999 -9999 -9999   320    20     7 -9999     0
1994 04 18 09   133    69 -9999   290    30     7 -9999 -9999
1994 04 18 21    83    79 -9999   270    20     8 -9999 -9999
1994 04 19 21    93    63 -9999 -9999 -9999 -9999 -9999 -9999
1994 04 20 09   135 -9999 -9999   180    60     7 -9999 -9999
1994 04 20 21    78    21 -9999   110    20     0 -9999 -9999
1994 04 21 00   106    30 -9999   320    50     4 -9999     0
1994 04 21 09   163 -9999 -9999   340    50     7 -9999 -9999
1994 04 21 21    97   -47 -9999    20    20     8 -9999 -9999
1994 04 22 21    61   -21 -9999   140    30     0 -9999 -9999
1994 04 23 09   161   -55 -9999   220    10     7 -9999 -9999
1994 04 23 21    74   -27 -9999   110    30     1 -9999 -9999
1994 04 24 09   171   -73 -9999   110    10     6 -9999 -9999
1994 04 24 21   102   -54 -9999   160    30     0 -9999 -9999
1994 04 25 09   200  -101 -9999   320    50     7 -9999 -9999
1994 04 25 21   127   -92 -9999    70    40     0 -9999 -9999
1994 04 26 21   110   -59 -9999   160    40     7 -9999 -9999
1994 04 27 09   207  -116 -9999 -9999 -9999 -9999 -9999 -9999
1994 04 27 21   135   -77 -9999   360    30     0 -9999 -9999
1994 04 28 00   124   -60 -9999   160    10     0 -9999     0
1994 04 28 09   340 -9999 -9999   290   150     7 -9999 -9999
1994 04 28 21   164   -70 -9999   160    20     0 -9999 -9999
1994 04 29 05   278   -72 -9999   220    30 -9999 -9999 -9999
1994 04 29 21   188   -66 -9999   140    40     0 -9999 -9999
1994 04 30 00   230   -68 -9999   160    40     0 -9999     0
1994 04 30 09   310   -90 -9999   200    70     3 -9999 -9999
1994 04 30 21   140   -14 -9999   290    20     7 -9999 -9999
1994 05 01 09   140   -66 -9999   340    60     7 -9999 -9999
1994 05 01 21     5     0 -9999   290    40     8 -9999 -9999
1994 05 02 05 -9999 -9999 -9999   340    40     8 -9999 -9999
1994 05 02 06 -9999 -9999 -9999   360    40     8 -9999    70
1994 05 02 21    20   -73 -9999     0     0     0 -9999     0
1994 05 03 09    69   -46 -9999 -9999 -9999     6 -9999 -9999
1994 05 03 21    15   -34 -9999    40    20     0 -9999 -9999
1994 05 04 00 -9999 -9999 -9999   220    10     0 -9999     0
1994 05 04 09   113   -67 -9999   340    50     1 -9999 -9999
1994 05 04 21    31   -64 -9999    40    20     0 -9999 -9999
1994 05 05 00    83   -21 -9999    90    20     0 -9999     0
1994 05 05 21    55   -81 -9999   110    30     0 -9999 -9999
1994 05 06 00   113   -80 -9999   160    20     0 -9999     0
1994 05 06 09   178  -116 -9999   340    40     0 -9999 -9999
1994 05 07 00   145 -9999 -9999   160    40     1 -9999 -9999
1994 05 07 09   231   -68 -9999 -9999 -9999     0 -9999 -9999
1994 05 07 21   135   -46 -9999    40    30     0 -9999 -9999
1994 05 08 09   260  -100 -9999   270    50     7 -9999 -9999
1994 05 09 09   220  -116 -9999   320    60     5 -9999 -9999
1994 05 09 21   107   -37 -9999     0     0     0 -9999 -9999
1994 05 10 21   159   -81 -9999    90    20     0 -9999 -9999
1994 05 11 09   254   -18 -9999   360    60     7 -9999 -9999
1994 05 11 21   172   -43 -9999   180    30     8 -9999 -9999
1994 05 12 09   248   -40 -9999   200    30     7 -9999 -9999
1994 05 12 21   163     1 -9999    70    20     1 -9999 -9999
1994 05 13 09   182    53 -9999    90    50     7 -9999 -9999
1994 05 13 21   128    49 -9999     0     0     5 -9999 -9999
1994 05 14 00   175 -9999 -9999   360    20     7 -9999     0
1994 05 14 09   241   -24 -9999   340    50     5 -9999 -9999
1994 05 14 21   125   -14 -9999   140    20     0 -9999 -9999
1994 05 15 00   174   -28 -9999   180    20     0 -9999     0
1994 05 15 21   130   -12 -9999    40    20     0 -9999 -9999
1994 05 16 00   152   -15 -9999    40    20     7 -9999     0
1994 05 16 09   189   -13 -9999   340    90     7 -9999 -9999
1994 05 16 21    86   -27 -9999   160    20     0 -9999 -9999
1994 05 17 00 -9999 -9999 -9999   180    30     0 -9999     0
1994 05 17 21   151   -78 -9999    90    40     0 -9999 -9999
1994 05 18 09   277 -9999 -9999   200    30     0 -9999 -9999
1994 05 18 21   186    19 -9999   140    30     2 -9999 -9999
1994 05 19 21    92  -115 -9999    40    50     7 -9999 -9999
1994 05 20 09   179  -116 -9999 -9999 -9999     7 -9999 -9999
1994 05 20 21   136  -142 -9999   140    40     0 -9999 -9999
1994 05 21 09   257 -9999 -9999   200    60     7 -9999 -9999
1994 05 21 21   167    -2 -9999    40    30     2 -9999 -9999
1994 05 22 09   254 -9999 -9999   340    40     3 -9999 -9999
1994 05 23 09   204    31 -9999   180    60     7 -9999 -9999
1994 05 23 21   146    25 -9999   320    40     7 -9999 -9999
1994 05 24 09   186   -30 -9999   340    60     7 -9999 -9999
1994 05 24 21    95 -9999 -9999   140    20     0 -9999 -9999
1994 05 25 09   178  -125 -9999 -9999 -9999     7 -9999 -9999
1994 05 25 21    93   -71 -9999    40    20     0 -9999 -9999
1994 05 26 21   134   -62 -9999   110    30     0 -9999 -9999
1994 05 27 09   265   -84 -9999   180    20 -9999 -9999 -9999
1994 05 27 21   139   -68 -9999   110    30     0 -9999 -9999
1994 05 28 09   279  -175 -9999   320    60     7 -9999 -9999
1994 05 28 21   160   -66 -9999    90    20     8 -9999 -9999
1994 05 29 00   202    -5 -9999     0     0     2 -9999     0
1994 05 29 09   272   -72 -9999   250    30     7 -9999 -9999
1994 05 29 21   192   -14 -9999   140    20     3 -9999 -9999
1994 05 30 00   205   -13 -9999   180    40     1 -9999     0
1994 05 30 09   251     3 -9999   140    60     3 -9999 -9999
1994 05 30 21   187 -9999 -9999    90    20     0 -9999 -9999
1994 05 31 00   246    -7 -9999   110    20     0 -9999     0
1994 05 31 09   288   -48 -9999   140    60     2 -9999 -9999
1994 05 31 21   236   -18 -9999   160    30     0 -9999 -9999
1994 06 01 00   258     4 -9999   160    30     0 -9999     0
1994 06 01 21   181   -49 -9999 -9999 -9999     7 -9999 -9999
1994 06 02 21   139   -46 -9999   110    30     2 -9999 -9999
1994 06 03 09   198   -40 -9999   270    20     8 -9999 -9999
1994 06 03 21   123    47 -9999   180    20     7 -9999 -9999
1994 06 04 05   234    16 -9999   340    20     1 -9999 -9999
1994 06 04 21   156     2 -9999    90    30     0 -9999 -9999
1994 06 05 21   149    64 -9999     0     0     0 -9999 -9999
1994 06 06 21   137   111 -9999   360    30     8 -9999 -9999
1994 06 07 09   190    52 -9999    40    50     7 -9999 -9999
1994 06 07 21   155    27 -9999     0     0     8 -9999 -9999
1994 06 08 09   250   -23 -9999   320    20     1 -9999 -9999
1994 06 08 21   190   -90 -9999   110    70     0 -9999 -9999
1994 06 09 00   216   -92 -9999   140    70     1 -9999     0
1994 06 09 09 -9999 -9999 -9999   140    40     2 -9999 -9999
1994 06 09 21   187    24 -9999   140    20     6 -9999 -9999
1994 06 10 09 -9999 -9999 -9999    40    40     2 -9999 -9999
1994 06 10 21   136    66 -9999   110    30     0 -9999 -9999
1994 06 13 09 -9999 -9999 -9999   140    50     6 -9999 -9999
1994 06 13 21   202    67 -9999   140    50     0 -9999 -9999
1994 06 14 00   220    80 -9999   200    30 -9999 -9999     0
1994 06 14 09   204 -9999 -9999   240   110     7 -9999 -9999
1994 06 15 06   180   120 -9999   270    20     8 -9999     1
1994 06 15 21 -9999 -9999 -9999     0     0     8 -9999 -9999
1994 06 16 21   144    75 -9999    90    20     0 -9999 -9999
1994 06 17 21   198    52 -9999   180    60     7 -9999 -9999
1994 06 18 00   201    80 -9999   180    50     7 -9999     0
1994 06 18 09 -9999    99 -9999   220    50     7 -9999 -9999
1994 06 18 21   171   137 -9999     0     0     8 -9999 -9999
1994 06 19 00   156   146 -9999   360    20     8 -9999     5
1994 06 19 09   189   141 -9999     0     0 -9999 -9999 -9999
1994 06 19 21   152   122 -9999     0     0     6 -9999 -9999
1994 06 20 09   242 -9999 -9999   250    50     7 -9999 -9999
1994 06 20 21   174   111 -9999   180    30     7 -9999 -9999
1994 06 21 09   238    84 -9999 -9999 -9999     7 -9999 -9999
1994 06 21 21   160   104 -9999   140    30     0 -9999 -9999
1994 06 22 00 -9999 -9999 -9999   180    30     7 -9999     0
1994 06 22 09   255    55 -9999   270    30     7 -9999 -9999
1994 06 23 09 -9999 -9999 -9999   270    20     1 -9999 -9999
1994 06 24 00   214 -9999 -9999   110    20     7 -9999     0
1994 06 24 21   185     5 -9999   160    50     0 -9999 -9999
1994 06 25 09   272     3 -9999   320    60     7 -9999 -9999
1994 06 25 21   169     9 -9999   110    30     0 -9999 -9999
1994 06 26 00   209    28 -9999     0     0     2 -9999     0
1994 06 26 09   283    29 -9999   320    40     7 -9999 -9999
1994 06 26 21   223    56 -9999   360    30     7 -9999 -9999
1994 06 27 09   233    83 -9999   180    50     7 -9999 -9999
1994 06 27 21   144    90 -9999    40    20     0 -9999 -9999
1994 06 29 09 -9999 -9999 -9999    20   440 -9999 -9999 -9999
1994 06 29 21   160   112 -9999     0     0     8 -9999 -9999
1994 06 30 00   174   101 -9999 -9999 -9999     6 -9999    -1
1994 06 30 06   236    75 -9999   340    30     6 -9999     0
1994 06 30 21   144    75 -9999    90    20     0 -9999 -9999
1994 07 01 09   193   106 -9999   140    40     7 -9999 -9999
1994 07 01 21   157    69 -9999   140    30     0 -9999 -9999
1994 07 02 21   190    58 -9999   140    40     0 -9999 -9999
1994 07 03 09   282 -9999 -9999   290    40     3 -9999 -9999
1994 07 03 21   290   -40 -9999   110    40     0 -9999 -9999
1994 07 04 06   310 -9999 -9999 -9999 -9999     7 -9999     0
1994 07 04 21   240    70 -9999   140    30     5 -9999 -9999
1994 07 05 06 -9999 -9999 -9999   250    50     7 -9999     0
1994 07 05 09   319    59 -9999   180    60     4 -9999 -9999
1994 07 05 21   220   110 -9999   160    50     2 -9999 -9999
1994 07 06 00   217    80 -9999   180    50     1 -9999     0
1994 07 06 09   272  -108 -9999     0     0     8 -9999 -9999
1994 07 07 09   183   148 -9999 -9999 -9999     8 -9999 -9999
1994 07 07 21 -9999 -9999 -9999   160    20     0 -9999 -9999
1994 07 08 21   190   105 -9999   140    30     0 -9999 -9999
1994 07 09 06   236   106 -9999   220    40     7 -9999     0
1994 07 09 09   244   101 -9999 -9999 -9999     7 -9999 -9999
1994 07 09 21   166    91 -9999   110    20     0 -9999 -9999
1994 07 10 09   278    28 -9999   320    30     3 -9999 -9999
1994 07 10 21   212    67 -9999   320    20     7 -9999 -9999
1994 07 11 00 -9999 -9999 -9999     0     0     7 -9999     0
1994 07 11 21   187    75 -9999   110    20     0 -9999 -9999
1994 07 12 00   233    99 -9999    90    20     0 -9999     0
1994 07 12 21   203    59 -9999    90    30     0 -9999 -9999
1994 07 13 00   243    84 -9999     0     0     0 -9999     0
1994 07 13 21   221    73 -9999   110    30     0 -9999 -9999
1994 07 14 21   240    90 -9999    90    30     0 -9999 -9999
1994 07 15 09   311    95 -9999   140    60     1 -9999 -9999
1994 07 15 21   244   103 -9999   140    40     0 -9999 -9999
1994 07 16 00   267    87 -9999   110    40     0 -9999     0
1994 07 16 09 -9999 -9999 -9999   160    70     1 -9999 -9999
1994 07 16 21   222   104 -9999   140    20     0 -9999 -9999
1994 07 17 00   248   111 -9999   180    40     2 -9999     0
1994 07 17 21   189   163 -9999   180    30     7 -9999 -9999
1994 07 18 21 -9999 -9999 -9999   110    20     0 -9999 -9999
1994 07 19 00   255    76 -9999    90    30     0 -9999     0
1994 07 20 09 -9999 -9999 -9999   160    70     0 -9999 -9999
1994 07 20 21   215   108 -9999     0     0     0 -9999 -9999
1994 07 21 00   230   125 -9999     0     0     0 -9999     0
1994 07 21 21   233    81 -9999   340    80     8 -9999 -9999
1994 07 22 09   273   116 -9999 -9999 -9999     3 -9999 -9999
1994 07 22 21   190   128 -9999   360    30     0 -9999 -9999
1994 07 23 09   297    78 -9999     0     0     2 -9999 -9999
1994 07 23 21   221    73 -9999    90    40     0 -9999 -9999
1994 07 24 00   256    75 -9999    90    30     0 -9999     0
1994 07 24 09   326   110 -9999   110    60 -9999 -9999 -9999
1994 07 24 21   246   144 -9999 -9999 -9999     0 -9999 -9999
1994 07 25 00   239   151 -9999   180    50     7 -9999     0
1994 07 25 09   211   158 -9999    40   100     8 -9999 -9999
1994 07 25 21   194   177 -9999   160    20     8 -9999 -9999
1994 07 26 00 -9999 -9999 -9999     0     0 -9999 -9999    50
1994 07 26 21   145   140 -9999     0     0     8 -9999 -9999
1994 07 27 00   151   143 -9999     0     0     8 -9999    50
1994 07 27 09   204   143 -9999   180    20     7 -9999 -9999
1994 07 27 21 -9999 -9999 -9999   110    30     6 -9999 -9999
1994 07 28 21   191    99 -9999   160    40     0 -9999 -9999
1994 07 29 00   217    95 -9999   140    40     0 -9999     0
1994 07 29 09   370    56 -9999   220    20     4 -9999 -9999
1994 07 29 21   221    61 -9999   180    40     0 -9999 -9999
1994 07 31 00  -830 -9999 -9999   160    50     0 -9999     0
1994 07 31 21   254    18 -9999   140    30     0 -9999 -9999
1994 08 01 00   279   110 -9999   140    40     1 -9999     0
1994 08 01 21   220   122 -9999 -9999 -9999     7 -9999 -9999
1994 08 03 21   226   170 -9999     0     0     2 -9999 -9999
1994 08 04 00   208   172 -9999   360    40     0 -9999 -9999
1994 08 04 09   232   137 -9999   360    20     7 -9999 -9999
1994 08 04 21   189   119 -9999     0     0     2 -9999 -9999
1994 08 05 00   194   161 -9999 -9999 -9999     7 -9999     0
1994 08 05 21   145   108 -9999   160    20     0 -9999 -9999
1994 08 06 09   261    36 -9999     0     0     1 -9999 -9999
1994 08 06 21   194    86 -9999   110    30     7 -9999 -9999
1994 08 07 09   263    62 -9999   180    50     2 -9999 -9999
1994 08 07 21   149   109 -9999   180    20     0 -9999 -9999
1994 08 08 00   177    99 -9999    70    20     0 -9999     0
1994 08 08 09 -9999 -9999 -9999   210   270     7 -9999 -9999
1994 08 08 21   206    23 -9999    90    40     0 -9999 -9999
1994 08 09 09 -9999 -9999 -9999    20    40     7 -9999 -9999
1994 08 09 21   234    92 -9999    90    40     0 -9999 -9999
1994 08 10 00   249   107 -9999    70    20     7 -9999     0
1994 08 10 09   259   142 -9999   270    30     2 -9999 -9999
1994 08 11 09   278   133 -9999   360    40     7 -9999 -9999
1994 08 11 21   144   139 -9999   340    70     8 -9999 -9999
1994 08 12 00   133   128 -9999    20    70     8 -9999   100
1994 08 12 21 -9999 -9999 -9999   360    20     7 -9999 -9999
1994 08 13 21   160    96 -9999   140    40     0 -9999 -9999
1994 08 14 09 -9999 -9999 -9999   110 -9999     1 -9999 -9999
1994 08 14 21   190    69 -9999    90    30     0 -9999 -9999
1994 08 15 00   220    71 -9999   170    40     7 -9999     0
1994 08 15 21   168    92 -9999   360    20     0 -9999 -9999
1994 08 16 09 -9999 -9999 -9999 -9999 -9999     7 -9999 -9999
1994 08 16 21   242   105 -9999   140    90     0 -9999 -9999
1994 08 17 21   222   -60 -9999   140    70     2 -9999 -9999
1994 08 18 21   228   118 -9999   160    50     7 -9999 -9999
1994 08 19 09   144   137 -9999   340    70 -9999 -9999 -9999
1994 08 19 21   133   130 -9999   290    10     8 -9999 -9999
1994 08 20 00 -9999 -9999 -9999   160    20     8 -9999    50
1994 08 20 21   121    69 -9999   140    30     0 -9999 -9999
1994 08 21 09   262    46 -9999     0     0     0 -9999 -9999
1994 08 21 21 -9999 -9999 -9999    90    30     0 -9999 -9999
1994 08 22 21   183   112 -9999    70 -9999     0 -9999 -9999
1994 08 23 00   173   144 -9999   360    20     7 -9999     0
1994 08 23 09   218   111 -9999   360    30     7 -9999 -9999
1994 08 24 00    90 -9999 -9999   160    40     0 -9999     0
1994 08 24 09   271    16 -9999   160    20     2 -9999 -9999
1994 08 25 00   198    61 -9999    70    30     7 -9999     5
1994 08 25 21   153    84 -9999     0     0     0 -9999 -9999
1994 08 26 00    70  -108 -9999   360    40     1 -9999     0
1994 08 26 09   261     6 -9999   140    40     0 -9999 -9999
1994 08 26 21   200   105 -9999   140    50     0 -9999 -9999
1994 08 27 09   235    23 -9999   140    50     2 -9999 -9999
1994 08 27 21   188    78 -9999    90    30     0 -9999 -9999
1994 08 28 09   268   109 -9999   340    30     1 -9999 -9999
1994 08 28 21   191    71 -9999    90    30     0 -9999 -9999
1994 08 29 09   282    81 -9999     0     0     5 -9999 -9999
1994 08 29 21   203   141 -9999   160    40     7 -9999 -9999
1994 08 30 00   204 -9999 -9999     0     0     7 -9999    -1
1994 08 30 21   178   114 -9999    90    30     0 -9999 -9999
1994 08 31 09   282 -9999 -9999   320    20     1 -9999 -9999
1994 09 01 09   285   137 -9999   140    80     0 -9999 -9999
1994 09 02 21   180   127 -9999   320    30     8 -9999 -9999
1994 09 03 09   161   103 -9999   360    20     8 -9999 -9999
1994 09 03 21   111    -1 -9999    20    30     0 -9999 -9999
1994 09 06 00 -9999 -9999 -9999 -9999 -9999     1 -9999     0
1994 09 07 09   258    92 -9999   140    80     7 -9999 -9999
1994 09 08 00   133   128 -9999   320    40     8 -9999   100
1994 09 08 21    87    24 -9999    40    20     0 -9999 -9999
1994 09 09 09   155   -52 -9999   360    40     6 -9999 -9999
1994 09 10 00   109     7 -9999    90    20     1 -9999     0
1994 09 10 21   105   -14 -9999   110    40     0 -9999 -9999
1994 09 11 00   118    -7 -9999   140    20     2 -9999     0
1994 09 11 09   180 -9999 -9999    20    40     0 -9999 -9999
1994 09 11 21   104     6 -9999    90    30     0 -9999 -9999
1994 09 12 21   131    52 -9999    20    10     0 -9999 -9999
1994 09 13 00   129    45 -9999     0     0     1 -9999     0
1994 09 13 09   207    74 -9999     0     0     2 -9999 -9999
1994 09 14 09   187    72 -9999   160    80     7 -9999 -9999
1994 09 14 21   177   104 10127   160    20     7 -9999 -9999
1994 09 15 21   110   108 -9999     0     0     8 -9999 -9999
1994 09 17 00   130     3 -9999   110    50     0 -9999     0
1994 09 17 21   101    66 -9999    90    20     0 -9999 -9999
1994 09 18 21   114    20 -9999   110    30     7 -9999 -9999
1994 09 19 21    56    48 -9999     0     0     2 -9999 -9999
1994 09 20 09   156    66 -9999   320    10     5 -9999 -9999
1994 09 20 21    97    66 -9999   320    30     0 -9999 -9999
1994 09 22 09   182   -62 -9999   340    20     1 -9999 -9999
1994 09 23 21   144    52 -9999    40    30     7 -9999 -9999
1994 09 24 09   130    60 -9999     0     0     7 -9999 -9999
1994 09 25 21 -9999 -9999 -9999    90    20     0 -9999 -9999
1994 09 26 00    83   -53 -9999    90    30     0 -9999     0
1994 09 26 09   166   -72 -9999   320    50     7 -9999 -9999
1994 09 26 21    99     5 -9999   140    30     0 -9999 -9999
1994 09 28 09   143   -91 -9999   360    50     0 -9999 -9999
1994 09 28 21    71  -108 -9999   140    30     0 -9999 -9999
1994 09 29 09   186   -93 -9999   360    30     0 -9999 -9999
1994 09 29 21   107   -89 -9999   140    30     0 -9999 -9999
1994 10 02 09   143 -9999 -9999   360    50     6 -9999 -9999
1994 10 03 21    15  -107 -9999   110    20     0 -9999 -9999
1994 10 04 21    45  -134 -9999    90    30     0 -9999 -9999
1994 10 05 09   149  -127 -9999   360    20     0 -9999 -9999
1994 10 05 21    88  -107 -9999   140    20     1 -9999 -9999
1994 10 07 21 -9999 -9999 -9999 -9999 -9999     0 -9999 -9999
1994 10 08 21    77    52 -9999 -9999 -9999     0 -9999 -9999
1994 10 09 09   155    47 -9999     0     0     7 -9999 -9999
1994 10 09 21   126     3 -9999 -9999 -9999     1 -9999 -9999
1994 10 10 21    65    23 -9999   180    20     2 -9999 -9999
1994 10 11 09   116   -29 -9999   290    30     1 -9999 -9999
1994 10 12 09   130   -29 -9999   320    20     0 -9999 -9999
1994 10 12 21    57   -53 -9999    90    40     0 -9999 -9999
1994 10 13 21   101    19 -9999     0     0     0 -9999 -9999
1994 10 14 00    88 -9999 -9999    20    40     7 -9999     0
1994 10 14 09    71   -66 -9999   360    70     7 -9999 -9999
1994 10 14 21    41  -150 -9999   360    50     8 -9999 -9999
1994 10 15 21    24   -29 -9999     0     0     8 -9999 -9999
1994 10 16 21     8   -53 -9999    70    20     0 -9999 -9999
1994 10 17 00    16   -49 -9999     0     0     7 -9999     0
1994 10 17 09    21    -1 -9999   360    20     8 -9999 -9999
1994 10 17 21    16     1 -9999     0     0     7 -9999 -9999
1994 10 18 09    26   -24 -9999   340    40     8 -9999 -9999
1994 10 18 21   -15   -82 -9999     0     0     0 -9999 -9999
1994 10 19 21   -49  -125 -9999   180    30     0 -9999     0
1994 10 20 09    73   -81 -9999     0     0     0 -9999 -9999
1994 10 20 21   -14   -93 -9999    90    20 -9999 -9999 -9999
1994 10 21 09    95  -108 -9999   360    30     0 -9999 -9999
1994 10 22 21    50  -101 -9999   110    30     1 -9999 -9999
1994 10 23 00    30 -9999 -9999   160    20     7 -9999     0
1994 10 23 09   146   -73 -9999   220    30     0 -9999 -9999
1994 10 23 21    27  -105 -9999    70    20     0 -9999 -9999
1994 10 24 06   131  -100 -9999   340    30     0 -9999     0
1994 10 24 09   135   -84 -9999   340    20     0 -9999 -9999
1994 10 24 21    45   -86 -9999    90    20     0 -9999 -9999
1994 10 25 00    58   -81 -9999    90    30     0 -9999     0
1994 10 25 09   146   -49 -9999   360    10     0 -9999 -9999
1994 10 25 21    51   -63 -9999   360    30     0 -9999 -9999
1994 10 26 09 -9999 -9999 -9999   340    50     1 -9999 -9999
1994 10 26 21    -4  -171 -9999   360    30     7 -9999 -9999
1994 10 27 00     3  -177 -9999    20    30     6 -9999     0
1994 10 27 09    41  -173 -9999   360    20     0 -9999 -9999
1994 10 27 21    18  -176 -9999   140    30     0 -9999 -9999
1994 10 28 09    58  -177 -9999   340    30     0 -9999 -9999
1994 10 28 21   -22  -170 -9999    70    20     0 -9999 -9999
1994 10 29 00   -41  -178 -9999     0     0     0 -9999     0
1994 10 29 09    71  -153 -9999   320    10     2 -9999 -9999
1994 10 29 21     0  -136 -9999   110    30     0 -9999 -9999
1994 10 30 00    -1  -150 -9999    90    30     0 -9999     0
1994 10 30 09    92  -155 -9999   320    20     1 -9999 -9999
1994 10 30 21     5  -171 -9999 -9999 -9999     0 -9999 -9999
1994 10 31 00    12  -141 -9999   110    30     0 -9999     0
1994 10 31 09   108  -173 -9999     0     0     3 -9999 -9999
1994 10 31 21    49  -109 -9999     0     0     2 -9999 -9999
1994 11 01 21    16  -101 -9999    70    10     0 -9999 -9999
1994 11 02 00    -5 -9999 -9999     0     0     0 -9999     0
1994 11 02 21    41  -104 -9999    90    30     0 -9999 -9999
1994 11 03 09   115   -91 -9999     0     0     7 -9999 -9999
1994 11 03 21    37   -34 -9999    90    30     1 -9999 -9999
1994 11 05 09   130   -38 -9999   340    40     1 -9999 -9999
1994 11 05 21    54   -51 -9999    90    30     0 -9999 -9999
1994 11 06 00    33   -90 -9999    90    30     0 -9999     0
1994 11 06 09   149   -80 -9999     0     0     0 -9999 -9999
1994 11 06 21    61  -114 -9999   110    30     0 -9999 -9999
1994 11 07 00    68  -104 -9999   140    30     0 -9999     0
1994 11 07 09   190   -79 -9999   200    40     0 -9999 -9999
1994 11 07 21    84   -13 -9999   160    30     0 -9999 -9999
1994 11 08 09   121   -87 -9999   360    30     0 -9999 -9999
1994 11 08 21    28  -109 -9999    70    30     0 -9999 -9999
1994 11 09 00    19  -110 -9999    40    20     0 -9999     0
1994 11 09 21    72   -68 -9999   140    20     0 -9999 -9999
1994 11 10 00    55   -77 -9999   180    30     0 -9999     0
1994 11 10 09   141   -89 -9999   360    30     2 -9999 -9999
1994 11 10 21    63   -76 -9999    40    20     1 -9999 -9999
1994 11 11 00    56   -84 -9999     0     0     3 -9999     0
1994 11 11 09 -9999 -9999 -9999   340    30     1 -9999 -9999
1994 11 11 21    24   -74 -9999   110    20     0 -9999 -9999
1994 11 12 00    21   -92 -9999    90    30     1 -9999     0
1994 11 12 06   125   -63 -9999    90    40     0 -9999     0
1994 11 12 09   135   -88 -9999   140    80     0 -9999 -9999
1994 11 12 21    34   -79 -9999     0     0     7 -9999 -9999
1994 11 13 00    25   -85 -9999     0     0     8 -9999     0
1994 11 13 18    39   -38 -9999     0     0     8 -9999 -9999
1994 11 14 00    36   -29 -9999     0     0     8 -9999     0
1994 11 14 09    52    -9 -9999    20    40     7 -9999 -9999
1994 11 14 21    28    19 -9999     0     0     8 -9999 -9999
1994 11 15 09    25    20 -9999    20    10     8 -9999 -9999
1994 11 15 21    12     5 -9999   110    20     1 -9999 -9999
1994 11 16 00    13     3 -9999     0     0     7 -9999     0
1994 11 16 09    48    16 -9999   220    20     7 -9999 -9999
1994 11 16 21     1   -77 -9999    90    30     0 -9999 -9999
1994 11 17 00     6   -78 -9999   110    30     0 -9999     0
1994 11 17 09    90 -9999 -9999   220    20     0 -9999 -9999
1994 11 17 21    -1   -97 -9999   110    30     0 -9999 -9999
1994 11 18 00   -10  -120 -9999    90    30     0 -9999     0
1994 11 18 09    94   -84 -9999   270    10     0 -9999 -9999
1994 11 18 21     1   -98 -9999    90    30     0 -9999 -9999
1994 11 19 00     1  -107 -9999    90    30     1 -9999     0
1994 11 19 09    92   -53 -9999   360    10     0 -9999 -9999
1994 11 20 09    60   -39 -9999     0     0     0 -9999 -9999
1994 11 20 21    -7   -73 -9999    10    20 -9999 -9999 -9999
1994 11 21 09    53   -49 -9999   340    30     1 -9999 -9999
1994 11 21 21     3   -99 -9999   140    30     0 -9999 -9999
1994 11 22 00    -2  -144 -9999   140    30     1 -9999     0
1994 11 22 06   112  -104 -9999   200    40     0 -9999     0
1994 11 22 09   110   -98 -9999   180    40     0 -9999 -9999
1994 11 22 21    23   -80 -9999     0     0     0 -9999 -9999
1994 11 23 00     1  -112 -9999    90    20     0 -9999     0
1994 11 23 09    92   -97 -9999   360    40     0 -9999 -9999
1994 11 23 21    -4  -119 -9999   140    30     0 -9999 -9999
1994 11 24 00   -17   -99 -9999   110    20     0 -9999     0
1994 11 24 06    64   -79 -9999   290    10     2 -9999     0
1994 11 24 09    69   -78 -9999   360    10     0 -9999 -9999
1994 11 24 21 -9999 -9999 -9999   100 -9999 -9999 -9999 -9999
1994 11 25 00     5   -43 -9999   140    30     1 -9999     0
1994 11 25 06    78   -53 -9999   180    40     0 -9999     0
1994 11 25 09    84   -36 -9999   200    30     1 -9999 -9999
1994 11 25 21    44   -83 -9999   160    40     0 -9999 -9999
1994 11 26 00    50   -81 -9999   160    30     0 -9999     0
1994 11 26 21     9  -102 -9999   360    20     0 -9999 -9999
1994 11 27 00    30   -81 -9999    40    30     7 -9999     0
1994 11 27 09    40   -50 -9999   360    50     3 -9999 -9999
1994 11 28 00   -27   -71 -9999     0     0     0 -9999     0
1994 11 28 06    40   -58 -9999   220    30     2 -9999     0
1994 11 28 09    31   -64 -9999   270    10     7 -9999 -9999
1994 11 28 21    -4   -72 -9999     0     0     7 -9999 -9999
1994 11 29 21    -5   -62 -9999     0     0     0 -9999 -9999
1994 11 30 09    40   -69 -9999   320    20     6 -9999 -9999
1994 11 30 21   -35 -9999 -9999    70    30     0 -9999 -9999
1994 12 01 00   -37  -121 -9999   340    20     0 -9999     0
1994 12 01 09    -2  -132 -9999    20    40     1 -9999 -9999
1994 12 01 21   -75  -175 -9999     0     0     0 -9999 -9999
1994 12 02 00   -57  -122 -9999   140    20     0 -9999     0
1994 12 02 09    16  -121 -9999   360    10     0 -9999 -9999
1994 12 02 21   -61  -118 -9999     0     0     0 -9999 -9999
1994 12 03 06    40  -121 -9999   220    10     1 -9999     0
1994 12 03 09    36  -119 -9999     0     0     0 -9999 -9999
1994 12 03 21   -50  -121 -9999     0     0     0 -9999 -9999
1994 12 04 09    51  -120 -9999   250    20     0 -9999 -9999
1994 12 04 21    -7  -177 -9999   140    30     0 -9999 -9999
1994 12 05 09    96   -98 -9999   220    20     1 -9999 -9999
1994 12 06 00   -21  -159 -9999   180    20     0 -9999     0
1994 12 06 09    95   -75 -9999   180    40     2 -9999 -9999
1994 12 06 21   113  -239 -9999   180    70     0 -9999 -9999
1994 12 07 09    29  -100 -9999   360    20     2 -9999 -9999
1994 12 07 21    -5   -93 -9999    20    40     0 -9999 -9999
1994 12 08 00   -15  -103 -9999    90    20     2 -9999     0
1994 12 08 09    34   -70 -9999   320    10     1 -9999 -9999
1994 12 08 21    43  -136 -9999   160    90     0 -9999 -9999
1994 12 09 00    19  -155 -9999    20    20     7 -9999     0
1994 12 09 06    42   -91 -9999   200    90     8 -9999     0
1994 12 09 09    10   -92 -9999   200    70     7 -9999 -9999
1994 12 09 21   -43  -147 -9999   360    20     0 -9999 -9999
1994 12 10 00   -54  -117 -9999    20    20     8 -9999     0
1994 12 10 21   -65  -185 -9999    20    20     0 -9999 -9999
1994 12 11 00   -71  -262 -9999   360    20     0 -9999     0
1994 12 11 06   -43  -168 -9999   360    50     3 -9999     0
1994 12 11 09   -50  -175 -9999   360    40     7 -9999 -9999
1994 12 11 21   -79  -156 -9999     0     0     7 -9999 -9999
1994 12 12 00   -99  -176 -9999     0     0     3 -9999     0
1994 12 12 21   -73  -165 -9999   140    20     0 -9999 -9999
1994 12 13 00   -96  -158 -9999   110    20     0 -9999     0
1994 12 13 09   -40  -131 -9999   360    40     0 -9999 -9999
1994 12 13 21  -105  -162 -9999    90    20     0 -9999 -9999
1994 12 14 00  -105  -158 -9999    70    20     0 -9999     0
1994 12 14 09   -47  -127 -9999   290    10     1 -9999 -9999
1994 12 15 06   -33  -124 -9999   340    30     1 -9999     0
1994 12 15 09   -54  -163 -9999   360    50     3 -9999 -9999
1994 12 16 00  -107  -166 -9999    40    20     2 -9999     0
1994 12 16 09   -26  -128 -9999     0     0     7 -9999 -9999
1994 12 16 21   -88  -165 -9999     0     0     0 -9999 -9999
1994 12 17 00   -96  -158 -9999     0   800     0 -9999     0
1994 12 18 00   -85  -148 -9999     0     0     7 -9999     0
1994 12 18 09   -65   -97 -9999     0     0     8 -9999 -9999
1994 12 19 21  -163  -202 -9999    70    20     0 -9999 -9999
1994 12 21 00  -139  -233 -9999    40    20     0 -9999     0
1994 12 22 21 -9999 -9999 -9999    40    30     0 -9999 -9999
1994 12 24 09   -51 -9999 -9999    40    40     5 -9999 -9999
1994 12 25 09   -57  -112 -9999   360    30     5 -9999 -9999
1994 12 25 21  -102  -146 -9999    40    30     7 -9999 -9999
1994 12 26 21  -127  -183 -9999    90    20     0 -9999 -9999
1994 12 28 09   -17  -127 -9999 -9999 -9999     0 -9999 -9999
1994 12 28 21   -91  -151 -9999    70    10     0 -9999 -9999
1994 12 29 09   -71  -127 -9999    20    30     7 -9999 -9999
1994 12 29 21  -141  -172 -9999    70    20     0 -9999 -9999
1994 12 30 21 -9999 -9999 -9999     0     0     0 -9999 -9999
