1986 01 01 00  -119  -220 -9999   110    30     0 -9999     0
1986 01 01 06   -25  -184 -9999     0     0     1 -9999     0
1986 01 01 21   -99 -9999 -9999   110    30     0 -9999 -9999
1986 01 02 00  -106  -175 -9999     0     0     7 -9999     0
1986 01 02 06   -58  -157 -9999   320    40     7 -9999     0
1986 01 02 09   -46  -136 -9999   290    30     7 -9999 -9999
1986 01 02 21  -106  -167 -9999   360    20     0 -9999 -9999
1986 01 03 00  -122  -167 -9999    20    20     0 -9999     0
1986 01 03 06   -67  -167 -9999   320    20     4 -9999     0
1986 01 03 09   -68  -163 -9999   340    30     2 -9999 -9999
1986 01 03 21  -120  -174 -9999    20    20     0 -9999 -9999
1986 01 04 00  -126  -169 -9999    40    20     0 -9999     0
1986 01 04 06   -74  -174 -9999     0     0     0 -9999     0
1986 01 04 09   -64  -156 -9999    20    20     0 -9999 -9999
1986 01 04 21  -127  -185 -9999    70    20     0 -9999 -9999
1986 01 05 00  -140  -191 -9999   140    20     0 -9999     0
1986 01 05 06   -49  -188 -9999   340    30     0 -9999     0
1986 01 05 09   -47  -169 -9999   340    20     2 -9999 -9999
1986 01 05 21   -77  -131 -9999   140    20     7 -9999 -9999
1986 01 06 00   -95  -125 -9999   160    20     2 -9999     0
1986 01 06 06   -34 -9999 -9999   290    30     2 -9999     0
1986 01 06 09   -36  -165 -9999   340    50     5 -9999 -9999
1986 01 07 00  -127  -177 -9999    70    20     1 -9999     0
1986 01 07 06   -60  -207 -9999   200    20     0 -9999     0
1986 01 07 09   -61  -229 -9999   340    20     1 -9999 -9999
1986 01 07 21  -120  -210 -9999   140    30     0 -9999 -9999
1986 01 08 00  -112  -216 -9999   180    20     2 -9999     0
1986 01 08 06   -34  -184 -9999   200    30     6 -9999     0
1986 01 08 09   -40  -183 -9999   160    20     7 -9999 -9999
1986 01 08 21   -78  -149 -9999    20    30     0 -9999 -9999
1986 01 09 00   -97  -160 -9999    70    20     1 -9999     0
1986 01 09 06   -29  -165 -9999   320    30     0 -9999     0
1986 01 09 09   -16  -149 -9999     0     0     0 -9999 -9999
1986 01 09 21   -56  -261 -9999   110    40     0 -9999 -9999
1986 01 10 00   -64  -182 -9999   110    30     0 -9999     0
1986 01 10 06    38  -172 -9999   200    30     0 -9999     0
1986 01 10 21 -9999 -9999 -9999   160    30     0 -9999 -9999
1986 01 11 00   -67  -224 -9999   140    30     0 -9999     0
1986 01 11 06     7  -217 -9999   200    40     0 -9999     0
1986 01 11 09    10  -169 -9999   340    20     1 -9999 -9999
1986 01 11 21  -105  -185 -9999    20    60     0 -9999 -9999
1986 01 12 00  -116  -180 -9999    90    20     0 -9999     0
1986 01 12 06   -56  -182 -9999   200    30     0 -9999     0
1986 01 12 09   -50  -183 -9999     0     0     0 -9999 -9999
1986 01 12 21  -132  -224 -9999   110    20     0 -9999 -9999
1986 01 13 00  -107  -226 -9999    70    30     1 -9999     0
1986 01 13 06   -46  -237 -9999   320    20     7 -9999     0
1986 01 13 09   -45  -291 -9999   340    20     0 -9999 -9999
1986 01 13 21  -109  -255 -9999   180    30     0 -9999 -9999
1986 01 14 00  -104  -243 -9999   160    30     0 -9999     0
1986 01 14 06   -22  -193 -9999   200    40     1 -9999     0
1986 01 14 09   -20  -172 -9999     0     0     0 -9999 -9999
1986 01 14 21  -102  -207 -9999     0     0     0 -9999 -9999
1986 01 15 00   -83  -206 -9999   110    20     0 -9999     0
1986 01 15 21   -72  -262 -9999   110    30     0 -9999 -9999
1986 01 16 00   -56  -223 -9999   110    20     0 -9999     0
1986 01 16 06    49  -205 -9999   290    20     2 -9999     0
1986 01 16 09    38  -187 -9999   360    50     0 -9999 -9999
1986 01 16 21   -71  -246 -9999    90    20     0 -9999 -9999
1986 01 17 00   -85  -186 -9999    70    20     2 -9999     0
1986 01 17 06    22  -204 -9999     0     0     0 -9999     0
1986 01 17 09    34  -192 -9999     0     0     0 -9999 -9999
1986 01 17 21    -8  -249 -9999 -9999 -9999 -9999 -9999 -9999
1986 01 18 00    -8  -224 -9999   160    40     0 -9999     0
1986 01 18 06    41  -154 -9999   340    20     1 -9999     0
1986 01 18 09    32  -144 -9999   340    20     1 -9999 -9999
1986 01 18 21   -76  -191 -9999     0     0     0 -9999 -9999
1986 01 19 00   -82  -188 -9999    90    20     2 -9999     0
1986 01 19 01   -13  -193 -9999   340    40     7 -9999     0
1986 01 19 09   -20  -188 -9999   360    30     8 -9999 -9999
1986 01 19 21   -72  -170 -9999   110    20     0 -9999 -9999
1986 01 20 00   -85  -166 -9999    70    40     0 -9999     0
1986 01 20 09   -55  -171 -9999    20    50     4 -9999 -9999
1986 01 20 21  -115 -9999 -9999     0     0     0 -9999 -9999
1986 01 21 00  -134  -169 -9999     0     0     0 -9999     0
1986 01 21 06   -80 -9999 -9999   290    30     2 -9999     0
1986 01 21 09   -83  -217 -9999    20    40     2 -9999 -9999
1986 01 21 21  -142  -205 -9999     0     0     0 -9999 -9999
1986 01 22 00  -154  -203 -9999     0     0     0 -9999     0
1986 01 22 09   -72  -218 -9999    20    60     2 -9999 -9999
1986 01 22 21  -136  -214 -9999     0     0     0 -9999 -9999
1986 01 23 06   -56  -292 -9999   340    40     0 -9999     0
1986 01 23 09   -52  -274 -9999   340    30     0 -9999 -9999
1986 01 23 21  -138  -280 -9999     0     0     0 -9999 -9999
1986 01 24 00  -132  -254 -9999     0     0     7 -9999     0
1986 01 24 06   -76  -241 -9999   320    30     7 -9999     0
1986 01 24 09   -76  -253 -9999   340    20     7 -9999 -9999
1986 01 24 21  -109  -203 -9999   160    30     0 -9999 -9999
1986 01 25 00  -112  -203 -9999   140    30     0 -9999     0
1986 01 25 09   -32  -205 -9999   320    30     7 -9999 -9999
1986 01 25 21  -130  -220 -9999    40    20     0 -9999 -9999
1986 01 26 00  -146  -225 -9999     0     0     0 -9999     0
1986 01 26 06   -26  -227 -9999     0     0     0 -9999     0
1986 01 26 21  -101  -273 -9999    90    20     0 -9999 -9999
1986 01 27 00   -89  -253 -9999    70    30     0 -9999     0
1986 01 27 06    22  -205 -9999   320    30     0 -9999     0
1986 01 27 09     1  -197 -9999   340    30     0 -9999 -9999
1986 01 28 00  -100  -216 -9999   160    30     7 -9999     0
1986 01 28 06   -20  -205 -9999     0     0     0 -9999     0
1986 01 28 09   -16  -193 -9999     0     0     0 -9999 -9999
1986 01 28 21   -68  -207 -9999   110    30     7 -9999 -9999
1986 01 29 00   -97  -210 -9999     0     0     2 -9999     0
1986 01 29 06   -26 -9999 -9999   340    40     7 -9999     0
1986 01 29 09   -38  -212 -9999   360    50     1 -9999 -9999
1986 01 30 00  -122  -245 -9999    70    20     1 -9999     0
1986 01 30 06   -44  -270 -9999   340    30     6 -9999     0
1986 01 30 09   -50  -239 -9999   340    30     7 -9999 -9999
1986 01 30 21  -106  -213 -9999    20    30     2 -9999 -9999
1986 01 31 00  -116  -217 -9999    20    20     1 -9999     0
1986 01 31 06   -44  -255 -9999 -9999 -9999 -9999 -9999     0
1986 01 31 09   -52  -223 -9999   200    20     7 -9999 -9999
1986 01 31 21   -82  -204 -9999     0     0     4 -9999 -9999
1986 02 01 00   -74  -187 -9999     0     0     8 -9999     0
1986 02 01 06   -35  -185 -9999   290    50     6 -9999     0
1986 02 01 09   -34  -191 -9999   320    50     7 -9999 -9999
1986 02 02 00  -143  -200 -9999     0     0     3 -9999     0
1986 02 02 06   -98  -188 -9999 -9999 -9999     6 -9999    -1
1986 02 02 21  -148  -220 -9999   110    40     0 -9999 -9999
1986 02 03 00  -153  -213 -9999   110    30     1 -9999     0
1986 02 03 06   -60  -189 -9999   360    20     1 -9999     0
1986 02 03 09   -54  -228 -9999   360    30     0 -9999 -9999
1986 02 03 21  -115  -211 -9999    20    20     0 -9999 -9999
1986 02 04 00  -104  -203 -9999    40    20     7 -9999     0
1986 02 04 06   -84  -218 -9999   360    50     7 -9999     0
1986 02 04 09   -92  -238 -9999    20    50     2 -9999 -9999
1986 02 04 21  -162  -267 -9999     0     0     0 -9999 -9999
1986 02 05 21  -148  -279 -9999     0     0     0 -9999 -9999
1986 02 06 00  -137  -276 -9999    70    30     1 -9999     0
1986 02 06 21  -146  -270 -9999    90    20     0 -9999 -9999
1986 02 07 00  -150  -265 -9999   160    20     0 -9999     0
1986 02 07 06   -33  -266 -9999     0     0     0 -9999 -9999
1986 02 07 09   -21  -270 -9999    20    30     0 -9999 -9999
1986 02 07 21   -72  -238 -9999     0     0     6 -9999 -9999
1986 02 08 00   -73  -210 -9999     0     0     7 -9999     0
1986 02 08 06   -40  -252 -9999   200    30     5 -9999     0
1986 02 08 09   -31  -244 -9999   320    30     7 -9999 -9999
1986 02 08 21   -64  -162 -9999   220    20     7 -9999 -9999
1986 02 09 00  -101  -164 -9999    20    20     1 -9999     0
1986 02 09 06   -48  -164 -9999     0     0     0 -9999     0
1986 02 09 09   -25  -177 -9999   320    20     0 -9999 -9999
1986 02 09 21   -95  -215 -9999    40    20     0 -9999 -9999
1986 02 10 00  -106  -241 -9999    70    20     0 -9999     0
1986 02 10 06   -21  -209 -9999   200    20     0 -9999     0
1986 02 10 09     2  -263 -9999 -9999 -9999     0 -9999 -9999
1986 02 10 21   -88  -237 -9999     0     0     0 -9999 -9999
1986 02 11 00   -80  -262 -9999    90    30     0 -9999     0
1986 02 11 06    66  -209 -9999   340    30     2 -9999     0
1986 02 11 09    31  -210 -9999    20    60     7 -9999 -9999
1986 02 11 21   -34  -229 -9999   160    20     7 -9999 -9999
1986 02 12 00   -48  -220 -9999     0     0     7 -9999     0
1986 02 12 06    14  -211 -9999   250    20     6 -9999     0
1986 02 12 09    36  -168 -9999     0     0     0 -9999 -9999
1986 02 12 21   -50  -216 -9999    90    30     0 -9999 -9999
1986 02 13 00   -41  -219 -9999    70    20     1 -9999     0
1986 02 13 06    59  -197 -9999   340    30     0 -9999     0
1986 02 13 09    52  -204 -9999    20    60     0 -9999 -9999
1986 02 13 21   -48  -193 -9999    70    30     0 -9999 -9999
1986 02 14 00   -71  -206 -9999   110    20     0 -9999     0
1986 02 14 06     4  -155 -9999   320    30     0 -9999     0
1986 02 14 09    29  -152 -9999   220    20     1 -9999 -9999
1986 02 14 21    26  -166 -9999   160    80     0 -9999 -9999
1986 02 15 00    27   -79 -9999   200    70     8 -9999     0
1986 02 15 06    -6  -116 -9999 -9999 -9999     7 -9999     0
1986 02 15 09    -2  -163 -9999   360    30     7 -9999 -9999
1986 02 15 21   -50  -167 -9999     0     0     8 -9999 -9999
1986 02 16 00   -73  -185 -9999   320    20     8 -9999     0
1986 02 16 06   -70   -94 -9999     0     0     8 -9999    10
1986 02 16 09   -60   -86 -9999   360    30     7 -9999 -9999
1986 02 16 21  -107  -130 -9999   110    20     0 -9999 -9999
1986 02 17 00   -94  -144 -9999   110    20     0 -9999     0
1986 02 17 09    24   -84 -9999   320    20     0 -9999 -9999
1986 02 17 21    12  -134 -9999   160    50     0 -9999 -9999
1986 02 18 00    18  -145 -9999   160    40     1 -9999     0
1986 02 18 09    10  -101 -9999   340    60     7 -9999 -9999
1986 02 18 21   -69  -158 -9999     0     0     0 -9999 -9999
1986 02 19 00   -84  -130 -9999   360    40     7 -9999    -1
1986 02 19 06   -24  -104 -9999   340    60     1 -9999    -1
1986 02 19 09   -25  -126 -9999   360    50     1 -9999 -9999
1986 02 20 00  -102  -184 -9999   110    20     0 -9999     0
1986 02 20 06   -16  -163 -9999     0     0     0 -9999     0
1986 02 20 09   -12  -129 -9999    20    50     0 -9999 -9999
1986 02 20 21  -101  -214 -9999    70    20     0 -9999 -9999
1986 02 21 00   -92  -228 -9999   110    20     0 -9999     0
1986 02 21 06 -9999 -9999 -9999 -9999 -9999     0 -9999     0
1986 02 21 09    10  -169 -9999   320    20     0 -9999 -9999
1986 02 21 21   -45  -194 -9999   110    30     2 -9999 -9999
1986 02 22 00   -52  -195 -9999     0     0     0 -9999     0
1986 02 22 06    17  -163 -9999   290    30     1 -9999     0
1986 02 22 09    30  -163 -9999   340    40     6 -9999 -9999
1986 02 22 21   -52  -213 -9999    70    20     0 -9999 -9999
1986 02 23 00   -64  -237 -9999    90    30     1 -9999     0
1986 02 23 06    47  -185 -9999   340    30     1 -9999     0
1986 02 23 09    47  -185 -9999   320    20     7 -9999 -9999
1986 02 23 21   -26  -187 -9999    70    20     7 -9999 -9999
1986 02 24 00   -32  -203 -9999    90    30     7 -9999     0
1986 02 24 06    48  -182 -9999 -9999 -9999     7 -9999     0
1986 02 24 09    32  -201 -9999    20    80     7 -9999 -9999
1986 02 24 21   -96  -171 -9999    40    70     7 -9999 -9999
1986 02 25 00  -112  -165 -9999     0     0     7 -9999     0
1986 02 25 06   -79  -238 -9999   360    60     7 -9999     0
1986 02 25 09   -88  -252 -9999   360    70     7 -9999 -9999
1986 02 25 21  -136  -252 -9999    20    20     5 -9999 -9999
1986 02 26 00  -142  -249 -9999    20    20     7 -9999     0
1986 02 26 06   -92  -366 -9999   290    40     1 -9999     0
1986 02 26 09   -87  -333 -9999    20    30     0 -9999 -9999
1986 02 26 21  -145  -290 -9999   110    30     1 -9999 -9999
1986 02 27 00  -146  -287 -9999    90    20     2 -9999     0
1986 02 27 09 -9999 -9999 -9999   360    60     3 -9999 -9999
1986 02 27 21  -128  -296 -9999     0     0     7 -9999 -9999
1986 02 28 00  -137  -295 -9999     0     0     5 -9999     0
1986 02 28 06   -74  -332 -9999   290    50     7 -9999     0
1986 02 28 09   -74  -309 -9999   340    30     7 -9999 -9999
1986 03 01 00  -154  -277 -9999     0     0     6 -9999     0
1986 03 01 06   -62  -234 -9999   290    50     1 -9999    -1
1986 03 01 09   -39  -218 -9999   340    40     1 -9999 -9999
1986 03 01 21   -99  -198 -9999    70    20     0 -9999 -9999
1986 03 02 00  -103  -205 -9999    90    20     0 -9999     0
1986 03 02 06    11  -218 -9999   340    20     0 -9999     0
1986 03 02 09    18  -213 -9999   340    30     0 -9999 -9999
1986 03 02 21   -78  -235 -9999   110    30     0 -9999 -9999
1986 03 03 00   -78  -259 -9999   110    40     0 -9999     0
1986 03 03 06    36  -155 -9999     0     0     0 -9999     0
1986 03 03 09    50  -174 -9999     0     0     0 -9999 -9999
1986 03 03 21   -42  -339 -9999   110    50     0 -9999 -9999
1986 03 04 00   -44  -305 -9999   110    30     0 -9999     0
1986 03 04 06    74  -268 -9999   200    20     0 -9999     0
1986 03 04 21     8  -260 -9999   140    50     0 -9999 -9999
1986 03 05 00    10  -265 -9999   140    40     0 -9999     0
1986 03 05 06   101  -235 -9999   200    70     1 -9999     0
1986 03 05 09    96  -223 -9999   200    40     7 -9999 -9999
1986 03 05 21    -8  -283 -9999   110    30     0 -9999 -9999
1986 03 06 00   -10  -192 -9999   140    30     0 -9999     0
1986 03 06 06   122  -116 -9999   200    20     0 -9999     0
1986 03 06 09   140  -164 -9999   160    60     1 -9999 -9999
1986 03 06 21   -22  -212 -9999   340    40     1 -9999 -9999
1986 03 07 00   -39  -152 -9999   360    30     7 -9999     0
1986 03 07 06   -14  -151 -9999   340    30     8 -9999     0
1986 03 07 09   -24  -129 -9999   340    60     8 -9999 -9999
1986 03 08 00   -79  -150 -9999   250    20     2 -9999     0
1986 03 08 06   -42  -297 -9999   340    60     0 -9999     0
1986 03 08 09   -31  -312 -9999   360    60     0 -9999 -9999
1986 03 08 21   -81  -319 -9999   160    30     0 -9999 -9999
1986 03 09 00   -81  -373 -9999   110    40     0 -9999     0
1986 03 09 06    28  -228 -9999   200    50     0 -9999     0
1986 03 09 09    40  -220 -9999   200    30     1 -9999 -9999
1986 03 09 21     8  -198 -9999    70    20     7 -9999 -9999
1986 03 10 00   -20  -214 -9999   340    40     7 -9999     0
1986 03 10 09 -9999 -9999 -9999   320    60     7 -9999 -9999
1986 03 10 21     4  -183 -9999   140    30     0 -9999 -9999
1986 03 11 00    12  -168 -9999   160    20     0 -9999     0
1986 03 11 06   113  -172 -9999   250    30     7 -9999     0
1986 03 11 09   137  -148 -9999   270    20     1 -9999 -9999
1986 03 11 21    36  -200 -9999   110    30     0 -9999 -9999
1986 03 12 00    47  -158 -9999    70    30     3 -9999     0
1986 03 12 06   104  -173 -9999   340    60     7 -9999     0
1986 03 12 09    84  -218 -9999    20    60     8 -9999 -9999
1986 03 13 00    25  -123 -9999   110    30     1 -9999     0
1986 03 13 06   137  -142 -9999   200   100     3 -9999     0
1986 03 13 09   153  -145 -9999 -9999 -9999     1 -9999 -9999
1986 03 14 00    62  -115 -9999    20    50     0 -9999     0
1986 03 14 06   104  -128 -9999   340    70     1 -9999     0
1986 03 14 09    72  -206 -9999   360   110     4 -9999 -9999
1986 03 15 00   -56  -234 -9999   200    40     7 -9999     0
1986 03 15 06   -64  -103 -9999   340    20     8 -9999     1
1986 03 15 21   -30   -63 -9999     0     0     8 -9999 -9999
1986 03 16 00   -16   -56 -9999   290    30     7 -9999     0
1986 03 16 06   -11   -52 -9999   340    30     8 -9999     1
1986 03 16 09    -8   -48 -9999   360    20     8 -9999 -9999
1986 03 16 21   -32   -39 -9999     0     0     8 -9999 -9999
1986 03 17 00   -42   -57 -9999     0     0     8 -9999    -1
1986 03 17 06     8  -104 -9999   290    20     7 -9999     0
1986 03 17 21   -28  -100 -9999    20    50     0 -9999 -9999
1986 03 18 00   -32  -107 -9999    20    30     0 -9999     0
1986 03 18 06 -9999 -9999 -9999 -9999 -9999     1 -9999     0
1986 03 18 09    44  -101 -9999   340    30     7 -9999 -9999
1986 03 18 21    -1   -23 -9999    20    50     0 -9999 -9999
1986 03 19 00    27  -112 -9999    40    50     7 -9999     0
1986 03 19 06    31   -83 -9999    20    50     8 -9999     0
1986 03 19 09    28  -101 -9999   360    50     8 -9999 -9999
1986 03 19 21   -30   -67 -9999   360    30     8 -9999 -9999
1986 03 20 00   -38   -94 -9999   360    30     7 -9999     0
1986 03 20 06     3   -58 -9999    20    40     7 -9999     0
1986 03 20 21   -18   -54 -9999     0     0     8 -9999 -9999
1986 03 21 00   -24   -63 -9999   110    20     7 -9999    -1
1986 03 21 06 -9999 -9999 -9999   180    30     7 -9999     0
1986 03 21 21   -16   -97 -9999   110    30     1 -9999 -9999
1986 03 22 00   -11  -107 -9999   110    20     7 -9999     0
1986 03 22 06    70  -109 -9999     0     0     1 -9999     0
1986 03 22 09    90  -117 -9999   250    20     6 -9999 -9999
1986 03 22 21    -3   -87 -9999    20    50     0 -9999 -9999
1986 03 23 00     1  -151 -9999    20    40     0 -9999     0
1986 03 23 06    69  -172 -9999   360    30     5 -9999     0
1986 03 23 09    69  -164 -9999    20    30     1 -9999 -9999
1986 03 23 21     0  -197 -9999    90    30     7 -9999 -9999
1986 03 24 00    18  -165 -9999     0     0     7 -9999     0
1986 03 24 09    42   -51 -9999    20    90     7 -9999 -9999
1986 03 24 21   -20   -67 -9999    90    20     7 -9999 -9999
1986 03 25 00    -2   -98 -9999     0     0     7 -9999     0
1986 03 25 06    94   -97 -9999    20    30     1 -9999     0
1986 03 25 09    96   -93 -9999    40    30     1 -9999 -9999
1986 03 25 21    58   -67 -9999   140    40     7 -9999 -9999
1986 03 26 06    92    -7 -9999   200    40     7 -9999     1
1986 03 26 09   118     1 -9999   250    20     1 -9999 -9999
1986 03 27 06   128  -124 -9999     0     0     7 -9999     0
1986 03 27 09   138  -164 -9999   200    40     5 -9999 -9999
1986 03 28 00    13   -49 -9999    20    70     7 -9999     0
1986 03 28 09   100   -93 -9999    20    60     7 -9999 -9999
1986 03 29 00    11   -78 -9999   200    20     7 -9999     0
1986 03 29 06    86   -95 -9999   320    30     7 -9999     0
1986 03 29 09    86  -224 -9999   340    60     7 -9999 -9999
1986 03 29 21     2  -160 -9999   200    20     7 -9999 -9999
1986 03 30 00    18  -140 -9999     0     0     7 -9999     0
1986 03 30 06    85  -168 -9999   360    20     7 -9999     0
1986 03 30 21    16  -114 -9999    70    20     0 -9999 -9999
1986 03 31 00    32   -90 -9999   110    20     2 -9999     0
1986 03 31 06   106  -144 -9999   340    30     1 -9999     0
1986 03 31 09   120  -156 -9999   340    40     1 -9999 -9999
1986 04 01 00    51  -180 -9999   110    20     7 -9999     0
1986 04 01 06   142  -173 -9999     0     0     7 -9999     0
1986 04 01 09   146  -164 -9999   360    20     7 -9999 -9999
1986 04 01 21    68 -9999 -9999    20    70     8 -9999 -9999
1986 04 02 00    56  -130 -9999   340    60     8 -9999     0
1986 04 02 06    85  -132 -9999   340    50     7 -9999    -1
1986 04 02 09    97  -112 -9999   340    60     1 -9999 -9999
1986 04 03 00    26  -128 -9999   180    20     7 -9999     0
1986 04 03 06   104  -152 -9999   290    50     7 -9999     0
1986 04 03 21   -22  -120 -9999   110    20     0 -9999 -9999
1986 04 04 00    -6  -117 -9999     0     0     0 -9999     0
1986 04 04 06    72   -17 -9999   290    30     1 -9999     0
1986 04 04 09    94  -109 -9999   290    50     5 -9999 -9999
1986 04 04 21    -2  -159 -9999    70    20     0 -9999 -9999
1986 04 05 00     0  -200 -9999    70    20     1 -9999     0
1986 04 05 06    92  -268 -9999   340    50     2 -9999     0
1986 04 05 09   100  -218 -9999 -9999 -9999     1 -9999 -9999
1986 04 05 21    19  -123 -9999   110    30     0 -9999 -9999
1986 04 06 06   135  -180 -9999   250    30     1 -9999     0
1986 04 06 09   141  -162 -9999   250    40     1 -9999 -9999
1986 04 06 21    42  -175 -9999   210    40     0 -9999 -9999
1986 04 07 00    78  -125 -9999    60    30     1 -9999     0
1986 04 07 06   164  -187 -9999   200    30     1 -9999     0
1986 04 07 09   166  -129 -9999   320    30     1 -9999 -9999
1986 04 07 21    68   -83 -9999    70    20     2 -9999 -9999
1986 04 08 06   158  -128 -9999   270    40     7 -9999     0
1986 04 08 09   160  -107 -9999   200    50     7 -9999 -9999
1986 04 08 21    68   -50 -9999    90    20     0 -9999 -9999
1986 04 09 00    75   -50 -9999   360    60     7 -9999     0
1986 04 09 06 -9999 -9999 -9999    20    80     7 -9999     0
1986 04 09 21    12  -175 -9999    20    30     1 -9999 -9999
1986 04 10 00    24  -175 -9999    20    40     7 -9999     0
1986 04 10 09    66  -194 -9999 -9999 -9999     7 -9999 -9999
1986 04 10 21     2  -123 -9999   110    20     0 -9999 -9999
1986 04 11 00    44   -98 -9999   110    20     0 -9999     0
1986 04 11 09   132   -85 -9999   200    20     7 -9999 -9999
1986 04 11 21 -9999 -9999 -9999 -9999 -9999     0 -9999 -9999
1986 04 12 06   160  -109 -9999     0     0     7 -9999     0
1986 04 12 21    98   -31 -9999   200    80     7 -9999 -9999
1986 04 13 00    94   -27 -9999   110    30     8 -9999    -1
1986 04 13 06    98  -100 -9999   320    60     8 -9999    70
1986 04 13 09   106 -9999 -9999   290   100     7 -9999 -9999
1986 04 13 21    74   -82 -9999    90    30     0 -9999 -9999
1986 04 14 00    57   -74 -9999     0     0     0 -9999     0
1986 04 14 06   146  -137 -9999     0     0     0 -9999     0
1986 04 14 09   157  -114 -9999   340    40     0 -9999 -9999
1986 04 14 21    54 -9999 -9999   110    30 -9999 -9999 -9999
1986 04 15 00    86  -112 -9999   110    20     1 -9999     0
1986 04 15 06   170  -125 -9999   320    20     7 -9999     0
1986 04 15 09   167  -168 -9999   340    40     7 -9999 -9999
1986 04 15 21    71  -136 -9999    70    30     0 -9999 -9999
1986 04 16 00    96  -103 -9999    70    20     7 -9999     0
1986 04 16 06   168  -138 -9999     0     0     3 -9999     0
1986 04 16 09   173  -198 -9999   340    60     1 -9999 -9999
1986 04 16 21    76  -149 -9999   110    40     0 -9999 -9999
1986 04 17 00   114  -154 -9999   160    30     1 -9999     0
1986 04 17 09   197  -137 -9999   220    30     2 -9999 -9999
1986 04 18 00   112  -106 -9999     0     0     7 -9999     0
1986 04 18 06   176  -108 -9999   290    70     7 -9999     0
1986 04 18 09   180  -135 -9999   290    90     7 -9999 -9999
1986 04 18 21   -16  -262 -9999    20    50     0 -9999 -9999
1986 04 19 00    14  -261 -9999    20    40     0 -9999     0
1986 04 19 06    78  -257 -9999   340    50     8 -9999     0
1986 04 19 09    94  -248 -9999   360    40     0 -9999 -9999
1986 04 19 21    52 -9999 -9999   110    30     0 -9999 -9999
1986 04 20 00    60  -121 -9999   110    30     7 -9999     0
1986 04 20 06   150  -151 -9999   320    50     7 -9999     0
1986 04 20 09   144  -174 -9999   340    40     7 -9999 -9999
1986 04 20 21    52   -91 -9999   160    40     8 -9999 -9999
1986 04 21 00    66   -17 -9999   220    30     7 -9999     0
1986 04 21 06   112  -109 -9999   320    30     1 -9999     0
1986 04 21 09   124  -179 -9999    20    50     0 -9999 -9999
1986 04 21 21    68  -108 -9999   110    30     0 -9999 -9999
1986 04 22 00   112   -58 -9999   140    40     7 -9999     0
1986 04 23 00    68  -142 -9999   340    50     7 -9999     0
1986 04 23 06   120  -202 -9999   320    60     7 -9999     0
1986 04 23 09   128  -233 -9999   320    50     7 -9999 -9999
1986 04 24 00    62  -148 -9999   340    30     8 -9999     0
1986 04 24 06    82  -147 -9999    20    30     8 -9999     0
1986 04 24 09 -9999 -9999 -9999   340    40     8 -9999 -9999
1986 04 24 21 -9999 -9999 -9999   160    40     8 -9999 -9999
1986 04 25 00    54   -66 -9999   160    20     8 -9999    -1
1986 04 25 06    89   -62 -9999   340    20     7 -9999    -1
1986 04 25 09   107   -61 -9999   340    40     6 -9999 -9999
1986 04 25 21    38  -198 -9999   360    70     7 -9999 -9999
1986 04 26 00    34  -237 -9999 -9999 -9999     8 -9999     0
1986 04 26 06    78  -125 -9999    20    40     7 -9999     0
1986 04 26 09    94 -9999 -9999   340    40     6 -9999 -9999
1986 04 26 21    -2  -215 -9999    70    20     1 -9999 -9999
1986 04 27 00    50  -123 -9999   180    20     1 -9999     0
1986 04 27 06   120  -167 -9999   360    20     7 -9999     0
1986 04 27 09   124  -137 -9999    40    40     7 -9999 -9999
1986 04 27 21    86  -116 -9999    20    40     8 -9999 -9999
1986 04 28 00    96   -41 -9999   140    30     4 -9999     0
1986 04 28 09   142   -57 -9999   110    30     7 -9999 -9999
1986 04 28 21 -9999 -9999 -9999   140    30     8 -9999 -9999
1986 04 29 00    90   -17 -9999     0     0     8 -9999     0
1986 04 29 06   136   -49 -9999   340    30     7 -9999     0
1986 04 29 09   130   -22 -9999   200    40     7 -9999 -9999
1986 04 29 21    52   -14 -9999   110    20     0 -9999 -9999
1986 04 30 00    96    -2 -9999     0     0     7 -9999     0
1986 04 30 06   164 -9999 -9999   340    40     7 -9999     0
1986 04 30 09   166  -138 -9999   340    30     7 -9999 -9999
1986 04 30 21   100   -94 -9999   110    30     8 -9999 -9999
1986 05 01 00   120   -56 -9999   110    30     8 -9999     0
1986 05 01 06   108    -6 -9999   180    50     8 -9999     3
1986 05 01 09   142   -30 -9999   160    40     6 -9999 -9999
1986 05 01 21 -9999 -9999 -9999   110    40     0 -9999 -9999
1986 05 02 00   128   -57 -9999   110    40     7 -9999     0
1986 05 02 06   179   -63 -9999   140    60     7 -9999     0
1986 05 02 09   170   -35 -9999   160    30     7 -9999 -9999
1986 05 02 21   117    -1 -9999   140    20     7 -9999 -9999
1986 05 03 00   132     0 -9999     0     0     5 -9999     0
1986 05 03 06   178   -23 -9999     0     0     6 -9999     0
1986 05 03 09   197  -111 -9999   320    30     5 -9999 -9999
1986 05 03 21    80    -7 -9999   110    30     2 -9999 -9999
1986 05 04 00   127   -11 -9999   110    20     4 -9999     0
1986 05 04 06   188  -111 -9999   110    40     7 -9999     0
1986 05 04 09   192  -139 -9999   340    50     2 -9999 -9999
1986 05 04 21    98  -135 -9999 -9999 -9999     0 -9999 -9999
1986 05 05 00   146  -111 -9999   160    40     0 -9999     0
1986 05 05 09   218  -142 -9999   270    20     1 -9999 -9999
1986 05 06 00   154  -116 -9999   110    30     6 -9999     0
1986 05 06 06 -9999 -9999 -9999 -9999 -9999     7 -9999     0
1986 05 06 09   218   -74 -9999   320    70     7 -9999 -9999
1986 05 07 00 -9999 -9999 -9999     0     0     1 -9999     0
1986 05 07 06   253   -76 -9999   290    70     7 -9999     0
1986 05 07 09   263   -89 -9999   290    60     7 -9999 -9999
1986 05 07 21   180   -14 -9999   340    30     0 -9999 -9999
1986 05 08 06   219   -38 -9999    20    50     3 -9999     0
1986 05 08 09   228   -77 -9999    20    30     5 -9999 -9999
1986 05 08 21   173 -9999 -9999   140    30     0 -9999 -9999
1986 05 09 00   178   -11 -9999   290    20     6 -9999     0
1986 05 09 06   252 -9999 -9999   320    40     5 -9999    -1
1986 05 09 21   136    49 -9999   340    20     7 -9999 -9999
1986 05 10 00   138    37 -9999   180    20     7 -9999     0
1986 05 10 09   235   -89 -9999   340    20     1 -9999 -9999
1986 05 10 21   148   -18 -9999   160    30     2 -9999 -9999
1986 05 11 00   192   -28 -9999     0     0     3 -9999     0
1986 05 11 06   238   -79 -9999   320    50     7 -9999     0
1986 05 11 09   240  -109 -9999   340    60     7 -9999 -9999
1986 05 11 21   129 -9999 -9999 -9999 -9999     3 -9999 -9999
1986 05 12 00   158   -48 -9999   360    20     7 -9999     0
1986 05 12 06   226  -123 -9999   320    80     7 -9999     0
1986 05 12 09   229  -125 -9999   340    40     7 -9999 -9999
1986 05 12 21   128  -124 -9999   110    30     0 -9999 -9999
1986 05 13 00   139   -94 -9999     0     0     0 -9999     0
1986 05 13 06   228  -109 -9999   340    30     0 -9999     0
1986 05 13 09   238  -112 -9999    40    20     0 -9999 -9999
1986 05 13 21   150  -102 -9999   110    20     0 -9999 -9999
1986 05 14 00   187   -72 -9999   180    20     0 -9999     0
1986 05 14 21   184   -95 -9999   110    40     0 -9999 -9999
1986 05 15 06   289  -128 -9999   200    40     7 -9999     0
1986 05 15 09   299   -90 -9999   340    40     7 -9999 -9999
1986 05 15 21   198   -31 -9999    20    50     0 -9999 -9999
1986 05 16 00   216   -16 -9999    20    30     4 -9999     0
1986 05 16 06   293   -53 -9999     0     0     7 -9999     0
1986 05 16 09   297   -72 -9999   340    30     7 -9999 -9999
1986 05 16 21   182   -25 -9999    70    30     1 -9999 -9999
1986 05 17 00   202    37 -9999     0     0     8 -9999     0
1986 05 17 06   255   -44 -9999    20   100     8 -9999     0
1986 05 17 09   246   -18 -9999   360    70     7 -9999 -9999
1986 05 17 21   149    86 -9999     0     0     6 -9999 -9999
1986 05 18 00   170    92 -9999     0     0     7 -9999     0
1986 05 18 06   150    41 -9999    20    50     7 -9999     3
1986 05 18 21   106    40 -9999 -9999 -9999     1 -9999 -9999
1986 05 19 00   146    40 -9999     0     0     7 -9999     0
1986 05 19 06   232   -37 -9999   180    30     7 -9999     0
1986 05 19 09   228    -6 -9999   160    60     7 -9999 -9999
1986 05 19 21   139  -138 -9999    40    30     7 -9999 -9999
1986 05 20 00   143  -132 -9999   160   100     6 -9999     0
1986 05 20 06   213   -85 -9999   200    30     7 -9999     0
1986 05 20 09   226   -73 -9999   200    30     7 -9999 -9999
1986 05 20 21   132  -125 -9999   110    50     1 -9999 -9999
1986 05 21 00   170   -57 -9999   200    30     0 -9999     0
1986 05 21 06   221   -25 -9999   140    80     0 -9999     0
1986 05 21 21   150    44 -9999   160    40     0 -9999 -9999
1986 05 22 00   176    50 -9999   140    60     1 -9999 -9999
1986 05 22 06   229    33 -9999   200    90     7 -9999 -9999
1986 05 22 09   242    29 -9999   220    70     7 -9999 -9999
1986 05 23 21   106    56 -9999   320    20     8 -9999 -9999
1986 05 24 21    90    80 -9999     0     0     8 -9999 -9999
1986 05 25 21   115    47 -9999   140    20     2 -9999 -9999
1986 05 26 21   164    24 -9999   160    30     7 -9999 -9999
1986 05 27 21   130    65 -9999   140    20     0 -9999 -9999
1986 05 28 00   180    65  9867   140    20     0 -9999 -9999
1986 05 29 21   169   101 -9999     0     0     8 -9999 -9999
1986 05 30 21   174  -115 -9999    40    40     7 -9999 -9999
1986 05 31 06   247  -112 -9999   340    60     1 -9999 -9999
1986 05 31 09   260    -5 -9999    70    20     1 -9999 -9999
1986 05 31 21   169   -58 -9999 -9999 -9999     7 -9999 -9999
1986 06 01 00   189    -9 -9999   110    20     8 -9999 -9999
1986 06 01 06   232   -66 -9999   290    20     8 -9999 -9999
1986 06 01 21   151    15 -9999   160    30     0 -9999 -9999
1986 06 02 00   200    24 -9999   160    40     1 -9999 -9999
1986 06 02 06   263   -43 -9999   200    40     6 -9999 -9999
1986 06 02 09   271   -48 -9999   160    50     7 -9999 -9999
1986 06 02 21   190   -90 -9999   110    30     1 -9999 -9999
1986 06 03 00   222   -44 -9999   160    30     7 -9999 -9999
1986 06 03 06   262   -83 -9999   160    90     7 -9999 -9999
1986 06 03 09   248   -31 -9999   160    60     8 -9999 -9999
1986 06 03 21   173    27 -9999    20    30     7 -9999 -9999
1986 06 04 00   174    62 -9999     0     0     7 -9999 -9999
1986 06 04 06   251   -37 -9999   180    60     7 -9999 -9999
1986 06 04 09   244    23 -9999   160    50     7 -9999 -9999
1986 06 04 21 -9999 -9999 -9999   200    70     2 -9999 -9999
1986 06 05 00   188    42 -9999   140    80     2 -9999 -9999
1986 06 05 06   220    62 -9999   160    90     7 -9999 -9999
1986 06 05 21   172    73 -9999   140   110     6 -9999 -9999
1986 06 06 00   176    67 -9999   160    90     7 -9999     0
1986 06 06 06   198    76 -9999   140   140     7 -9999     0
1986 06 06 09   193    81 -9999   140   140     6 -9999 -9999
1986 06 06 21   164    93 -9999   160    80     2 -9999 -9999
1986 06 07 00   184    78 -9999   140    70     7 -9999     0
1986 06 07 06   198 -9999 -9999   160   100     6 -9999     0
1986 06 07 21   140 -9999 -9999    90    20     2 -9999 -9999
1986 06 08 00   160    88 -9999   340    30     7 -9999     0
1986 06 08 06   216    83 -9999   340    20     7 -9999     0
1986 06 08 21   126   112 -9999   160    20     1 -9999 -9999
1986 06 09 00   164   117 -9999   200    20     1 -9999     0
1986 06 09 06   232    96 -9999   290    20     1 -9999     0
1986 06 09 09 -9999 -9999 -9999 -9999 -9999     1 -9999 -9999
1986 06 10 00   208    56 -9999   160    30     7 -9999     0
1986 06 10 06   259     6 -9999   200    60     7 -9999     0
1986 06 10 09   263     4 -9999   200    50     7 -9999 -9999
1986 06 10 21   186    89 -9999     0     0     8 -9999 -9999
1986 06 11 00   212    72 -9999   110    20     2 -9999     0
1986 06 11 06   273   -33 -9999   160    80     6 -9999     0
1986 06 11 09   274   -17 -9999   160    40     7 -9999 -9999
1986 06 11 21   170     4 -9999    20    90     7 -9999 -9999
1986 06 12 00   138    57 -9999    20    70     7 -9999    -1
1986 06 12 06   164    27 -9999    20    30     8 -9999     5
1986 06 12 09   182    46 -9999   360    20     7 -9999 -9999
1986 06 12 21 -9999 -9999 -9999     0     0     7 -9999 -9999
1986 06 13 00   166    60 -9999     0     0     7 -9999     0
1986 06 13 06   212    57 -9999     0     0     7 -9999     0
1986 06 13 09   221    63 -9999   360    30     7 -9999 -9999
1986 06 14 00   170    66 -9999    70    30     7 -9999     5
1986 06 14 06   233    64 -9999   320    50     6 -9999     0
1986 06 14 21   174    42 -9999    90    20     7 -9999 -9999
1986 06 15 00   188    13 -9999    20    20     7 -9999     0
1986 06 15 06   242   -37 -9999   340    50     7 -9999     0
1986 06 15 21   168    -3 -9999   110    40     0 -9999 -9999
1986 06 16 06 -9999 -9999 -9999   160    40     6 -9999     0
1986 06 16 09   160   104 -9999    20    40     6 -9999 -9999
1986 06 16 21   194    11 -9999   140    70     0 -9999 -9999
1986 06 17 00   216    -8 -9999   140    50     0 -9999     0
1986 06 17 06   255   -11 -9999   180    50     2 -9999     0
1986 06 17 09   270   -19 -9999   200    70     6 -9999 -9999
1986 06 17 21   194    29 -9999   160    40     2 -9999 -9999
1986 06 18 00   190    79 -9999   200    40     7 -9999     0
1986 06 18 06   232    46 -9999   320    20     8 -9999     0
1986 06 18 09   172    95 -9999   340    80     8 -9999 -9999
1986 06 19 00   160    80 -9999   160    30     0 -9999     0
1986 06 19 09   270   -55 -9999   320    40     1 -9999 -9999
1986 06 19 21   168   -52 -9999   110    40     1 -9999 -9999
1986 06 20 00   220    -7 -9999   110    20     0 -9999     0
1986 06 20 06   280   -15 -9999     0     0     2 -9999     0
1986 06 20 09   281    -4 -9999   250    20     5 -9999 -9999
1986 06 20 21   198    24 -9999   160    30     2 -9999 -9999
1986 06 21 00   219    18 -9999   140    20     6 -9999     0
1986 06 21 06   299   -78 -9999   340    50     7 -9999     0
1986 06 21 09   286   -59 -9999   200    30     7 -9999 -9999
1986 06 22 00   222    35 -9999   200    40     1 -9999     0
1986 06 22 06   270 -9999 -9999    20    40     7 -9999    -1
1986 06 22 09   281     0 -9999   160    50     5 -9999 -9999
1986 06 22 21   198    67 -9999   160    30     1 -9999 -9999
1986 06 23 00   237    32 -9999   160    50     1 -9999     0
1986 06 23 06   284    14 -9999   160    60     1 -9999     0
1986 06 23 09   293    24 -9999   200    50     2 -9999 -9999
1986 06 23 21   225 -9999 -9999   140    40     7 -9999 -9999
1986 06 24 00   205   103 -9999   200    80     6 -9999     0
1986 06 24 06   234    76 -9999   290    30     7 -9999     0
1986 06 24 09   228    67 -9999   340    40     7 -9999 -9999
1986 06 24 20   121    98 -9999   110    20     1 -9999 -9999
1986 06 25 00   142   111 -9999   270    20     1 -9999     0
1986 06 25 06   208   103 -9999     0     0     2 -9999     0
1986 06 25 09   220   102 -9999   340    20     8 -9999 -9999
1986 06 26 00   148   114 -9999    20    30     4 -9999    30
1986 06 26 06   211    96 -9999     0     0     7 -9999     0
1986 06 26 09   240    82 -9999     0     0     2 -9999 -9999
1986 06 27 00 -9999 -9999 -9999    20    20     7 -9999    -1
1986 06 27 06   241    42 -9999   320    30     6 -9999 -9999
1986 06 27 09   254    36 -9999   360    50     7 -9999 -9999
1986 06 27 21   176    40 -9999    20    30     0 -9999 -9999
1986 06 28 00   192    53 -9999    20    30     1 -9999     0
1986 06 28 06   244    20 -9999   340    50     7 -9999     0
1986 06 28 21   174    14 -9999   110    40     2 -9999 -9999
1986 06 29 21   196    73 -9999     0     0     8 -9999 -9999
1986 06 30 00   204    80 -9999     0     0     8 -9999 -9999
1986 06 30 09   255   112 -9999 -9999 -9999     7 -9999 -9999
1986 06 30 21   182   113 -9999    70    20     7 -9999 -9999
1986 07 01 00   237   131 -9999     0     0     3 -9999     0
1986 07 01 06   253   126 -9999     0     0     7 -9999     0
1986 07 01 09   216   154 -9999   180    30     8 -9999 -9999
1986 07 01 21   186   163 -9999     0     0     7 -9999 -9999
1986 07 02 00   196   162 -9999     0     0     7 -9999     1
1986 07 02 06   180   137 -9999   160    60     7 -9999   160
1986 07 02 09   200   173 -9999   200    40     7 -9999 -9999
1986 07 02 21   167   143 -9999    40    40     7 -9999 -9999
1986 07 03 00   184   126 -9999    20    20     8 -9999    -1
1986 07 03 06   162   143 -9999   160    20     8 -9999    30
1986 07 03 09   180 -9999 -9999     0     0     7 -9999 -9999
1986 07 03 21   120    98 -9999    70    20     2 -9999 -9999
1986 07 04 00   170    98 -9999     0     0     0 -9999     0
1986 07 04 09   232    67 -9999     0     0     2 -9999 -9999
1986 07 04 21   144    75 -9999   140    30     0 -9999 -9999
1986 07 05 00   180    53 -9999   180    40     1 -9999     0
1986 07 05 06   257     9 -9999   200    50     1 -9999     0
1986 07 05 21   184    78 -9999   360    40     1 -9999 -9999
1986 07 06 00   188    85 -9999    20    30     7 -9999     0
1986 07 06 06   164   107 -9999   220    20     7 -9999    40
1986 07 06 09   188   102 -9999   200    30     7 -9999 -9999
1986 07 07 00   185    63 -9999   160    50     1 -9999     0
1986 07 07 06   261   -13 -9999   290    30     4 -9999     0
1986 07 07 09   275   -19 -9999   250    40     2 -9999 -9999
1986 07 07 21   190    19 -9999   160    30     0 -9999 -9999
1986 07 08 00   221    63 -9999   160    30     1 -9999     0
1986 07 08 06   284    13 -9999   160    20     3 -9999     0
1986 07 08 09   290   -11 -9999   200    40     7 -9999 -9999
1986 07 08 21   198    49 -9999    90    30     1 -9999 -9999
1986 07 09 00   220   101 -9999   180    50     1 -9999     0
1986 07 09 06   299    54 -9999   160    40     4 -9999     0
1986 07 09 09   299    47 -9999   200    40     2 -9999 -9999
1986 07 09 21   200    36 -9999    90    20     0 -9999 -9999
1986 07 10 00   200    27 -9999   200    30     0 -9999     0
1986 07 10 06   279   -10 -9999   160   110     0 -9999     0
1986 07 10 09   283    34 -9999   160    70     0 -9999 -9999
1986 07 10 21   224   -22 -9999   160    80     2 -9999 -9999
1986 07 11 00   224    33 -9999   160    70     0 -9999     0
1986 07 11 06   274    54 -9999   140    90     7 -9999     0
1986 07 11 21   206   153 -9999   200    40     8 -9999 -9999
1986 07 12 06   250   136 -9999     0     0     8 -9999     0
1986 07 12 09   263   127 -9999    70    20     8 -9999 -9999
1986 07 12 21   223    56 -9999    20    50     3 -9999 -9999
1986 07 13 06   275    18 -9999   340    50     7 -9999     0
1986 07 13 21   192    -3 -9999    70    30     3 -9999 -9999
1986 07 14 00   230    43 -9999    90    20     7 -9999     0
1986 07 14 06   267     8 -9999   220    40     7 -9999     0
1986 07 14 09   285    12 -9999   250    40     7 -9999 -9999
1986 07 14 21   182    51 -9999   160    40     1 -9999 -9999
1986 07 15 00   197    68 -9999   160    40     7 -9999     0
1986 07 15 06   278    58 -9999   320    30     4 -9999     0
1986 07 15 21 -9999 -9999 -9999    90    20     0 -9999 -9999
1986 07 16 00   210    29 -9999   160    20     1 -9999     0
1986 07 16 06   282   -18 -9999   340    60     2 -9999     0
1986 07 16 09   265     8 -9999   340    60     7 -9999 -9999
1986 07 16 21   160   108 -9999   140    40     8 -9999 -9999
1986 07 17 00   132   115 -9999   200    20     8 -9999    20
1986 07 17 09   216    83 -9999   200    40     6 -9999 -9999
1986 07 17 21   153    98 -9999   160    30     1 -9999 -9999
1986 07 18 00   174   101 -9999   160    30     2 -9999     0
1986 07 18 06   234    55 -9999   340    50     2 -9999     0
1986 07 18 09   248    21 -9999   290    30     2 -9999 -9999
1986 07 18 21   169    37 -9999   110    40     0 -9999 -9999
1986 07 19 00   216 -9999 -9999   140    20     1 -9999     0
1986 07 19 06   287    49 -9999   250    30     6 -9999     0
1986 07 19 09   229   103 -9999   140    40     7 -9999 -9999
1986 07 19 21   183    72 -9999   160    50     1 -9999 -9999
1986 07 20 00   212    86 -9999   110    30     3 -9999     0
1986 07 20 06   278    55 -9999   200    40     5 -9999     0
1986 07 20 09   295    60 -9999     0     0     1 -9999 -9999
1986 07 20 21   192    77 -9999   110    30     0 -9999 -9999
1986 07 21 00   232    91 -9999   140    30     1 -9999     0
1986 07 21 06   295    51 -9999   320    20     5 -9999     0
1986 07 21 09   305    34 -9999   340    40     1 -9999 -9999
1986 07 21 21   206    26 -9999   110    40     0 -9999 -9999
1986 07 22 00   252    68 -9999   140    30     0 -9999     0
1986 07 22 06   323    42 -9999   210    50     2 -9999     0
1986 07 22 09   315     7 -9999   160    70     1 -9999 -9999
1986 07 22 21   234    66 -9999   160    30     0 -9999 -9999
1986 07 23 00   255    78 -9999   180    50     0 -9999     0
1986 07 23 06   323    10 -9999 -9999 -9999     1 -9999     0
1986 07 23 09   317    49 -9999   160    60     2 -9999 -9999
1986 07 23 21   216    68 -9999    20    50     1 -9999 -9999
1986 07 24 00   248    82 -9999   160    40     1 -9999     0
1986 07 24 06   303    60 -9999   340    50     1 -9999     0
1986 07 24 09   301   -17 -9999   360    60     1 -9999 -9999
1986 07 24 21 -9999 -9999 -9999 -9999 -9999     0 -9999 -9999
1986 07 25 00 -9999 -9999 -9999     0     0     0 -9999     0
1986 07 25 06   282     5 -9999    40    50     1 -9999     0
1986 07 25 09   283    15 -9999    40    20     1 -9999 -9999
1986 07 25 21   203    51 -9999    90    30     0 -9999 -9999
1986 07 26 00   229    60 -9999   340    20     0 -9999     0
1986 07 26 06   287    66 -9999   200    20     6 -9999     0
1986 07 26 09   281    66 -9999   340    50     7 -9999 -9999
1986 07 26 21   216    78 -9999   110    20     0 -9999 -9999
1986 07 27 00   246    88 -9999   110    20     2 -9999     0
1986 07 27 06   302    75 -9999    20    20     7 -9999     0
1986 07 27 09   309    82 -9999    90    20     6 -9999 -9999
1986 07 27 21   255   108 -9999   160    40     7 -9999 -9999
1986 07 28 00   268   100 -9999   160    30     1 -9999     0
1986 07 28 06   315    87 -9999   200    60     7 -9999     0
1986 07 28 09   281   123 -9999 -9999 -9999     7 -9999 -9999
1986 07 28 21   188 -9999 -9999     0     0     8 -9999 -9999
1986 07 29 00   174   148 -9999   200    30     7 -9999     1
1986 07 29 06   222   146 -9999   200    60     7 -9999     0
1986 07 29 09   154   146 -9999    20    50     8 -9999 -9999
1986 07 29 21   156   129 -9999   110    20     6 -9999 -9999
1986 07 30 00   178   127 -9999     0     0     7 -9999     0
1986 07 30 21   152    95 -9999   110    20     1 -9999 -9999
1986 07 31 00   202   103 -9999     0     0     1 -9999     0
1986 07 31 09   256    42 -9999   340    40     6 -9999 -9999
1986 07 31 21   174    42 -9999   110    30     0 -9999 -9999
1986 08 01 00   214    60 -9999   110    30     0 -9999     0
1986 08 01 06   279    33 -9999   340    20     3 -9999     0
1986 08 01 09   285    35 -9999     0     0     3 -9999 -9999
1986 08 01 21   213    51 -9999   140    30     0 -9999 -9999
1986 08 02 00   201    87 -9999     0     0     7 -9999     0
1986 08 02 06   230    83 -9999   200    20     7 -9999     0
1986 08 02 09   218    85 -9999 -9999 -9999     7 -9999 -9999
1986 08 02 21   116   105 -9999 -9999 -9999     8 -9999 -9999
1986 08 03 00   109   104 -9999    20    40     8 -9999   210
1986 08 03 06   172   118 -9999   340    30     7 -9999    20
1986 08 03 09   188    98 -9999   320    30     3 -9999 -9999
1986 08 03 21   150    63 -9999   140    30     0 -9999 -9999
1986 08 04 00   174    89 -9999   160    20     1 -9999     0
1986 08 04 06   233    64 -9999     0     0     2 -9999     0
1986 08 04 09   252    19 -9999   220    20     2 -9999 -9999
1986 08 04 21   166    87 -9999   140    30     4 -9999 -9999
1986 08 05 00   177   101 -9999   360    20     1 -9999     0
1986 08 05 06   228    67 -9999   360    30     1 -9999     0
1986 08 05 21   156    79 -9999   110    30     0 -9999 -9999
1986 08 06 00   190    98 -9999   140    20     0 -9999     0
1986 08 06 06   253    82 -9999   220    20     2 -9999     0
1986 08 06 09   267    82 -9999   270    20     2 -9999 -9999
1986 08 06 21   194    70 -9999    90    40     0 -9999 -9999
1986 08 07 00   211    75 -9999    20    30     1 -9999     0
1986 08 07 06   271    59 -9999   180    20     1 -9999     0
1986 08 07 09   285    83 -9999   250    20     1 -9999 -9999
1986 08 07 21   214    68 -9999   140    30     0 -9999 -9999
1986 08 08 00   234    90 -9999   110    40     4 -9999     0
1986 08 08 06   202    97 -9999 -9999 -9999     5 -9999     0
1986 08 08 09   317    69 -9999    20    50     4 -9999 -9999
1986 08 08 21   229    94 -9999   140    60     0 -9999 -9999
1986 08 09 00   238   119 -9999    40    20     1 -9999     0
1986 08 09 06   305    75 -9999   200    70     5 -9999     0
1986 08 09 09   315    51 -9999   160    20     6 -9999 -9999
1986 08 09 21   232    35 -9999   140    50     0 -9999 -9999
1986 08 10 00   244    50 -9999   140    50     1 -9999     0
1986 08 10 06   309    69 -9999   140    30     2 -9999     0
1986 08 10 09   314    98 -9999     0     0     2 -9999 -9999
1986 08 10 21   253   118 -9999   110    30 -9999 -9999 -9999
1986 08 11 00   259   114 -9999   360    20     7 -9999     0
1986 08 11 06   318   118 -9999   220    40     6 -9999     0
1986 08 11 09   321   116 -9999   340    40     7 -9999 -9999
1986 08 11 21   155   139 -9999   200    20     7 -9999 -9999
1986 08 12 00   166   130 -9999     0     0     3 -9999     5
1986 08 12 06   226   117 -9999     0     0     1 -9999     0
1986 08 12 09   256    67 -9999   320    20     1 -9999 -9999
1986 08 12 21   176    67 -9999   140    30     0 -9999 -9999
1986 08 13 00   200    64 -9999   140    30     7 -9999     0
1986 08 13 06   256    64 -9999   200    50     7 -9999     0
1986 08 13 09   181   141 -9999   200    70     8 -9999 -9999
1986 08 13 21   114   107 -9999     0     0     8 -9999 -9999
1986 08 14 00   115   110 -9999     0     0     8 -9999    90
1986 08 14 06   136   126 -9999   200    60     8 -9999    30
1986 08 14 21   108    78 -9999     0     0     0 -9999 -9999
1986 08 15 00   154    87 -9999     0     0     2 -9999     0
1986 08 15 09   223    45 -9999   160    40     7 -9999 -9999
1986 08 15 21   143    95 -9999    90    20     0 -9999 -9999
1986 08 16 00   176 -9999 -9999    90    20     1 -9999     0
1986 08 16 06   251   102 -9999   180    40     3 -9999     0
1986 08 16 09   260    83 -9999   200    30     7 -9999 -9999
1986 08 17 00   194   101 -9999    70    20     7 -9999     0
1986 08 17 06   232    84 -9999   360    50     8 -9999     0
1986 08 17 09   172   136 -9999   160    40     8 -9999 -9999
1986 08 17 21   142   122 -9999   200    20     2 -9999 -9999
1986 08 18 00   147   111 -9999   160    30     4 -9999     0
1986 08 18 09   241    55 -9999     0     0     1 -9999 -9999
1986 08 19 00   168    98 -9999   180    30     0 -9999     0
1986 08 19 06   228    48 -9999   340    40     1 -9999     0
1986 08 19 09   236    29 -9999   320    30     1 -9999 -9999
1986 08 19 21   134    42 -9999   140    30     0 -9999 -9999
1986 08 20 00   172    61 -9999   140    20     0 -9999     0
1986 08 20 09   255     8 -9999   360    20     1 -9999 -9999
1986 08 20 21   167    23 -9999   110    40     0 -9999 -9999
1986 08 21 00   194    43 -9999   140    20     1 -9999     0
1986 08 21 06   265   -11 -9999   160    80     1 -9999     0
1986 08 21 09   259   -17 -9999   160    90     1 -9999 -9999
1986 08 21 21   196    21 -9999   110    50     1 -9999 -9999
1986 08 22 00   215    62 -9999   110    20     1 -9999     0
1986 08 22 09   172    86 -9999   340   120     8 -9999 -9999
1986 08 22 21   122    86 -9999   140    20     7 -9999 -9999
1986 08 23 00   114    96 -9999   200    20     6 -9999     0
1986 08 23 06   194    55 -9999   320    60     7 -9999     0
1986 08 23 09   211    -5 -9999   320    40     1 -9999 -9999
1986 08 23 21   116   -29 -9999 -9999 -9999     0 -9999 -9999
1986 08 24 00   147   -10 -9999   110    20     0 -9999     0
1986 08 24 06   222   -45 -9999   360    30     0 -9999     0
1986 08 24 09   228   -26 -9999   340    20     1 -9999 -9999
1986 08 24 21   138   -22 -9999   110    40     0 -9999 -9999
1986 08 25 00   177   -14 -9999   110    30     0 -9999     0
1986 08 25 06   255   -37 -9999   200    30     7 -9999     0
1986 08 25 09   260   -15 -9999   200    60     7 -9999 -9999
1986 08 25 21   198    18 -9999   160    50     7 -9999 -9999
1986 08 26 00   183    52 -9999   200    30     1 -9999     0
1986 08 26 06   274    13 -9999   220    40     1 -9999     0
1986 08 26 09   280    29 -9999   320    30     1 -9999 -9999
1986 08 26 21   188   -10 -9999   110    30     0 -9999 -9999
1986 08 27 00   194    34 -9999    70    30     1 -9999     0
1986 08 27 06   268    60 -9999   220    30     5 -9999     0
1986 08 27 09   279    39 -9999   320    20     2 -9999 -9999
1986 08 27 21 -9999 -9999 -9999    70    40     8 -9999 -9999
1986 08 28 00   206    58 -9999   360    20     7 -9999     0
1986 08 28 06   242    68 -9999    20    30     7 -9999     0
1986 08 28 09   242    82 -9999   320    20     7 -9999 -9999
1986 08 28 12   247   213 10061    90    10     7 -9999     0
1986 08 28 21   174   111 -9999   110    30     8 -9999 -9999
1986 08 29 00   178   114 -9999    90    20     7 -9999    10
1986 08 29 06   244    71 -9999   340    40     4 -9999    -1
1986 08 29 09   262    52 -9999   340    40     6 -9999 -9999
1986 08 29 21   172    54 -9999   140    30     0 -9999 -9999
1986 08 30 00   194    66 -9999   140    30     2 -9999     0
1986 08 30 09   265    11 -9999   340    80     7 -9999 -9999
1986 08 31 00   138    70 -9999    40    30     7 -9999    70
1986 08 31 06   182    84 -9999   220    30     7 -9999     0
1986 08 31 09   188    33 -9999   320    40     7 -9999 -9999
1986 08 31 21   104    52 -9999    90    20     0 -9999 -9999
1986 09 01 00   132    54 -9999    20    30     0 -9999     0
1986 09 01 09   185    45 -9999   340    30     1 -9999 -9999
1986 09 01 21 -9999 -9999 -9999   110    30     0 -9999 -9999
1986 09 02 00   140    29 -9999   110    10     1 -9999     0
1986 09 02 06   209    27 -9999   360    50     1 -9999     0
1986 09 02 09   212     7 -9999   360    30     1 -9999 -9999
1986 09 02 21   141    23 -9999   110    20     0 -9999 -9999
1986 09 03 00 -9999 -9999 -9999   140    20     7 -9999     0
1986 09 03 06   191    11 -9999   360    50     8 -9999     0
1986 09 03 09   172    13 -9999   340   100     7 -9999 -9999
1986 09 03 21   108    23 -9999   110    80     0 -9999 -9999
1986 09 04 09   217    23 -9999    20    30     0 -9999 -9999
1986 09 04 21   151    32 -9999   110    30     0 -9999 -9999
1986 09 05 00   182    48 -9999   180    20     1 -9999     0
1986 09 05 06   253     7 -9999   200    90     0 -9999     0
1986 09 05 09   256    23 -9999   160    90     2 -9999 -9999
1986 09 05 21   126    93 -9999   360    40     5 -9999 -9999
1986 09 06 00   148    82 -9999     0     0     7 -9999    -1
1986 09 06 06   188    71 -9999     0     0     7 -9999     0
1986 09 06 09   200    74 -9999   200   200     2 -9999 -9999
1986 09 06 21   116    -3 -9999    20    20     0 -9999 -9999
1986 09 07 00   119   -24 -9999    40    20     0 -9999     0
1986 09 07 06   194   -55 -9999   320    30     0 -9999     0
1986 09 07 09   200   -63 -9999   340    30     7 -9999 -9999
1986 09 07 21   132   -26 -9999    70    20     8 -9999 -9999
1986 09 08 00   155     6 -9999    20    20     7 -9999     0
1986 09 08 06   192    25 -9999   340    20     7 -9999     0
1986 09 08 09   200     5 -9999   340    30     1 -9999 -9999
1986 09 08 21   117   -24 -9999   110    20     4 -9999 -9999
1986 09 09 00   141    -7 -9999   110    30     7 -9999     0
1986 09 09 06 -9999 -9999 -9999   320    50     3 -9999     0
1986 09 09 09   219    10 -9999   360    20     6 -9999 -9999
1986 09 09 21   104    33 -9999    90    20     1 -9999 -9999
1986 09 10 00   108     0 -9999    70    20     2 -9999     0
1986 09 10 06   193   -13 -9999   250    20     6 -9999     0
1986 09 10 09   196   -25 -9999   320    50     3 -9999 -9999
1986 09 10 21    92   -14 -9999     0     0     0 -9999 -9999
1986 09 11 00   108    -6 -9999    70    30     2 -9999     0
1986 09 11 06   184    11 -9999   340    30     2 -9999     0
1986 09 11 09   196    13 -9999     0     0     4 -9999 -9999
1986 09 11 21   125    11 -9999    90    20     1 -9999 -9999
1986 09 12 00   129    19 -9999   110    20     2 -9999     0
1986 09 12 06   196     0 -9999   340    30     7 -9999     0
1986 09 12 09 -9999 -9999 -9999    20    40     5 -9999 -9999
1986 09 12 21   118   -36 -9999    90    40     0 -9999 -9999
1986 09 13 00   134   -19 -9999    90    20     7 -9999     0
1986 09 13 09   174     0 -9999     0     0     8 -9999 -9999
1986 09 13 21    94     9 -9999    90    20     0 -9999 -9999
1986 09 14 00   124    15 -9999   140    20     0 -9999     0
1986 09 14 06   212     4 -9999     0     0     1 -9999     0
1986 09 14 09   226    -7 -9999   220    20     2 -9999 -9999
1986 09 14 21   125   -21 -9999    90    30     0 -9999 -9999
1986 09 15 00   132     3 -9999   110    20     4 -9999     0
1986 09 15 06   190   -33 -9999    20    80     7 -9999     0
1986 09 15 09   172    24 -9999    20    40     7 -9999 -9999
1986 09 15 21    90   -57 -9999    40    40     0 -9999 -9999
1986 09 16 00    76   -46 -9999   180    40     1 -9999     0
1986 09 16 06   167   -57 -9999   320    30     2 -9999     0
1986 09 16 09   181   -88 -9999   360    30     1 -9999 -9999
1986 09 17 00   119   -55 -9999    70    20     7 -9999     0
1986 09 17 09   173   -56 -9999   340    40     7 -9999 -9999
1986 09 17 21    90   -97 -9999   110    40     1 -9999 -9999
1986 09 18 00   117   -67 -9999   140    30     6 -9999     0
1986 09 18 06   201   -72 -9999   320    20     6 -9999     0
1986 09 18 09   213   -81 -9999   320    70     7 -9999 -9999
1986 09 19 00   113   -42 -9999   340    30     1 -9999     0
1986 09 19 09   183   -69 -9999   360    60     0 -9999 -9999
1986 09 19 21    85   -89 -9999   160    20     0 -9999 -9999
1986 09 20 00    95   -91 -9999   140    30     0 -9999     0
1986 09 20 06   190   -87 -9999   340    40     0 -9999     0
1986 09 20 21   123   -92 -9999   140    40     0 -9999 -9999
1986 09 21 00   139   -79 -9999   160    40     2 -9999     0
1986 09 21 06   222   -93 -9999   340    40     1 -9999     0
1986 09 21 09   228  -110 -9999   340    30     0 -9999 -9999
1986 09 21 21   122   -90 -9999 -9999 -9999     0 -9999 -9999
1986 09 22 00   139   -70 -9999   110    30     0 -9999     0
1986 09 22 06   233   -82 -9999 -9999 -9999     0 -9999     0
1986 09 22 09   245   -72 -9999   270    30     0 -9999 -9999
1986 09 22 21   134   -97 -9999   110    30     0 -9999 -9999
1986 09 23 00   156   -94 -9999   110    30     0 -9999     0
1986 09 23 06   265  -115 -9999   220    40     1 -9999     0
1986 09 23 09   254  -109 -9999   200    50     1 -9999 -9999
1986 09 23 21   176   -36 -9999   160    60     3 -9999 -9999
1986 09 24 00   179   -15 -9999   180    30     7 -9999     0
1986 09 24 06   239 -9999 -9999   220    30     7 -9999     0
1986 09 24 09   245   -95 -9999    20    30     7 -9999 -9999
1986 09 24 21   147   -21 -9999    20    30     2 -9999 -9999
1986 09 25 00   146    -2 -9999    70    20     1 -9999     0
1986 09 25 06   236   -37 -9999   340    40     1 -9999     0
1986 09 25 09   226   -27 -9999   340    20     4 -9999 -9999
1986 09 25 21   149   -11 -9999     0     0     1 -9999 -9999
1986 09 26 00   147     5 -9999    90    20     4 -9999     0
1986 09 26 06   195     8 -9999   360    70     6 -9999     0
1986 09 26 09   196    13 -9999   360    40     6 -9999 -9999
1986 09 26 21   125    32 -9999   110    20     7 -9999 -9999
1986 09 27 00   106    54 -9999   140    20     7 -9999    -1
1986 09 27 06   140    47 -9999   180    30     7 -9999     1
1986 09 27 09   117    62 -9999    20    30     7 -9999 -9999
1986 09 27 21    49     1 -9999    10    20     0 -9999 -9999
1986 09 28 00    69    -4 -9999    40    20     0 -9999     0
1986 09 28 09   166   -33 -9999   340    60     4 -9999 -9999
1986 09 28 21   105    18 -9999    70    20     1 -9999 -9999
1986 09 29 00    89     5 -9999     0     0     1 -9999     0
1986 09 29 06   169 -9999 -9999   320    30     1 -9999     0
1986 09 29 21    89  -165 -9999   110    40     0 -9999 -9999
1986 09 30 00   109  -178 -9999    90    40     0 -9999     0
1986 09 30 06   180 -9999 -9999   110    60     0 -9999     0
1986 09 30 09 -9999 -9999 -9999   110   100     0 -9999 -9999
1986 09 30 21   135   -69 -9999   160    90     0 -9999 -9999
1986 10 01 00   134   -38 -9999   110    40     2 -9999     0
1986 10 01 06   195   -88 -9999   140   110     4 -9999     0
1986 10 01 09   188   -42 -9999   140   110     6 -9999 -9999
1986 10 01 21   126     6 -9999   160    40     0 -9999 -9999
1986 10 02 00   107     7 -9999   200    20     7 -9999     0
1986 10 02 06   166   -14 -9999     0     0     7 -9999     0
1986 10 02 09   171     1 -9999     0     0     7 -9999 -9999
1986 10 02 21   103    10 -9999   140    30     0 -9999 -9999
1986 10 03 00   127    19 -9999   140    30     7 -9999     0
1986 10 03 06   182    25 -9999   200    20     4 -9999     0
1986 10 03 09   185    16 -9999   360    40     6 -9999 -9999
1986 10 04 00   125    19 -9999   110    30     7 -9999     0
1986 10 04 06   194    16 -9999   360    40     7 -9999     0
1986 10 04 21   114     9 -9999   110    30     0 -9999 -9999
1986 10 05 00   125     1 -9999   140    30     0 -9999     0
1986 10 05 06   207   -14 -9999     0     0     1 -9999     0
1986 10 05 09   203   -47 -9999   340    40     1 -9999 -9999
1986 10 05 21    95   -10 -9999   220    40     2 -9999 -9999
1986 10 06 00   117   -24 -9999    90    30     7 -9999     0
1986 10 06 06   187   -25 -9999   200    30     7 -9999     0
1986 10 06 09   183 -9999 -9999   320    20     5 -9999 -9999
1986 10 06 21    89   -32 -9999    40    20     1 -9999 -9999
1986 10 07 00    86   -64 -9999     0     0     3 -9999     0
1986 10 07 06   138  -129 -9999   340    60     1 -9999     0
1986 10 07 09   136  -128 -9999   340    70     0 -9999 -9999
1986 10 07 21    41   -60 -9999    20    50     0 -9999 -9999
1986 10 08 00    39   -67 -9999    20    50     1 -9999     0
1986 10 08 09    91   -80 -9999    20    90     0 -9999 -9999
1986 10 09 00    31   -49 -9999    20    30     1 -9999     0
1986 10 09 09   102   -51 -9999   360    40     1 -9999 -9999
1986 10 10 00    20   -54 -9999   200    20     0 -9999     0
1986 10 10 06   122   -37 -9999    20    40     1 -9999     0
1986 10 10 21    39   -67 -9999    70    30     0 -9999 -9999
1986 10 11 00    37   -62 -9999   180    30     1 -9999     0
1986 10 11 06   145   -38 -9999   340    20     4 -9999     0
1986 10 11 09   151   -28 -9999   340    30     3 -9999 -9999
1986 10 11 21    44   -28 -9999    70    30     0 -9999 -9999
1986 10 12 00    73   -17 -9999    70    20     7 -9999     0
1986 10 12 06   154   -34 -9999   270    20     1 -9999     0
1986 10 12 09   168   -37 -9999   320    30     0 -9999 -9999
1986 10 12 21    48   -68 -9999    70    30     0 -9999 -9999
1986 10 13 00    68   -63 -9999    70    30     1 -9999     0
1986 10 13 06   148   -82 -9999   340    50     1 -9999     0
1986 10 13 09   145  -141 -9999   340    50     0 -9999 -9999
1986 10 14 00    60  -100 -9999   110    40     0 -9999     0
1986 10 14 09   161   -65 -9999     0     0     0 -9999 -9999
1986 10 14 21    67   -77 -9999    70    30     0 -9999 -9999
1986 10 15 00    81   -77 -9999    70    30     0 -9999     0
1986 10 15 06   177   -73 -9999   340    40     0 -9999     0
1986 10 15 21   128   -79 -9999    90    30     2 -9999 -9999
1986 10 16 00    85   -53 -9999   110    40     7 -9999     0
1986 10 16 06   127   -87 -9999   360    30     8 -9999     0
1986 10 16 09   106   -67 -9999   270    20     8 -9999 -9999
1986 10 16 21    63   -18 -9999   320    20     7 -9999 -9999
1986 10 17 00    46   -49 -9999     0     0     2 -9999     0
1986 10 17 06   134   -34 -9999   340    20     1 -9999     0
1986 10 17 09   130   -33 -9999   290    40     2 -9999 -9999
1986 10 17 21    70     8 -9999     0     0     0 -9999     0
1986 10 18 00 -9999 -9999 -9999   340    20     7 -9999     0
1986 10 18 06    89    44 -9999   340    30     7 -9999     0
1986 10 18 21    36    27 -9999   340    20     8 -9999 -9999
1986 10 19 00    36    32 -9999     0     0     8 -9999 -9999
1986 10 19 06    76    40 -9999   340    20     7 -9999     0
1986 10 19 09    79 -9999 -9999     0     0     8 -9999 -9999
1986 10 19 21    44    19 -9999     0     0     5 -9999 -9999
1986 10 20 00    53    14 -9999    40    20     7 -9999     0
1986 10 20 06   106     3 -9999   340    20     2 -9999     0
1986 10 20 09   103    -4 -9999   360    40     1 -9999 -9999
1986 10 21 00    26   -33 -9999   110    20     0 -9999     0
1986 10 21 06    91    -4 -9999   340    20     2 -9999     0
1986 10 21 09    97   -48 -9999   360    30     1 -9999 -9999
1986 10 21 21    35    -7 -9999     0     0 -9999 -9999 -9999
1986 10 22 00    42   -10 -9999   110    20     7 -9999     0
1986 10 22 06   107    10 -9999   290    30     7 -9999     0
1986 10 22 21    53     4 -9999   160    20     4 -9999 -9999
1986 10 23 00    40   -21 -9999     0     0     0 -9999     0
1986 10 23 06   118   -26 -9999   220    20     1 -9999     0
1986 10 23 09   121   -24 -9999   180    30     1 -9999 -9999
1986 10 23 21    48   -45 -9999    90    30     0 -9999 -9999
1986 10 24 00    53   -38 -9999    20    30     1 -9999     0
1986 10 24 09    83   -82 -9999   360    40     2 -9999 -9999
1986 10 25 00     9   -55 -9999     0     0     1 -9999     0
1986 10 25 06    60  -163 -9999    20    20     2 -9999     0
1986 10 25 09    53  -169 -9999   360    50     1 -9999 -9999
1986 10 26 00     3  -190 -9999   160    20     1 -9999     0
1986 10 26 06    77  -170 -9999   270    40     7 -9999     0
1986 10 26 09    85  -167 -9999   290    50     8 -9999 -9999
1986 10 26 21    17   -61 -9999   340    60     8 -9999 -9999
1986 10 27 09   -72  -184 -9999    20    70     6 -9999 -9999
1986 10 27 21  -109  -164 -9999     0     0     0 -9999 -9999
1986 10 28 00  -113  -164 -9999     0     0     0 -9999     0
1986 10 28 06   -53 -9999 -9999   200    40     7 -9999     0
1986 10 28 09   -51  -212 -9999   180    80     6 -9999 -9999
1986 10 29 00   -58  -202 -9999   160    20     0 -9999     0
1986 10 29 06    45  -226 -9999   180    40     0 -9999     0
1986 10 29 09    53  -270 -9999   200    40     0 -9999 -9999
1986 10 29 21     3   -90 -9999   140    30     0 -9999 -9999
1986 10 30 00    31   -98 -9999   140    40     0 -9999     0
1986 10 30 06   104   -90 -9999   270    40     1 -9999     0
1986 10 30 09    99   -87 -9999 -9999 -9999 -9999 -9999 -9999
1986 10 30 21    -6  -117 -9999    20    30     0 -9999 -9999
1986 10 31 00   -12  -141 -9999    40    20     1 -9999     0
1986 10 31 06    48  -139 -9999   320    30     1 -9999     0
1986 10 31 09    50  -116 -9999   340    20     0 -9999 -9999
1986 10 31 21    22  -104 -9999   140    30     1 -9999 -9999
1986 11 01 00    48   -89 -9999   140    30     7 -9999     0
1986 11 01 06   105   -78 -9999   200    30     4 -9999     0
1986 11 01 09   113   -70 -9999   250    30     6 -9999     0
1986 11 01 21    -2   -73 -9999    40    20     0 -9999 -9999
1986 11 02 00     8   -59 -9999     0     0     8 -9999     0
1986 11 02 06    30   -58 -9999   320    40     7 -9999    -1
1986 11 02 09    34   -67 -9999   340    60     6 -9999 -9999
1986 11 03 00   -28  -106 -9999    70    20     1 -9999     0
1986 11 03 21   -22  -142 -9999   110    30     0 -9999 -9999
1986 11 04 00   -18  -108 -9999    70    30     0 -9999     0
1986 11 04 06    98  -128 -9999   200    20     0 -9999     0
1986 11 04 09    95  -130 -9999   180    20     0 -9999 -9999
1986 11 04 21    24   -82 -9999   110    20     0 -9999 -9999
1986 11 05 00    23   -93 -9999   360    30     5 -9999     0
1986 11 05 06    55   -82 -9999   340    50     2 -9999     0
1986 11 05 09    64   -78 -9999   340    40     1 -9999 -9999
1986 11 05 21   -12  -103 -9999    70    30     0 -9999 -9999
1986 11 06 00    12   -76 -9999    70    30     7 -9999     0
1986 11 06 06    43   -99 -9999    20    70     7 -9999     0
1986 11 06 09    22   -95 -9999    20    60     7 -9999 -9999
1986 11 06 21   -37  -102 -9999   340    30     8 -9999 -9999
1986 11 07 00   -44   -94 -9999     0     0     8 -9999    -1
1986 11 07 06   -20 -9999 -9999   340    20     7 -9999    -1
1986 11 07 09    -8  -117 -9999   290    30     6 -9999 -9999
1986 11 07 21   -62  -140 -9999   140    20     0 -9999 -9999
1986 11 08 00   -64  -156 -9999   160    20     0 -9999     0
1986 11 08 06    42  -206 -9999   200    30     0 -9999     0
1986 11 08 09    59  -182 -9999     0     0     0 -9999 -9999
1986 11 08 21   -38  -223 -9999    70    30     0 -9999 -9999
1986 11 09 06    66  -175 -9999   290    20     1 -9999     0
1986 11 09 09    64  -211 -9999   320    20     1 -9999 -9999
1986 11 09 21   -16  -137 -9999   110    40     0 -9999 -9999
1986 11 10 00   -19  -137 -9999    90    30     1 -9999     0
1986 11 10 09    70  -116 -9999     0     0     1 -9999 -9999
1986 11 11 00     0  -129 -9999    90    30     7 -9999     0
1986 11 11 06 -9999 -9999 -9999   200    30     2 -9999     0
1986 11 11 21    26  -101 -9999   140    30     1 -9999 -9999
1986 11 12 00    30  -103 -9999   160    40     0 -9999     0
1986 11 12 06   109  -127 -9999   220    30     0 -9999     0
1986 11 12 09   111  -110 -9999   200    20     0 -9999 -9999
1986 11 12 21    -3   -90 -9999    20    70     0 -9999 -9999
1986 11 13 00   -44  -143 -9999    20    50     0 -9999     0
1986 11 13 09   -22  -163 -9999    20    80     1 -9999 -9999
1986 11 13 21   -92  -201 -9999    40    30     2 -9999 -9999
1986 11 14 00   -90  -205 -9999   200    40     0 -9999     0
1986 11 14 09 -9999 -9999 -9999    20    50     7 -9999 -9999
1986 11 14 21   -66  -147 -9999    90    30     2 -9999 -9999
1986 11 15 06   -41  -185 -9999   220    30     8 -9999     0
1986 11 15 09   -40  -254 -9999   320    20     6 -9999 -9999
1986 11 15 21   -45  -128 -9999    40    20     0 -9999 -9999
1986 11 16 00   -70  -204 -9999   200    20     7 -9999     0
1986 11 16 06   -42  -179 -9999   200    40     8 -9999     0
1986 11 16 09   -28  -162 -9999   340    30     8 -9999 -9999
1986 11 16 21   -39  -109 -9999     0     0     7 -9999 -9999
1986 11 17 00   -50  -107 -9999   160    20     7 -9999     0
1986 11 17 06     2  -141 -9999   250    40     7 -9999     0
1986 11 17 09    -2  -157 -9999   270    20     7 -9999 -9999
1986 11 17 21   -63  -160 -9999     0     0     0 -9999 -9999
1986 11 18 00   -63  -148 -9999    70    30     1 -9999     0
1986 11 18 06    21  -122 -9999     0     0     2 -9999     0
1986 11 18 09    20  -124 -9999   340    30     7 -9999 -9999
1986 11 18 21 -9999 -9999 -9999 -9999 -9999     0 -9999 -9999
1986 11 19 00   -52  -135 -9999   110    20     0 -9999     0
1986 11 19 06    48   -90 -9999   320    20     4 -9999     0
1986 11 19 09    44  -107 -9999    20    30     1 -9999 -9999
1986 11 19 21   -38   -90 -9999    70    30     7 -9999 -9999
1986 11 20 00   -26   -93 -9999    40    30     7 -9999     0
1986 11 20 06    28   -57 -9999   320    20     1 -9999     0
1986 11 20 09    30   -70 -9999   360    50     2 -9999 -9999
1986 11 20 21   -22  -115 -9999   140    20     5 -9999 -9999
1986 11 21 00   -38  -112 -9999   140    30     7 -9999     0
1986 11 21 06    42   -96 -9999     0     0     1 -9999     0
1986 11 21 09    42  -101 -9999    20    50     1 -9999 -9999
1986 11 21 21   -16   -42 -9999    20    30     2 -9999 -9999
1986 11 22 00   -13   -92 -9999   110    40     1 -9999     0
1986 11 22 06    81   -30 -9999   220    50     0 -9999     0
1986 11 22 09    47   -50 -9999    20    50     4 -9999 -9999
1986 11 22 21   -62  -105 -9999   340    60     8 -9999 -9999
1986 11 23 00   -76   -97 -9999   340    50     8 -9999     3
1986 11 23 06   -51  -139 -9999   340    50     7 -9999     5
1986 11 23 09   -54  -221 -9999   360    70     6 -9999 -9999
1986 11 23 21   -96  -180 -9999    20    30     7 -9999 -9999
1986 11 24 00  -108  -183 -9999    20    20     1 -9999     0
1986 11 24 06   -72  -201 -9999   340    20     7 -9999     0
1986 11 24 09   -73  -212 -9999   360    40     3 -9999 -9999
1986 11 24 21  -124  -184 -9999     0     0     0 -9999 -9999
1986 11 25 00  -128  -180 -9999   140    30     1 -9999     0
1986 11 25 06   -69  -130 -9999     0     0     1 -9999     0
1986 11 25 09   -70  -205 -9999    20    50     2 -9999 -9999
1986 11 25 21  -112  -189 -9999   340    20     0 -9999 -9999
1986 11 26 00  -116  -186 -9999   160    20     7 -9999     0
1986 11 26 06   -50  -219 -9999   200    30     0 -9999     0
1986 11 26 09   -44  -202 -9999   220    40     0 -9999 -9999
1986 11 26 21   -92  -164 -9999    90    30     0 -9999 -9999
1986 11 27 00   -96  -171 -9999    40    20     0 -9999     0
1986 11 27 06   -20  -173 -9999   360    40     0 -9999     0
1986 11 27 09   -40  -168 -9999   360    50     0 -9999 -9999
1986 11 27 21  -118  -204 -9999   360    40     0 -9999 -9999
1986 11 28 06   -78  -216 -9999   180    20     0 -9999     0
1986 11 28 09   -70  -225 -9999   360    20     0 -9999 -9999
1986 11 28 21  -142  -236 -9999    40    20     0 -9999 -9999
1986 11 29 00  -144  -237 -9999    70    20     0 -9999     0
1986 11 29 06   -44  -249 -9999   290    20     1 -9999     0
1986 11 29 09   -38  -236 -9999   320    20     1 -9999 -9999
1986 11 29 21   -69  -231 -9999    40    30     0 -9999 -9999
1986 11 30 00   -78  -214 -9999     0     0     8 -9999     0
1986 11 30 06   -12  -221 -9999   340    20     1 -9999     0
1986 11 30 09   -10  -194 -9999     0     0     1 -9999 -9999
1986 11 30 21   -64  -169 -9999    40    20     7 -9999 -9999
1986 12 01 00   -71  -175 -9999    20    20     5 -9999     0
1986 12 01 06    -9  -183 -9999   340    40     2 -9999     0
1986 12 01 09   -19  -178 -9999   340    50     7 -9999 -9999
1986 12 01 21   -57   -64 -9999   200    20     8 -9999 -9999
1986 12 02 00   -49   -80 -9999   250    30     7 -9999    10
1986 12 02 06   -14   -72 -9999   220    30     5 -9999     0
1986 12 02 09   -19  -107 -9999     0     0     2 -9999 -9999
1986 12 02 21 -9999 -9999 -9999 -9999 -9999     0 -9999 -9999
1986 12 03 00  -107  -209 -9999    90    10     0 -9999     0
1986 12 03 06     4  -188 -9999   200    30     0 -9999     0
1986 12 03 09     6  -173 -9999   200    30     0 -9999 -9999
1986 12 04 00     0  -189 -9999   110    50     2 -9999     0
1986 12 04 06    83  -157 -9999     0     0     2 -9999     0
1986 12 04 09    60  -145 -9999   340    30     7 -9999 -9999
1986 12 04 21   -38   -85 -9999    20    50     8 -9999 -9999
1986 12 05 06    -5   -96 -9999     0     0     1 -9999     0
1986 12 05 09    -1  -113 -9999   360    20     0 -9999 -9999
1986 12 06 00   -86  -149 -9999   140    20     0 -9999     0
1986 12 06 06   -12  -141 -9999 -9999 -9999     2 -9999     0
1986 12 06 09   -16  -163 -9999    20    30     0 -9999 -9999
1986 12 06 21 -9999 -9999 -9999 -9999 -9999     0 -9999 -9999
1986 12 07 00   -22  -169 -9999     0     0     2 -9999     0
1986 12 07 01    -8  -157 -9999   360    20     1 -9999 -9999
1986 12 07 06    10  -171 -9999   360    30     7 -9999     0
1986 12 07 09    -8  -157 -9999   360    20     1 -9999 -9999
1986 12 07 21   -62  -179 -9999   270    30     0 -9999 -9999
1986 12 08 00   -66  -147 -9999    40    20     4 -9999 -9999
1986 12 08 09   -22  -132 -9999   340    20     8 -9999 -9999
1986 12 08 21   -50 -9999 -9999     0     0     2 -9999 -9999
1986 12 09 00   -78  -161 -9999    90    20     0 -9999     0
1986 12 09 06    14  -222 -9999     0     0     0 -9999     0
1986 12 09 09    12  -278 -9999     0     0     0 -9999 -9999
1986 12 09 21   -18  -289 -9999   160    40     0 -9999 -9999
1986 12 10 00    -4  -262 -9999   140    50     0 -9999     0
1986 12 10 06    76  -157 -9999   220    20     0 -9999     0
1986 12 10 09    61  -130 -9999   220    20     0 -9999 -9999
1986 12 10 21   -33  -109 -9999   110    40     0 -9999 -9999
1986 12 11 00   -26   -93 -9999   140    30     0 -9999     0
1986 12 11 06    49   -78 -9999   220    20     0 -9999     0
1986 12 11 09    16  -131 -9999    20    40     0 -9999 -9999
1986 12 11 21   -26  -116 -9999   140    20     0 -9999 -9999
1986 12 12 00   -40  -125 -9999    90    30     1 -9999     0
1986 12 12 09 -9999 -9999 -9999 -9999 -9999     7 -9999 -9999
1986 12 12 21   -46  -153 -9999   340    30     8 -9999 -9999
1986 12 13 00   -57  -149 -9999    20    30     8 -9999     0
1986 12 13 06   -38  -144 -9999    40    20     8 -9999     0
1986 12 13 09   -32  -151 -9999   340    20     7 -9999 -9999
1986 12 13 21   -42  -134 -9999   200    20     8 -9999 -9999
1986 12 14 00   -49  -135 -9999     0     0     7 -9999     0
1986 12 14 06     9  -119 -9999   320    30     7 -9999     0
1986 12 14 09   -18  -146 -9999   340    40     7 -9999 -9999
1986 12 14 21   -38  -132 -9999    20    20     7 -9999 -9999
1986 12 15 00   -14   -85 -9999     0     0     7 -9999     0
1986 12 15 06   -72   -89 -9999   180    40     8 -9999     3
1986 12 15 09   -82   -96 -9999   200    30     8 -9999 -9999
1986 12 15 21   -89  -100 -9999   360    20     8 -9999 -9999
1986 12 16 00   -99  -135 -9999    20    30     6 -9999    10
1986 12 17 00  -149  -190 -9999    70    20     0 -9999     0
1986 12 17 06   -74  -161 -9999   360    20     3 -9999     0
1986 12 18 06   -75  -144 -9999     0     0     0 -9999     0
1986 12 18 09   -94  -155 -9999   140    20     0 -9999 -9999
1986 12 18 21  -148  -234 -9999   160    30     4 -9999 -9999
1986 12 19 00  -150  -236 -9999    90    10     1 -9999     0
1986 12 19 06   -25  -202 -9999     0     0     2 -9999     0
1986 12 19 09   -52  -193 -9999   180    20     7 -9999 -9999
1986 12 19 21  -134  -174 -9999     0     0     3 -9999 -9999
1986 12 20 00  -148  -192 -9999    40    30     1 -9999     0
1986 12 20 06   -57  -149 -9999     0     0     1 -9999     0
1986 12 20 09   -72  -177 -9999   320    10     4 -9999 -9999
1986 12 20 21  -135  -196 -9999    40    30     0 -9999 -9999
1986 12 21 00  -130  -193 -9999   110    20     0 -9999     0
1986 12 21 06   -44  -156 -9999   180    30     0 -9999     0
1986 12 21 09   -34  -162 -9999   110    20     0 -9999 -9999
1986 12 21 21    -6  -144 -9999   160    50     0 -9999 -9999
1986 12 22 00   -36  -139 -9999   180    40     0 -9999     0
1986 12 22 06   -78  -122 -9999   200    50     4 -9999     0
1986 12 22 09   -81  -107 -9999   200    20     1 -9999 -9999
1986 12 22 21   -82  -196 -9999    40    30     3 -9999 -9999
1986 12 23 00   -66  -186 -9999    40    20     7 -9999     0
1986 12 23 06   -24  -167 -9999     0     0     1 -9999     0
1986 12 23 09   -38  -141 -9999     0     0     2 -9999 -9999
1986 12 23 21   -84  -178 -9999   110    40     0 -9999 -9999
1986 12 24 00   -69  -158 -9999   110    40     6 -9999     0
1986 12 24 06   -28   -97 -9999   220    30     1 -9999     0
1986 12 24 09   -38  -103 -9999    20    30     1 -9999 -9999
1986 12 24 21  -107  -170 -9999     0     0     0 -9999 -9999
1986 12 25 00  -108  -150 -9999    90    20     0 -9999     0
1986 12 25 06   -66  -120 -9999   250    20     1 -9999     0
1986 12 25 09   -22  -126 -9999   360    30     2 -9999 -9999
1986 12 25 21   -96  -147 -9999 -9999 -9999     6 -9999 -9999
1986 12 26 00   -78  -137 -9999   250    20     7 -9999     0
1986 12 26 06   -62  -105 -9999   340    20     2 -9999    10
1986 12 26 09   -70  -103 -9999   140    40     2 -9999 -9999
1986 12 26 21  -112  -178 -9999    70    30     1 -9999 -9999
1986 12 27 00   -97  -166 -9999    40    20     1 -9999     0
1986 12 27 06   -15  -183 -9999   140    20     0 -9999     0
1986 12 27 09   -28  -185 -9999   140    20     0 -9999 -9999
1986 12 27 21   -48  -202 -9999   160    30     0 -9999 -9999
1986 12 28 00   -90  -155 -9999   180    30     0 -9999     0
1986 12 28 06   -15  -107 -9999   160    30     0 -9999     0
1986 12 28 09    25  -135 -9999   180    10     0 -9999 -9999
1986 12 28 21   -40  -189 -9999   160    40     0 -9999 -9999
1986 12 29 00   -12  -180 -9999   180    40     0 -9999     0
1986 12 29 06    18  -126 -9999   180    50     0 -9999     0
1986 12 29 09    37   -95 -9999   160    30     0 -9999 -9999
1986 12 30 00   -58  -144 -9999    70    30     0 -9999     0
1986 12 30 06    12  -129 -9999   340    50     0 -9999     0
1986 12 30 09   -18   -99 -9999    20    60     0 -9999 -9999
1986 12 30 21  -118  -188 -9999     0     0     0 -9999 -9999
1986 12 31 00  -112  -165 -9999   160    20     6 -9999     0
1986 12 31 09   -49  -170 -9999   360    30     7 -9999 -9999
1986 12 31 21 -9999 -9999 -9999   160    30     8 -9999 -9999
