1987 01 01 00   -77  -125 -9999   220    20     6 -9999    -1
1987 01 01 06   -17  -101 -9999   200    30     0 -9999     0
1987 01 01 09   -12  -117 -9999     0     0     2 -9999 -9999
1987 01 01 21   -60  -137 -9999    20    30     1 -9999 -9999
1987 01 02 00   -86  -149 -9999     0     0     1 -9999     0
1987 01 02 06   -12  -117 -9999   200    30     0 -9999     0
1987 01 02 09   -20  -102 -9999   160    30     0 -9999 -9999
1987 01 02 21   -66  -172 -9999    40    30     0 -9999 -9999
1987 01 03 00   -72  -184 -9999    70    30     0 -9999     0
1987 01 03 06    -9  -146 -9999   250    20     0 -9999     0
1987 01 03 09   -15  -129 -9999   200    20     0 -9999 -9999
1987 01 03 21 -9999 -9999 -9999   140    40     0 -9999 -9999
1987 01 04 00   -71  -174 -9999   140    40     2 -9999     0
1987 01 04 06    -4  -162 -9999   200    30     2 -9999     0
1987 01 04 09   -10  -143 -9999   110    20     0 -9999 -9999
1987 01 04 21   -70  -153 -9999    90    30     0 -9999 -9999
1987 01 05 00   -82  -161 -9999   180    20     0 -9999     0
1987 01 05 06    26  -122 -9999   200    40     0 -9999     0
1987 01 05 09    30  -136 -9999   200    30     1 -9999 -9999
1987 01 05 21   -29  -171 -9999   250    30     0 -9999 -9999
1987 01 06 00   -48  -145 -9999   320    20     8 -9999     0
1987 01 06 06   -27  -104 -9999   320    40     7 -9999     0
1987 01 06 09   -29  -103 -9999   320    40     5 -9999 -9999
1987 01 06 21   -58  -157 -9999   160    40     0 -9999 -9999
1987 01 07 00   -60 -9999 -9999   140    40     0 -9999     0
1987 01 07 06    42  -166 -9999   200    50     1 -9999     0
1987 01 07 09    46  -199 -9999   160    40     0 -9999 -9999
1987 01 07 21   -38  -177 -9999    70    30     0 -9999 -9999
1987 01 08 00   -50  -182 -9999    70    30     0 -9999     0
1987 01 08 06    34  -117 -9999   200    30     0 -9999 -9999
1987 01 08 09    16  -152 -9999     0     0     1 -9999 -9999
1987 01 08 21   -58  -185 -9999    90    30     0 -9999 -9999
1987 01 09 00   -65  -163 -9999     0     0     0 -9999     0
1987 01 09 06 -9999 -9999 -9999   220    20     0 -9999     0
1987 01 09 09    29  -104 -9999     0     0     0 -9999 -9999
1987 01 09 21   -52 -9999 -9999    90    40     0 -9999 -9999
1987 01 10 00   -63  -214 -9999    90    30     0 -9999     0
1987 01 10 06     9  -168 -9999   250    20     0 -9999     0
1987 01 10 09    10  -195 -9999     0     0     0 -9999 -9999
1987 01 11 00   -93  -203 -9999   360    40     7 -9999     0
1987 01 11 06   -96  -201 -9999   340    40     2 -9999     0
1987 01 11 09   -83  -227 -9999   290    30     0 -9999 -9999
1987 01 11 21  -135  -234 -9999    70    30     0 -9999 -9999
1987 01 12 00  -124  -235 -9999    40    30     0 -9999     0
1987 01 12 06   -34  -233 -9999     0     0     0 -9999     0
1987 01 12 09   -28  -223 -9999   320    10     0 -9999 -9999
1987 01 12 21   -60  -237 -9999   110    50     0 -9999 -9999
1987 01 13 00   -70  -257 -9999   110    50     0 -9999     0
1987 01 13 06    22  -190 -9999   180    30     0 -9999     0
1987 01 13 09    41  -207 -9999     0     0     0 -9999 -9999
1987 01 13 21   -89  -240 -9999    90    30     0 -9999 -9999
1987 01 14 00   -95  -234 -9999   140    20     1 -9999     0
1987 01 14 06    12  -238 -9999   160    30     7 -9999     0
1987 01 14 09     8  -199 -9999   160    30     0 -9999 -9999
1987 01 14 21   -54  -218 -9999   360    50     7 -9999 -9999
1987 01 15 00   -60  -174 -9999    20    30     7 -9999     0
1987 01 15 06   -34  -176 -9999   220    20     0 -9999     0
1987 01 15 09   -22  -169 -9999     0     0     1 -9999 -9999
1987 01 15 21  -110  -256 -9999    20    40     0 -9999 -9999
1987 01 16 00  -129  -265 -9999    70    40     0 -9999     0
1987 01 16 06   -40  -325 -9999   220    20     0 -9999     0
1987 01 16 09   -30  -269 -9999    20    20     0 -9999 -9999
1987 01 17 00   -94  -300 -9999    70    30     1 -9999     0
1987 01 17 09    -4  -263 -9999   360    60     7 -9999 -9999
1987 01 18 00   -82  -197 -9999    70    20     7 -9999     0
1987 01 18 06   -12  -222 -9999   340    30     1 -9999     0
1987 01 18 09   -12  -201 -9999   320    30     0 -9999 -9999
1987 01 18 21   -54  -244 -9999   140    40     0 -9999 -9999
1987 01 19 00   -52  -223 -9999   140    30     0 -9999     0
1987 01 19 06    36  -204 -9999   250    20     7 -9999     0
1987 01 19 09    34 -9999 -9999   220    30     7 -9999 -9999
1987 01 19 21   -64  -225 -9999    40    20     7 -9999 -9999
1987 01 20 06     9  -216 -9999   320    20     7 -9999     0
1987 01 20 09    10  -171 -9999    40    20     7 -9999 -9999
1987 01 20 21   -85  -219 -9999   140    20     1 -9999 -9999
1987 01 21 00   -60  -224 -9999    90    30     2 -9999     0
1987 01 21 06    -3  -152 -9999     0     0     7 -9999     0
1987 01 22 00   -95  -190 -9999   360    30     8 -9999     0
1987 01 22 06  -102  -171 -9999   340    50     8 -9999     0
1987 01 22 09   -88  -171 -9999   360    50     6 -9999 -9999
1987 01 23 06   -87  -263 -9999   340    40     0 -9999     0
1987 01 23 09   -88 -9999 -9999   360    40     0 -9999 -9999
1987 01 23 21  -136  -255 -9999     0     0     5 -9999 -9999
1987 01 24 00  -140  -255 -9999    40    20     7 -9999     0
1987 01 24 06   -88  -252 -9999   340    50     7 -9999     0
1987 01 24 09   -92  -338 -9999   340    30     7 -9999 -9999
1987 01 24 21  -122  -255 -9999     0     0     7 -9999 -9999
1987 01 25 00  -137  -269 -9999     0     0     1 -9999     0
1987 01 25 06   -64  -345 -9999   270    20     2 -9999     0
1987 01 25 09   -60  -318 -9999   270    20     2 -9999 -9999
1987 01 25 21  -116  -163 -9999    90    40     0 -9999 -9999
1987 01 26 00  -130  -177 -9999    40    20     0 -9999     0
1987 01 26 06   -19  -178 -9999     0     0     0 -9999     0
1987 01 27 00   -95  -351 -9999    90    40     0 -9999     0
1987 01 27 06    28  -254 -9999   220    20     0 -9999     0
1987 01 27 09    44  -258 -9999     0     0     1 -9999 -9999
1987 01 28 00   -72  -338 -9999    90    20     0 -9999     0
1987 01 28 06    25  -227 -9999   340    20     7 -9999     0
1987 01 28 09    31  -267 -9999   360    30     4 -9999 -9999
1987 01 28 21   -30  -218 -9999   290    20     7 -9999 -9999
1987 01 29 00   -72  -239 -9999   140    30     2 -9999     0
1987 01 29 06    -8  -198 -9999   200    30     1 -9999     0
1987 01 29 09    -2  -198 -9999   320    30     0 -9999 -9999
1987 01 29 21   -84  -193 -9999   140    20     0 -9999 -9999
1987 01 30 00   -84  -186 -9999    70    30     1 -9999     0
1987 01 30 06   -14  -190 -9999     0     0     7 -9999     0
1987 01 30 09     1  -147 -9999     0     0     1 -9999 -9999
1987 01 30 21   -72  -129 -9999    90    30     0 -9999 -9999
1987 01 31 00   -86  -109 -9999   110    40     0 -9999     0
1987 01 31 06     5  -130 -9999   220    20     0 -9999     0
1987 01 31 09     5  -147 -9999   340    30     0 -9999 -9999
1987 02 01 00   -97  -179 -9999    20    90     1 -9999     0
1987 02 01 06   -64  -200 -9999   360    70     0 -9999     0
1987 02 01 09   -63  -263 -9999   360    50     0 -9999 -9999
1987 02 02 00  -141  -256 -9999   140    20     0 -9999     0
1987 02 02 06    -2  -314 -9999   220    20     0 -9999     0
1987 02 02 09    11  -283 -9999   360    20     0 -9999 -9999
1987 02 03 00   -61  -268 -9999    90    30     1 -9999     0
1987 02 03 06    35  -236 -9999   290    20     7 -9999     0
1987 02 03 09    40  -226 -9999    20    40     7 -9999 -9999
1987 02 03 21   -58  -185 -9999     0     0     0 -9999 -9999
1987 02 04 00   -60  -250 -9999    90    30     0 -9999     0
1987 02 04 06   -20  -228 -9999   200    40     0 -9999     0
1987 02 04 09    -1  -236 -9999     0     0     0 -9999 -9999
1987 02 04 21   -56  -225 -9999     0     0     0 -9999 -9999
1987 02 05 00   -56  -197 -9999   160    20     8 -9999     0
1987 02 05 09    48  -192 -9999   200    20     1 -9999 -9999
1987 02 05 21   -69  -201 -9999   140    20     0 -9999 -9999
1987 02 06 00   -58  -157 -9999    70    20     0 -9999     0
1987 02 06 06    35  -151 -9999     0     0     0 -9999     0
1987 02 06 09    42  -153 -9999   250    30     0 -9999 -9999
1987 02 06 21    -8  -226 -9999   110    40     0 -9999 -9999
1987 02 07 00   -29  -213 -9999   110    30     0 -9999     0
1987 02 07 06    87  -186 -9999   200    60     0 -9999     0
1987 02 07 09    99  -176 -9999     0     0     0 -9999 -9999
1987 02 07 21   -17  -164 -9999    90    40     0 -9999 -9999
1987 02 08 00   -16  -176 -9999    90    30     1 -9999     0
1987 02 08 06    86  -122 -9999   290    20     7 -9999     0
1987 02 08 09    82   -88 -9999   360    30     1 -9999 -9999
1987 02 08 21     6  -134 -9999    90    20     4 -9999 -9999
1987 02 09 00     8  -124 -9999    40    20     7 -9999     0
1987 02 09 09    42  -121 -9999   360    90     8 -9999 -9999
1987 02 09 21    -6  -127 -9999    20    40     7 -9999 -9999
1987 02 10 00   -12  -109 -9999    20    30     7 -9999     0
1987 02 10 06    42  -146 -9999   340    40     7 -9999 -9999
1987 02 10 09    42  -133 -9999     0     0     7 -9999 -9999
1987 02 10 21   -20  -127 -9999    70    30     8 -9999 -9999
1987 02 11 06     4   -43 -9999   340    30     8 -9999    -1
1987 02 11 09    14   -99 -9999   290    20     7 -9999 -9999
1987 02 11 21    -6  -111 -9999   180    40     7 -9999 -9999
1987 02 12 00   -12  -107 -9999   160    50     2 -9999     0
1987 02 12 06    67  -139 -9999   200    30     7 -9999     0
1987 02 12 09    81  -154 -9999   290    20     6 -9999 -9999
1987 02 12 21   -14  -127 -9999    70    20     0 -9999 -9999
1987 02 13 06    65  -146 -9999   360    50     0 -9999     0
1987 02 13 09    58  -158 -9999   360    40     2 -9999 -9999
1987 02 13 21    -6   -43 -9999   110    30     8 -9999 -9999
1987 02 14 00   -32   -77 -9999   320    10     8 -9999 -9999
1987 02 14 06    30   -70 -9999   250    40     1 -9999    -1
1987 02 14 09    42   -92 -9999   220    40     0 -9999 -9999
1987 02 15 00    32  -157 -9999   160    70     1 -9999     0
1987 02 15 06   105  -120 -9999   200    30     7 -9999     0
1987 02 15 09    89  -132 -9999    20    40     7 -9999 -9999
1987 02 15 21   -19  -114 -9999    20    50     4 -9999 -9999
1987 02 16 00   -27  -118 -9999    20    20     1 -9999     0
1987 02 16 06    11  -172 -9999   340    30     7 -9999     0
1987 02 16 09    24  -144 -9999   360    70     2 -9999 -9999
1987 02 16 21   -56  -235 -9999 -9999 -9999     8 -9999 -9999
1987 02 17 00   -68  -183 -9999   200    50     8 -9999     0
1987 02 17 06   -52  -187 -9999     0     0     8 -9999     0
1987 02 17 09   -44  -201 -9999   360    40     8 -9999 -9999
1987 02 17 21   -54  -156 -9999    20    30     8 -9999 -9999
1987 02 18 00   -46  -147 -9999    40    30     7 -9999     0
1987 02 18 06   -31  -210 -9999   360    40     7 -9999     0
1987 02 18 09   -28  -211 -9999   360    50     8 -9999 -9999
1987 02 18 21   -60  -131 -9999    40    30     4 -9999 -9999
1987 02 19 00   -67  -161 -9999    20    20     7 -9999     0
1987 02 19 06   -16  -225 -9999   340    50     4 -9999     0
1987 02 19 09   -12  -183 -9999   360    40     3 -9999 -9999
1987 02 19 21   -52  -159 -9999     0     0     7 -9999     0
1987 02 20 00   -48  -164 -9999   140    20     8 -9999     0
1987 02 20 06   -12  -141 -9999   220    20     8 -9999     0
1987 02 20 09    -4  -225 -9999   320    20     8 -9999 -9999
1987 02 20 21   -34  -126 -9999     0     0     8 -9999 -9999
1987 02 21 06    13  -153 -9999     0     0     4 -9999     0
1987 02 21 21   -30  -181 -9999   160    20     7 -9999 -9999
1987 02 22 00   -52  -172 -9999    90    10     7 -9999     0
1987 02 22 06    30  -189 -9999     0     0     0 -9999     0
1987 02 22 09    48  -161 -9999   270    30     0 -9999 -9999
1987 02 22 21   -11  -226 -9999   180    20     0 -9999 -9999
1987 02 23 00   -39  -230 -9999   140    30     7 -9999     0
1987 02 23 09    48  -173 -9999   340    60     6 -9999 -9999
1987 02 23 21   -46  -173 -9999   110    30     1 -9999 -9999
1987 02 24 00   -41  -184 -9999   140    40     2 -9999     0
1987 02 24 01    30  -118 -9999   340    50     8 -9999     0
1987 02 24 09   -13   -63 -9999     0     0     8 -9999 -9999
1987 02 24 21   -58   -92 -9999   110    50     0 -9999 -9999
1987 02 25 00   -62  -114 -9999   110    40     1 -9999     0
1987 02 25 06    48   -99 -9999     0     0     1 -9999     0
1987 02 25 09    53  -138 -9999   360    30     2 -9999 -9999
1987 02 25 21   -50  -149 -9999    20    50     0 -9999 -9999
1987 02 26 00   -50  -183 -9999    20    60     7 -9999     0
1987 02 26 06   -11  -219 -9999   360    60     1 -9999     0
1987 02 26 09   -10  -219 -9999   360    80     1 -9999 -9999
1987 02 26 21   -99  -225 -9999   140    30     0 -9999 -9999
1987 02 27 00  -108  -236 -9999   140    30     0 -9999     0
1987 02 27 06    -1  -252 -9999   200    30     0 -9999     0
1987 02 27 09    14  -235 -9999     0     0     0 -9999 -9999
1987 02 27 21   -84  -229 -9999   110    30     0 -9999 -9999
1987 02 28 00   -93  -241 -9999    70    30     1 -9999     0
1987 02 28 06    50  -315 -9999     0     0     0 -9999     0
1987 02 28 09    58  -200 -9999     0     0     0 -9999 -9999
1987 02 28 21   -37  -231 -9999    90    30     0 -9999 -9999
1987 03 01 06    75  -148 -9999   270    20     4 -9999     0
1987 03 01 09    85  -233 -9999   200    50     1 -9999 -9999
1987 03 01 21    -6  -174 -9999   110    30     0 -9999 -9999
1987 03 02 00    -4  -177 -9999    90    20     1 -9999     0
1987 03 02 06    92  -120 -9999   320    20     1 -9999     0
1987 03 02 09    93  -165 -9999   340    40     7 -9999 -9999
1987 03 02 21   -29  -122 -9999     0     0     5 -9999 -9999
1987 03 03 00   -28  -177 -9999   250    20     7 -9999     0
1987 03 03 06    48  -189 -9999   340    50     1 -9999     0
1987 03 03 09    59  -158 -9999   320    40     0 -9999 -9999
1987 03 04 00   -10  -361 -9999   160    30     2 -9999     0
1987 03 04 06    85  -166 -9999   320    30     7 -9999     0
1987 03 04 09   100  -121 -9999     0     0     7 -9999 -9999
1987 03 04 21    30  -169 -9999   110    40     3 -9999 -9999
1987 03 05 00    28  -167 -9999   140    40     7 -9999     0
1987 03 05 06    83  -172 -9999   340    30     1 -9999     0
1987 03 05 09    73  -143 -9999   340    40     7 -9999 -9999
1987 03 05 21    16  -136 -9999     0     0     8 -9999 -9999
1987 03 06 00    13  -109 -9999   160    20     7 -9999     0
1987 03 06 06    24   -41 -9999    40    20     8 -9999    -1
1987 03 06 09    44   -34 -9999    20    40     7 -9999 -9999
1987 03 06 21    24   -94 -9999   110    30     1 -9999 -9999
1987 03 07 06   107   -96 -9999   360    40     6 -9999     0
1987 03 07 09   113 -9999 -9999   360    60     7 -9999 -9999
1987 03 07 21    -9   -74 -9999    40    40     7 -9999 -9999
1987 03 08 00    -7   -77 -9999    40    30     7 -9999     0
1987 03 08 06    42   -91 -9999   200    60     8 -9999     0
1987 03 08 09    44   -96 -9999   270    20     8 -9999 -9999
1987 03 08 21   -40  -160 -9999   360    60     8 -9999 -9999
1987 03 09 00   -93  -109 -9999   340    60     8 -9999    -1
1987 03 09 09   -50  -121 -9999    20    40     7 -9999 -9999
1987 03 09 21   -98  -188 -9999   110    40     0 -9999 -9999
1987 03 10 00   -82  -244 -9999   140    40     0 -9999     0
1987 03 10 06    36  -102 -9999   200    60     1 -9999     0
1987 03 10 09    48   -89 -9999   180    60     0 -9999 -9999
1987 03 10 21    20   -92 -9999   140    20     7 -9999 -9999
1987 03 11 00    16   -90 -9999    90    20     7 -9999     0
1987 03 11 06    94   -90 -9999   220    30     0 -9999     0
1987 03 11 21    -9   -88 -9999    20    90     8 -9999 -9999
1987 03 12 00   -40   -72 -9999   360    70     8 -9999    -1
1987 03 12 06 -9999 -9999 -9999    40    50     8 -9999     1
1987 03 12 09   -23  -171 -9999    20    50     8 -9999 -9999
1987 03 12 21   -62  -220 -9999    20    30     7 -9999 -9999
1987 03 13 00   -63  -213 -9999    20    40     7 -9999     0
1987 03 13 09   -17  -265 -9999    20    50     1 -9999 -9999
1987 03 13 21   -63 -9999 -9999   110    40     1 -9999 -9999
1987 03 14 00   -34  -142 -9999    90    30     3 -9999     0
1987 03 14 06    32  -136 -9999   290    30     6 -9999     0
1987 03 14 09    38  -134 -9999   340    50     7 -9999 -9999
1987 03 15 00   -20  -144 -9999   110    30     0 -9999     0
1987 03 15 06    63  -150 -9999   200    50     8 -9999     0
1987 03 15 09    78  -142 -9999   200    50     1 -9999 -9999
1987 03 15 21    42   -89 -9999   140    40     1 -9999 -9999
1987 03 16 00    46   -82 -9999   160    30     7 -9999     0
1987 03 16 06    61  -116 -9999   340   130     8 -9999     0
1987 03 16 09    67  -120 -9999   290   140     7 -9999 -9999
1987 03 16 21 -9999 -9999 -9999    90    40     1 -9999 -9999
1987 03 17 00   -29  -234 -9999    90    40     7 -9999     0
1987 03 17 06    81  -171 -9999   180    30     6 -9999     0
1987 03 17 09    91  -187 -9999   320    20     8 -9999 -9999
1987 03 17 21 -9999 -9999 -9999    90    20     8 -9999 -9999
1987 03 18 00    24   -86 -9999    40    20     8 -9999     0
1987 03 18 09   102   -99 -9999   340    50     1 -9999 -9999
1987 03 19 06    85  -111 -9999   360    70     6 -9999     0
1987 03 19 09     8   -47 -9999    20   120     8 -9999 -9999
1987 03 19 21   -58   -80 -9999   160    30     8 -9999 -9999
1987 03 20 00   -82  -222 -9999   200    50     8 -9999     0
1987 03 20 06   -34  -229 -9999   320    30     8 -9999     0
1987 03 20 09   -15  -208 -9999   360    20     8 -9999 -9999
1987 03 20 21   -24  -159 -9999   200    20     8 -9999 -9999
1987 03 21 00   -28  -175 -9999   360    20     8 -9999     0
1987 03 21 06    50  -104 -9999   320    30     7 -9999     0
1987 03 21 09    53  -137 -9999   340    30     7 -9999 -9999
1987 03 22 00    38   -88 -9999    20    30     7 -9999     0
1987 03 22 06   103   -86 -9999   360    60     7 -9999     0
1987 03 22 09    99   -95 -9999   360    80     8 -9999 -9999
1987 03 22 21    33  -155 -9999    40    40     8 -9999 -9999
1987 03 23 00    26  -146 -9999   360    40     8 -9999     0
1987 03 23 06    40  -138 -9999   340    70     7 -9999     0
1987 03 23 09    38  -172 -9999   360    70     7 -9999 -9999
1987 03 23 21   -66  -257 -9999    20    30     7 -9999 -9999
1987 03 24 00  -104  -250 -9999    20    90     2 -9999     0
1987 03 24 06   -58  -357 -9999   360   110     7 -9999     0
1987 03 24 09   -52  -340 -9999   360   100     7 -9999 -9999
1987 03 24 21 -9999 -9999 -9999    70    20     0 -9999 -9999
1987 03 25 00   -96  -293 -9999     0     0     7 -9999     0
1987 03 25 06   -12  -245 -9999   200    30     1 -9999     0
1987 03 25 09    12  -271 -9999     0     0     1 -9999 -9999
1987 03 25 21   -54  -266 -9999    90    30     1 -9999 -9999
1987 03 26 00   -56  -235 -9999    90    20     0 -9999     0
1987 03 26 06    30  -239 -9999    90    20     1 -9999     0
1987 03 26 09    53  -202 -9999   340    60     7 -9999 -9999
1987 03 26 21   -18  -242 -9999    70    30     7 -9999 -9999
1987 03 27 06    90  -184 -9999    20    20     7 -9999     0
1987 03 27 09   108  -220 -9999   290    20     7 -9999 -9999
1987 03 27 21    59  -123 -9999   160    50     0 -9999 -9999
1987 03 28 00    59  -117 -9999   160    30     0 -9999     0
1987 03 28 06   158   -96 -9999   200    80     4 -9999     0
1987 03 28 09   163   -77 -9999   320    40     7 -9999 -9999
1987 03 28 21   111   -97 -9999   110    30     7 -9999 -9999
1987 03 29 00    66  -142 -9999    20    50     7 -9999     0
1987 03 29 06   -98  -155 -9999   340    60     7 -9999     0
1987 03 29 09   107  -148 -9999    20    70     0 -9999 -9999
1987 03 29 21     1  -115 -9999    20    50     6 -9999 -9999
1987 03 30 00   -16  -115 -9999   200    80     7 -9999     0
1987 03 30 06    42  -148 -9999   220    20 -9999 -9999     0
1987 03 30 09    61  -184 -9999     0     0     0 -9999 -9999
1987 03 31 00     8  -175 -9999     0     0     7 -9999     0
1987 03 31 06    88  -158 -9999     0     0     7 -9999     0
1987 03 31 09    87  -187 -9999   220    40     8 -9999 -9999
1987 03 31 21    34  -106 -9999   340    40     8 -9999 -9999
1987 04 01 00    18  -152 -9999   340    30     4 -9999     0
1987 04 01 06    69  -173 -9999   340    70     2 -9999     0
1987 04 01 09    84  -223 -9999   320    60     7 -9999 -9999
1987 04 01 21    17  -188 -9999   160    40     0 -9999 -9999
1987 04 02 00    36  -115 -9999   160    30     1 -9999     0
1987 04 02 09   139  -210 -9999   360    30     0 -9999 -9999
1987 04 02 21    54  -240 -9999   110    60     0 -9999 -9999
1987 04 03 00    82  -293 -9999   110    40     0 -9999     0
1987 04 03 06   200  -200 -9999   180    70     0 -9999     0
1987 04 03 21   105   -62 -9999   160    30     0 -9999 -9999
1987 04 04 00   100   -96 -9999     0     0     1 -9999     0
1987 04 04 06   189   -37 -9999    20    20     7 -9999     0
1987 04 04 09   198   -18 -9999   220    20     7 -9999 -9999
1987 04 04 21   103   -63 -9999    20    50     8 -9999 -9999
1987 04 05 00    97   -75 -9999   340    30     8 -9999     0
1987 04 05 06   159   -59 -9999   340    50     7 -9999     0
1987 04 05 09   178   -65 -9999   340    60     4 -9999 -9999
1987 04 06 00    85  -113 -9999    70    30     1 -9999     0
1987 04 06 06   169   -85 -9999   200    50     1 -9999     0
1987 04 06 09   182  -124 -9999   200    50     0 -9999 -9999
1987 04 07 00   150  -240 -9999   160    70     0 -9999     0
1987 04 07 06   240 -9999 -9999   180    90     7 -9999     0
1987 04 07 09   240 -9999 -9999   160   110     2 -9999 -9999
1987 04 08 00   111   -52 -9999   340    30     7 -9999     0
1987 04 08 06   122   -78 -9999   340    30     7 -9999     0
1987 04 08 09   148   -65 -9999   340    70     7 -9999 -9999
1987 04 09 00    55   -65 -9999   360    50     7 -9999     0
1987 04 09 06    95   -81 -9999   360    60     5 -9999     0
1987 04 09 09    98   -88 -9999   360    50     2 -9999 -9999
1987 04 10 00    41   -89 -9999   110    20     0 -9999     0
1987 04 10 09   106  -137 -9999   360    70     1 -9999 -9999
1987 04 10 21    45 -9999 -9999     0     0     8 -9999 -9999
1987 04 11 00    53  -225 -9999   160    60     8 -9999     0
1987 04 11 06    93  -204 -9999   110    60     7 -9999     0
1987 04 11 21    31  -135 -9999   110    50     1 -9999 -9999
1987 04 12 00    42  -203 -9999   110    50     1 -9999     0
1987 04 12 06    96  -238 -9999   160    40     7 -9999     0
1987 04 12 09   103  -212 -9999   180    20     7 -9999 -9999
1987 04 13 00    53  -139 -9999    90    30     7 -9999     0
1987 04 13 09   113   -66 -9999   200    50     7 -9999 -9999
1987 04 13 21    34 -9999 -9999 -9999 -9999     0 -9999 -9999
1987 04 14 00    66   -70 -9999   140    30     7 -9999     0
1987 04 14 06   131  -143 -9999   250    20     7 -9999     0
1987 04 14 09 -9999 -9999 -9999   340    60     6 -9999 -9999
1987 04 14 21    76  -107 -9999   180    30     7 -9999 -9999
1987 04 15 00    87   -83 -9999   160    40     0 -9999     0
1987 04 15 06   160  -142 -9999   270    50     7 -9999     0
1987 04 15 09   175  -150 -9999   340    30     1 -9999 -9999
1987 04 15 21    87  -169 -9999   110    50     7 -9999 -9999
1987 04 16 00   111  -167 -9999   110    30     7 -9999     0
1987 04 16 06   194  -109 -9999   200    20     2 -9999     0
1987 04 16 09   196   -84 -9999   110    20     6 -9999 -9999
1987 04 16 21   119   -61 -9999   140    40     0 -9999 -9999
1987 04 17 00   143   -68 -9999   160    40     7 -9999     0
1987 04 17 06   211   -95 -9999   290    70     7 -9999     0
1987 04 17 09   211  -129 -9999   340    50     7 -9999 -9999
1987 04 17 21   124   -83 -9999   110    30     7 -9999 -9999
1987 04 18 00   124   -56 -9999     0     0     7 -9999     0
1987 04 18 06   207   -54 -9999   360    30     7 -9999     0
1987 04 18 09 -9999 -9999 -9999   340    30     7 -9999 -9999
1987 04 18 21   125   -96 -9999    90    30     7 -9999 -9999
1987 04 19 00   117   -95 -9999    40    40     8 -9999     0
1987 04 19 06   124    -3 -9999   360   110     8 -9999     0
1987 04 19 21    48    26 -9999   160    20     2 -9999 -9999
1987 04 20 00    48    30 -9999   180    30     0 -9999     0
1987 04 20 09   143  -200 -9999   180    20     7 -9999 -9999
1987 04 21 00    82   -32 -9999   320    60     3 -9999     0
1987 04 21 06   137   -63 -9999   320   100     7 -9999     0
1987 04 21 09   145   -69 -9999   340    80     7 -9999 -9999
1987 04 21 21    71  -118 -9999   160    40     0 -9999 -9999
1987 04 22 00   109  -115 -9999   140    20     1 -9999     0
1987 04 22 06   195  -139 -9999   250    20     4 -9999     0
1987 04 22 21   135   114 -9999   160    50     0 -9999 -9999
1987 04 23 00   163   -49 -9999   140    30     6 -9999     0
1987 04 23 06   240  -102 -9999   160    60     7 -9999     0
1987 04 23 09   241   -26 -9999   140    80     7 -9999 -9999
1987 04 23 21   119    14 -9999    20    60     8 -9999 -9999
1987 04 24 00    99    27 -9999    20    80     8 -9999    -1
1987 04 24 06    94    60 -9999   340    50     8 -9999    30
1987 04 24 09    89    44 -9999   340    50     8 -9999 -9999
1987 04 25 06   137   -75 -9999   340    40     6 -9999     0
1987 04 25 09   143   -90 -9999   320    40     7 -9999 -9999
1987 04 25 21    75   -30 -9999    90    30     1 -9999 -9999
1987 04 26 00    83   -42 -9999     0     0     7 -9999     0
1987 04 26 06   147  -103 -9999   220    20     7 -9999     0
1987 04 26 09   159  -129 -9999   200    30     7 -9999 -9999
1987 04 26 21    89  -122 -9999   160    50     0 -9999 -9999
1987 04 27 00   114  -104 -9999   160    40     1 -9999     0
1987 04 27 06   179  -115 -9999   180    20     2 -9999     0
1987 04 27 09   196  -103 -9999   160    30     3 -9999 -9999
1987 04 27 21   125  -134 -9999   160    50     0 -9999 -9999
1987 04 28 00   149   -95 -9999   160    40     0 -9999     0
1987 04 28 06   221  -153 -9999 -9999 -9999     0 -9999     0
1987 04 28 09   226  -137 -9999   180    50     0 -9999 -9999
1987 04 28 21   147   -76 -9999   140    40 -9999 -9999 -9999
1987 04 29 00   175   -66 -9999   160    40     0 -9999     0
1987 04 29 06   253   -74 -9999   140    20     2 -9999     0
1987 04 29 09   255  -135 -9999   220    20     6 -9999 -9999
1987 04 30 00    91  -267 -9999   340    80     7 -9999     0
1987 04 30 06 -9999 -9999 -9999   340    20     7 -9999     0
1987 04 30 09   108   -91 -9999   340    70     8 -9999 -9999
1987 04 30 21    65   -81 -9999   360    30     7 -9999 -9999
1987 05 01 00    44    -4 -9999   200    40     8 -9999     0
1987 05 01 06 -9999 -9999 -9999   340    40     8 -9999     0
1987 05 01 09    59   -70 -9999   340    20     8 -9999 -9999
1987 05 02 00    67   -60 -9999   100    30     0 -9999     0
1987 05 02 06   133   -88 -9999   250    20     7 -9999     0
1987 05 02 09   139   -83 -9999   220    20     7 -9999 -9999
1987 05 02 21    63  -114 -9999    90    30     1 -9999 -9999
1987 05 03 00   105   -83 -9999    40    20     7 -9999     0
1987 05 03 06   149  -140 -9999   360    40     7 -9999     0
1987 05 03 09 -9999 -9999 -9999 -9999 -9999     8 -9999 -9999
1987 05 04 00   105  -142 -9999   110    30     7 -9999     0
1987 05 04 06   149  -140 -9999   340    30     7 -9999     0
1987 05 04 09   155  -209 -9999   200    20     7 -9999 -9999
1987 05 04 21    97  -176 -9999   110    60     1 -9999 -9999
1987 05 05 00   101   -87 -9999   200    30     1 -9999     0
1987 05 05 06   167  -113 -9999   140    80     1 -9999     0
1987 05 05 09   171   -88 -9999   140    90     1 -9999 -9999
1987 05 05 21    89   -24 -9999     0     0     0 -9999     0
1987 05 06 00   130   -56 -9999   160    60     0 -9999     0
1987 05 06 06   203   -64 -9999   290    30     1 -9999     0
1987 05 06 09   209   -89 -9999   340    40     1 -9999 -9999
1987 05 07 00   135   -20 -9999   200    50     1 -9999     0
1987 05 07 06   212  -110 -9999   160    90     7 -9999     0
1987 05 07 09   218  -123 -9999   140    60     2 -9999 -9999
1987 05 08 00    77   -23 -9999   340    20     2 -9999     0
1987 05 08 06   148   -82 -9999   290    40     7 -9999     0
1987 05 08 09   150  -116 -9999   320    20     7 -9999 -9999
1987 05 09 00   110  -109 -9999   200    30     7 -9999     0
1987 05 09 06   175  -161 -9999     0     0     2 -9999     0
1987 05 09 09   191  -101 -9999   200    30     4 -9999 -9999
1987 05 09 21   133 -9999 -9999   140    30     1 -9999 -9999
1987 05 10 00   161   -35 -9999   140    30     0 -9999     0
1987 05 10 06   213   -12 -9999     0     0     7 -9999     0
1987 05 10 09   207   -36 -9999   360    60     8 -9999 -9999
1987 05 10 21   157   -69 -9999   180    30     8 -9999 -9999
1987 05 11 00   159   -90 -9999   180    30     7 -9999     0
1987 05 11 06   200  -102 -9999   140    20     7 -9999     0
1987 05 12 00   145   -18 -9999   160    30     8 -9999     0
1987 05 12 06   206   -45 -9999     0     0     7 -9999     0
1987 05 12 09   216   -47 -9999   320    30     7 -9999 -9999
1987 05 12 21   141   -90 -9999   110    50     1 -9999 -9999
1987 05 13 00   173   -75 -9999    90    40     7 -9999     0
1987 05 13 06   225   -67 -9999   220    40     6 -9999     0
1987 05 13 09   215   -79 -9999    40    30     7 -9999 -9999
1987 05 14 00   174   -16 -9999   180    40     0 -9999     0
1987 05 14 06   229   -74 -9999   320    30     7 -9999     0
1987 05 14 09   233  -140 -9999   320    40     7 -9999 -9999
1987 05 15 00   153   -38 -9999   200    30     8 -9999     0
1987 05 15 06   133    20 -9999   340   110     8 -9999    -1
1987 05 15 09   150   -33 -9999   320    80     7 -9999 -9999
1987 05 15 21    46   -60 -9999   110    30     0 -9999 -9999
1987 05 16 00    93   -36 -9999   200    40     0 -9999     0
1987 05 16 06   167  -102 -9999   320    70     7 -9999     0
1987 05 16 09   187  -143 -9999   320    50     2 -9999 -9999
1987 05 16 21    97  -136 -9999   140    40     1 -9999 -9999
1987 05 17 00   151   -83 -9999   180    40     1 -9999     0
1987 05 17 06   233   -13 -9999   290    40     7 -9999     0
1987 05 17 09   231   -17 -9999   340    40     7 -9999 -9999
1987 05 18 00   165     5 -9999   360    60     7 -9999    -1
1987 05 18 06   207   -90 -9999   320    50     1 -9999     0
1987 05 18 09   220   -78 -9999     0     0     1 -9999 -9999
1987 05 18 21   150   -25 -9999    90    20     0 -9999 -9999
1987 05 19 00   208   -21 -9999   180    30     0 -9999     0
1987 05 19 09   274     3 -9999   250    30     2 -9999 -9999
1987 05 19 21 -9999 -9999 -9999   160    70     6 -9999 -9999
1987 05 20 00   213    37 -9999   200    70     6 -9999     0
1987 05 20 06   265    19 -9999   140    80     7 -9999     0
1987 05 20 09   263    37 -9999   110    20     7 -9999 -9999
1987 05 21 00   177   101 -9999     0     0     1 -9999     0
1987 05 21 06   230    62 -9999   340    30     7 -9999     0
1987 05 21 09   239    55 -9999   340    30     7 -9999 -9999
1987 05 21 18   116   -50 -9999    70    80     7 -9999     0
1987 05 21 21   153    22 -9999    70    30     0 -9999 -9999
1987 05 22 00   202    50 -9999     0     0     1 -9999     0
1987 05 22 06   247   -20 -9999   200    30     2 -9999     0
1987 05 22 09   260   -26 -9999   340    20     7 -9999 -9999
1987 05 22 21   189    27 -9999   360    50     7 -9999 -9999
1987 05 23 00   197    79 -9999    40    30     7 -9999     1
1987 05 23 06   234    11 -9999   360   100     6 -9999     0
1987 05 24 00    95    80 -9999     0     0     7 -9999     0
1987 05 24 06   174 -9999 -9999 -9999 -9999     4 -9999     0
1987 05 24 09   196    35 -9999   340    30     6 -9999 -9999
1987 05 24 21   131    19 -9999   140    30     8 -9999 -9999
1987 05 25 00   126    48 -9999     0     0     7 -9999    -1
1987 05 25 06   183 -9999 -9999    20    30     7 -9999     0
1987 05 25 09   195    -5 -9999   320    30     7 -9999 -9999
1987 05 25 18    91   -80 -9999   110    80     8 -9999     0
1987 05 26 00   167   -39 -9999   180    20     7 -9999     0
1987 05 26 06   188   -57 -9999   200    80     8 -9999     0
1987 05 26 09   163    22 -9999   200    50     8 -9999 -9999
1987 05 27 00   119    47 -9999    20    30     7 -9999     0
1987 05 27 09   191     5 -9999   140    70     7 -9999 -9999
1987 05 27 21   119    38 -9999 -9999 -9999     1 -9999 -9999
1987 05 28 00   155    53 -9999     0     0     7 -9999     0
1987 05 28 06   200     2 -9999   200    20     6 -9999     0
1987 05 28 09   234     3 -9999   320    30     6 -9999 -9999
1987 05 28 21   180   -19 -9999   160    40     1 -9999 -9999
1987 05 29 00   204    39 -9999   180    70     7 -9999     0
1987 05 29 06   245    34 -9999   180    70     7 -9999     0
1987 05 29 09   205   -28 -9999   360   140     9 -9999 -9999
1987 05 29 21   115   -57 -9999   160    30     1 -9999 -9999
1987 05 30 00   145   -47 -9999   180    40     2 -9999     0
1987 05 30 06   216   -50 -9999   320    60     7 -9999     0
1987 05 30 09   226   -52 -9999   320    70     2 -9999 -9999
1987 05 31 00   169    -2 -9999   180    40     8 -9999     0
1987 05 31 06   237   -25 -9999   320    20     6 -9999     0
1987 05 31 09   247    -9 -9999   320    30     7 -9999 -9999
1987 06 01 00   199     7 -9999   140    20     0 -9999     0
1987 06 01 06   261   -16 -9999   320    30     1 -9999     0
1987 06 01 09   273   -47 -9999   320    20     1 -9999 -9999
1987 06 01 21   173   -21 -9999   110    30     0 -9999 -9999
1987 06 02 00   183    31 -9999    20    20     2 -9999     0
1987 06 02 06   278    -4 -9999   340    20     7 -9999     0
1987 06 02 09   277     2 -9999 -9999 -9999     1 -9999 -9999
1987 06 02 21   223   -44 -9999   140    60     4 -9999 -9999
1987 06 03 00   254   -46 -9999   140    70     1 -9999     0
1987 06 03 06   314 -9999 -9999   200    50     4 -9999     0
1987 06 03 09   321    12 -9999   160    50     7 -9999 -9999
1987 06 03 21   225   -17 -9999   360    70     7 -9999 -9999
1987 06 04 00   203   -13 -9999   340    60     7 -9999    -1
1987 06 04 09   193    41 -9999   360   140     7 -9999 -9999
1987 06 05 00    46    28 -9999    20   120     8 -9999    60
1987 06 05 06   109    34 -9999   360    60     7 -9999    -1
1987 06 05 09   123    10 -9999 -9999 -9999     7 -9999 -9999
1987 06 06 00   115    -5 -9999     0     0     1 -9999     0
1987 06 06 06   172   -33 -9999   360    40     1 -9999     0
1987 06 06 09   185   -64 -9999   340    30     1 -9999 -9999
1987 06 06 21   104   -47 -9999   140    50     2 -9999 -9999
1987 06 07 00   147  -101 -9999   140    70     6 -9999     0
1987 06 07 06   203   -55 -9999   140    20     1 -9999     0
1987 06 07 09   224   -63 -9999   220    30     1 -9999 -9999
1987 06 07 21   165   -29 -9999   110    30     1 -9999 -9999
1987 06 08 00   205     8 -9999   110    20     2 -9999     0
1987 06 08 06   275    -7 -9999   200    30     2 -9999     0
1987 06 08 09   272    20 -9999     0     0     7 -9999 -9999
1987 06 08 21   203    38 -9999   160    30     2 -9999 -9999
1987 06 09 00   225    46 -9999    20    40     5 -9999     0
1987 06 09 06   289    50 -9999   220    30     7 -9999     0
1987 06 09 09   198    83 -9999    40    50     8 -9999 -9999
1987 06 10 00   180    98 -9999    20    20     7 -9999     0
1987 06 10 06   253    90 -9999   200    20     7 -9999     0
1987 06 10 09   264    65 -9999   160    70     7 -9999 -9999
1987 06 11 00   146   141 -9999   320    20     8 -9999    40
1987 06 11 06   167   131 -9999   320    30     8 -9999    10
1987 06 11 09   179    91 -9999   220    40     8 -9999 -9999
1987 06 11 21   126   123 -9999   220    20     8 -9999 -9999
1987 06 12 00   133   123 -9999   180    30     7 -9999     0
1987 06 12 06   196    95 -9999     0     0     7 -9999     0
1987 06 12 09   192    65 -9999   160    60     7 -9999 -9999
1987 06 12 21   138   106 -9999     0     0     7 -9999 -9999
1987 06 13 00   141   106 -9999     0     0     7 -9999     0
1987 06 13 06   181    76 -9999   270    30     7 -9999     0
1987 06 13 09   191    66 -9999   250    40     7 -9999 -9999
1987 06 13 21   108    95 -9999     0     0     8 -9999 -9999
1987 06 14 00   109    94 -9999    90    20     8 -9999    70
1987 06 14 06   165   121 -9999   180    50     7 -9999    20
1987 06 14 09   177   101 -9999   360    50     7 -9999 -9999
1987 06 14 21   131    68 -9999   110    30     0 -9999 -9999
1987 06 15 00   169    78 -9999   140    20     0 -9999     0
1987 06 15 06   222    52 -9999   200    30     1 -9999     0
1987 06 15 09   234    29 -9999   220    30     2 -9999 -9999
1987 06 15 21   149    42 -9999    90    40     0 -9999 -9999
1987 06 16 00   199    56 -9999    90    30     1 -9999     0
1987 06 16 06   255    40 -9999   200    30     7 -9999     0
1987 06 16 09   270     4 -9999   200    30     3 -9999 -9999
1987 06 16 21   194    43 -9999   140    30     1 -9999 -9999
1987 06 17 00   223    74 -9999   160    30     7 -9999     0
1987 06 17 06   234    75 -9999   340    80     7 -9999    -1
1987 06 17 09   195    81 -9999   160    60     7 -9999 -9999
1987 06 17 21   137    86 -9999   110    30     2 -9999 -9999
1987 06 18 00   192    77 -9999    70    20     1 -9999     0
1987 06 18 06   245    40 -9999     0     0     7 -9999     0
1987 06 18 09   264    47 -9999     0     0     7 -9999 -9999
1987 06 18 21   171    21 -9999    90    40     1 -9999 -9999
1987 06 19 00   221    27 -9999   160    40     1 -9999     0
1987 06 19 06   267    12 -9999   110   120     1 -9999     0
1987 06 19 09   270    -7 -9999   160   130     7 -9999 -9999
1987 06 19 21   195    31 -9999   140    80     2 -9999 -9999
1987 06 20 00   199    53 -9999   160   100     7 -9999     0
1987 06 20 06   215    86 -9999   140   140     7 -9999     0
1987 06 20 09   207   101 -9999   140   100     7 -9999 -9999
1987 06 21 00   197   121 -9999   360    20     7 -9999     0
1987 06 21 06   239   130 -9999   160    30     7 -9999     0
1987 06 21 09   243   131 -9999   220    30     7 -9999 -9999
1987 06 21 21   191   157 -9999     0     0     7 -9999 -9999
1987 06 22 00   186   139 -9999    40    40     7 -9999    -1
1987 06 22 09   269    97 -9999    20    70     7 -9999 -9999
1987 06 22 21   189    64 -9999    20    40     2 -9999 -9999
1987 06 23 00   227    93 -9999   110    20     1 -9999     0
1987 06 23 06   286    25 -9999   340    30     1 -9999     0
1987 06 23 09   286    25 -9999   340    30     7 -9999 -9999
1987 06 24 00   223    99 -9999     0     0     7 -9999     0
1987 06 24 06   251   122 -9999   340    30     8 -9999    -1
1987 06 24 09   231   128 -9999   340    50     8 -9999 -9999
1987 06 24 21   143   131 -9999   290    20     8 -9999 -9999
1987 06 25 00   145   132 -9999    70    20     8 -9999    20
1987 06 25 06   203   137 -9999   220    20     6 -9999     0
1987 06 25 09   228    90 -9999   220    20     3 -9999 -9999
1987 06 25 21   163   126 -9999   140    20     7 -9999 -9999
1987 06 26 00   193   108 -9999   140    20     7 -9999     0
1987 06 26 06 -9999 -9999 -9999   360    70     7 -9999     0
1987 06 26 09   219    35 -9999   360    70     7 -9999 -9999
1987 06 27 00   151   107 -9999   180    40     7 -9999     0
1987 06 27 06   221    75 -9999   140    30     7 -9999    -1
1987 06 27 09   250     0 -9999   320    70     7 -9999 -9999
1987 06 27 21   151 -9999 -9999   140    50     0 -9999 -9999
1987 06 28 00   185    39 -9999   180    30     0 -9999     0
1987 06 28 06   258    33 -9999   290    60     1 -9999     0
1987 06 28 09   277   -23 -9999   290    60     1 -9999 -9999
1987 06 28 21   171    29 -9999   140    30     7 -9999 -9999
1987 06 29 00   193    59 -9999     0     0     7 -9999     0
1987 06 29 06   265    18 -9999   340    60     6 -9999    -1
1987 06 29 09   254    29 -9999   320    50     6 -9999 -9999
1987 06 29 21   187    29 -9999 -9999 -9999     6 -9999 -9999
1987 06 30 00   205    52 -9999   180    40     1 -9999     0
1987 06 30 06   269    23 -9999     0     0     3 -9999     0
1987 06 30 09   287    40 -9999     0     0     6 -9999 -9999
1987 06 30 21 -9999 -9999 -9999   140    30     7 -9999 -9999
1987 07 01 00   199   108 -9999   180    30     7 -9999    -1
1987 07 01 06   259    69 -9999   320    30     6 -9999    -1
1987 07 01 09   267    39 -9999   340    60     6 -9999 -9999
1987 07 01 21   161   104 -9999 -9999 -9999     4 -9999 -9999
1987 07 02 00   193   100 -9999     0     0     1 -9999    -1
1987 07 02 06   248    39 -9999    40    40     4 -9999     0
1987 07 02 09   264     9 -9999   340    40     7 -9999 -9999
1987 07 02 21   197    60 -9999   140    30     5 -9999 -9999
1987 07 03 00   208    56 -9999   180    60     6 -9999     0
1987 07 03 09   306   -29 -9999   290    30     4 -9999 -9999
1987 07 03 21   197    10 -9999    70    30     4 -9999 -9999
1987 07 04 00   222    49 -9999   180    20     7 -9999     0
1987 07 04 06   268     7 -9999   220    40     7 -9999    -1
1987 07 04 09   268     7 -9999   200    30     8 -9999 -9999
1987 07 04 21   160    78 -9999    70    20     1 -9999 -9999
1987 07 05 00   201    89 -9999     0     0     1 -9999     0
1987 07 05 06   264    -2 -9999     0     0     1 -9999     0
1987 07 05 09   275    -3 -9999   340    50     1 -9999 -9999
1987 07 05 21   205    57 -9999   160    20     2 -9999 -9999
1987 07 06 00   220    95 -9999     0     0     0 -9999    -1
1987 07 06 06   288    19 -9999   360    50     0 -9999     0
1987 07 06 21   235   -24 -9999   110    60     1 -9999 -9999
1987 07 07 00   275   -23 -9999   110    50     1 -9999     0
1987 07 07 06   331   -13 -9999   200    80     1 -9999     0
1987 07 07 09   333     5 -9999   140    60     1 -9999 -9999
1987 07 08 00   243    70 -9999     0     0     7 -9999     0
1987 07 08 06   309    12 -9999   140    70     7 -9999     0
1987 07 08 09   305    89 -9999   180    50     7 -9999 -9999
1987 07 08 21   151   145 -9999   340    30     8 -9999 -9999
1987 07 09 00   151   140 -9999    20    30     8 -9999    60
1987 07 09 06   194   138 -9999   340    20     7 -9999    10
1987 07 09 09   208   124 -9999    70    20     8 -9999 -9999
1987 07 10 00   205  -111 -9999     0     0     1 -9999 -9999
1987 07 10 06   272    32 -9999   290    60     6 -9999     0
1987 07 10 09   286     3 -9999   320    60     7 -9999 -9999
1987 07 10 21   191    41 -9999    90    30     7 -9999 -9999
1987 07 11 00   216    58 -9999    40    20     7 -9999     0
1987 07 11 06   283    31 -9999   320    30     7 -9999     0
1987 07 11 09   271    33 -9999   360    60     7 -9999 -9999
1987 07 11 21   183    76 -9999   140    30     1 -9999 -9999
1987 07 12 00   209    97 -9999     0     0     1 -9999     0
1987 07 12 06   260    28 -9999   360    30     6 -9999     0
1987 07 12 09   268    -4 -9999   320    30     6 -9999 -9999
1987 07 12 21   180    -5 -9999    90    40     1 -9999 -9999
1987 07 13 00   225    28 -9999    90    30     1 -9999     0
1987 07 13 06 -9999 -9999 -9999   320    40     7 -9999     0
1987 07 13 09   286    -4 -9999   340    40     7 -9999 -9999
1987 07 13 21   203    57 -9999    90    20     1 -9999 -9999
1987 07 14 00   235    62 -9999   140    30     1 -9999 -9999
1987 07 14 06   297    34 -9999   250    20     6 -9999     0
1987 07 14 09   291     0 -9999    20    50     4 -9999 -9999
1987 07 14 21   199 -9999 -9999 -9999 -9999     4 -9999 -9999
1987 07 15 00   223    71 -9999   110    20     4 -9999     0
1987 07 15 06   283    25 -9999   340    40     7 -9999     0
1987 07 15 09   279    17 -9999   360    40     7 -9999 -9999
1987 07 16 00   211    87 -9999   220    40     7 -9999     0
1987 07 16 06   217    95 -9999   200    50     7 -9999     0
1987 07 16 09   230    95 -9999     0     0     7 -9999 -9999
1987 07 16 21   163    88 -9999     0     0     7 -9999 -9999
1987 07 17 00   199    61 -9999    40    30     7 -9999     0
1987 07 17 06   269    73 -9999   340    40     7 -9999     0
1987 07 17 09   277    45 -9999   340    60     7 -9999 -9999
1987 07 18 00   233   110 -9999     0     0     1 -9999     0
1987 07 18 06   289    61 -9999   360    50     7 -9999     0
1987 07 18 09   296    48 -9999   320    20     7 -9999 -9999
1987 07 19 00   242    90 -9999     0     0     7 -9999     0
1987 07 19 06   282    93 -9999   320    50     7 -9999    -1
1987 07 19 09   201   125 -9999   340   110     7 -9999 -9999
1987 07 19 21   157   129 -9999     0     0     1 -9999 -9999
1987 07 20 00   191    97 -9999     0     0     7 -9999     0
1987 07 21 00   193     9 -9999   360    50     0 -9999     0
1987 07 21 06   235     9 -9999   340    50     1 -9999     0
1987 07 21 09   244   -20 -9999   340    80     2 -9999 -9999
1987 07 21 21   148    28 -9999    40    30     0 -9999 -9999
1987 07 22 00   187    40 -9999   360    20     1 -9999     0
1987 07 22 06   240   -18 -9999   360    40     2 -9999     0
1987 07 22 09   256   -17 -9999   320    50     1 -9999 -9999
1987 07 24 06   321   -69 -9999   220    30     1 -9999     0
1987 07 24 09   331   -42 -9999     0     0     1 -9999 -9999
1987 07 25 00   254    26 -9999   160    40     6 -9999     0
1987 07 25 06   324    21 -9999   320    40     3 -9999     0
1987 07 25 09   309    26 -9999   140    40     7 -9999 -9999
1987 07 26 00   254    72 -9999   140    50     0 -9999     0
1987 07 26 06   307    57 -9999   140   100     1 -9999     0
1987 07 26 09   305    31 -9999   140   120     1 -9999 -9999
1987 07 27 00   231   120 -9999   160    40     1 -9999     0
1987 07 27 06   277    88 -9999   140   110     2 -9999     0
1987 07 27 09   268    81 -9999   140    90     1 -9999 -9999
1987 07 27 21   189   103 -9999   160    70     0 -9999 -9999
1987 07 28 00   203    89 -9999    20    40     1 -9999     0
1987 07 28 06   266    95 -9999   140    70     4 -9999     0
1987 07 28 09   274   100 -9999   140    50     6 -9999 -9999
1987 07 29 00   219   112 -9999   180    20     0 -9999     0
1987 07 29 06   295    87 -9999   290    40     6 -9999     0
1987 07 29 09   297    75 -9999   360    50     4 -9999 -9999
1987 07 30 00   199   121 -9999    20    20     7 -9999     0
1987 07 30 06   281    34 -9999   360    50     1 -9999     0
1987 07 30 09   295    23 -9999   320    30     1 -9999 -9999
1987 07 30 21   211    -3 -9999    90    40     1 -9999 -9999
1987 07 31 00   241    27 -9999    90    30     5 -9999     0
1987 07 31 06   283   -11 -9999   360    70     7 -9999    -1
1987 07 31 09   240    92 -9999   360    50     7 -9999 -9999
1987 08 01 00   161   113 -9999     0     0     6 -9999     0
1987 08 01 06   262    74 -9999     0     0     1 -9999     0
1987 08 01 09   283    62 -9999   340    30     3 -9999 -9999
1987 08 02 00   130   116 -9999    20   120     8 -9999    70
1987 08 02 06   165   139 -9999    20    30     7 -9999   100
1987 08 02 09   193   124 -9999   360    70     3 -9999 -9999
1987 08 03 00   155   119 -9999     0     0     7 -9999     0
1987 08 03 06   221   107 -9999   360    20     7 -9999     0
1987 08 03 21   151   109 -9999   110    30     2 -9999 -9999
1987 08 04 00   181   117 -9999    90    20     3 -9999     0
1987 08 04 06   267    79 -9999     0     0     1 -9999     0
1987 08 04 09   282    39 -9999   140    80     1 -9999 -9999
1987 08 04 21   199    68 -9999    70    30     4 -9999 -9999
1987 08 05 00   213    83 -9999    20    40     7 -9999     0
1987 08 05 06   238    90 -9999   340    80     8 -9999    -1
1987 08 05 09   231    99 -9999     0     0     8 -9999 -9999
1987 08 06 00   161   117 -9999   140    30     7 -9999     0
1987 08 06 06   245   -15 -9999   320    70     2 -9999     0
1987 08 06 21   157    48 -9999    20    40     0 -9999 -9999
1987 08 07 00   177    51 -9999   360    30     0 -9999     0
1987 08 07 06   241    19 -9999   340    40     2 -9999     0
1987 08 07 09   253     6 -9999   340    60     6 -9999 -9999
1987 08 07 21   159    13 -9999    90    30     0 -9999 -9999
1987 08 08 00   206    45 -9999   110    30     1 -9999     0
1987 08 08 06   269   -18 -9999   340    30     6 -9999     0
1987 08 08 09   277   -15 -9999   360    40     2 -9999 -9999
1987 08 08 21   193    15 -9999   110    40     1 -9999 -9999
1987 08 09 00   226    30 -9999   140    20     3 -9999     0
1987 08 09 06   295   -24 -9999   340    40     3 -9999     0
1987 08 09 21   193   -11 -9999    70    30     7 -9999 -9999
1987 08 10 00   225    34 -9999    70    20     1 -9999     0
1987 08 10 06   299    34 -9999   290    40     7 -9999     0
1987 08 10 09   293    32 -9999   320    20     7 -9999 -9999
1987 08 10 21   191    49 -9999   340    40     7 -9999 -9999
1987 08 11 00   192    50 -9999   340    20     8 -9999     0
1987 08 11 06   239    57 -9999   320    40     7 -9999     0
1987 08 11 09   239    60 -9999   340    40     8 -9999 -9999
1987 08 11 21   145   132 -9999   180    20     8 -9999 -9999
1987 08 12 00   137   113 -9999     0     0     8 -9999    20
1987 08 12 06   183   123 -9999   290    40     7 -9999    10
1987 08 12 09   189   123 -9999   360    30     6 -9999 -9999
1987 08 12 21   135    92 -9999   140    30     6 -9999 -9999
1987 08 13 00   153    92 -9999     0     0     1 -9999     0
1987 08 13 06   236    83 -9999     0     0     6 -9999     0
1987 08 13 09   133   108 -9999   110    40     8 -9999 -9999
1987 08 13 21   125   104 -9999    70    20     0 -9999 -9999
1987 08 14 00   153   100 -9999    40    20     0 -9999     0
1987 08 14 06   217    88 -9999     0     0     5 -9999     0
1987 08 14 09   235    77 -9999   320    50 -9999 -9999 -9999
1987 08 15 00   176    91 -9999     0     0     1 -9999     0
1987 08 15 06   232   102 -9999    20    40     1 -9999     0
1987 08 15 09   245    96 -9999   360    10     2 -9999 -9999
1987 08 16 00   188    59 -9999 -9999 -9999     1 -9999     0
1987 08 16 06   269    59 -9999     0     0     1 -9999     0
1987 08 16 09   279    54 -9999   320    30     1 -9999 -9999
1987 08 16 21   194    86 -9999   110    50     6 -9999 -9999
1987 08 17 21   166    94 -9999   160    30     0 -9999 -9999
1987 08 18 21   152    56 -9999   140    20     0 -9999 -9999
1987 08 19 21   189    35 -9999   140    50     0 -9999 -9999
1987 08 20 09   277 -9999 -9999   360    60     7 -9999 -9999
1987 08 20 21   183   108 -9999   220    30     7 -9999 -9999
1987 08 21 00   175   114 -9999   200    40     6 -9999     0
1987 08 21 09   270    79 -9999   200    60     1 -9999 -9999
1987 08 21 21   185    77 -9999   140    30     0 -9999 -9999
1987 08 22 00   215    99 -9999   110    30     0 -9999     0
1987 08 22 06   303    26 -9999   180    50     2 -9999     0
1987 08 22 09   307    25 -9999   160    30     6 -9999 -9999
1987 08 22 21   219    30 -9999   110    50     0 -9999 -9999
1987 08 23 00   215    57 -9999    20    20     2 -9999     0
1987 08 23 06   277    56 -9999   200    30     7 -9999    -1
1987 08 23 09   265    22 -9999   360    60     0 -9999 -9999
1987 08 23 21   172    44 -9999   180    30     0 -9999 -9999
1987 08 24 00   209    34 -9999   110    40     1 -9999     0
1987 08 24 06   311   -15 -9999   220    50     1 -9999     0
1987 08 24 09   302    25 -9999   180    40     1 -9999 -9999
1987 08 24 21   222    94 -9999   110    40     0 -9999 -9999
1987 08 25 00   183   153 -9999    40    60     7 -9999    10
1987 08 25 06   229    90 -9999    20   100     8 -9999    -1
1987 08 25 09   196   100 -9999   360   100     8 -9999 -9999
1987 08 25 21   153   133 -9999   140    30     0 -9999 -9999
1987 08 26 00   165   136 -9999     0     0     1 -9999     0
1987 08 26 06   222    38 -9999   320    90     7 -9999     0
1987 08 26 09   219    47 -9999    40    30     2 -9999 -9999
1987 08 27 00   185    48 -9999    90    30     2 -9999     0
1987 08 27 06   260    22 -9999   200    30     2 -9999     0
1987 08 27 09   270    29 -9999   340    50     6 -9999 -9999
1987 08 28 00   209    19 -9999   200    40     7 -9999    -1
1987 08 28 06   233     5 -9999   290    40     7 -9999    -1
1987 08 28 09   241    14 -9999   320    40     7 -9999 -9999
1987 08 29 00   157    38 -9999   110    20     2 -9999     0
1987 08 29 06   256   -20 -9999   340    60     1 -9999     0
1987 08 29 09   266    -1 -9999   320    50     2 -9999 -9999
1987 08 29 21   159     1 -9999   110    30     0 -9999 -9999
1987 08 30 00   188    19 -9999    90    20     1 -9999     0
1987 08 30 06   264    -2 -9999   320    60     1 -9999     0
1987 08 30 09   269    -5 -9999   360    50     1 -9999 -9999
1987 08 31 00   197   -15 -9999    90    20     1 -9999     0
1987 08 31 06   275   -15 -9999     0     0     1 -9999     0
1987 08 31 09   286    21 -9999     0     0     1 -9999 -9999
1987 08 31 21   198    -9 -9999   140    50     0 -9999 -9999
1987 09 01 00   214    36 -9999   160    20     0 -9999     0
1987 09 01 09   293    39 -9999   220    50     2 -9999 -9999
1987 09 01 21   238    89 -9999   140    30     7 -9999 -9999
1987 09 02 00   221   111 -9999   180    40     7 -9999     0
1987 09 02 06   170   159 -9999   270    20     8 -9999    20
1987 09 02 09   145   138 -9999   340    40     8 -9999 -9999
1987 09 03 06   175   102 -9999     0     0     6 -9999     0
1987 09 03 09   199   105 -9999     0     0     7 -9999 -9999
1987 09 03 21   131    95 -9999   110    20     0 -9999 -9999
1987 09 04 00   156    77 -9999   110    40     0 -9999     0
1987 09 04 06   225    66 -9999   220    20     1 -9999     0
1987 09 04 09   231    14 -9999     0     0     1 -9999 -9999
1987 09 05 00   148    67 -9999    70    20     6 -9999     0
1987 09 05 06   173   -31 -9999   340    70     0 -9999     0
1987 09 05 09   185   -29 -9999   340    50     0 -9999 -9999
1987 09 06 00   125   -11 -9999    70    20     0 -9999     0
1987 09 06 06   195   -48 -9999   360    20     1 -9999     0
1987 09 06 21   121    19 -9999   110    40     0 -9999 -9999
1987 09 07 00   149    21 -9999   110    40     0 -9999     0
1987 09 07 06   228   -25 -9999   200    30     1 -9999     0
1987 09 07 09   231   -26 -9999     0     0     5 -9999 -9999
1987 09 07 21   155    30 -9999   110    30     8 -9999 -9999
1987 09 08 00   178    34 -9999   160    20     1 -9999     0
1987 09 08 21   159    19 -9999   110    30     0 -9999 -9999
1987 09 09 09   246     3 -9999   110    80     1 -9999 -9999
1987 09 09 21   165    64 -9999 -9999 -9999     0 -9999 -9999
1987 09 10 00   167    71 -9999   140    90     1 -9999     0
1987 09 10 06   215    81 -9999   110   130     1 -9999     0
1987 09 10 09   223    71 -9999   140   110     1 -9999 -9999
1987 09 11 00   156   102 -9999   110    80     7 -9999     0
1987 09 11 06   173   104 -9999   110    90     7 -9999     0
1987 09 11 09   175    92 -9999   140   120     7 -9999 -9999
1987 09 11 21   129   115 -9999   160    30     8 -9999 -9999
1987 09 12 00   127   111 -9999    20    20     8 -9999    -1
1987 09 12 06   123    98 -9999   250    20     8 -9999    40
1987 09 12 09   131   103 -9999   180    30     8 -9999 -9999
1987 09 12 21   125    78 -9999     0     0     6 -9999 -9999
1987 09 13 00   125    80 -9999    90    30     8 -9999     0
1987 09 13 06   171    97 -9999   220    20     7 -9999     0
1987 09 13 09   177    61 -9999   180    20     7 -9999 -9999
1987 09 13 21   109    48 -9999    90    20     1 -9999 -9999
1987 09 14 00   107    48 -9999    70    20     5 -9999     0
1987 09 14 06   211    21 -9999     0     0     3 -9999     0
1987 09 14 09   204     5 -9999    20    30     4 -9999 -9999
1987 09 14 21   145 -9999 -9999   110    50     0 -9999 -9999
1987 09 15 00   160    20 -9999   110    60     1 -9999     0
1987 09 15 06   227   -29 -9999   200    80     4 -9999     0
1987 09 15 09   223     5 -9999   200    60     1 -9999 -9999
1987 09 15 21   149    42 -9999    90    20     1 -9999 -9999
1987 09 16 00   148    48 -9999   110    30     1 -9999     0
1987 09 16 06   235   -44 -9999   320    50     0 -9999     0
1987 09 16 09   237   -21 -9999   320    20     0 -9999 -9999
1987 09 16 21   143    -1 -9999   110    30     0 -9999 -9999
1987 09 17 00   168    21 -9999   160    40     0 -9999     0
1987 09 17 06   240   -62 -9999   320    40     0 -9999     0
1987 09 17 09   255   -52 -9999   320    40     1 -9999 -9999
1987 09 17 21   137   -24 -9999   110    30     0 -9999 -9999
1987 09 18 21   161 -9999 -9999 -9999 -9999     0 -9999 -9999
1987 09 19 00   160     8 -9999   110    20     1 -9999     0
1987 09 19 06   262   -46 -9999   320    30     1 -9999     0
1987 09 19 09   261   -18 -9999   290    30     6 -9999 -9999
1987 09 19 21   150   -22 -9999    70    30     0 -9999 -9999
1987 09 20 00   165   -20 -9999    90    30     0 -9999     0
1987 09 20 06   259   -41 -9999   360    30     0 -9999     0
1987 09 20 09   259   -31 -9999   320    30     1 -9999 -9999
1987 09 20 21   210   -34 -9999   140    60     7 -9999 -9999
1987 09 21 00   225   -37 -9999   110    60     5 -9999    -1
1987 09 21 06   267   -37 -9999   180    90     2 -9999    -1
1987 09 21 09   258   -20 -9999   140    60     1 -9999 -9999
1987 09 22 00   185    58 -9999   110    70     1 -9999     0
1987 09 22 06   245    70 -9999   220    30     1 -9999     0
1987 09 22 09   241    61 -9999   160    70     2 -9999 -9999
1987 09 22 21   130    67 -9999   360    50     7 -9999 -9999
1987 09 23 00   133    75 -9999    20    30     7 -9999    40
1987 09 23 06   144    84 -9999   340    20     7 -9999    20
1987 09 23 09   169    73 -9999   340    30     7 -9999 -9999
1987 09 23 21    86    25 -9999    40    20     0 -9999 -9999
1987 09 24 00   100    25 -9999    70    20     1 -9999     0
1987 09 24 06   167     7 -9999   360    50     1 -9999     0
1987 09 24 21    56   -56 -9999   160    40     0 -9999 -9999
1987 09 25 00    46   -29 -9999     0     0     0 -9999     0
1987 09 25 06   135   -33 -9999     0     0     1 -9999     0
1987 09 25 09   149   -29 -9999    20    20     1 -9999 -9999
1987 09 26 00    93   -26 -9999     0     0     0 -9999     0
1987 09 26 06   173   -26 -9999   340    20     2 -9999     0
1987 09 26 09   173   -38 -9999   360    20     2 -9999 -9999
1987 09 26 21    82     7 -9999     0     0     0 -9999 -9999
1987 09 27 06   171   -42 -9999   360    30     7 -9999     0
1987 09 27 09   169   -70 -9999   340    30     6 -9999 -9999
1987 09 28 00   115   -21 -9999   140    30     0 -9999     0
1987 09 28 06   179   -19 -9999   290    30     1 -9999     0
1987 09 28 09   177   -38 -9999   340    40     1 -9999 -9999
1987 09 28 21    80 -9999 -9999   110    30     0 -9999 -9999
1987 09 29 00    81   -64 -9999     0     0     0 -9999     0
1987 09 29 06   199   -52 -9999   200    20     0 -9999     0
1987 09 29 09   199   -62 -9999     0     0     0 -9999 -9999
1987 09 29 21   103   -69 -9999    70    20     0 -9999 -9999
1987 09 30 00   113   -76 -9999   140    40     1 -9999     0
1987 09 30 06   213   -59 -9999   290    50     1 -9999     0
1987 09 30 09   217   -97 -9999   320    30     1 -9999 -9999
1987 09 30 21    97   -40 -9999    40    20     0 -9999 -9999
1987 10 01 00   115    -2 -9999    20    20     1 -9999     0
1987 10 01 06   189     0 -9999    20    20     1 -9999     0
1987 10 01 09   207   -14 -9999   340    40     1 -9999 -9999
1987 10 02 00   121   -11 -9999    90    30     0 -9999     0
1987 10 02 06   217   -15 -9999   200    20     0 -9999     0
1987 10 02 09   224   -19 -9999     0     0     0 -9999 -9999
1987 10 02 21   124   -14 -9999    90    30     0 -9999 -9999
1987 10 03 06   233    -3 -9999     0     0     1 -9999     0
1987 10 03 09   233     5 -9999   360    30     2 -9999 -9999
1987 10 03 21   132     4 -9999   110    40     0 -9999 -9999
1987 10 04 00   139    12 -9999   140    30     0 -9999     0
1987 10 04 06   235    15 -9999   220    20     1 -9999     0
1987 10 04 09   239   -32 -9999     0     0     1 -9999 -9999
1987 10 05 00   147   -24 -9999    70    20     7 -9999     0
1987 10 05 06   227   -37 -9999   360    20     7 -9999     0
1987 10 05 09   231   -50 -9999   290    30     0 -9999 -9999
1987 10 05 21   119   -14 -9999    70    20     0 -9999 -9999
1987 10 06 00   119   -15 -9999    70    20     0 -9999     0
1987 10 06 06   213   -17 -9999   220    20     0 -9999     0
1987 10 06 09   221     0 -9999   220    20     0 -9999 -9999
1987 10 06 21   142   -54 -9999   110    30     0 -9999 -9999
1987 10 07 00   149   -40 -9999   140    30     0 -9999     0
1987 10 07 06   248   -12 -9999   250    30     0 -9999     0
1987 10 07 09   254    19 -9999     0     0     1 -9999 -9999
1987 10 08 00   131     2 -9999   140    20     0 -9999     0
1987 10 08 06   254   -21 -9999   200    20     0 -9999     0
1987 10 08 09   260    11 -9999   290    20     0 -9999 -9999
1987 10 08 21 -9999 -9999 -9999   180    40     0 -9999 -9999
1987 10 09 06   271   -52 -9999   110    50     7 -9999     0
1987 10 09 09   245   -47 -9999   110    50     6 -9999 -9999
1987 10 09 21   111    -1 -9999   360    20     0 -9999 -9999
1987 10 10 06   197    10 -9999     0     0     0 -9999     0
1987 10 10 09   209    28 -9999     0     0     0 -9999 -9999
1987 10 10 21   130    40 -9999    70    30     0 -9999 -9999
1987 10 11 00   119    47 -9999   110    20     0 -9999     0
1987 10 11 06   215    46 -9999   290    20     0 -9999     0
1987 10 11 09   224    73 -9999   160    70     1 -9999 -9999
1987 10 11 21   166    83 -9999   160    70     0 -9999 -9999
1987 10 12 00   160    88 -9999   160    60     4 -9999     0
1987 10 12 06   141   121 -9999   140    40     7 -9999    30
1987 10 12 09   149   107 -9999    90    20     7 -9999 -9999
1987 10 13 00    75    46 -9999   340    20     7 -9999     0
1987 10 13 06   137    46 -9999   250    20     7 -9999     0
1987 10 13 09   115    87 -9999    20    70     3 -9999 -9999
1987 10 13 21    81 -9999 -9999   160    10     1 -9999 -9999
1987 10 14 00    77    65 -9999     0     0     2 -9999     0
1987 10 14 06   161    48 -9999   110    70     6 -9999     0
1987 10 14 09   151    52 -9999   160    90     7 -9999 -9999
1987 10 14 21    75    75 -9999   200    60     8 -9999 -9999
1987 10 15 00    61    61 -9999   220    30     8 -9999    -1
1987 10 15 06    56    52 -9999   320    30     8 -9999    20
1987 10 15 09    50    41 -9999   340    40     8 -9999 -9999
1987 10 15 21    30    21 -9999   340    20     8 -9999 -9999
1987 10 16 00    31    19 -9999   360    30     8 -9999    -1
1987 10 16 06    42   -10 -9999     0     0     8 -9999    -1
1987 10 16 09    54    -3 -9999   340    20     4 -9999 -9999
1987 10 16 21    47    -9 -9999    20    40     7 -9999 -9999
1987 10 17 00    20     0 -9999   360    40     7 -9999     3
1987 10 17 06   -15   -45 -9999   340    20     8 -9999     5
1987 10 17 09   -21   -42 -9999   200    20     7 -9999 -9999
1987 10 17 21   -32   -86 -9999     0     0     1 -9999 -9999
1987 10 18 00   -34   -97 -9999   200    20     0 -9999     0
1987 10 18 06    28  -102 -9999     0     0     0 -9999     0
1987 10 18 09    42  -114 -9999   320    50     0 -9999 -9999
1987 10 18 21   -20  -107 -9999    90    30     0 -9999 -9999
1987 10 19 00    -8  -116 -9999    40    20     1 -9999     0
1987 10 19 06    61  -137 -9999     0     0     7 -9999     0
1987 10 19 09    65  -140 -9999     0     0     1 -9999 -9999
1987 10 20 00    -4   -80 -9999     0     0     7 -9999     0
1987 10 20 06    60  -110 -9999   340    40     7 -9999     0
1987 10 20 09    50  -116 -9999   340    40     7 -9999 -9999
1987 10 21 00    -3  -104 -9999   340    20     7 -9999     0
1987 10 21 06    38  -166 -9999   270    20     7 -9999     0
1987 10 21 09    47  -129 -9999   200    30     7 -9999 -9999
1987 10 21 21    -2  -112 -9999   160    20     0 -9999 -9999
1987 10 22 00     2   -96 -9999   140    30     0 -9999     0
1987 10 22 06    86   -81 -9999     0     0     1 -9999     0
1987 10 22 09    87  -115 -9999   290    20     1 -9999 -9999
1987 10 22 21    17   -66 -9999   110    20     1 -9999 -9999
1987 10 23 00    19   -92 -9999   320    20     7 -9999     0
1987 10 23 06    48  -122 -9999   290    50     1 -9999     0
1987 10 23 09    55  -118 -9999   290    30     0 -9999 -9999
1987 10 23 21 -9999 -9999 -9999   110    40     0 -9999 -9999
1987 10 24 00    12  -108 -9999    90    30     0 -9999     0
1987 10 24 06   127   -94 -9999   200    40     0 -9999     0
1987 10 24 09   126   -53 -9999   220    20     0 -9999 -9999
1987 10 25 00    53   -90 -9999   110    30     0 -9999     0
1987 10 25 06   149   -17 -9999   200    50     0 -9999     0
1987 10 25 09   163     1 -9999   200    20     0 -9999 -9999
1987 10 25 21 -9999 -9999 -9999    20    50     0 -9999 -9999
1987 10 26 00    45   -40 -9999   220    20     0 -9999     0
1987 10 26 06   139   -60 -9999     0     0     0 -9999     0
1987 10 26 09   148   -63 -9999     0     0     0 -9999 -9999
1987 10 26 21   105   -44 -9999   160    30     0 -9999 -9999
1987 10 27 00   125  -148 -9999   160    40     0 -9999     0
1987 10 27 21   134   -18 -9999   160    30     0 -9999 -9999
1987 10 28 06   124 -9999 -9999     0     0     2 -9999     0
1987 10 28 09   128   -51 -9999   340    30     2 -9999 -9999
1987 10 28 21     6  -118 -9999   360    30     0 -9999 -9999
1987 10 29 00    -4   -80 -9999    20    60     7 -9999     0
1987 10 29 06    44   -98 -9999   340    50     6 -9999     0
1987 10 29 09    28   -99 -9999    20    50     7 -9999 -9999
1987 10 29 21     9   -78 -9999     0     0     8 -9999 -9999
1987 10 30 00   -20   -68 -9999    70    20     8 -9999     1
1987 10 30 06    -4  -113 -9999   200    30     8 -9999    -1
1987 10 30 09     1   -99 -9999   200    30     8 -9999 -9999
1987 10 30 17   -32  -187 -9999   220    20     8 -9999 -9999
1987 10 30 21   -32  -187 -9999   220    20     8 -9999 -9999
1987 10 31 00   -68   -80 -9999   340    20     8 -9999    20
1987 10 31 06   -45   -75 -9999     0     0     7 -9999    -1
1987 10 31 09   -35   -70 -9999    20    30     7 -9999 -9999
1987 11 01 00   -46   -73 -9999   340    40     8 -9999    -1
1987 11 01 06   -10  -105 -9999     0     0     7 -9999     3
1987 11 01 09    -7   -97 -9999     0     0     3 -9999 -9999
1987 11 02 00   -29  -145 -9999   160    30     0 -9999     0
1987 11 02 06    45  -133 -9999   250    30     0 -9999     0
1987 11 02 09    64  -164 -9999   160    30     0 -9999 -9999
1987 11 02 21     6  -141 -9999 -9999 -9999     0 -9999 -9999
1987 11 03 00   -26  -123 -9999   340    40     6 -9999     0
1987 11 03 06     4  -153 -9999   340    20     8 -9999     0
1987 11 03 09     8  -150 -9999   340    30     1 -9999 -9999
1987 11 03 21   -66  -153 -9999   140    30     0 -9999 -9999
1987 11 04 00   -62  -213 -9999   140    40     0 -9999     0
1987 11 04 06    40  -168 -9999   200    50     0 -9999     0
1987 11 04 09    48  -176 -9999   200    30     0 -9999 -9999
1987 11 04 21    42  -133 -9999   160    40     1 -9999 -9999
1987 11 05 00    43  -114 -9999   160    40     1 -9999     0
1987 11 05 06    80  -160 -9999    20    30     7 -9999     0
1987 11 05 09    67  -170 -9999    20    30     2 -9999 -9999
1987 11 06 00   -20  -112 -9999    20    20     1 -9999     0
1987 11 06 06    44   -98 -9999   320    30     1 -9999 -9999
1987 11 06 09    38  -158 -9999   340    50     1 -9999 -9999
1987 11 06 21   -34  -149 -9999   110    30     0 -9999 -9999
1987 11 07 00   -18  -154 -9999   140    40     1 -9999     0
1987 11 07 06    91  -142 -9999   200    20     0 -9999     0
1987 11 07 09    92  -108 -9999     0     0     2 -9999 -9999
1987 11 07 21 -9999 -9999 -9999   180    30     0 -9999 -9999
1987 11 08 00     2   -64 -9999     0     0     1 -9999     0
1987 11 08 06    90   -73 -9999     0     0     1 -9999     0
1987 11 08 09   107   -69 -9999     0     0     0 -9999 -9999
1987 11 09 06   172  -101 -9999   200    40     7 -9999     0
1987 11 09 09   168   -79 -9999   180    20     1 -9999 -9999
1987 11 09 21    81   -67 -9999    70    20     7 -9999 -9999
1987 11 10 00    58   -55 -9999   340    40     7 -9999     0
1987 11 10 06    89   -38 -9999   340    40     7 -9999     0
1987 11 10 09    81   -24 -9999   340    40     8 -9999 -9999
1987 11 10 21    24  -116 -9999    20    30     2 -9999 -9999
1987 11 11 00    20  -113 -9999    20    30     4 -9999     0
1987 11 11 06    81  -131 -9999   360    50     0 -9999     0
1987 11 11 09    76  -138 -9999    20    50     0 -9999 -9999
1987 11 11 21    -1  -101 -9999    90    20     1 -9999 -9999
1987 11 12 00     0  -100 -9999    70    30     0 -9999     0
1987 11 12 06   103   -69 -9999    20    30     3 -9999     0
1987 11 12 09    88   -91 -9999    20    30     1 -9999 -9999
1987 11 13 00    -3   -53 -9999     0     0     2 -9999     0
1987 11 13 06   107   -45 -9999   340    30     2 -9999     0
1987 11 13 09    87   -53 -9999    20    40     7 -9999 -9999
1987 11 13 21    39   -48 -9999   160    30     4 -9999 -9999
1987 11 14 00     6   -32 -9999     0     0     7 -9999     0
1987 11 14 06    65    -4 -9999   220    30     7 -9999     0
1987 11 14 09    54   -41 -9999     0     0     7 -9999 -9999
1987 11 14 21    -8   -83 -9999 -9999 -9999     0 -9999 -9999
1987 11 15 00   -12   -73 -9999   110    30     0 -9999     0
1987 11 15 06   107   -74 -9999   200    20     0 -9999     0
1987 11 15 09   101   -64 -9999   340    20     0 -9999 -9999
1987 11 15 21    -2  -133 -9999   110    40     0 -9999 -9999
1987 11 16 00    -8  -128 -9999   110    20     1 -9999     0
1987 11 16 06    98  -104 -9999   220    30     0 -9999     0
1987 11 16 09   101   -86 -9999   200    20     0 -9999 -9999
1987 11 16 21    47   -42 -9999   110    40     0 -9999 -9999
1987 11 17 00    43   -60 -9999   160    40     2 -9999     0
1987 11 17 06    39   -63 -9999    20    70     8 -9999     0
1987 11 17 09    28   -81 -9999   340    40     8 -9999 -9999
1987 11 17 21    38   -94 -9999   140    30     0 -9999 -9999
1987 11 18 00   -36  -105 -9999   140    10     0 -9999     0
1987 11 18 06    56  -114 -9999   200    20     0 -9999     0
1987 11 18 09    57  -129 -9999   160    40     0 -9999 -9999
1987 11 18 21    24  -126 -9999   110    40     0 -9999 -9999
1987 11 19 00    31  -167 -9999   160    40     0 -9999     0
1987 11 19 06   119  -152 -9999   200    40     0 -9999     0
1987 11 19 09   113  -128 -9999   290    20     0 -9999 -9999
1987 11 19 21    -6  -181 -9999    70    30     0 -9999 -9999
1987 11 20 00   -16  -202 -9999   110    30     1 -9999     0
1987 11 20 06    77  -178 -9999   200    30     0 -9999     0
1987 11 20 09    87  -153 -9999     0     0     0 -9999 -9999
1987 11 20 21    -7  -177 -9999    70    30     0 -9999 -9999
1987 11 21 00   -12  -209 -9999    40    30     1 -9999     0
1987 11 21 06   101  -170 -9999   250    30     7 -9999     0
1987 11 21 09    94  -153 -9999     0     0     7 -9999 -9999
1987 11 21 21    35  -109 -9999   180    20     2 -9999 -9999
1987 11 22 00    63  -126 -9999   200    20     7 -9999     0
1987 11 22 06    97  -124 -9999     0     0     0 -9999     0
1987 11 22 09   101  -139 -9999     0     0     0 -9999 -9999
1987 11 22 21    10  -188 -9999     0     0     0 -9999 -9999
1987 11 23 00    -9  -167 -9999   110    20     1 -9999     0
1987 11 23 06   109  -174 -9999   200    40     0 -9999     0
1987 11 23 09   106  -159 -9999   200    30     1 -9999 -9999
1987 11 23 21    50  -174 -9999   160    50     0 -9999 -9999
1987 11 24 00    68  -165 -9999   160    40     0 -9999     0
1987 11 24 09   102   -49 -9999    20    50     2 -9999 -9999
1987 11 24 21    48   -41 -9999   160    20     7 -9999 -9999
1987 11 25 00    49   -30 -9999   140    20     7 -9999     0
1987 11 25 06    61   -54 -9999   220    40     7 -9999     0
1987 11 25 09    43   -39 -9999   340    40     7 -9999 -9999
1987 11 26 00   -73  -165 -9999   360    40     8 -9999     0
1987 11 26 06   -65  -178 -9999   360    60     7 -9999     0
1987 11 26 09   -88  -158 -9999    20    70     8 -9999 -9999
1987 11 26 21  -154  -159 -9999    20    60     5 -9999 -9999
1987 11 27 00  -164  -193 -9999   360    80     7 -9999     3
1987 11 27 06  -148  -189 -9999    20    80     7 -9999     0
1987 11 27 09  -146  -203 -9999    20    70     4 -9999 -9999
1987 11 27 21  -158  -205 -9999     0     0     0 -9999 -9999
1987 11 28 00  -158  -202 -9999     0     0     7 -9999     0
1987 11 28 09  -133  -202 -9999   340    40     7 -9999 -9999
1987 11 29 00  -163  -200 -9999   110    30     0 -9999     0
1987 11 29 06   -79  -227 -9999   270    10     1 -9999     0
1987 11 29 09   -88  -201 -9999     0     0     0 -9999 -9999
1987 11 29 21  -122  -176 -9999     0     0     0 -9999 -9999
1987 11 30 00  -136  -195 -9999    20    30     0 -9999     0
1987 11 30 06   -98  -223 -9999    20    40     0 -9999     0
1987 11 30 09  -102  -191 -9999   340    40     0 -9999 -9999
1987 11 30 21  -153  -221 -9999   110    30     0 -9999 -9999
1987 12 01 00  -162  -224 -9999    70    20     0 -9999     0
1987 12 01 06   -76  -219 -9999   360    30     0 -9999     0
1987 12 01 09   -86  -205 -9999   360    30     0 -9999 -9999
1987 12 01 21  -126  -202 -9999    40    20     0 -9999 -9999
1987 12 02 00  -102  -204 -9999    40    30     2 -9999     0
1987 12 02 06   -65  -193 -9999   200    20     7 -9999     0
1987 12 02 09   -69  -186 -9999    20    20     8 -9999 -9999
1987 12 03 00  -119  -212 -9999   160    30     7 -9999     0
1987 12 03 06   -89  -203 -9999   220    40     7 -9999     0
1987 12 03 09   -93  -254 -9999   200    20     7 -9999 -9999
1987 12 03 21  -102  -186 -9999     0     0     7 -9999 -9999
1987 12 04 00  -103  -192 -9999     0     0     2 -9999     0
1987 12 04 06   -75  -208 -9999   340    40     1 -9999     0
1987 12 04 09   -71  -217 -9999   340    50     1 -9999 -9999
1987 12 04 21  -127  -194 -9999    20    30     0 -9999 -9999
1987 12 05 00  -136  -182 -9999     0     0     0 -9999     0
1987 12 05 06   -64  -192 -9999     0     0     0 -9999     0
1987 12 05 09   -55  -180 -9999   340    20     0 -9999 -9999
1987 12 05 21  -107  -206 -9999   160    30     0 -9999 -9999
1987 12 06 00  -113  -206 -9999   160    40     0 -9999     0
1987 12 06 06   -34  -221 -9999   200    50     7 -9999     0
1987 12 06 09   -29 -9999 -9999   340    20     7 -9999 -9999
1987 12 07 00   -99  -198 -9999     0     0     0 -9999     0
1987 12 07 09   -14  -198 -9999     0     0     0 -9999 -9999
1987 12 07 21   -83  -226 -9999   110    40     0 -9999 -9999
1987 12 08 00   -75  -248 -9999   110    40     0 -9999     0
1987 12 08 06    38  -220 -9999   250    40     2 -9999     0
1987 12 08 09    31  -194 -9999     0     0     1 -9999 -9999
1987 12 08 21   -67  -224 -9999   180    50     0 -9999 -9999
1987 12 09 00   -73  -202 -9999   160    40     1 -9999     0
1987 12 09 06    -2  -196 -9999   340    30     1 -9999     0
1987 12 09 09   -16  -203 -9999    20    20     0 -9999 -9999
1987 12 09 21  -109  -205 -9999    40    30     1 -9999 -9999
1987 12 10 00  -111  -204 -9999   180    20     1 -9999     0
1987 12 10 06   -63  -197 -9999   290    20     7 -9999     0
1987 12 10 09   -61  -210 -9999   360    30     7 -9999 -9999
1987 12 11 00  -115  -196 -9999   140    30     0 -9999     0
1987 12 11 06   -12  -211 -9999   200    30     0 -9999     0
1987 12 11 09   -12  -175 -9999   180    20     1 -9999 -9999
1987 12 11 21   -93  -166 -9999    70    10     0 -9999 -9999
1987 12 12 00   -79  -156 -9999    90    60     2 -9999     0
1987 12 12 06    -3  -133 -9999   360    50     4 -9999     0
1987 12 12 09   -32  -178 -9999    20    30     7 -9999 -9999
1987 12 13 00  -115  -185 -9999     0     0     1 -9999     0
1987 12 13 06   -36  -267 -9999     0     0     2 -9999     0
1987 12 13 09   -47  -256 -9999     0     0     6 -9999 -9999
1987 12 13 21   -97  -186 -9999   140    40 -9999 -9999 -9999
1987 12 14 06     8  -149 -9999     0     0     0 -9999     0
1987 12 14 09    14  -130 -9999     0     0     1 -9999 -9999
1987 12 14 21   -77  -165 -9999    70    30     0 -9999 -9999
1987 12 15 00   -98  -181 -9999    90    30     0 -9999     0
1987 12 15 06    14  -170 -9999   200    30     2 -9999     0
1987 12 15 09    14  -177 -9999   200    20     1 -9999 -9999
1987 12 15 21   -53  -160 -9999   110    30     0 -9999 -9999
1987 12 16 00   -49  -153 -9999   110    30     1 -9999     0
1987 12 16 06    20  -155 -9999     0     0     0 -9999     0
1987 12 16 09     6  -135 -9999   340    20     0 -9999 -9999
1987 12 16 21   -73  -158 -9999    90    20     0 -9999 -9999
1987 12 17 00   -62  -158 -9999    90    20     7 -9999     0
1987 12 17 06     1  -146 -9999   340    30     1 -9999     0
1987 12 17 09    -5  -134 -9999   320    20     0 -9999 -9999
1987 12 17 21   -89  -180 -9999    90    20     0 -9999 -9999
1987 12 18 00   -89  -173 -9999    70    20     1 -9999     0
1987 12 18 06   -10  -131 -9999     0     0     7 -9999     0
1987 12 18 09 -9999 -9999 -9999     0     0     7 -9999 -9999
1987 12 19 00   -48  -129 -9999   200    40     7 -9999     0
1987 12 19 06   -10  -110 -9999   220    20     4 -9999     0
1987 12 19 09   -12  -154 -9999     0     0     2 -9999 -9999
1987 12 19 21  -103  -147 -9999    90    30     0 -9999 -9999
1987 12 20 00   -95  -169 -9999   110    30     0 -9999     0
1987 12 20 06    16  -111 -9999   200    40     0 -9999     0
1987 12 21 00   -45  -146 -9999    20    30     2 -9999     0
1987 12 21 06    -8  -153 -9999   340    20     6 -9999     0
1987 12 21 09   -10  -156 -9999   340    20     1 -9999 -9999
1987 12 22 00   -34  -106 -9999   110    40     0 -9999     0
1987 12 22 06    66  -143 -9999   180    50     1 -9999     0
1987 12 22 09    78  -158 -9999   180    20     0 -9999 -9999
1987 12 22 21    -8 -9999 -9999   280    30     0 -9999 -9999
1987 12 23 00   -25  -148 -9999    90    30     4 -9999     0
1987 12 23 06    75  -145 -9999   200    40     7 -9999     0
1987 12 23 09    71  -137 -9999     0     0     7 -9999 -9999
1987 12 23 21   -24   -43 -9999     0     0     0 -9999 -9999
1987 12 24 00    -4   -85 -9999   320    20     8 -9999     0
1987 12 24 06     8   -70 -9999   220    20     7 -9999    -1
1987 12 24 09    28   -47 -9999   290    20     6 -9999 -9999
1987 12 24 21   -42  -140 -9999   110    40     0 -9999 -9999
1987 12 25 00   -34  -131 -9999   140    40     1 -9999     0
1987 12 25 06    64   -92 -9999   200    60     0 -9999     0
1987 12 25 21    10  -192 -9999   140    30     0 -9999 -9999
1987 12 26 00     9  -199 -9999   140    30     1 -9999     0
1987 12 26 21    34  -142 -9999     0     0     0 -9999 -9999
1987 12 27 00   -49  -146 -9999     0     0     0 -9999     0
1987 12 27 06    68  -108 -9999   200    20     0 -9999     0
1987 12 27 09    60   -99 -9999   200    20     1 -9999 -9999
1987 12 27 21    -2  -117 -9999    40    30     0 -9999 -9999
1987 12 28 00     3  -100 -9999   360    50     2 -9999     0
1987 12 28 09     3   -81 -9999    20    60     8 -9999 -9999
1987 12 28 21  -103  -174 -9999    20    20     1 -9999 -9999
1987 12 29 00  -127  -190 -9999     0     0     0 -9999     0
1987 12 29 06   -67  -248 -9999    40    20     0 -9999     0
1987 12 29 09   -69  -221 -9999   360    20     0 -9999 -9999
1987 12 29 21   -57  -182 -9999   140    40     0 -9999 -9999
1987 12 30 00   -30  -166 -9999   180    20     0 -9999     0
1987 12 30 06    35   -77 -9999   200   100     0 -9999     0
1987 12 30 09    32   -85 -9999   250    20     1 -9999 -9999
1987 12 30 21   -80  -151 -9999   360    40     7 -9999 -9999
1987 12 31 00   -82  -167 -9999    20    40     1 -9999     0
1987 12 31 06   -63  -111 -9999   340    40     8 -9999    -1
1987 12 31 09   -55  -100 -9999     0     0     5 -9999 -9999
1987 12 31 21   -71  -122 -9999   110    30     6 -9999 -9999
