1961 01 01 12   -50  -300 -9999   220    72     4 -9999 -9999
1961 01 02 12   -61  -200 -9999   250    72     7 -9999 -9999
1961 01 03 12   -78  -322 -9999   250    62     7 -9999 -9999
1961 01 04 12  -122  -239 -9999 -9999    31     7 -9999 -9999
1961 01 05 12  -111  -250 -9999   270    41     0 -9999 -9999
1961 01 06 03  -128  -222 -9999 -9999 -9999 -9999 -9999 -9999
1961 01 07 12  -122  -278 -9999   250    72     0 -9999 -9999
1961 01 08 12   -61  -278 -9999   250    31     8 -9999 -9999
1961 01 09 12   -89 -9999 -9999   290    41     7 -9999     6
1961 01 10 12  -111 -9999 -9999   170    41 -9999 -9999 -9999
1961 01 11 12  -122  -278 -9999 -9999 -9999 -9999 -9999 -9999
1961 01 13 03  -211  -272 -9999     0     0     5 -9999 -9999
1961 01 13 12 -9999 -9999 -9999 -9999    31     1 -9999 -9999
1961 01 14 03  -189  -289 -9999   180    72     0 -9999 -9999
1961 01 14 12  -128  -311 -9999     0     0     1 -9999 -9999
1961 01 15 12  -122  -300 -9999     0     0     1 -9999 -9999
1961 01 16 12  -111  -272 -9999     0     0     0 -9999 -9999
1961 01 17 03  -128  -250 -9999     0     0     3 -9999 -9999
1961 01 18 12  -100 -9999 -9999   250    41 -9999 -9999 -9999
1961 01 19 12 -9999 -9999 -9999   120    41     2 -9999 -9999
1961 01 23 12  -122  -328 -9999 -9999    31     1 -9999 -9999
1961 01 27 12   -78  -261 -9999   220    41     8 -9999 -9999
1961 01 29 03  -100  -261 -9999   160    51     0 -9999 -9999
1961 01 29 12   -61  -300 -9999   220    62     5 -9999 -9999
1961 02 01 12 -9999 -9999 -9999     0     0     9 -9999     6
1961 02 02 12   -89 -9999 -9999     0     0 -9999 -9999     5
1961 02 03 12  -150  -239 -9999 -9999    31     2 -9999     6
1961 02 04 12   -89  -150 -9999   250    62     7 -9999 -9999
1961 02 05 12  -111  -272 -9999     0     0     8 -9999     6
1961 02 06 12   -61  -278 -9999   220    82     6 -9999 -9999
1961 02 07 12 -9999 -9999 -9999   200    51     8 -9999 -9999
1961 02 08 12  -111  -250 -9999   220 -9999     8 -9999     6
1961 02 09 12  -150 -9999 -9999   270    51     7 -9999     6
1961 02 10 12 -9999 -9999 -9999 -9999    41 -9999 -9999 -9999
1961 02 13 12  -139  -372 -9999   250    31     8 -9999 -9999
1961 02 14 12  -161  -250 -9999   250    10     8 -9999     6
1961 02 17 12   -89  -361 -9999 -9999    21     7 -9999 -9999
1961 02 18 12   -61  -322 -9999   290    82     2 -9999 -9999
1961 02 19 12   -78  -322 -9999   270 -9999     7 -9999 -9999
1961 02 21 12   -28  -389 -9999   250    10     1 -9999 -9999
1961 02 25 03   -89  -350 -9999   220    62     1 -9999 -9999
1961 02 27 12  -111 -9999 -9999   240    10     7 -9999     6
1961 02 28 12 -9999 -9999 -9999   220    21     8 -9999 -9999
1961 03 02 12  -139  -172 -9999    40    62     8 -9999     6
1961 03 03 03  -161  -222 -9999   180    21     1 -9999 -9999
1961 03 03 12  -122  -228 -9999   290    21     6 -9999     6
1961 03 04 12  -100  -250 -9999   270    41 -9999 -9999 -9999
1961 03 06 12   -78  -278 -9999   220    31     7 -9999     6
1961 03 07 12   -78  -322 -9999   270    41     7 -9999     6
1961 03 09 12   -89  -250 -9999   290    10     7 -9999 -9999
1961 03 10 12   -39  -322 -9999   270    21     7 -9999 -9999
1961 03 11 12   -50  -211 -9999   320    21 -9999 -9999     6
1961 03 12 12   -50  -222 -9999   360    31     7 -9999 -9999
1961 03 13 03   -61  -239 -9999   340    10     7 -9999 -9999
1961 03 13 12   -50  -228 -9999   270    21     7 -9999 -9999
1961 03 15 12     0  -161 -9999   290    21     7 -9999 -9999
1961 03 16 03   -22  -222 -9999   180    72     3 -9999 -9999
1961 03 16 12    22  -250 -9999   320    62     7 -9999 -9999
1961 03 18 12   -39  -272 -9999 -9999    21 -9999 -9999 -9999
1961 03 20 03   -78  -139 -9999   120    41     7 -9999 -9999
1961 03 21 12   -39  -222 -9999   270    62     8 -9999 -9999
1961 03 23 12   -50  -150 -9999     0     0     7 -9999     6
1961 03 24 12   -61  -250 -9999   270    41     7 -9999     6
1961 03 26 12   -78  -200 -9999    20 -9999     8 -9999 -9999
1961 03 27 03  -122  -200 -9999    40    72     7 -9999 -9999
1961 03 27 12   -78  -300 -9999   220    31     7 -9999 -9999
1961 03 28 12   -78  -411 -9999   340    51     7 -9999 -9999
1961 03 29 12   -72  -322 -9999   320    41     7 -9999 -9999
1961 03 31 12   -50  -300 -9999     0     0     2 -9999 -9999
1961 04 01 12   -11  -272 -9999   220    51     7 -9999 -9999
1961 04 02 12   -61  -111 -9999   320    62     7 -9999     6
1961 04 03 18   -61  -239 -9999     0     0     7 -9999 -9999
1961 04 04 03   -72  -122 -9999   340    82     8 -9999 -9999
1961 04 04 12   -22  -272 -9999   340    41     6 -9999 -9999
1961 04 05 12    11  -211 -9999   320    21     7 -9999 -9999
1961 04 06 12   -11  -250 -9999   270    41     7 -9999 -9999
1961 04 07 12   -61  -150 -9999   270    51     8 -9999     6
1961 04 08 03   -39  -189 -9999   270    62 -9999 -9999 -9999
1961 04 08 12   -22  -189 -9999    40    82     8 -9999 -9999
1961 04 09 12   -11  -161 -9999   270    51     6 -9999     6
1961 04 10 03   -50  -200 -9999     0     0     7 -9999 -9999
1961 04 10 12   -11  -161 -9999   180    41     8 -9999 -9999
1961 04 11 03   -61   -89 -9999   180    62     7 -9999 -9999
1961 04 11 12   -11  -200 -9999   270    41     6 -9999     6
1961 04 12 12    11  -250 -9999   320    41     3 -9999 -9999
1961 04 13 12    50  -211 -9999   270    41 -9999 -9999 -9999
1961 04 15 12     0  -122 -9999   290    31     3 -9999     5
1961 04 16 03   -39   -61 -9999     0     0     8 -9999 -9999
1961 04 17 12   -28   -89 -9999   220    21     7 -9999 -9999
1961 04 18 12     0  -228 -9999   340    51     7 -9999 -9999
1961 04 19 12    22  -228 -9999   330    41     3 -9999 -9999
1961 04 20 12    61  -211 -9999   320    41     6 -9999 -9999
1961 04 21 03    39  -150 -9999    50    21 -9999 -9999 -9999
1961 04 23 12    50  -211 -9999   250    72     7 -9999 -9999
1961 04 25 12   -50  -172 -9999 -9999    51     3 -9999     6
1961 04 26 12     0  -189 -9999    70    31     7 -9999 -9999
1961 04 27 12    39 -9999 -9999   320    31     2 -9999 -9999
1961 04 28 03    39  -150 -9999   250    62     2 -9999 -9999
1961 04 28 12    39 -9999 -9999 -9999 -9999     7 -9999 -9999
1961 04 29 03   -28   -89 -9999    40    41     8 -9999 -9999
1961 04 29 12 -9999 -9999 -9999   320    41 -9999 -9999     6
1961 04 30 03   -28   -72 -9999   340    21     7 -9999 -9999
1961 05 03 12 -9999 -9999 -9999   320    41     6 -9999 -9999
1961 05 06 03   -11  -189 -9999    20    21     1 -9999 -9999
1961 05 06 06    39  -161 -9999    20    31     7 -9999 -9999
1961 05 06 12    28  -211 -9999    70    51     7 -9999 -9999
1961 05 07 03    39  -122 -9999    80    31     6 -9999 -9999
1961 05 07 12    22   -78 -9999   200    82     7 -9999     6
1961 05 08 03    22   -61 -9999   220    62     5 -9999 -9999
1961 05 08 12    39   -89 -9999   270    10     2 -9999     6
1961 05 09 12    61  -128 -9999   220 -9999     7 -9999     6
1961 05 11 12    28  -222 -9999     0     0     7 -9999 -9999
1961 05 12 03    28  -172 -9999   200    41     5 -9999 -9999
1961 05 12 12    72  -161 -9999   250    21     7 -9999 -9999
1961 05 13 12    89  -139 -9999   250    21     3 -9999 -9999
1961 05 19 03     0  -178 -9999    40    31 -9999 -9999 -9999
1961 05 20 03    11  -161 -9999    40    41     7 -9999 -9999
1961 05 21 03   -11  -172 -9999    40    41     6 -9999 -9999
1961 05 21 12    39  -211 -9999   340    41     7 -9999 -9999
1961 05 23 03    39   -72 -9999   160    41     7 -9999 -9999
1961 05 23 06    39   -72 -9999   160    41     7 -9999 -9999
1961 05 24 12    61   -89 -9999   250    41     7 -9999     6
1961 05 27 03   -28  -139 -9999    20    41     8 -9999 -9999
1961 09 01 12    28     0 -9999     0     0     7 -9999     5
1961 09 02 03    28   -39 -9999     0     0     1 -9999 -9999
1961 09 02 12    78   -72 -9999    40    41     1 -9999 -9999
1961 09 04 12   111   -61 -9999   180    31     3 -9999 -9999
1961 09 07 12    61   -39 -9999    40    51     1 -9999 -9999
1961 09 08 12    89   -72 -9999     0     0     1 -9999 -9999
1961 09 09 12    89   -11 -9999   220    51     5 -9999     6
1961 09 10 12    50    22 -9999    40    31     7 -9999    30
1961 09 11 12    72   -28 -9999    20    21     5 -9999 -9999
1961 09 12 03    72   -22 -9999     0     0     2 -9999 -9999
1961 09 12 12    72     0 -9999   340    31     5 -9999     6
1961 09 13 12    61   -22 -9999    20    41     7 -9999 -9999
1961 09 14 12    50   -22 -9999    40    41     7 -9999     6
1961 09 15 12    22   -11 -9999    20    62     7 -9999     6
1961 09 16 12    50   -11 -9999   180    51     7 -9999     3
1961 09 17 12    11     0 -9999    20    51     7 -9999    20
1961 09 18 03    22   -61 -9999     0     0     7 -9999 -9999
1961 09 18 12    50   -89 -9999   270    21     1 -9999 -9999
1961 09 19 12    50   -61 -9999    40    31     1 -9999 -9999
1961 09 20 03    28   -89 -9999     0     0     0 -9999 -9999
1961 09 20 12    39  -139 -9999   320    21     1 -9999 -9999
1961 09 21 03    11   -89 -9999     0     0     0 -9999 -9999
1961 09 21 12    28  -100 -9999    20    21     2 -9999 -9999
1961 09 22 03    22   -61 -9999     0     0     2 -9999 -9999
1961 09 22 12    50  -111 -9999   160    31     2 -9999 -9999
1961 09 23 03    28   -28 -9999   360    21     7 -9999 -9999
1961 09 23 12    39   -78 -9999   340    31     2 -9999     6
1961 09 24 00   -22   -22 -9999     0     0     2 -9999 -9999
1961 09 24 03    39   -72 -9999   160    62     1 -9999 -9999
1961 09 24 12    72  -139 -9999   200    31     7 -9999 -9999
1961 09 25 03    61  -111 -9999   200    41     4 -9999 -9999
1961 09 25 12    78  -100 -9999   220    21     1 -9999     6
1961 09 26 03    50   -28 -9999   200    82     7 -9999 -9999
1961 09 26 12    28    11 -9999    40    51     7 -9999    10
1961 09 27 03   -39   -61 -9999    40    51     8 -9999 -9999
1961 09 27 12   -28   -39 -9999    40    51     7 -9999 -9999
1961 09 28 03   -11   -50 -9999     0     0     1 -9999 -9999
1961 09 28 12    22   -22 -9999     0     0     1 -9999     6
1961 09 29 03    28   -22 -9999   200    51     6 -9999 -9999
1961 09 30 03    39   -22 -9999   200    62     7 -9999 -9999
1961 09 30 12    78   -89 -9999   220    31     2 -9999     6
1961 10 01 03   -22   -22 -9999   180    51     8 -9999 -9999
1961 10 02 03    28   -28 -9999   110    21     7 -9999 -9999
1961 10 02 12    11   -39 -9999    20    41     7 -9999     6
1961 10 03 03    39   -39 -9999   220    62     2 -9999 -9999
1961 10 04 03    50   -39 -9999   200    41     6 -9999 -9999
1961 10 04 09    89   -72 -9999   290    51     7 -9999 -9999
1961 10 04 12    61   -50 -9999   250    62     7 -9999 -9999
1961 10 05 03    28   -22 -9999   250    41     7 -9999 -9999
1961 10 05 12    50   -50 -9999   270    31     7 -9999     6
1961 10 06 03    28   -22 -9999   220    51     6 -9999 -9999
1961 10 07 03    39   -28 -9999   200    62     7 -9999 -9999
1961 10 07 12    72  -139 -9999   220    41     1 -9999     6
1961 10 08 03    22   -22 -9999   220    41     7 -9999 -9999
1961 10 08 12    50   -39 -9999     0     0     2 -9999    10
1961 10 09 03    28   -39 -9999   220    62     6 -9999 -9999
1961 10 09 12    50   -61 -9999   270    21 -9999 -9999 -9999
1961 10 10 03    50   -72 -9999   220    62     3 -9999 -9999
1961 10 10 12    72   -89 -9999   220    41     1 -9999     6
1961 10 11 03    39   -50 -9999   200    51     2 -9999 -9999
1961 10 12 03    39   -50 -9999   200    41     3 -9999 -9999
1961 10 12 12    22   -11 -9999   290    31     7 -9999    10
1961 10 13 03    50   -50 -9999   200    62     6 -9999 -9999
1961 10 13 12    50   -89 -9999   220    51     4 -9999     6
1961 10 14 03    28   -61 -9999   220    62     7 -9999 -9999
1961 10 14 12    39   -39 -9999   220    72     8 -9999     6
1961 10 15 03     0   -89 -9999   220    51     2 -9999 -9999
1961 10 15 12    22  -228 -9999   250    31     1 -9999     6
1961 10 16 12   -28  -178 -9999   320    41     1 -9999     6
1961 10 17 03   -39  -222 -9999   220    41     7 -9999 -9999
1961 10 17 12   -61  -122 -9999     0     0     2 -9999     6
1961 10 18 03   -78  -128 -9999    40    21     7 -9999 -9999
1961 10 18 12   -50  -222 -9999   220    21     2 -9999     3
1961 10 19 03   -72  -189 -9999   180    41     1 -9999 -9999
1961 10 19 12   -28  -228 -9999   200    41     7 -9999     6
1961 10 20 03   -22  -150 -9999   200    41     2 -9999 -9999
1961 10 20 12   -39  -211 -9999   320    62     7 -9999     6
1961 10 21 03   -39  -172 -9999   180    51     1 -9999 -9999
1961 10 21 12   -28  -228 -9999   200    62     4 -9999 -9999
1961 10 22 03   -28  -189 -9999    40    21     6 -9999 -9999
1961 10 22 12   -39  -128 -9999   220    62     6 -9999 -9999
1961 10 23 03   -72  -128 -9999   180    41     1 -9999 -9999
1961 10 23 12   -22  -228 -9999   220    41     6 -9999 -9999
1961 10 24 03   -22  -222 -9999   180    31     0 -9999 -9999
1961 10 24 12     0  -211 -9999   250    21     0 -9999 -9999
1961 10 25 03    11  -139 -9999   180    72     0 -9999 -9999
1961 10 25 12    22  -161 -9999   220    51     0 -9999 -9999
1961 10 26 03   -11  -211 -9999   200    41     0 -9999 -9999
1961 10 26 12 -9999 -9999 -9999   290    41     1 -9999 -9999
1961 10 27 03   -28  -161 -9999   160    51     1 -9999 -9999
1961 10 27 12    11  -272 -9999   270    41     6 -9999 -9999
1961 10 28 03   -28  -250 -9999   220    31     0 -9999 -9999
1961 10 28 12   -22  -311 -9999   290    41     1 -9999 -9999
1961 10 29 03   -28  -250 -9999   200    72 -9999 -9999 -9999
1961 10 29 12   -22  -289 -9999   250    21     3 -9999 -9999
1961 10 30 03   -39  -211 -9999   180    62     1 -9999 -9999
1961 10 30 12   -22  -278 -9999   220    31     1 -9999 -9999
1961 10 31 03   -28  -139 -9999   200    62     6 -9999 -9999
1961 10 31 12   -11  -200 -9999   250    62     7 -9999 -9999
1961 11 01 03   -28  -200 -9999   200    62     6 -9999 -9999
1961 11 01 12   -39  -222 -9999   290    41     8 -9999 -9999
1961 11 02 12  -122  -128 -9999    20    51     7 -9999     3
1961 11 03 03  -139  -211 -9999     0     0     8 -9999 -9999
1961 11 03 12  -122  -161 -9999     0     0     6 -9999     6
1961 11 04 03  -139  -200 -9999     0     0     0 -9999 -9999
1961 11 04 12   -72  -250 -9999   220    31     1 -9999 -9999
1961 11 06 12   -61  -211 -9999     0     0     8 -9999 -9999
1961 11 07 03  -111  -161 -9999     0     0     7 -9999 -9999
1961 11 07 12  -100  -328 -9999   340    21     7 -9999 -9999
1961 11 08 12   -78  -139 -9999   180    51     8 -9999     6
1961 11 09 03  -100  -139 -9999     0     0     2 -9999 -9999
1961 11 09 12  -111  -111 -9999     0     0     7 -9999    10
1961 11 10 03  -111  -150 -9999   200    41     7 -9999 -9999
1961 11 10 12   -78  -222 -9999   250    31     7 -9999     6
1961 11 11 03  -150  -178 -9999     0     0     1 -9999 -9999
1961 11 11 12   -72  -228 -9999     0     0     7 -9999 -9999
1961 11 12 03  -100  -200 -9999     0     0     0 -9999 -9999
1961 11 12 12   -89  -300 -9999   320    31     2 -9999 -9999
1961 11 13 03  -111  -228 -9999     0     0     6 -9999 -9999
1961 11 13 12   -78  -272 -9999   270    41     7 -9999 -9999
1961 11 14 03   -89  -211 -9999   220    72     0 -9999 -9999
1961 11 14 12  -100  -178 -9999   180    21     7 -9999     6
1961 11 15 03   -78  -161 -9999   200    72     1 -9999 -9999
1961 11 15 12 -9999 -9999 -9999 -9999 -9999     6 -9999     6
1961 11 16 03   -89  -172 -9999   220    62     1 -9999 -9999
1961 11 17 03  -100  -239 -9999     0     0     8 -9999 -9999
1961 11 18 03  -161  -272 -9999     0     0     5 -9999 -9999
1961 11 18 09   -89  -278 -9999   340    82     6 -9999 -9999
1961 11 18 12  -122  -278 -9999   340    41     8 -9999 -9999
1961 11 19 03  -111  -222 -9999   200    51     0 -9999 -9999
1961 11 19 12   -89  -350 -9999   200    41     1 -9999 -9999
1961 11 20 03  -111  -228 -9999   180    72     7 -9999 -9999
1961 11 20 12   -89  -211 -9999     0     0     6 -9999 -9999
1961 11 21 03  -122  -150 -9999   200    31     7 -9999 -9999
1961 11 21 12  -100  -178 -9999   220    31     7 -9999     3
1961 11 22 03  -139  -172 -9999     0     0     7 -9999 -9999
1961 11 22 12  -122  -172 -9999     0     0     7 -9999     6
1961 11 23 03  -172  -178 -9999     0     0     8 -9999 -9999
1961 11 23 12  -139  -172 -9999     0     0     2 -9999     3
1961 11 24 03  -172  -200 -9999     0     0     8 -9999 -9999
1961 11 24 12  -150  -239 -9999   270    31     1 -9999     6
1961 11 25 03  -161  -239 -9999    70 -9999     0 -9999 -9999
1961 11 25 12  -150  -261 -9999   250    51     7 -9999 -9999
1961 11 26 12   -89  -128 -9999   200    41     3 -9999     6
1961 11 27 03   -89  -150 -9999   200    51     7 -9999 -9999
1961 11 28 03  -100  -161 -9999   220    10     7 -9999 -9999
1961 11 28 12  -111  -222 -9999     0     0     6 -9999     6
1961 11 29 03  -122  -189 -9999   200    31     1 -9999 -9999
1961 11 29 12  -122  -278 -9999     0     0     0 -9999 -9999
1961 11 30 03  -139  -161 -9999   200    82     0 -9999 -9999
1961 11 30 12  -100  -189 -9999   270    31     0 -9999 -9999
1961 12 01 03  -139  -250 -9999   180    62     0 -9999 -9999
1961 12 01 12  -100  -272 -9999   160    31     1 -9999 -9999
1961 12 02 03   -89  -300 -9999   160    51     0 -9999 -9999
1961 12 02 12   -89  -350 -9999     0     0     0 -9999 -9999
1961 12 03 03  -128  -250 -9999   180    41     0 -9999 -9999
1961 12 03 12   -89  -389 -9999   290    41     0 -9999 -9999
1961 12 04 03  -178  -311 -9999     0     0     1 -9999 -9999
1961 12 04 12  -122  -328 -9999   290    31     1 -9999 -9999
1961 12 05 12  -128  -311 -9999     0     0     0 -9999 -9999
1961 12 06 03  -189  -289 -9999     0     0     5 -9999 -9999
1961 12 06 12  -139  -300 -9999   360    51     7 -9999 -9999
1961 12 07 03  -172  -261 -9999    20    21     7 -9999 -9999
1961 12 08 12 -9999 -9999 -9999   220    41     0 -9999 -9999
1961 12 09 03  -178 -9999 -9999     0     0     7 -9999 -9999
1961 12 09 12  -128  -339 -9999   270    31     1 -9999 -9999
1961 12 10 03  -189  -311 -9999     0     0     1 -9999 -9999
1961 12 10 12  -172  -350 -9999   220    31     6 -9999 -9999
1961 12 11 03  -200  -250 -9999     0     0     7 -9999 -9999
1961 12 11 12  -139  -172 -9999   140    41     7 -9999     6
1961 12 12 12  -161  -200 -9999   220    51     1 -9999     3
1961 12 13 03  -228  -239 -9999     0     0     8 -9999 -9999
1961 12 13 12  -178  -261 -9999     0     0     6 -9999     6
1961 12 14 03  -222  -250 -9999   200    51     2 -9999 -9999
1961 12 14 12  -178  -261 -9999     0     0     1 -9999     6
1961 12 15 03  -239  -300 -9999     0     0 -9999 -9999 -9999
1961 12 15 12  -178  -211 -9999   200    41     8 -9999     6
1961 12 16 03  -172  -211 -9999   180    51     1 -9999 -9999
1961 12 16 12  -128  -189 -9999   200    51     7 -9999     6
1961 12 17 03  -128  -178 -9999   180    41     4 -9999 -9999
1961 12 18 03  -128  -222 -9999   200    51     7 -9999 -9999
1961 12 18 12  -122  -150 -9999   220    31     8 -9999     6
1961 12 19 03  -161  -239 -9999   270    21     7 -9999 -9999
1961 12 20 03  -222  -289 -9999   180    51     2 -9999 -9999
1961 12 20 12  -178  -261 -9999 -9999 -9999     1 -9999 -9999
1961 12 21 03  -150  -261 -9999   200    51     2 -9999 -9999
1961 12 21 12 -9999 -9999 -9999 -9999    31     3 -9999 -9999
1961 12 22 03  -239  -272 -9999     0     0     0 -9999 -9999
1961 12 23 03  -200 -9999 -9999   180    51     8 -9999 -9999
1961 12 23 12  -172  -250 -9999   270    41     7 -9999     6
1961 12 24 03  -211  -278 -9999   170    98     1 -9999 -9999
1961 12 26 03  -178  -222 -9999   180 -9999     4 -9999 -9999
1961 12 26 12 -9999 -9999 -9999   270    41     7 -9999 -9999
1961 12 27 03  -239  -261 -9999   220    21     0 -9999 -9999
1961 12 27 12  -200  -278 -9999   200    62     0 -9999 -9999
1961 12 28 03  -228  -278 -9999   140    82     0 -9999 -9999
1961 12 28 12  -150  -272 -9999   250    41     0 -9999 -9999
1961 12 29 03  -211  -272 -9999     0     0     6 -9999 -9999
1961 12 29 12  -150  -311 -9999   270    21     2 -9999 -9999
1961 12 30 12  -128  -272 -9999   220    82     1 -9999 -9999
1961 12 31 03  -172  -239 -9999   160    62     1 -9999 -9999
1961 12 31 12  -100  -289 -9999     0     0     0 -9999 -9999
1961 12 31 18  -228  -322 -9999     0     0     0 -9999 -9999
