1959 12 09 12   -78  -322 -9999   270    31     0 -9999 -9999
1959 12 10 12   -28  -272 -9999   250    31     2 -9999 -9999
1959 12 11 12   -39  -272 -9999   220    41     2 -9999 -9999
1959 12 12 12   -39  -339 -9999   200    51     1 -9999 -9999
1959 12 13 12   -50  -322 -9999   220    31     2 -9999 -9999
1959 12 14 03  -122  -328 -9999   200    51     0 -9999 -9999
1959 12 14 12   -61  -278 -9999   250    21     0 -9999 -9999
1959 12 15 12   -39  -278 -9999   290    21     1 -9999 -9999
1959 12 16 12   -22  -300 -9999   220    62     1 -9999 -9999
1959 12 18 12   -61  -300 -9999   250    72     0 -9999 -9999
1959 12 19 12   -72  -322 -9999   250    21     0 -9999 -9999
1959 12 20 12   -39  -378 -9999   200    51     8 -9999 -9999
1959 12 21 12   -89  -389 -9999   250    31     0 -9999 -9999
1959 12 22 12   -72  -322 -9999   220    82     6 -9999 -9999
1959 12 23 03  -100  -172 -9999   180    41     1 -9999 -9999
1959 12 24 12  -139  -322 -9999   270    21     7 -9999 -9999
1959 12 25 12  -122  -300 -9999   270    31     6 -9999 -9999
1959 12 26 03  -172  -272 -9999   180    51     1 -9999 -9999
1959 12 26 12  -122  -328 -9999   240    51     5 -9999 -9999
1959 12 27 03  -122  -300 -9999     0     0     1 -9999 -9999
1959 12 27 12   -89  -389 -9999   250    41     1 -9999 -9999
1959 12 28 12  -111  -222 -9999   200    41     6 -9999     6
1959 12 30 12  -200  -350 -9999   290    51     1 -9999 -9999
1959 12 31 03  -239  -322 -9999    60    41     1 -9999 -9999
1959 12 31 12  -272  -350 -9999   120    41 -9999 -9999 -9999
