1962 01 01 03  -211  -272 -9999   220    10     1 -9999 -9999
1962 01 01 06  -128  -250 -9999   220    31     7 -9999 -9999
1962 01 01 12  -172  -289 -9999   320    21     7 -9999 -9999
1962 01 02 00  -300  -339 -9999     0     0     0 -9999 -9999
1962 01 02 06 -9999 -9999 -9999   220    21     1 -9999 -9999
1962 01 02 12  -161  -322 -9999   270    41     1 -9999 -9999
1962 01 02 18  -222  -289 -9999   160    62     1 -9999 -9999
1962 01 03 03  -189  -272 -9999   180    51     1 -9999 -9999
1962 01 03 12  -128  -250 -9999   250    51     7 -9999 -9999
1962 01 04 00  -172  -272 -9999   200    31     1 -9999 -9999
1962 01 04 03  -161  -272 -9999   180    72     1 -9999 -9999
1962 01 04 06   -89  -350 -9999   270    62     1 -9999 -9999
1962 01 04 12  -111  -328 -9999     0     0     7 -9999 -9999
1962 01 04 18  -128  -289 -9999   250 -9999     2 -9999 -9999
1962 01 05 00  -211  -311 -9999   220    31     1 -9999 -9999
1962 01 05 03  -111  -250 -9999   250    51     1 -9999 -9999
1962 01 05 09   -61  -250 -9999   290    31 -9999 -9999 -9999
1962 01 05 12   -72  -300 -9999     0     0     7 -9999 -9999
1962 01 05 18  -150  -239 -9999     0     0     2 -9999 -9999
1962 01 06 03  -111  -178 -9999   270    51     2 -9999 -9999
1962 01 06 06   -72  -222 -9999   200 -9999     7 -9999 -9999
1962 01 07 03  -200  -272 -9999     0     0     0 -9999 -9999
1962 01 07 06  -122  -278 -9999   200    41 -9999 -9999 -9999
1962 01 07 12  -139  -261 -9999   220    51     7 -9999 -9999
1962 01 08 03  -172  -250 -9999   200    72     2 -9999 -9999
1962 01 08 12  -122  -300 -9999     0     0     6 -9999 -9999
1962 01 09 03  -172  -289 -9999   220    31     0 -9999 -9999
1962 01 09 12  -172  -350 -9999   220    21     1 -9999 -9999
1962 01 10 03  -150  -261 -9999   220    21     6 -9999 -9999
1962 01 10 12  -100  -261 -9999     0     0     6 -9999 -9999
1962 01 11 03  -139  -222 -9999   220    41     7 -9999 -9999
1962 01 11 12  -128  -189 -9999     0     0     7 -9999     6
1962 01 12 03  -150  -161 -9999   180    21     7 -9999 -9999
1962 01 12 12  -122  -200 -9999     0     0     8 -9999 -9999
1962 01 13 03  -200  -261 -9999     0     0     1 -9999 -9999
1962 01 13 12  -139  -278 -9999     0     0     1 -9999 -9999
1962 01 14 03  -211  -278 -9999     0     0     1 -9999 -9999
1962 01 14 12  -139  -250 -9999   190    41     8 -9999 -9999
1962 01 15 03  -178  -311 -9999     0     0     7 -9999 -9999
1962 01 15 12  -150  -272 -9999     0     0     1 -9999 -9999
1962 01 16 03  -150  -239 -9999   220    62     2 -9999 -9999
1962 01 16 12  -161  -339 -9999 -9999 -9999 -9999 -9999 -9999
1962 01 17 03  -172  -311 -9999   140    72     1 -9999 -9999
1962 01 17 12   -89  -322 -9999     0     0     1 -9999 -9999
1962 01 18 03  -178  -278 -9999     0     0     1 -9999 -9999
1962 01 18 12  -111  -328 -9999   290    62     0 -9999 -9999
1962 01 19 03  -178  -300 -9999     0     0     0 -9999 -9999
1962 01 19 12  -128  -339 -9999   250    10     1 -9999 -9999
1962 01 20 03  -139  -261 -9999   180    72     1 -9999 -9999
1962 01 20 12   -89  -322 -9999     0     0     1 -9999 -9999
1962 01 21 03  -178  -278 -9999     0     0     0 -9999 -9999
1962 01 21 12   -78  -300 -9999   270    21     2 -9999 -9999
1962 01 22 03  -122  -239 -9999   200    72     1 -9999 -9999
1962 01 23 03  -139  -200 -9999   270 -9999     7 -9999 -9999
1962 01 23 12  -150  -328 -9999     0     0     1 -9999     6
1962 01 24 03  -172  -250 -9999   180    72     0 -9999 -9999
1962 01 24 12  -111  -300 -9999   270    31     7 -9999 -9999
1962 01 25 12  -100  -322 -9999   270    21     7 -9999 -9999
1962 01 26 03  -189  -278 -9999   250    21     8 -9999 -9999
1962 01 26 12   -89  -172 -9999   220    31     7 -9999 -9999
1962 01 27 00  -211  -222 -9999     0     0     7 -9999    10
1962 01 27 03  -100  -150 -9999   200    62     7 -9999 -9999
1962 01 27 12  -100  -211 -9999   270    21     8 -9999     3
1962 01 28 03  -150  -161 -9999    40    31     8 -9999 -9999
1962 01 28 12  -161  -172 -9999   360    21     8 -9999     6
1962 01 29 03  -222  -228 -9999     0     0     1 -9999 -9999
1962 01 29 12  -211  -272 -9999   180    31     1 -9999 -9999
1962 01 30 03  -222  -250 -9999   200    31     1 -9999 -9999
1962 01 30 12  -172  -261 -9999   270    41     1 -9999     6
1962 01 31 00  -222  -272 -9999   180    82     0 -9999 -9999
1962 01 31 09  -161  -228 -9999   220    41     7 -9999 -9999
1962 01 31 12  -161  -222 -9999   220    41     6 -9999     6
1962 02 02 03  -200  -289 -9999     0     0     7 -9999 -9999
1962 02 02 12  -172 -9999 -9999   180    41     7 -9999     6
1962 02 03 03  -211  -250 -9999   200    21     7 -9999 -9999
1962 02 03 12  -150  -311 -9999     0     0     1 -9999     6
1962 02 04 03  -150  -239 -9999   200    51     2 -9999 -9999
1962 02 04 12  -139  -222 -9999   270    21     2 -9999     6
1962 02 05 03  -139  -211 -9999   200    31     3 -9999 -9999
1962 02 06 00  -161  -172 -9999   180    41     7 -9999     6
1962 02 06 03  -139  -172 -9999   180    31     7 -9999 -9999
1962 02 06 12  -122  -189 -9999   250    41     7 -9999     6
1962 02 07 00  -161  -211 -9999     0     0     1 -9999 -9999
1962 02 07 03  -189  -250 -9999   200    62     1 -9999 -9999
1962 02 07 09  -100  -200 -9999   200    82     6 -9999 -9999
1962 02 08 03  -139  -150 -9999   270   170     9 -9999 -9999
1962 02 08 12  -139  -178 -9999   200    72     8 -9999     6
1962 02 09 03  -150  -222 -9999   220    82     7 -9999 -9999
1962 02 09 12  -122  -161 -9999   220    41     8 -9999     6
1962 02 10 03  -128  -161 -9999     0     0     6 -9999 -9999
1962 02 10 12  -150  -228 -9999   270    51     1 -9999     6
1962 02 11 03  -122  -239 -9999   200    41     7 -9999 -9999
1962 02 11 12   -72  -239 -9999   250    31     7 -9999     6
1962 02 12 03  -111  -150 -9999     0     0     6 -9999 -9999
1962 02 12 12  -128  -178 -9999     0     0     3 -9999     6
1962 02 13 03  -122  -228 -9999   200    41     7 -9999 -9999
1962 02 13 12   -89  -250 -9999     0     0     2 -9999 -9999
1962 02 14 03   -89  -189 -9999   270    31     7 -9999 -9999
1962 02 14 12  -100  -200 -9999     0     0     7 -9999     6
1962 02 15 03  -122  -189 -9999   140    31     7 -9999 -9999
1962 02 15 12  -100  -211 -9999   250    21     7 -9999     6
1962 02 16 03  -122  -150 -9999   180    62     2 -9999 -9999
1962 02 16 12   -89  -222 -9999   270    21     7 -9999 -9999
1962 02 17 03  -122  -172 -9999   200    62     7 -9999 -9999
1962 02 17 12   -78  -211 -9999   270    21     1 -9999 -9999
1962 02 18 03   -78  -272 -9999   180    21     1 -9999 -9999
1962 02 18 12   -78  -200 -9999   290    21     6 -9999     6
1962 02 19 03  -111  -172 -9999   220    51     7 -9999 -9999
1962 02 19 12  -111  -161 -9999   200    31     7 -9999     6
1962 02 20 03  -100  -122 -9999   180    62     8 -9999 -9999
1962 02 20 12  -122  -222 -9999   250    10     2 -9999     6
1962 02 21 03  -161  -222 -9999     0     0     0 -9999 -9999
1962 02 21 12  -122  -222 -9999   250    51     1 -9999 -9999
1962 02 22 03  -111  -222 -9999 -9999 -9999 -9999 -9999 -9999
1962 02 22 12  -111  -328 -9999     0     0     1 -9999 -9999
1962 02 23 03  -161  -272 -9999   200    31     5 -9999 -9999
1962 02 23 12  -100  -239 -9999   220    51     1 -9999 -9999
1962 02 24 03  -128  -239 -9999     0     0     7 -9999 -9999
1962 02 24 12   -89  -228 -9999   270    31     1 -9999 -9999
1962 02 25 03  -100  -150 -9999   220    51     6 -9999 -9999
1962 02 25 12   -72  -222 -9999   220    51     7 -9999     6
1962 02 26 03  -100  -139 -9999   250    41     7 -9999 -9999
1962 02 26 12  -111  -178 -9999   250    51     5 -9999     6
1962 02 27 03  -111  -150 -9999   200    41     7 -9999 -9999
1962 02 27 12  -122  -189 -9999   360    51     7 -9999     6
1962 02 28 03  -178  -211 -9999     0     0     6 -9999 -9999
1962 02 28 12  -122  -328 -9999   270    21     2 -9999 -9999
1962 03 01 03  -139  -200 -9999   160    72     1 -9999 -9999
1962 03 01 12  -111  -250 -9999   270    31     2 -9999 -9999
1962 03 02 03  -172  -261 -9999     0     0     8 -9999 -9999
1962 03 02 06   -72  -239 -9999     0     0     7 -9999 -9999
1962 03 02 12   -89  -172 -9999    40    41     7 -9999 -9999
1962 03 03 03  -139  -178 -9999   180    31     1 -9999 -9999
1962 03 03 12   -89  -150 -9999   250    41     7 -9999 -9999
1962 03 04 03   -89  -228 -9999   140    62     7 -9999 -9999
1962 03 04 12   -89  -100 -9999   220    41     7 -9999     6
1962 03 05 03   -89  -211 -9999   180    72     7 -9999 -9999
1962 03 05 12   -61  -178 -9999   220    31     7 -9999     6
1962 03 06 03  -111  -172 -9999   270    82     7 -9999 -9999
1962 03 06 12  -100  -200 -9999   220    31     6 -9999     6
1962 03 07 03  -111  -211 -9999   250    31     7 -9999 -9999
1962 03 07 06  -100  -211 -9999   220    41     2 -9999 -9999
1962 03 07 18  -172  -189 -9999     0     0     7 -9999     3
1962 03 08 00  -139  -200 -9999   200    21     8 -9999     6
1962 03 08 03  -128  -211 -9999   270    41     7 -9999 -9999
1962 03 08 06  -111  -222 -9999   270    62     7 -9999 -9999
1962 03 08 12  -128  -222 -9999     0     0     7 -9999 -9999
1962 03 08 18  -150  -228 -9999     0     0     8 -9999 -9999
1962 03 09 00  -211  -278 -9999     0     0     5 -9999 -9999
1962 03 09 03  -172  -250 -9999   270    21     1 -9999 -9999
1962 03 09 06  -139  -278 -9999    40    41     6 -9999 -9999
1962 03 09 18  -228  -339 -9999   220    31     1 -9999 -9999
1962 03 10 00  -250  -328 -9999   290    41     7 -9999 -9999
1962 03 10 03   -89  -278 -9999     0     0     5 -9999 -9999
1962 03 10 06  -122  -278 -9999   220    62     8 -9999 -9999
1962 03 10 12  -122  -300 -9999   220    21     7 -9999 -9999
1962 03 10 18  -172  -189 -9999     0     0     1 -9999    10
1962 03 11 00  -228  -250 -9999     0     0     2 -9999 -9999
1962 03 11 03  -161  -189 -9999     0     0     7 -9999 -9999
1962 03 11 06  -100  -211 -9999   220    72     8 -9999 -9999
1962 03 11 12  -128  -272 -9999   220    41     7 -9999     6
1962 03 11 18  -161  -228 -9999   220    41     1 -9999     6
1962 03 12 00  -222  -250 -9999   200    41     1 -9999 -9999
1962 03 12 03  -150  -211 -9999   180    82     3 -9999 -9999
1962 03 12 06   -89  -228 -9999   200    82     6 -9999 -9999
1962 03 12 12  -122  -239 -9999   270    31     3 -9999     6
1962 03 12 18  -211  -239 -9999     0     0     0 -9999 -9999
1962 03 13 03  -139 -9999 -9999   140    62     0 -9999 -9999
1962 03 13 12   -89  -278 -9999   220    41     6 -9999 -9999
1962 03 13 18  -150  -261 -9999   220    31     1 -9999 -9999
1962 03 14 00  -239  -311 -9999   220    21     4 -9999 -9999
1962 03 14 03  -139  -250 -9999   340    31     7 -9999 -9999
1962 03 14 06   -39  -228 -9999   220    51     7 -9999 -9999
1962 03 14 12   -61  -228 -9999   220    31     3 -9999 -9999
1962 03 14 18  -189  -250 -9999     0     0     1 -9999 -9999
1962 03 15 00  -211  -250 -9999     0     0     2 -9999 -9999
1962 03 15 12   -61  -172 -9999    20    72     7 -9999 -9999
1962 03 15 18  -122  -128 -9999   360    62     8 -9999    30
1962 03 16 00  -150  -172 -9999    20    31     8 -9999    10
1962 03 16 03  -128  -189 -9999    20    21     8 -9999 -9999
1962 03 16 06  -100  -178 -9999    20    31     8 -9999     6
1962 03 16 12   -89  -200 -9999   340    21     7 -9999 -9999
1962 03 16 18  -161  -200 -9999     0     0     1 -9999     6
1962 03 17 00  -189  -222 -9999   200    21     1 -9999 -9999
1962 03 17 03  -128  -189 -9999   200    31     1 -9999 -9999
1962 03 17 06   -78  -228 -9999   320    51     2 -9999 -9999
1962 03 17 12   -78  -228 -9999   320    41     5 -9999 -9999
1962 03 17 18  -178  -261 -9999     0     0     1 -9999 -9999
1962 03 18 00  -222  -278 -9999   200    21     1 -9999 -9999
1962 03 18 03   -89  -239 -9999   200    51     2 -9999 -9999
1962 03 18 06   -39  -228 -9999   220    51     1 -9999 -9999
1962 03 18 12   -50  -178 -9999   220    21     3 -9999 -9999
1962 03 18 18   -72  -200 -9999   270    51     1 -9999 -9999
1962 03 19 00  -161  -222 -9999   200    31     1 -9999 -9999
1962 03 19 03   -61  -211 -9999   270    41     6 -9999 -9999
1962 03 19 06   -28  -178 -9999   220    62     7 -9999 -9999
1962 03 19 12   -39  -222 -9999   270    31     7 -9999 -9999
1962 03 19 18  -150  -239 -9999   180    31     6 -9999 -9999
1962 03 20 00  -128  -211 -9999   200    31     4 -9999 -9999
1962 03 20 03   -72  -222 -9999   220    62     3 -9999 -9999
1962 03 20 06   -50  -189 -9999   270    41     6 -9999 -9999
1962 03 20 12   -50  -250 -9999   270    21     7 -9999     6
1962 03 20 18  -172  -250 -9999   180    41     1 -9999 -9999
1962 03 21 00  -172  -239 -9999   200    51     2 -9999 -9999
1962 03 21 03   -72  -200 -9999   220    31     1 -9999 -9999
1962 03 21 06   -50  -200 -9999   250    62     7 -9999 -9999
1962 03 21 12   -89  -178 -9999   270    21     7 -9999     6
1962 03 21 18  -100  -172 -9999   270    21     2 -9999 -9999
1962 03 22 00  -128  -189 -9999   270    51     1 -9999 -9999
1962 03 22 03  -100  -200 -9999   140    82     1 -9999 -9999
1962 03 22 06   -50  -239 -9999   220    41     2 -9999 -9999
1962 03 22 12   -78  -172 -9999   270    51     8 -9999     6
1962 03 22 18  -100  -211 -9999   270    41     6 -9999     6
1962 03 23 00  -122  -178 -9999   290    31     1 -9999     6
1962 03 23 03  -100  -200 -9999   270    51     2 -9999 -9999
1962 03 23 06   -72  -239 -9999   250    51     3 -9999 -9999
1962 03 23 12   -78  -239 -9999   320    31     7 -9999 -9999
1962 03 23 18  -150  -222 -9999     0     0     1 -9999 -9999
1962 03 24 00  -178  -239 -9999     0     0     1 -9999 -9999
1962 03 24 03   -72  -228 -9999   180    31     2 -9999 -9999
1962 03 24 06   -39  -200 -9999   220    62     7 -9999 -9999
1962 03 24 12   -72  -178 -9999     0     0     6 -9999     3
1962 03 24 18  -150  -178 -9999     0     0     6 -9999 -9999
1962 03 25 00  -161  -200 -9999   220    31     7 -9999 -9999
1962 03 25 06   -61  -172 -9999   250    51     8 -9999     6
1962 03 25 12   -50  -250 -9999   250    21     2 -9999     6
1962 03 25 18  -161  -278 -9999   220    21     1 -9999 -9999
1962 03 26 00  -189  -278 -9999     0     0     6 -9999 -9999
1962 03 26 03   -72  -272 -9999   180    41     2 -9999 -9999
1962 03 26 06   -28  -239 -9999   220    62     1 -9999 -9999
1962 03 26 18   -78  -250 -9999   320    62     3 -9999 -9999
1962 03 27 00  -139  -250 -9999   360    21     7 -9999     6
1962 03 27 03  -100  -239 -9999   340    62     7 -9999 -9999
1962 03 27 06   -61  -250 -9999   340    51     7 -9999     6
1962 03 27 12   -61  -222 -9999   270    31     7 -9999 -9999
1962 03 27 18  -172  -311 -9999 -9999 -9999     0 -9999 -9999
1962 03 28 00  -211  -300 -9999     0     0     1 -9999 -9999
1962 03 28 03   -89  -300 -9999   270    10     0 -9999 -9999
1962 03 28 06   -28  -289 -9999   270    31     6 -9999 -9999
1962 03 28 09   -22  -300 -9999   270    41     3 -9999 -9999
1962 03 28 12   -39  -239 -9999   290    41     6 -9999 -9999
1962 03 28 18  -150  -311 -9999   220    41     1 -9999 -9999
1962 03 29 00  -161  -278 -9999   220    21     1 -9999 -9999
1962 03 29 03   -22  -222 -9999   160    62     1 -9999 -9999
1962 03 29 06     0  -178 -9999   270    62     6 -9999 -9999
1962 03 29 09    22  -189 -9999   250    41     7 -9999 -9999
1962 03 29 12   -11  -172 -9999   320    21     7 -9999 -9999
1962 03 29 18   -89  -222 -9999     0     0     2 -9999 -9999
1962 03 29 21  -122  -200 -9999     0     0     3 -9999 -9999
1962 03 30 00  -139  -211 -9999   200    31     1 -9999 -9999
1962 03 30 03   -28  -250 -9999   270    31     1 -9999 -9999
1962 03 30 06     0  -239 -9999   220    98     4 -9999 -9999
1962 03 30 09    22  -222 -9999   270    82     6 -9999 -9999
1962 03 30 12   -11  -300 -9999   250    21     2 -9999 -9999
1962 03 30 18  -122  -261 -9999   220    21     0 -9999 -9999
1962 03 30 21  -128  -239 -9999   320    21     1 -9999 -9999
1962 03 31 03   -28  -272 -9999     0     0     1 -9999 -9999
1962 03 31 06   -11  -239 -9999   290    62     5 -9999 -9999
1962 03 31 09   -11  -222 -9999   320    72     7 -9999 -9999
1962 03 31 12   -28  -222 -9999   290    31     6 -9999 -9999
1962 03 31 18  -122  -189 -9999    20    21     8 -9999 -9999
1962 03 31 21  -150  -200 -9999     0     0     9 -9999 -9999
