1960 01 01 12  -161  -339 -9999   320    21     8 -9999 -9999
1960 01 02 12  -122  -300 -9999   220    21     8 -9999 -9999
1960 01 04 12  -128  -339 -9999   360    10     2 -9999 -9999
1960 01 06 12 -9999 -9999 -9999   220    41 -9999 -9999 -9999
1960 01 07 03  -111  -272 -9999   250    10     2 -9999 -9999
1960 01 08 12  -139  -261 -9999   270    41     7 -9999     6
1960 01 09 12  -161  -322 -9999   220    31     0 -9999 -9999
1960 01 10 12  -122  -300 -9999     0     0     2 -9999 -9999
1960 01 12 03  -122  -228 -9999   250    41     2 -9999 -9999
1960 01 14 12  -111  -300 -9999   200    51     3 -9999 -9999
1960 01 15 12  -111  -300 -9999   270    21     3 -9999 -9999
1960 01 16 12  -100  -361 -9999   220    10     0 -9999 -9999
1960 01 17 12  -161  -339 -9999   270    21     6 -9999 -9999
1960 01 19 12  -128  -311 -9999   270    21     7 -9999 -9999
1960 01 20 12  -100  -361 -9999   250    41     0 -9999 -9999
1960 01 22 12  -128  -289 -9999     0     0     2 -9999 -9999
1960 01 23 12  -161  -339 -9999   220    41     3 -9999 -9999
1960 01 24 12  -128  -311 -9999   270    31     7 -9999 -9999
1960 01 25 12  -139  -350 -9999   270    51     0 -9999 -9999
1960 01 27 12  -111  -372 -9999   220    51 -9999 -9999 -9999
1960 01 28 12  -128  -311 -9999   250    21     7 -9999 -9999
1960 01 29 12  -100  -322 -9999   250    31     5 -9999 -9999
1960 01 31 12   -39  -272 -9999   250    10     1 -9999 -9999
1960 02 02 12   -11  -222 -9999   250    72     6 -9999 -9999
1960 02 04 12  -100  -389 -9999   290    41     7 -9999 -9999
1960 02 06 12   -78  -250 -9999   170    21     7 -9999 -9999
1960 02 07 12   -72  -300 -9999   220    10     6 -9999 -9999
1960 02 09 12   -50  -278 -9999   270    10     1 -9999 -9999
1960 02 10 12   -28  -278 -9999   220    21     7 -9999 -9999
1960 02 12 12   -39  -211 -9999   270    31     5 -9999 -9999
1960 02 13 12   -78  -272 -9999   290    31     6 -9999 -9999
1960 02 14 12   -61  -239 -9999   250    31     7 -9999 -9999
1960 02 15 12   -61  -278 -9999   270    10     7 -9999 -9999
1960 02 16 12   -61  -239 -9999     0     0     8 -9999 -9999
1960 02 17 12   -72  -300 -9999   270    31     7 -9999 -9999
1960 02 18 12   -78  -300 -9999   250    41     7 -9999 -9999
1960 02 19 12  -122  -300 -9999   290    31     8 -9999 -9999
1960 02 20 12   -61  -300 -9999   200    41     7 -9999 -9999
1960 02 21 12   -72  -250 -9999     0     0     8 -9999 -9999
1960 02 22 12   -72  -250 -9999   250    41     7 -9999 -9999
1960 02 24 12   -61  -278 -9999   200    72     7 -9999 -9999
1960 02 25 12   -78  -300 -9999     0     0     7 -9999 -9999
1960 02 27 12  -100  -239 -9999   290    31     7 -9999 -9999
1960 02 28 12  -100  -322 -9999   220    41     7 -9999 -9999
1960 02 29 12   -72  -300 -9999   290    21     7 -9999     6
1960 03 01 12  -100  -300 -9999   320    21     8 -9999     6
1960 03 02 18  -100  -278 -9999   320    41     7 -9999     6
1960 03 03 12   -72  -350 -9999   290    31     7 -9999 -9999
1960 03 05 12   -89  -161 -9999   200    41     7 -9999     3
1960 03 06 12   -72  -178 -9999   200    72     7 -9999 -9999
1960 03 07 12   -78  -161 -9999   250    41     7 -9999 -9999
1960 03 08 12  -100  -128 -9999   220    62     8 -9999     3
1960 03 09 12   -72  -178 -9999   250    41     7 -9999 -9999
1960 03 10 12   -72  -239 -9999   200    98     7 -9999 -9999
1960 03 11 12   -39  -211 -9999   200    72 -9999 -9999 -9999
1960 03 12 12   -50  -128 -9999   290    31     7 -9999     6
1960 03 13 12   -50  -189 -9999   270    21     4 -9999     6
1960 03 14 12   -28  -272 -9999   290    31     7 -9999 -9999
1960 03 15 12   -39  -300 -9999   300    41 -9999 -9999 -9999
1960 03 16 12   -11  -272 -9999   200    51     7 -9999 -9999
1960 03 17 12   -61  -272 -9999   290    10     7 -9999 -9999
1960 03 18 12   -39  -300 -9999   220    51     7 -9999 -9999
1960 03 19 12   -50  -300 -9999   220    51     7 -9999 -9999
1960 03 21 12   -28  -278 -9999   200    41     7 -9999 -9999
1960 03 23 12   -89  -322 -9999   250    51     8 -9999     6
1960 03 24 12  -111  -328 -9999   320    51     3 -9999     6
1960 03 25 12   -78  -322 -9999   320    62     8 -9999     6
1960 03 27 12  -100  -272 -9999   220    31     7 -9999 -9999
1960 03 30 12   -11  -228 -9999   250    41     7 -9999 -9999
1960 04 02 12   -39  -300 -9999   310    41     2 -9999 -9999
1960 04 04 12   -22  -289 -9999   250    41     8 -9999 -9999
1960 04 05 12   -28  -222 -9999   270    31     7 -9999     6
1960 04 06 12   -22 -9999 -9999   220    72     7 -9999 -9999
1960 04 07 12   -50  -161 -9999   200    31     8 -9999     6
1960 04 08 12   -11  -250 -9999   220    51     7 -9999 -9999
1960 04 09 12   -28  -228 -9999   200    82     8 -9999     6
1960 04 11 12   -28  -228 -9999   250    51     7 -9999     6
1960 04 12 12    22  -250 -9999   270    21     7 -9999 -9999
1960 04 13 12    39  -228 -9999   250    51     6 -9999 -9999
1960 04 15 12    22  -239 -9999   270    51     7 -9999 -9999
1960 04 16 12    50  -211 -9999   320    41     7 -9999 -9999
1960 04 17 12    50  -222 -9999   290    41     8 -9999 -9999
1960 04 18 12    39  -139 -9999   250    51     6 -9999     6
1960 04 20 12    28  -250 -9999   250    41     8 -9999 -9999
1960 04 22 12 -9999 -9999 -9999    40    41     7 -9999 -9999
1960 04 23 12    22  -172 -9999   200    41     8 -9999     6
1960 04 24 12   -22  -122 -9999   220    41     7 -9999     6
1960 04 25 12    11  -250 -9999   320    41     7 -9999 -9999
1960 04 27 12    22  -272 -9999   220    51     7 -9999 -9999
1960 04 29 12   -28  -200 -9999 -9999 -9999     7 -9999     6
1960 04 30 12   -61   -72 -9999    20    41     7 -9999    20
1960 05 01 12   -50   -61 -9999     0     0     7 -9999 -9999
1960 05 02 12    39  -322 -9999   290    41     7 -9999 -9999
1960 05 03 12    61  -328 -9999   220    21     7 -9999 -9999
1960 05 04 12 -9999 -9999 -9999   250    31     7 -9999 -9999
1960 05 06 12    72 -9999 -9999   250    31     2 -9999 -9999
1960 05 08 12    28  -278 -9999    20    31     7 -9999 -9999
1960 05 10 12     0  -178 -9999   340    82     7 -9999 -9999
1960 05 11 12   -11  -128 -9999   340    51     2 -9999     6
1960 05 13 12    22  -161 -9999   330    51     7 -9999 -9999
1960 05 14 12    61  -211 -9999   320    31     2 -9999 -9999
1960 05 15 12    78  -278 -9999   200    41     8 -9999 -9999
1960 05 16 12    22   -50 -9999   320    21     7 -9999     6
1960 05 17 12    22   -28 -9999   220    10     7 -9999    30
1960 05 20 12    22   -50 -9999    20    31 -9999 -9999     6
1960 05 21 18     0   -89 -9999     0     0     2 -9999 -9999
1960 05 23 12   122   -72 -9999   220    51     2 -9999 -9999
1960 05 24 12    78  -122 -9999   340    82     2 -9999 -9999
1960 05 25 12    50   -72 -9999    40    82     7 -9999 -9999
1960 05 26 12   100   -89 -9999   290    41 -9999 -9999     6
1960 05 27 12 -9999 -9999 -9999   220    41 -9999 -9999     6
1960 05 28 12   122   -61 -9999   200    82     3 -9999 -9999
1960 05 29 12   150  -128 -9999   270    51     2 -9999     6
1960 05 30 12    28   -39 -9999    20    10     7 -9999     6
1960 06 01 12     0     0 -9999   360    41 -9999 -9999    30
1960 06 02 12    22     0 -9999    20    62     8 -9999    20
1960 06 03 12    39   -50 -9999   340    21     7 -9999     6
1960 06 05 12    11   -22 -9999     0     0     8 -9999     6
1960 06 07 12    50  -150 -9999   340    31     3 -9999 -9999
1960 06 08 03    39   -78 -9999     0     0     1 -9999 -9999
1960 06 08 12   100  -200 -9999    40    10     6 -9999 -9999
1960 06 09 12 -9999 -9999 -9999     0     0     7 -9999 -9999
1960 06 10 12    39     0 -9999    40    72     7 -9999    10
1960 06 11 12    28    11 -9999    20    62     8 -9999     5
1960 06 12 03    22  -128 -9999   180    10     6 -9999 -9999
1960 06 12 12     0     0 -9999    40    62     8 -9999 -9999
1960 06 13 03    11   -22 -9999     0     0     7 -9999 -9999
1960 06 13 12    61   -22 -9999     0     0     2 -9999     6
1960 06 15 12   139  -139 -9999   250    62     2 -9999 -9999
1960 06 16 03   100  -139 -9999   220    41     1 -9999 -9999
1960 06 16 12   139  -128 -9999   250    31     4 -9999 -9999
1960 06 17 03    72     0 -9999   180    21     7 -9999 -9999
1960 06 18 03    89    11 -9999   180    41     6 -9999 -9999
1960 06 18 12   150  -172 -9999   270    21 -9999 -9999 -9999
1960 06 19 03 -9999 -9999 -9999     0     0 -9999 -9999 -9999
1960 06 19 12    72    22 -9999    40    62     8 -9999     3
1960 06 20 03    11     0 -9999   360    31     7 -9999 -9999
1960 06 20 12    50    28 -9999    10    31     7 -9999     6
1960 06 21 03    50    11 -9999    20    21     7 -9999 -9999
1960 06 21 12    78    22 -9999     0     0     8 -9999    10
1960 06 22 03    61    22 -9999     0     0 -9999 -9999 -9999
1960 06 22 12   111    22 -9999     0     0     7 -9999     6
1960 06 23 03    22    22 -9999     0     0 -9999 -9999 -9999
1960 06 23 12    89    22 -9999   340    62     7 -9999     6
1960 06 24 03    11     0 -9999    20    62     8 -9999 -9999
1960 06 26 03    28     0 -9999     0     0     7 -9999 -9999
1960 06 26 12    28    11 -9999     0     0     7 -9999     3
1960 06 27 03    39     0 -9999     0     0     7 -9999 -9999
1960 06 27 12    39    28 -9999    40    62     7 -9999     3
1960 06 29 12    61   -39 -9999   340    41     3 -9999     6
1960 07 01 12   128   -28 -9999   180    82     3 -9999     6
1960 07 02 12    72    22 -9999   200    62     7 -9999    20
1960 07 03 12   100     0 -9999   200    51     7 -9999 -9999
1960 07 04 12    78    28 -9999   220    31     7 -9999    40
1960 07 05 12    78    39 -9999    20    41     7 -9999     6
1960 07 06 03    72    22 -9999    20    31     3 -9999 -9999
1960 07 07 03    22    11 -9999    20    41     8 -9999 -9999
1960 07 07 12    89   -22 -9999 -9999    51 -9999 -9999     6
1960 07 08 03    72   -39 -9999   360    82     3 -9999 -9999
1960 07 08 12   100  -100 -9999   360    51     1 -9999     6
1960 07 09 03    61   -61 -9999   340    21     6 -9999 -9999
1960 07 09 12   100  -100 -9999   340    62     6 -9999 -9999
1960 07 10 03    72   -39 -9999     0     0     0 -9999 -9999
1960 07 10 12   122  -100 -9999     0     0     2 -9999 -9999
1960 07 11 03   111  -100 -9999   200    41 -9999 -9999 -9999
1960 07 12 03   122   -11 -9999   200    82     8 -9999 -9999
1960 07 12 12    50    28 -9999   360    21     8 -9999 -9999
1960 07 13 03    61     0 -9999    40    10     7 -9999 -9999
1960 07 13 12   111   -22 -9999    20    51     7 -9999     6
1960 07 14 03    50    22 -9999   200    31     7 -9999 -9999
1960 07 14 12   122   -22 -9999    40    21     2 -9999     6
1960 07 15 03   122   -22 -9999   180    51     1 -9999 -9999
1960 07 15 12    89 -9999 -9999   340    21 -9999 -9999     3
1960 07 16 12 -9999 -9999 -9999    40    51     7 -9999 -9999
1960 07 18 03    72    28 -9999   220    51     7 -9999 -9999
1960 07 19 03    72    28 -9999     0     0     7 -9999 -9999
1960 07 20 03   100    39 -9999   180    62     4 -9999 -9999
1960 07 20 12   100    39 -9999    40 -9999 -9999 -9999     6
1960 07 22 12    72    39 -9999   360    21     7 -9999    30
1960 07 23 12    72    39 -9999    40    41     8 -9999    50
1960 07 24 03    61    22 -9999    40    41     2 -9999 -9999
1960 07 24 12   100     0 -9999    20    51     4 -9999 -9999
1960 07 25 03    72 -9999 -9999    20 -9999     2 -9999 -9999
1960 07 25 12   139 -9999 -9999    20    41     2 -9999 -9999
1960 07 26 03   111   -11 -9999   260    31     1 -9999 -9999
1960 07 26 12   150   -28 -9999   160    31     4 -9999 -9999
1960 07 27 03    39    39 -9999    40    51     8 -9999 -9999
1960 07 28 03    89    39 -9999     0     0     7 -9999 -9999
1960 07 28 12    78    22 -9999   320    31     7 -9999    70
1960 07 29 03    78 -9999 -9999 -9999 -9999     7 -9999 -9999
1960 07 29 12    39 -9999 -9999    70    41     7 -9999    30
1960 07 31 12   122   -11 -9999    40 -9999 -9999 -9999 -9999
1960 08 02 12    89    50 -9999    20    62     6 -9999     6
1960 08 04 12   111    61 -9999     0     0     7 -9999    30
1960 08 05 12   150    28 -9999   180    41     6 -9999 -9999
1960 08 06 12   150    28 -9999   220    21     7 -9999     6
1960 08 07 12    72    39 -9999   340    21     8 -9999   100
1960 08 08 12    78    39 -9999   360    51     7 -9999     3
1960 08 09 12    89    11 -9999   270    41     7 -9999     6
1960 08 11 12    72   -28 -9999    40    51     7 -9999 -9999
1960 08 13 12 -9999 -9999 -9999 -9999 -9999     8 -9999     6
1960 08 15 12   111   -61 -9999     0     0     1 -9999     6
1960 08 16 12   122   -39 -9999   220    41     4 -9999 -9999
1960 08 17 12   100 -9999 -9999     0     0     8 -9999 -9999
1960 08 19 03    28    11 -9999    20    41     8 -9999 -9999
1960 08 20 12    22     0 -9999    90    82     7 -9999     6
1960 08 22 03 -9999 -9999 -9999     0     0     7 -9999 -9999
1960 08 22 12    39    28 -9999    40 -9999     7 -9999     6
1960 08 24 12    78    22 -9999    20    21 -9999 -9999 -9999
1960 08 25 12    61     0 -9999    40    51 -9999 -9999     6
1960 08 26 12    61   -11 -9999   320    72     7 -9999     6
1960 08 30 12    78   -22 -9999    20    41     6 -9999 -9999
1960 08 31 12    72    11 -9999     0     0     3 -9999     6
1960 11 02 12   -61 -9999 -9999   290    41     1 -9999 -9999
1960 11 06 12   -72  -200 -9999     0     0     7 -9999 -9999
1960 11 10 03   -78  -222 -9999     0     0     7 -9999 -9999
1960 11 10 12   -78 -9999 -9999   290    41     4 -9999     6
1960 11 11 12   -72  -278 -9999   250    21     5 -9999 -9999
1960 11 12 12   -61  -272 -9999   250    31     3 -9999 -9999
1960 11 14 12   -39  -272 -9999     0     0     6 -9999 -9999
1960 11 16 12   -28  -272 -9999   250    41     0 -9999 -9999
1960 11 19 12   -72  -300 -9999   250    31     1 -9999 -9999
1960 11 20 03   -78  -322 -9999   220    51     7 -9999 -9999
1960 11 20 12   -50  -239 -9999   270    41     1 -9999 -9999
1960 11 21 12   -61  -272 -9999   250    21     1 -9999 -9999
1960 11 22 12   -72  -228 -9999     0     0     4 -9999 -9999
1960 11 23 12  -100  -239 -9999   290    31     4 -9999 -9999
1960 11 24 12   -89  -322 -9999   280    21     1 -9999 -9999
1960 11 25 12   -72  -300 -9999   280    21     0 -9999 -9999
1960 11 27 03   -50  -300 -9999     0     0     7 -9999 -9999
1960 11 27 12   -39  -239 -9999   250    31     1 -9999 -9999
1960 11 28 12   -89  -239 -9999   250    21     8 -9999 -9999
1960 11 29 12  -139  -189 -9999     0     0     3 -9999     6
1960 11 30 12  -139  -278 -9999   220    41     1 -9999 -9999
1960 12 01 12   -39  -300 -9999   250    31     1 -9999 -9999
1960 12 03 12   -72  -322 -9999   250    31     0 -9999 -9999
1960 12 05 12   -39  -250 -9999   270    31     6 -9999 -9999
1960 12 06 12   -50  -272 -9999   220    10     1 -9999 -9999
1960 12 07 12  -122  -300 -9999   220    21     1 -9999 -9999
1960 12 08 12  -122  -328 -9999   290    21     1 -9999 -9999
1960 12 11 12  -128  -311 -9999   270    21     0 -9999 -9999
1960 12 12 12  -100  -322 -9999   250    21     0 -9999 -9999
1960 12 13 12   -72  -272 -9999   250    31     1 -9999 -9999
1960 12 14 12   -61  -278 -9999   270    31     1 -9999 -9999
1960 12 15 12   -39  -222 -9999   250    41     3 -9999 -9999
1960 12 16 12   -78  -272 -9999   270    31     2 -9999 -9999
1960 12 17 12 -9999 -9999 -9999     0     0 -9999 -9999 -9999
1960 12 20 03  -200  -278 -9999   360    31     1 -9999 -9999
1960 12 20 12  -122 -9999 -9999     0     0     0 -9999 -9999
1960 12 21 12  -100  -350 -9999     0     0     8 -9999 -9999
1960 12 22 12 -9999 -9999 -9999   250    21     7 -9999 -9999
1960 12 23 12  -100  -239 -9999     0     0     2 -9999 -9999
1960 12 25 12   -72  -300 -9999     0     0     3 -9999 -9999
1960 12 26 12   -61 -9999 -9999   270    82     6 -9999     6
1960 12 28 03   -72  -272 -9999   200    31     1 -9999 -9999
1960 12 28 12   -61  -278 -9999   270    21     1 -9999 -9999
1960 12 29 12   -61  -300 -9999   270    21 -9999 -9999 -9999
1960 12 30 12   -72  -278 -9999   270    41     1 -9999 -9999
