1979 09 06 00   180   170 -9999     0     0     8 -9999 -9999
1979 09 07 06   300   220 -9999     0     0     7 -9999 -9999
1979 09 13 00    80    70 -9999     0     0     7 -9999 -9999
1979 09 24 15    80    50 -9999     0     0     2 -9999 -9999
1979 10 02 21    50    40 -9999     0     0     8 -9999 -9999
1979 10 03 15    80    70 -9999     0     0     8 -9999 -9999
1979 10 04 15    90    70 -9999     0     0     7 -9999 -9999
1979 10 07 00   230   220 -9999     0     0     8 -9999 -9999
1979 10 12 06   300   230 -9999   220    40     7 -9999 -9999
1979 10 17 15   150    40 -9999   140    10     7 -9999 -9999
1979 10 18 09   170    30 -9999   270    10     3 -9999 -9999
1979 10 19 21   190    30 -9999   320    20     0 -9999 -9999
1979 10 20 03   270   240 -9999   140    60     7 -9999 -9999
1979 10 21 12    90  -170 -9999     0     0     1 -9999 -9999
1979 10 28 09   290    50 -9999   170    30     1 -9999 -9999
1979 10 29 03   240   220 -9999     0     0     7 -9999 -9999
1979 11 08 06   170   -60 -9999   220    20     2 -9999     0
1979 11 14 06   240   240 -9999    20    60     8 -9999 -9999
1979 11 17 09   150 -9999 -9999   180    40     7 -9999 -9999
1979 11 21 21    30  -110 -9999     0     0     7 -9999 -9999
1979 11 23 15 -9999 -9999 -9999     0     0     4 -9999 -9999
1979 11 23 21    40    40 -9999 -9999 -9999     8 -9999 -9999
1979 11 27 00   -40  -190 -9999     0     0     3 -9999 -9999
1979 12 11 12   100    60 -9999     0     0     8 -9999 -9999
1979 12 21 00 -9999 -9999 -9999     0     0     7 -9999 -9999
1979 12 29 03   270   230 -9999    10    40     8 -9999 -9999
