1964 01 01 06   -61  -122 -9999   290    21     7 -9999     6
1964 01 01 09     0  -228 -9999   290    62     2 -9999 -9999
1964 01 02 00  -222  -250 -9999     0     0     0 -9999 -9999
1964 01 02 21  -211  -239 -9999     0     0     0 -9999 -9999
1964 01 03 09    50  -361 -9999   250    62     5 -9999 -9999
1964 01 03 21  -189  -250 -9999     0     0     0 -9999 -9999
1964 01 04 00  -211  -239 -9999     0     0     0 -9999 -9999
1964 01 04 06    11  -228 -9999     0     0     1 -9999 -9999
1964 01 04 09    61  -250 -9999     0     0     6 -9999 -9999
1964 01 04 21  -122  -200 -9999     0     0     1 -9999 -9999
1964 01 05 00  -178  -228 -9999   320    10     1 -9999 -9999
1964 01 05 06   -11  -239 -9999   110    10     8 -9999 -9999
1964 01 05 21  -150  -239 -9999     0     0     1 -9999 -9999
1964 01 06 00  -178  -228 -9999     0     0     2 -9999 -9999
1964 01 06 06    22  -161 -9999   140    21     7 -9999 -9999
1964 01 06 09    50  -300 -9999   120    21     8 -9999 -9999
1964 01 07 00  -161  -189 -9999     0     0     1 -9999 -9999
1964 01 07 06    72  -139 -9999     0     0     5 -9999 -9999
1964 01 07 09   150  -272 -9999   270    51     1 -9999 -9999
1964 01 07 21  -128  -172 -9999     0     0     0 -9999 -9999
1964 01 08 00  -150  -178 -9999     0     0     1 -9999 -9999
1964 01 08 06    78  -178 -9999   200    21     1 -9999 -9999
1964 01 08 21  -139  -172 -9999     0     0     0 -9999 -9999
1964 01 09 00  -128  -161 -9999    20    21     7 -9999 -9999
1964 01 09 06    61  -128 -9999   160    10     1 -9999 -9999
1964 01 09 09   139  -239 -9999   150    10     7 -9999 -9999
1964 01 09 21   -78  -172 -9999     0     0     1 -9999 -9999
1964 01 10 00  -111  -150 -9999     0     0     1 -9999 -9999
1964 01 10 06    61   -89 -9999     0     0     7 -9999 -9999
1964 01 10 09    72  -128 -9999   290    51     7 -9999 -9999
1964 01 10 21  -111  -122 -9999     0     0     0 -9999 -9999
1964 01 11 06     0  -128 -9999   270    10     7 -9999 -9999
1964 01 11 09    11   -89 -9999     0     0 -9999 -9999 -9999
1964 01 12 00   -89  -122 -9999     0     0     7 -9999 -9999
1964 01 12 21  -100  -128 -9999   270    21     8 -9999 -9999
1964 01 13 00   -78  -128 -9999     0     0     8 -9999 -9999
1964 01 13 06    28  -100 -9999   270    21     7 -9999 -9999
1964 01 13 09    50  -139 -9999   290    41     7 -9999 -9999
1964 01 13 21   -39   -72 -9999     0     0     8 -9999 -9999
1964 01 14 06    28   -72 -9999     0     0     3 -9999     6
1964 01 15 21    78  -100 -9999     0     0     8 -9999 -9999
1964 01 16 00  -100  -111 -9999   270    10     8 -9999    10
1964 01 17 00   -28  -150 -9999     0     0     2 -9999 -9999
1964 01 17 06  -100  -172 -9999     0     0     8 -9999     6
1964 01 18 06  -100  -200 -9999     0     0     8 -9999 -9999
1964 01 18 09   -89  -161 -9999     0     0     8 -9999 -9999
1964 01 18 21  -172  -189 -9999     0     0 -9999 -9999 -9999
1964 01 19 00  -189  -222 -9999     0     0     2 -9999     6
1964 01 19 06   -89  -161 -9999     0     0     8 -9999 -9999
1964 01 19 09   -89  -139 -9999     0     0     8 -9999 -9999
1964 01 19 21  -189  -222 -9999     0     0     2 -9999 -9999
1964 01 20 00  -189  -211 -9999     0     0     8 -9999 -9999
1964 01 20 06   -72  -139 -9999   250    21     7 -9999 -9999
1964 01 20 09   -22  -222 -9999   290    21     7 -9999 -9999
1964 01 21 00  -178  -211 -9999     0     0     1 -9999 -9999
1964 01 21 09    39  -172 -9999   250    41     7 -9999 -9999
1964 01 22 00  -161  -278 -9999     0     0     2 -9999 -9999
1964 01 22 06   -22  -122 -9999     0     0     7 -9999 -9999
1964 01 22 09     0  -100 -9999   270    10     8 -9999 -9999
1964 01 23 21   -89  -111 -9999     0     0     8 -9999 -9999
1964 01 24 00  -100  -122 -9999     0     0     8 -9999 -9999
1964 01 24 06   -28  -100 -9999     0     0     7 -9999 -9999
1964 01 24 21   -61  -100 -9999     0     0     8 -9999 -9999
1964 01 25 00   -72   -78 -9999     0     0     8 -9999     5
1964 01 25 06    11   -89 -9999     0     0     2 -9999     5
1964 01 25 09   -11   -89 -9999    70    21     8 -9999 -9999
1964 01 25 21   -28   -39 -9999     0     0     8 -9999 -9999
1964 01 26 00   -78   -89 -9999     0     0     8 -9999    10
1964 01 26 06   -50  -150 -9999     0     0     8 -9999    20
1964 01 26 09   -28  -100 -9999     0     0     8 -9999 -9999
1964 01 27 00  -200  -222 -9999     0     0     1 -9999     6
1964 01 27 09   -72  -139 -9999   270    10     1 -9999 -9999
1964 01 27 21  -139  -172 -9999     0     0     8 -9999 -9999
1964 01 28 00  -150  -172 -9999     0     0     8 -9999 -9999
1964 01 28 06   -61  -139 -9999     0     0     7 -9999 -9999
1964 01 29 00  -189  -228 -9999     0     0     2 -9999 -9999
1964 01 29 09   -50  -150 -9999   270    21     2 -9999 -9999
1964 01 30 06   -72  -161 -9999   250    21     8 -9999 -9999
1964 01 30 09   -72  -150 -9999   250    10     8 -9999 -9999
1964 01 30 21  -189  -211 -9999     0     0     3 -9999 -9999
1964 01 31 00  -211  -228 -9999     0     0     1 -9999 -9999
1964 01 31 06   -78  -150 -9999   250    21     1 -9999 -9999
1964 01 31 09   -28  -122 -9999    40    21     1 -9999 -9999
1964 01 31 21  -150  -178 -9999     0     0     7 -9999 -9999
1964 02 01 00  -150  -178 -9999     0     0     8 -9999 -9999
1964 02 01 09   -28  -128 -9999   270    10     7 -9999 -9999
1964 02 02 00  -100  -122 -9999     0     0 -9999 -9999     5
1964 02 02 06   -28  -111 -9999   220    10     8 -9999     6
1964 02 02 09   -11   -89 -9999   250    21     7 -9999 -9999
1964 02 03 00  -122  -139 -9999     0     0     7 -9999     6
1964 02 03 06   -22  -111 -9999     0     0     6 -9999     6
1964 02 03 21   -61   -89 -9999     0     0     8 -9999 -9999
1964 02 04 00   -78   -89 -9999    90    21     8 -9999     5
1964 02 04 06   -22   -89 -9999     0     0     7 -9999     6
1964 02 05 00  -139  -172 -9999     0     0     6 -9999 -9999
1964 02 05 06   -28  -111 -9999   290    21     8 -9999 -9999
1964 02 05 09    11  -211 -9999   270    51     7 -9999 -9999
1964 02 05 21  -139  -161 -9999     0     0     0 -9999 -9999
1964 02 06 00  -139  -161 -9999     0     0     7 -9999 -9999
1964 02 06 09    39  -161 -9999   270    21     7 -9999 -9999
1964 02 06 21  -111  -128 -9999     0     0     3 -9999 -9999
1964 02 07 00  -128  -150 -9999     0     0     7 -9999 -9999
1964 02 07 06    28  -250 -9999   290    41     7 -9999 -9999
1964 02 07 09    28  -211 -9999   290    31     7 -9999 -9999
1964 02 07 21   -78   -89 -9999   270    10     5 -9999 -9999
1964 02 08 06    11  -128 -9999   290    72     7 -9999     6
1964 02 08 09     0  -200 -9999   320    62     7 -9999 -9999
1964 02 09 00  -139  -172 -9999     0     0     1 -9999 -9999
1964 02 09 06    11  -139 -9999   250    21     7 -9999 -9999
1964 02 09 09    28  -172 -9999   220    31     8 -9999 -9999
1964 02 09 21   -89  -122 -9999     0     0     1 -9999 -9999
1964 02 10 00  -122  -150 -9999     0     0     3 -9999 -9999
1964 02 10 06    22  -139 -9999     0     0     7 -9999 -9999
1964 02 10 09    50  -128 -9999     0     0     7 -9999 -9999
1964 02 11 00  -100  -128 -9999     0     0     8 -9999 -9999
1964 02 11 06     0  -122 -9999     0     0     7 -9999 -9999
1964 02 11 09     0  -111 -9999    20    41     8 -9999 -9999
1964 02 11 21   -78   -89 -9999     0     0     8 -9999 -9999
1964 02 12 00  -100  -111 -9999   290    21     8 -9999     3
1964 02 12 06   -11   -72 -9999   160    21     6 -9999     6
1964 02 12 09    28  -111 -9999   190    10     2 -9999 -9999
1964 02 12 21  -111  -139 -9999     0     0     2 -9999 -9999
1964 02 13 00  -139  -161 -9999     0     0     1 -9999 -9999
1964 02 13 06    11  -139 -9999   220    21     7 -9999 -9999
1964 02 13 09    50  -139 -9999   220    41     7 -9999 -9999
1964 02 14 00   -78  -111 -9999     0     0     7 -9999 -9999
1964 02 14 06    50  -128 -9999   250    21     7 -9999 -9999
1964 02 14 09    39  -239 -9999   270    41     7 -9999 -9999
1964 02 15 00   -89  -122 -9999     0     0     8 -9999 -9999
1964 02 15 09    78  -161 -9999     0     0     8 -9999 -9999
1964 02 16 00   -39   -50 -9999   290    21     8 -9999    40
1964 02 16 06   -11   -39 -9999   270    21     8 -9999     5
1964 02 16 09   -22   -50 -9999   360    21     8 -9999 -9999
1964 02 16 21   -89  -100 -9999     0     0     6 -9999 -9999
1964 02 17 21   -39   -78 -9999     0     0     7 -9999 -9999
1964 02 18 00   -61   -89 -9999     0     0     6 -9999 -9999
1964 02 18 06    50   -39 -9999   270    21     7 -9999     6
1964 02 18 21   -39   -78 -9999     0     0     2 -9999 -9999
1964 02 19 00   -72   -89 -9999    40    21     7 -9999 -9999
1964 02 19 09    50   -78 -9999   280    10     7 -9999 -9999
1964 02 20 06     0  -100 -9999   110    21     8 -9999 -9999
1964 02 21 00   -72  -100 -9999     0     0     6 -9999 -9999
1964 02 21 06    61  -178 -9999   290 -9999     8 -9999 -9999
1964 02 21 09    50  -200 -9999   340    21     8 -9999 -9999
1964 02 21 21   -22   -50 -9999    90    31     8 -9999 -9999
1964 02 22 00   -39   -50 -9999    90    31     8 -9999     5
1964 02 22 06    11   -39 -9999     0     0     8 -9999     6
1964 02 22 09    50  -100 -9999   320    72     7 -9999 -9999
1964 02 22 21   -28   -50 -9999     0     0     8 -9999 -9999
1964 02 23 06    39   -78 -9999   120    10     2 -9999 -9999
1964 02 24 00   -39   -61 -9999     0     0     8 -9999    10
1964 02 24 06    11   -61 -9999   250    10     8 -9999    10
1964 02 24 21   -61  -111 -9999   140    21     8 -9999 -9999
1964 02 25 00   -78   -89 -9999     0     0     8 -9999     5
1964 02 25 06   -39  -100 -9999   270    21     8 -9999     3
1964 02 25 09   -22  -111 -9999    80    21     7 -9999 -9999
1964 02 26 06     0  -178 -9999     0     0     1 -9999     6
1964 02 26 09    11  -200 -9999   290    41     1 -9999 -9999
1964 02 27 00  -139  -178 -9999     0     0     1 -9999 -9999
1964 02 27 06   -11  -139 -9999   250    10     2 -9999 -9999
1964 02 27 09    28  -172 -9999   220    10     7 -9999 -9999
1964 02 28 00  -100  -128 -9999     0     0     1 -9999 -9999
1964 02 28 06    39  -150 -9999   270    51     7 -9999     6
1964 02 28 09    39  -228 -9999   310    51     7 -9999 -9999
1964 02 28 21  -111  -139 -9999     0     0     2 -9999 -9999
1964 02 29 00   -28  -150 -9999     0     0     8 -9999 -9999
1964 02 29 06    39  -128 -9999   180    10     1 -9999 -9999
1964 02 29 09    72  -161 -9999   220    41     7 -9999 -9999
1964 02 29 21   -11  -100 -9999     0     0     7 -9999 -9999
1964 03 01 06    72  -122 -9999     0     0     8 -9999 -9999
1964 03 01 09    61  -161 -9999   360    31     8 -9999 -9999
1964 03 01 21   -50   -61 -9999     0     0     7 -9999 -9999
1964 03 02 00   -61   -78 -9999     0     0     7 -9999     5
1964 03 02 06    50  -250 -9999   290    82     7 -9999     6
1964 03 02 21   -61  -100 -9999     0     0     0 -9999 -9999
1964 03 03 00   -72  -111 -9999     0     0     1 -9999 -9999
1964 03 03 09    89  -178 -9999   270    51     5 -9999 -9999
1964 03 04 00   -50   -89 -9999     0     0     2 -9999 -9999
1964 03 04 06    89  -161 -9999   180    10     2 -9999 -9999
1964 03 04 09    89  -100 -9999     0     0     7 -9999 -9999
1964 03 04 21   -50   -72 -9999     0     0     1 -9999 -9999
1964 03 05 00   -72   -89 -9999     0     0     1 -9999 -9999
1964 03 05 21   -78  -139 -9999   320    21     1 -9999 -9999
1964 03 06 00   -89  -128 -9999     0     0     7 -9999 -9999
1964 03 06 06   -61  -128 -9999     0     0     7 -9999 -9999
1964 03 06 09    50  -100 -9999   180    21     7 -9999 -9999
1964 03 06 21   -72   -89 -9999     0     0     0 -9999 -9999
1964 03 07 00   -61   -72 -9999     0     0     8 -9999 -9999
1964 03 07 06    72   -61 -9999   140    31     8 -9999 -9999
1964 03 07 21   -72  -100 -9999   290    21     2 -9999 -9999
1964 03 08 09    72  -222 -9999   290    21     7 -9999 -9999
1964 03 08 21   -39   -89 -9999     0     0     2 -9999 -9999
1964 03 09 00   -72  -111 -9999     0     0     1 -9999 -9999
1964 03 09 06    72  -172 -9999   250    10     7 -9999 -9999
1964 03 09 21   -78  -122 -9999     0     0     1 -9999 -9999
1964 03 10 00   -89  -111 -9999     0     0     0 -9999 -9999
1964 03 10 06    89  -122 -9999     0     0     7 -9999 -9999
1964 03 10 09   100  -200 -9999   290    51     7 -9999 -9999
1964 03 11 00   -72   -89 -9999     0     0     0 -9999 -9999
1964 03 11 06   -11   -78 -9999     0     0     8 -9999 -9999
1964 03 11 21   -11   -72 -9999    90    41     5 -9999 -9999
1964 03 13 00   -61  -100 -9999     0     0     8 -9999 -9999
1964 03 13 09    50  -100 -9999   350    31     5 -9999 -9999
1964 03 14 00    61  -122 -9999    70    10     1 -9999 -9999
1964 03 14 09    78  -250 -9999   320    41     4 -9999 -9999
1964 03 14 21  -111  -139 -9999     0     0     0 -9999 -9999
1964 03 15 00  -122  -139 -9999     0     0     0 -9999 -9999
1964 03 16 00    89  -128 -9999     0     0     0 -9999 -9999
1964 03 16 06   128  -189 -9999    70    10     1 -9999 -9999
1964 03 16 09   150  -250 -9999   270    31     7 -9999 -9999
1964 03 17 00   -72   -89 -9999     0     0     1 -9999 -9999
1964 03 17 06   139  -150 -9999    20    21     5 -9999 -9999
1964 03 18 00   -22   -72 -9999     0     0     7 -9999 -9999
1964 03 18 06    78   -50 -9999   340    10     7 -9999     6
1964 03 18 09    61   -28 -9999     0     0     7 -9999 -9999
1964 03 19 00   -78   -78 -9999   320    21     8 -9999 -9999
1964 03 19 06    50   -50 -9999   200    10     1 -9999     6
1964 03 19 09   111   -89 -9999   110    21     2 -9999 -9999
1964 03 19 21   -50   -72 -9999     0     0     2 -9999 -9999
1964 03 20 00   -61   -72 -9999     0     0     2 -9999 -9999
1964 03 20 06   150  -139 -9999    40    10     5 -9999 -9999
1964 03 20 09   200  -228 -9999    70    41     7 -9999 -9999
1964 03 20 21     0   -22 -9999   120    10     8 -9999 -9999
1964 03 21 06    72   -50 -9999     0     0     8 -9999     6
1964 03 21 09    78  -128 -9999   220    62     5 -9999 -9999
1964 03 22 00   -61   -72 -9999     0     0     8 -9999 -9999
1964 03 22 09    50   -50 -9999   320    41     8 -9999 -9999
1964 03 22 21   -22   -28 -9999     0     0     6 -9999 -9999
1964 03 23 00   -22   -28 -9999     0     0     8 -9999     3
1964 03 23 06   -11   -28 -9999   160    21     8 -9999    10
1964 03 23 21   -61   -72 -9999   280    21     8 -9999 -9999
1964 03 24 06    28  -228 -9999   290    72     1 -9999 -9999
1964 03 24 09    61  -250 -9999   320    62     2 -9999 -9999
1964 03 24 21   -78  -122 -9999     0     0     0 -9999 -9999
1964 03 25 06    89  -189 -9999     0     0     1 -9999 -9999
1964 03 25 21   -72  -111 -9999     0     0     7 -9999 -9999
1964 03 26 06   122   -89 -9999   140    21     7 -9999 -9999
1964 03 26 21   -11   -72 -9999   250    21     8 -9999 -9999
1964 03 27 00   -11   -22 -9999     0     0     8 -9999 -9999
1964 03 27 06    28   -50 -9999     0     0     8 -9999    10
1964 03 27 09    28   -50 -9999   110    31     8 -9999 -9999
1964 03 27 21   -28   -50 -9999   270    10     8 -9999 -9999
1964 03 28 00   -39   -72 -9999     0     0     8 -9999 -9999
1964 03 28 21   -39   -78 -9999     0     0     8 -9999 -9999
1964 03 29 00   -50   -78 -9999     0     0     2 -9999 -9999
1964 03 29 06   111  -272 -9999   290    82     2 -9999 -9999
1964 03 29 09   122  -389 -9999   270    87     7 -9999 -9999
1964 03 30 00   -72  -100 -9999     0     0     1 -9999 -9999
1964 03 30 06   139  -172 -9999   140    21     2 -9999 -9999
1964 03 30 09   161  -222 -9999   270    62     7 -9999 -9999
1964 03 30 21   -28   -72 -9999     0     0     6 -9999 -9999
1964 03 31 00   -39   -72 -9999     0     0     6 -9999 -9999
1964 03 31 06   161  -139 -9999   110    21     7 -9999 -9999
1964 03 31 09   139  -161 -9999   360    41     8 -9999 -9999
1964 04 01 00   -39   -78 -9999     0     0     4 -9999 -9999
1964 04 01 06   161  -139 -9999     0     0     7 -9999 -9999
1964 04 01 09   178  -128 -9999   140    21     7 -9999 -9999
1964 04 01 21    22     0 -9999     0     0     8 -9999 -9999
1964 04 02 21   -22   -61 -9999     0     0     7 -9999 -9999
1964 04 03 00   -39   -61 -9999     0     0     5 -9999 -9999
1964 04 03 06   178   -61 -9999   340    31     2 -9999 -9999
1964 04 03 09   161  -100 -9999   340    31     7 -9999 -9999
1964 04 04 06   172   -89 -9999   140    51     8 -9999 -9999
1964 04 04 09   111   -28 -9999   250    41     8 -9999 -9999
1964 04 04 21     0   -22 -9999     0     0     7 -9999 -9999
1964 04 05 00    22   -11 -9999     0     0     8 -9999     6
1964 04 05 06    89   -50 -9999   360    21     8 -9999    20
1964 04 05 21   -39   -78 -9999   290    21     8 -9999 -9999
1964 04 06 00   -28   -61 -9999     0     0     8 -9999 -9999
1964 04 06 06    89  -139 -9999    40    21     7 -9999 -9999
1964 04 06 09   100  -200 -9999   290   159     5 -9999 -9999
1964 04 07 00   -50   -89 -9999     0     0     1 -9999 -9999
1964 04 07 06   128  -111 -9999   360    21     8 -9999 -9999
1964 04 07 09    78   -39 -9999   320    41     8 -9999 -9999
1964 04 08 00   -11   -22 -9999     0     0     7 -9999 -9999
1964 04 08 06   100     0 -9999   220    31     7 -9999     6
1964 04 08 21   -50   -78 -9999     0     0     0 -9999 -9999
1964 04 09 00   -39   -78 -9999     0     0     1 -9999 -9999
1964 04 09 06   150  -100 -9999    70    41     8 -9999 -9999
1964 04 09 09   139  -122 -9999   270    31 -9999 -9999 -9999
1964 04 10 00    22   -28 -9999   270    31     7 -9999 -9999
1964 04 10 09   139  -111 -9999   110    31     8 -9999 -9999
1964 04 11 00   -39   -61 -9999     0     0     5 -9999 -9999
1964 04 11 06   161   -39 -9999     0     0     7 -9999 -9999
1964 04 11 09   139   -78 -9999   270    21     8 -9999 -9999
1964 04 11 21   -22   -39 -9999     0     0 -9999 -9999 -9999
1964 04 12 00   -11   -39 -9999     0     0     4 -9999 -9999
1964 04 12 06   150   -39 -9999     0     0     2 -9999 -9999
1964 04 12 09   161   -28 -9999   360    21     7 -9999 -9999
1964 04 12 21     0   -28 -9999     0     0     1 -9999 -9999
1964 04 13 00   -11   -39 -9999     0     0     1 -9999    90
1964 04 13 06   161   -50 -9999     0     0     7 -9999 -9999
1964 04 13 21   -22   -39 -9999     0     0     2 -9999 -9999
1964 04 14 00     0   -39 -9999     0     0     7 -9999 -9999
1964 04 14 06   150   -39 -9999   320    21     8 -9999 -9999
1964 04 14 09   172   -50 -9999    90    21     7 -9999 -9999
1964 04 15 06   189   -39 -9999   140    31     7 -9999 -9999
1964 04 15 21   -11   -22 -9999     0     0     1 -9999 -9999
1964 04 16 00     0   -22 -9999     0     0     8 -9999 -9999
1964 04 16 06   161   -50 -9999    40    21     8 -9999 -9999
1964 04 16 09   172     0 -9999   290    10     8 -9999 -9999
1964 04 16 21    11   -22 -9999     0     0 -9999 -9999 -9999
1964 04 17 00     0   -11 -9999   270    21     1 -9999 -9999
1964 04 17 06   150   -39 -9999   140    21     7 -9999     6
1964 04 17 09   128   -28 -9999   110    41     7 -9999 -9999
1964 04 17 21   -22   -39 -9999     0     0     1 -9999 -9999
1964 04 18 06   172   -61 -9999   140    21     7 -9999 -9999
1964 04 18 09   128   -50 -9999   170    72     7 -9999 -9999
1964 04 18 21   150   -50 -9999     0     0     1 -9999 -9999
1964 04 19 06   150   -89 -9999   220    31     8 -9999     5
1964 04 19 09   172  -128 -9999   290    41     7 -9999 -9999
1964 04 20 00   -11   -72 -9999     0     0     7 -9999 -9999
1964 04 20 06   139  -189 -9999    20    31     5 -9999 -9999
1964 04 20 21   -50  -178 -9999     0     0     0 -9999 -9999
1964 04 21 00   -22   -78 -9999     0     0     1 -9999 -9999
1964 04 21 09   161  -139 -9999   360    31     5 -9999 -9999
1964 04 22 00   -22   -89 -9999     0     0     1 -9999 -9999
1964 04 22 06   172   -78 -9999   110    21     7 -9999 -9999
1964 04 22 09   150   -78 -9999   110    62     8 -9999 -9999
1964 04 22 21    11     0 -9999     0     0     8 -9999 -9999
1964 04 23 00    22    11 -9999     0     0     8 -9999    40
1964 04 23 06   122  -100 -9999     0     0     6 -9999     6
1964 04 23 09   150   -11 -9999   160    62     7 -9999 -9999
1964 04 23 21    11     0 -9999     0     0 -9999 -9999 -9999
1964 04 24 00    11   -11 -9999     0     0     7 -9999     3
1964 04 24 06   122   -78 -9999    20    31     3 -9999 -9999
1964 04 25 00   -22   -78 -9999     0     0     0 -9999 -9999
1964 04 25 06   161   -78 -9999    90    41     1 -9999 -9999
1964 04 26 00    11   -72 -9999     0     0     4 -9999 -9999
1964 04 26 06   178   -89 -9999   140    41     3 -9999 -9999
1964 04 26 21     0   -28 -9999     0     0     2 -9999 -9999
1964 04 27 00    11   -39 -9999     0     0     1 -9999 -9999
1964 04 27 06   161    11 -9999     0     0     7 -9999     3
1964 04 27 09   122    11 -9999   290    82     8 -9999 -9999
1964 04 28 00    39    22 -9999   110    21     7 -9999 -9999
1964 04 28 06   128   -11 -9999   140    31     7 -9999 -9999
1964 04 28 21    39    22 -9999     0     0     8 -9999 -9999
1964 04 29 00    39    22 -9999    90    21     8 -9999     6
1964 04 29 06   111    22 -9999     0     0     4 -9999     3
1964 04 29 09   122    22 -9999   160    10     7 -9999 -9999
1964 04 29 21    28    11 -9999     0     0     7 -9999 -9999
1964 04 30 00    22     0 -9999     0     0     6 -9999 -9999
1964 04 30 09   150   -61 -9999   350    51     8 -9999 -9999
1964 04 30 21    39   -11 -9999   270    21     8 -9999 -9999
1964 05 01 00    39   -11 -9999     0     0     8 -9999 -9999
1964 05 01 06    72    22 -9999     0     0     8 -9999    40
1964 05 01 09    89    22 -9999     0     0     8 -9999 -9999
1964 05 02 00    39    22 -9999    40    41 -9999 -9999    20
1964 05 02 06    78    22 -9999    40    41 -9999 -9999     6
1964 05 02 09    50    11 -9999   320    31     8 -9999 -9999
1964 05 02 21    22     0 -9999     0     0     7 -9999 -9999
1964 05 03 00    61   -22 -9999   320    21     6 -9999 -9999
1964 05 03 06    89    11 -9999    20    31     7 -9999     6
1964 05 03 09   100    50 -9999   250    10     8 -9999 -9999
1964 05 04 00   -11   -50 -9999     0     0     7 -9999 -9999
1964 05 05 09   139   -50 -9999   220    21     3 -9999 -9999
1964 05 05 21   -11   -28 -9999     0     0     7 -9999 -9999
1964 05 06 00    22   -28 -9999     0     0     6 -9999 -9999
1964 05 07 21     0     0 -9999     0     0     8 -9999 -9999
1964 05 08 00    22     0 -9999     0     0     7 -9999    50
1964 05 08 06    61     0 -9999     0     0     7 -9999     3
1964 05 08 09    61   -11 -9999    40    31     8 -9999 -9999
1964 05 08 21    11     0 -9999     0     0 -9999 -9999 -9999
1964 05 09 00    11     0 -9999    40    10     7 -9999    20
1964 05 09 06    50     0 -9999   220    31     6 -9999     6
1964 05 09 09    78   -11 -9999   160    51     2 -9999 -9999
1964 05 09 21   -11   -22 -9999     0     0 -9999 -9999 -9999
1964 05 10 09   122   -11 -9999   110    21     1 -9999 -9999
1964 05 10 21    28    22 -9999   140    21     8 -9999 -9999
1964 05 11 00    28    11 -9999   170    21     8 -9999    20
1964 05 11 06    61    61 -9999     0     0     8 -9999 -9999
1964 05 11 09    89     0 -9999    70    10     8 -9999 -9999
1964 05 11 21    28    11 -9999     0     0     8 -9999 -9999
1964 05 12 09   172    28 -9999   160    51     7 -9999 -9999
1964 05 13 00    28    11 -9999     0     0     6 -9999 -9999
1964 05 13 06   150    22 -9999   320    62     7 -9999     6
1964 05 13 09   189    22 -9999   340    41     6 -9999 -9999
1964 05 13 21    28    22 -9999     0     0     1 -9999 -9999
1964 05 14 00    50    28 -9999    90    10     1 -9999 -9999
1964 05 14 06   200    39 -9999    40    31     7 -9999 -9999
1964 05 14 09   222    11 -9999   290    41     7 -9999 -9999
1964 05 15 00   100    61 -9999     0     0     6 -9999     6
1964 05 15 06   122    39 -9999   250    51     7 -9999     3
1964 05 15 21    39    28 -9999     0     0     2 -9999 -9999
1964 05 16 00    50    28 -9999   110    41     7 -9999     3
1964 05 16 06   161    28 -9999   320    21     7 -9999     6
1964 05 16 21    61    39 -9999     0     0     3 -9999 -9999
1964 05 17 00   100    39 -9999     0     0     1 -9999 -9999
1964 05 17 06   211    11 -9999   270    31     5 -9999 -9999
1964 05 17 09   222   -22 -9999   180    21     3 -9999 -9999
1964 05 18 00    78    22 -9999     0     0     0 -9999 -9999
1964 05 18 06   211   -28 -9999   220    31     7 -9999 -9999
1964 05 18 09   222   -28 -9999   320    21     6 -9999 -9999
1964 05 18 21    89    50 -9999     0     0     7 -9999 -9999
1964 05 19 00   100    50 -9999     0     0     7 -9999 -9999
1964 05 19 06   122    50 -9999    20    51     5 -9999     5
1964 05 19 09   172    61 -9999     0     0     6 -9999 -9999
1964 05 19 21    50    28 -9999   270    21     8 -9999 -9999
1964 05 20 06   100    11 -9999   250    21     8 -9999     6
1964 05 20 09   139    61 -9999   270    21     6 -9999 -9999
1964 05 20 21    11   -11 -9999     0     0     0 -9999 -9999
1964 05 21 00    22     0 -9999     0     0     2 -9999 -9999
1964 05 21 06   172   -11 -9999     0     0     1 -9999 -9999
1964 05 21 09   189   -39 -9999   180    41     3 -9999 -9999
1964 05 21 21    28    11 -9999     0     0     0 -9999 -9999
1964 05 22 06   211    11 -9999    90    41 -9999 -9999 -9999
1964 05 22 21    28     0 -9999     0     0     0 -9999 -9999
1964 05 23 21   100    61 -9999    90    21     7 -9999 -9999
1964 05 24 00   111    50 -9999     0     0     8 -9999     6
1964 05 24 09   222    39 -9999   110    41     2 -9999 -9999
1964 05 25 00   111    72 -9999     0     0     7 -9999 -9999
1964 05 25 06   211    50 -9999    90    21     3 -9999 -9999
1964 05 25 09   211    61 -9999    40    41     5 -9999 -9999
1964 05 26 06   211    50 -9999    90    41     7 -9999 -9999
1964 05 26 09   200    72 -9999    40    51     7 -9999 -9999
1964 05 26 21   111    50 -9999     0     0     0 -9999 -9999
1964 05 27 00    89    28 -9999   290    21     7 -9999     6
1964 05 27 09   200    39 -9999    40    41     2 -9999 -9999
1964 05 28 00    89    28 -9999   270    10     7 -9999 -9999
1964 05 28 06   178    39 -9999    90    31     2 -9999 -9999
1964 05 28 09   200    39 -9999   110    21     6 -9999 -9999
1964 05 28 21    72    50 -9999     0     0     7 -9999 -9999
1964 05 29 00    78    50 -9999     0     0     8 -9999    40
1964 05 29 09   172    61 -9999    20    10     7 -9999 -9999
1964 05 29 21   100    72 -9999     0     0     8 -9999 -9999
1964 05 30 00   100    61 -9999     0     0     8 -9999     3
1964 05 30 06   189    78 -9999    90    41     2 -9999     6
1964 05 30 09   222    39 -9999     0     0     8 -9999 -9999
1964 05 31 00   111    78 -9999     0     0     8 -9999     6
1964 05 31 06   122    72 -9999   250    31     7 -9999    10
1964 05 31 09   178    72 -9999   110    51     7 -9999 -9999
1964 06 01 00    89    50 -9999     0     0 -9999 -9999 -9999
1964 06 01 06   178    22 -9999     0     0     3 -9999 -9999
1964 06 01 09   189    22 -9999    90    41     5 -9999 -9999
1964 06 02 00    61    28 -9999     0     0     7 -9999 -9999
1964 06 02 06   200    11 -9999   320    10     6 -9999 -9999
1964 06 02 09   139    39 -9999   360    31     8 -9999 -9999
1964 06 02 21    61    22 -9999   270    41     8 -9999 -9999
1964 06 03 00    61    22 -9999   290    21     8 -9999     6
1964 06 03 09   100    28 -9999    40    41     7 -9999 -9999
1964 06 04 00    50     0 -9999     0     0     1 -9999 -9999
1964 06 04 06   172    11 -9999    20    31     3 -9999 -9999
1964 06 04 09   172    11 -9999    70    31     4 -9999 -9999
1964 06 04 21    61    39 -9999     0     0     8 -9999 -9999
1964 06 05 00    72    39 -9999     0     0     8 -9999 -9999
1964 06 05 21    72    39 -9999     0     0     7 -9999 -9999
1964 06 06 00    78    39 -9999     0     0     7 -9999     6
1964 06 06 06   150    50 -9999   160    41     7 -9999     6
1964 06 06 09   128    61 -9999   220    31     7 -9999 -9999
1964 06 07 00    78    61 -9999     0     0     8 -9999     3
1964 06 07 09   161    61 -9999   110    10     7 -9999 -9999
1964 06 08 00    78    39 -9999     0     0     8 -9999    10
1964 06 08 06   128    50 -9999   140    31     8 -9999 -9999
1964 06 08 09   128    61 -9999    40    41     8 -9999 -9999
1964 06 08 21    78    72 -9999   290    21     8 -9999 -9999
1964 06 09 06   100    28 -9999    90    21     8 -9999     6
1964 06 09 09   111    28 -9999     0     0     8 -9999 -9999
1964 06 10 00    72    50 -9999    70    21     7 -9999     6
1964 06 10 06   150    50 -9999     0     0     7 -9999     6
1964 06 10 09   172    39 -9999     0     0     2 -9999 -9999
1964 06 10 21    72    50 -9999     0     0     8 -9999 -9999
1964 06 11 06   128    72 -9999    40    41     7 -9999 -9999
1964 06 11 21    39    28 -9999     0     0     8 -9999 -9999
1964 06 12 00    50    39 -9999   110    21     8 -9999 -9999
1964 06 13 00    39    11 -9999     0     0     2 -9999 -9999
1964 06 13 06   139    22 -9999     0     0     7 -9999 -9999
1964 06 13 09   161     0 -9999     0     0     7 -9999 -9999
1964 06 14 06   122    61 -9999   290    21     8 -9999     6
1964 06 14 09   128    61 -9999   140    10     8 -9999 -9999
1964 06 14 21    28    22 -9999     0     0     1 -9999 -9999
1964 06 15 06   172    72 -9999   140    41     8 -9999 -9999
1964 06 15 21    78    72 -9999     0     0     8 -9999 -9999
1964 06 16 00    89    72 -9999   110    10     8 -9999 -9999
1964 06 16 06   150    72 -9999   110    21     7 -9999     6
1964 06 16 09   161    78 -9999   110    51     7 -9999 -9999
1964 06 16 21    89    78 -9999     0     0     8 -9999 -9999
1964 06 17 00    89    78 -9999     0     0     7 -9999    10
1964 06 17 06   172   100 -9999    40    31     7 -9999     6
1964 06 17 09   128    72 -9999   160    10 -9999 -9999 -9999
1964 06 17 21    50    39 -9999     0     0     2 -9999 -9999
1964 06 18 09   150    72 -9999    70    21     7 -9999 -9999
1964 06 18 21    61    50 -9999   290    21     7 -9999 -9999
1964 06 19 00    72    50 -9999     0     0     7 -9999     6
1964 06 19 09    89    50 -9999     0     0     8 -9999 -9999
1964 06 19 21    72    50 -9999     0     0     8 -9999 -9999
1964 06 20 00    78    39 -9999     0     0     7 -9999 -9999
1964 06 20 09   122    72 -9999   110    41     8 -9999 -9999
1964 06 20 21    28    22 -9999     0     0     1 -9999 -9999
1964 06 21 00    39    28 -9999     0     0     8 -9999 -9999
1964 06 21 09   128    61 -9999     0     0     7 -9999 -9999
1964 06 21 21    50    39 -9999     0     0     6 -9999 -9999
1964 06 22 00    72    39 -9999     0     0     7 -9999 -9999
1964 06 22 06   178    72 -9999    90    31     5 -9999 -9999
1964 06 22 09   161    50 -9999    40    82     3 -9999 -9999
1964 06 22 21    89    72 -9999   320    21     8 -9999 -9999
1964 06 23 00   100    78 -9999     0     0     8 -9999     6
1964 06 23 06   150    72 -9999     0     0     8 -9999     6
1964 06 23 09   172    72 -9999     0     0     8 -9999 -9999
1964 06 23 21    61    61 -9999     0     0     7 -9999 -9999
1964 06 24 00    78    61 -9999     0     0     8 -9999 -9999
1964 06 24 06   139    78 -9999     0     0     7 -9999     6
1964 06 24 09   161    89 -9999   110    41     7 -9999 -9999
1964 06 25 00   100    78 -9999     0     0     2 -9999 -9999
1964 06 25 09   222    72 -9999   140    21     3 -9999 -9999
1964 06 26 00   100    78 -9999     0     0     8 -9999    30
1964 06 26 06   161    89 -9999   140    31     7 -9999     6
1964 06 26 09   178    89 -9999   140    21     5 -9999 -9999
1964 06 27 00   111    89 -9999     0     0     7 -9999    50
1964 06 27 06   178   111 -9999   110    41     7 -9999     6
1964 06 27 09   161   100 -9999    40    41     8 -9999 -9999
1964 06 28 00   100    89 -9999     0     0     8 -9999    20
1964 06 28 09   128    72 -9999    20    21     7 -9999 -9999
1964 06 28 21    61    50 -9999     0     0     8 -9999 -9999
1964 06 29 00    72    50 -9999     0     0     8 -9999    10
1964 06 29 06    72    50 -9999     0     0     8 -9999    10
1964 06 29 21   100    78 -9999     0     0     8 -9999 -9999
1964 06 30 09   122   100 -9999   360    21     7 -9999 -9999
1964 06 30 21   128    28 -9999     0     0     1 -9999 -9999
1964 07 01 06   178    28 -9999     0     0     6 -9999 -9999
1964 07 01 09   172    39 -9999   180    51     2 -9999 -9999
1964 07 02 00    89    50 -9999    70    21     6 -9999 -9999
1964 07 02 21   100    78 -9999     0     0     4 -9999 -9999
1964 07 03 06   222   100 -9999    90    31     5 -9999 -9999
1964 07 03 09   200   100 -9999   140    21     1 -9999 -9999
1964 07 03 21   100    89 -9999   140    21     7 -9999 -9999
1964 07 04 00   111   100 -9999     0     0     7 -9999    20
1964 07 04 06   211   122 -9999   110    21     3 -9999 -9999
1964 07 04 09   222   100 -9999    90    21     7 -9999 -9999
1964 07 05 00    78    61 -9999     0     0     8 -9999 -9999
1964 07 05 06   222   139 -9999   250    21     6 -9999 -9999
1964 07 05 09   250   111 -9999    90    21     5 -9999 -9999
1964 07 05 21   111   100 -9999     0     0     1 -9999 -9999
1964 07 06 00   122   100 -9999     0     0     8 -9999 -9999
1964 07 06 09   228   128 -9999    90    41     7 -9999 -9999
1964 07 06 21   111   100 -9999    90    72     8 -9999 -9999
1964 07 07 00   122   100 -9999     0     0     7 -9999    50
1964 07 07 06   172   122 -9999   110    21     7 -9999     6
1964 07 07 09   211   128 -9999     0     0     7 -9999 -9999
1964 07 07 21    89    89 -9999     0     0     7 -9999 -9999
1964 07 08 00   128   100 -9999     0     0     8 -9999 -9999
1964 07 08 21   128   122 -9999     0     0     8 -9999 -9999
1964 07 09 00   128   122 -9999   290    21     8 -9999    30
1964 07 09 06   211   122 -9999    90    41     2 -9999    20
1964 07 09 09   200   139 -9999   290    41     7 -9999 -9999
1964 07 09 21   100   100 -9999     0     0     5 -9999 -9999
1964 07 10 00   122   100 -9999     0     0     7 -9999 -9999
1964 07 10 06   211   111 -9999    70    21     7 -9999     6
1964 07 10 21   100    89 -9999     0     0     8 -9999 -9999
1964 07 11 00   111    89 -9999     0     0     8 -9999    30
1964 07 11 09   150   111 -9999    90    31     8 -9999 -9999
1964 07 12 00   100    89 -9999     0     0     8 -9999    20
1964 07 12 06   100    78 -9999     0     0     8 -9999    40
1964 07 12 09   122    89 -9999   140    21     8 -9999 -9999
1964 07 12 21    72    61 -9999    90    10     6 -9999 -9999
1964 07 13 06   178    61 -9999    90    21     2 -9999 -9999
1964 07 13 09   189    72 -9999    40    51     3 -9999 -9999
1964 07 13 21    78    72 -9999     0     0     5 -9999 -9999
1964 07 14 00   111    72 -9999     0     0     4 -9999     3
1964 07 14 09   222   100 -9999   140    31     4 -9999 -9999
1964 07 14 21   100    78 -9999     0     0     7 -9999 -9999
1964 07 15 00   111    78 -9999     0     0     8 -9999 -9999
1964 07 15 09   189   111 -9999   220    21     7 -9999 -9999
1964 07 16 00   111   111 -9999     0     0     7 -9999    10
1964 07 16 06   200    89 -9999   360    31     7 -9999 -9999
1964 07 16 09   222   122 -9999   140    41     5 -9999 -9999
1964 07 16 21   122   122 -9999     0     0     8 -9999 -9999
1964 07 17 00   128   122 -9999     0     0     7 -9999 -9999
1964 07 17 06   211   122 -9999   110    31     7 -9999 -9999
1964 07 17 09   122   100 -9999   110    41     7 -9999 -9999
1964 07 18 00   128   122 -9999     0     0     8 -9999 -9999
1964 07 18 06   200   111 -9999   110    41     7 -9999     5
1964 07 18 09   228   111 -9999   110    41     8 -9999 -9999
1964 07 18 21   111   100 -9999     0     0     4 -9999 -9999
1964 07 19 00   111   100 -9999     0     0     8 -9999 -9999
1964 07 19 06   228   139 -9999    90    31     4 -9999 -9999
1964 07 19 09   178   139 -9999   290    21     7 -9999 -9999
1964 07 19 21   122   122 -9999     0     0     7 -9999 -9999
1964 07 20 00   128   122 -9999     0     0     8 -9999    10
1964 07 20 09   161   139 -9999     0     0 -9999 -9999 -9999
1964 07 20 21   122   111 -9999     0     0     8 -9999 -9999
1964 07 21 00   122   122 -9999     0     0     8 -9999    10
1964 07 21 06   139   128 -9999   110    21     7 -9999    30
1964 07 21 09   161   122 -9999    20    21     8 -9999 -9999
1964 07 21 21    89    89 -9999     0     0     2 -9999 -9999
1964 07 22 00   122   100 -9999     0     0     7 -9999 -9999
1964 07 22 09   178   128 -9999   290    21     7 -9999 -9999
1964 07 22 21    72    61 -9999   290    21     8 -9999 -9999
1964 07 23 00    78    50 -9999   290    21     8 -9999    60
1964 07 23 06   111    72 -9999   270    21     8 -9999     6
1964 07 23 09   122    72 -9999     0     0     8 -9999 -9999
1964 07 23 21    50     0 -9999   290    10     8 -9999 -9999
1964 07 24 00    39    22 -9999   360    10     8 -9999   120
1964 07 24 09   111    61 -9999   110    31     8 -9999 -9999
1964 07 24 21    61    61 -9999     0     0     7 -9999 -9999
1964 07 25 00    78    50 -9999    90    21     7 -9999     6
1964 07 25 06   150    72 -9999   140    10     7 -9999     6
1964 07 25 09   172    89 -9999     0     0     8 -9999 -9999
1964 07 25 21    72    50 -9999   290    21     8 -9999 -9999
1964 07 26 00    78    61 -9999     0     0     8 -9999     6
1964 07 26 09   139    72 -9999   140    41     2 -9999 -9999
1964 07 27 00    28    22 -9999     0     0     9 -9999 -9999
1964 07 27 06   172    11 -9999     0     0     1 -9999 -9999
1964 07 27 09   178    22 -9999   160    21     1 -9999 -9999
1964 07 27 21    28    22 -9999     0     0     1 -9999 -9999
1964 07 28 00    39    22 -9999     0     0     3 -9999 -9999
1964 07 28 06   189    22 -9999   140    31     3 -9999 -9999
1964 07 28 21    22    22 -9999     0     0     1 -9999 -9999
1964 07 29 00    50    39 -9999     0     0     8 -9999 -9999
1964 07 29 06   178    78 -9999   140    21     2 -9999 -9999
1964 07 29 09   161    61 -9999    40    41     7 -9999 -9999
1964 07 30 00    61    39 -9999     0     0     6 -9999 -9999
1964 07 30 06   172    61 -9999    70    21     3 -9999 -9999
1964 07 30 09   161    78 -9999    90    31     3 -9999 -9999
1964 07 30 21    22    22 -9999     0     0     1 -9999 -9999
1964 07 31 00    39    28 -9999     0     0     9 -9999 -9999
1964 07 31 09   139    61 -9999    20    87     7 -9999 -9999
1964 07 31 21    72    61 -9999     0     0     7 -9999 -9999
1964 08 01 06   178    78 -9999    70    10     7 -9999 -9999
1964 08 01 09   172    61 -9999     0     0     8 -9999 -9999
1964 08 02 00    61    50 -9999     0     0     9 -9999 -9999
1964 08 02 06   189    28 -9999   180    10     2 -9999 -9999
1964 08 02 09   178    22 -9999   360    31     7 -9999 -9999
1964 08 03 00    89    72 -9999     0     0     7 -9999 -9999
1964 08 03 06   178   100 -9999   180    41     7 -9999 -9999
1964 08 03 21    78    78 -9999     0     0     7 -9999 -9999
1964 08 04 00   100    78 -9999     0     0     7 -9999 -9999
1964 08 04 06   178   100 -9999     0     0     7 -9999 -9999
1964 08 04 09   200    89 -9999   110    21     7 -9999 -9999
1964 08 05 00   100   100 -9999     0     0     8 -9999   140
1964 08 05 06   122    89 -9999   270    62     8 -9999 -9999
1964 08 05 09   122   111 -9999    90    21     7 -9999 -9999
1964 08 05 21   111   111 -9999     0     0 -9999 -9999 -9999
1964 08 06 00   111   100 -9999     0     0     7 -9999     3
1964 08 06 06   178   100 -9999   250    10     7 -9999     6
1964 08 06 09   189   100 -9999    70    10     6 -9999 -9999
1964 08 06 21   111   100 -9999     0     0     2 -9999 -9999
1964 08 07 00   111   100 -9999     0     0     6 -9999 -9999
1964 08 07 21   111   111 -9999     0     0     5 -9999 -9999
1964 08 08 06   200   111 -9999     0     0     7 -9999 -9999
1964 08 08 09   222   100 -9999    90    41     7 -9999 -9999
1964 08 08 21   111   111 -9999     0     0 -9999 -9999 -9999
1964 08 09 06   189    89 -9999   270    21     6 -9999     6
1964 08 09 09   172   111 -9999   270    21     7 -9999 -9999
1964 08 09 21   111    89 -9999     0     0     8 -9999 -9999
1964 08 10 00   111   100 -9999     0     0     7 -9999 -9999
1964 08 10 06   178    89 -9999     0     0     7 -9999     6
1964 08 11 00    89    78 -9999     0     0     8 -9999 -9999
1964 08 11 09   211   122 -9999   110    31     7 -9999 -9999
1964 08 11 21   111   100 -9999     0     0     7 -9999 -9999
1964 08 12 06   122   111 -9999   290    62     7 -9999    20
1964 08 12 09   122   100 -9999   180    10     8 -9999 -9999
1964 08 12 21   100   100 -9999     0     0     3 -9999 -9999
1964 08 13 06   200   122 -9999   110    21     7 -9999     6
1964 08 13 09   122    89 -9999   100    21     7 -9999 -9999
1964 08 13 21    78    78 -9999     0     0     3 -9999 -9999
1964 08 14 00    89    78 -9999     0     0     7 -9999 -9999
1964 08 14 06   222   122 -9999    90    21     7 -9999 -9999
1964 08 14 21    78    72 -9999     0     0     8 -9999 -9999
1964 08 15 00    78    72 -9999     0     0     8 -9999    30
1964 08 15 06   150    72 -9999   140    10     7 -9999     6
1964 08 15 09   172    61 -9999   140    21     6 -9999 -9999
1964 08 15 21    28    28 -9999     0     0     3 -9999 -9999
1964 08 16 00    50    28 -9999     0     0     1 -9999    20
1964 08 16 06   172    39 -9999   110    10     8 -9999 -9999
1964 08 16 09   100    61 -9999   340    51 -9999 -9999 -9999
1964 08 16 21    28    28 -9999     0     0     9 -9999 -9999
1964 08 17 00    50    50 -9999     0     0     8 -9999     6
1964 08 17 09   161    61 -9999    20    82     6 -9999 -9999
1964 08 18 06   200   100 -9999   140    21     2 -9999 -9999
1964 08 18 09   200    72 -9999   110    21     3 -9999 -9999
1964 08 18 21    61    61 -9999     0     0     3 -9999 -9999
1964 08 19 06    89    72 -9999   160    41     8 -9999    20
1964 08 19 09   122    61 -9999    90    41     8 -9999 -9999
1964 08 19 21    72    61 -9999     0     0     8 -9999 -9999
1964 08 20 00    72    61 -9999     0     0     7 -9999     3
1964 08 20 09   150   -11 -9999    90    21     7 -9999 -9999
1964 08 20 21    11     0 -9999     0     0     8 -9999 -9999
1964 08 21 00    22    22 -9999     0     0     9 -9999 -9999
1964 08 21 06   172    22 -9999   140    31     2 -9999 -9999
1964 08 21 09   172    39 -9999   140    41     2 -9999 -9999
1964 08 21 21    11    11 -9999     0     0     2 -9999 -9999
1964 08 22 00    22    22 -9999   220    10     9 -9999 -9999
1964 08 22 09   150    39 -9999    90    51     2 -9999 -9999
1964 08 22 21    22    11 -9999     0     0     1 -9999 -9999
1964 08 23 00    22    22 -9999    40    10     9 -9999 -9999
1964 08 23 06   172    28 -9999   110    21     2 -9999 -9999
1964 08 23 21    78    72 -9999     0     0     8 -9999 -9999
1964 08 24 00    61    50 -9999     0     0     8 -9999    90
1964 08 24 06   122    61 -9999     0     0     8 -9999    30
1964 08 24 09   150    61 -9999   140    21     1 -9999 -9999
1964 08 24 21    72    61 -9999     0     0     8 -9999 -9999
1964 08 25 00    72    61 -9999   110    21     7 -9999     6
1964 08 26 00    39    39 -9999     0     0     9 -9999 -9999
1964 08 26 06   178   100 -9999     0     0     1 -9999 -9999
1964 08 26 21    39    28 -9999     0     0     2 -9999 -9999
1964 08 27 00    50    39 -9999     0     0     8 -9999 -9999
1964 08 27 06   161    78 -9999     0     0     7 -9999     3
1964 08 27 21   100    78 -9999     0     0     7 -9999 -9999
1964 08 28 21    72    61 -9999     0     0     7 -9999 -9999
1964 08 29 00    89    61 -9999     0     0     7 -9999 -9999
1964 08 29 06   128    72 -9999     0     0     8 -9999     6
1964 08 30 00    61    39 -9999    90    21     8 -9999     6
1964 08 30 09   150    61 -9999    90    21     7 -9999 -9999
1964 08 31 00    78    72 -9999     0     0     8 -9999 -9999
1964 08 31 06   139    78 -9999   250    21     7 -9999     6
1964 08 31 09   128    78 -9999     0     0     8 -9999 -9999
1964 09 01 00    89    78 -9999     0     0     7 -9999     3
1964 09 01 06   161    89 -9999    90    21     6 -9999     6
1964 09 01 09   172    89 -9999   110    21     6 -9999 -9999
1964 09 01 21   100    89 -9999     0     0     7 -9999 -9999
1964 09 02 00   100    89 -9999     0     0     7 -9999     5
1964 09 02 06   189   111 -9999    70    10     7 -9999 -9999
1964 09 02 09   200   111 -9999   140    10     7 -9999 -9999
1964 09 03 00   100    89 -9999     0     0     7 -9999    50
1964 09 03 09   150    78 -9999    40    62     7 -9999 -9999
1964 09 03 21   100    78 -9999     0     0     7 -9999 -9999
1964 09 04 00    89    72 -9999   250    21     8 -9999     6
1964 09 04 06   139    78 -9999   270    10     7 -9999    10
1964 09 04 09   172    89 -9999   270    10     7 -9999 -9999
1964 09 05 00    89    89 -9999     0     0     8 -9999    50
1964 09 05 06   128    78 -9999     0     0     7 -9999    60
1964 09 05 09   139    78 -9999    70    21     8 -9999 -9999
1964 09 05 21    78    78 -9999     0     0     8 -9999 -9999
1964 09 06 00    89    61 -9999     0     0     8 -9999    20
1964 09 06 09   150   100 -9999   180    21     8 -9999 -9999
1964 09 07 09   172    39 -9999    90    21     6 -9999 -9999
1964 09 07 21    61    50 -9999     0     0     7 -9999 -9999
1964 09 08 00    72    50 -9999     0     0     8 -9999 -9999
1964 09 08 06   100    78 -9999   290    10     8 -9999    20
1964 09 08 09   139    89 -9999     0     0     7 -9999 -9999
1964 09 08 21   100    89 -9999     0     0     8 -9999 -9999
1964 09 09 00    89    89 -9999     0     0     7 -9999    20
1964 09 09 06   172    89 -9999    90    21     7 -9999     6
1964 09 10 00    89    78 -9999     0     0     7 -9999     6
1964 09 10 06   111    78 -9999   200    10     2 -9999 -9999
1964 09 10 09   161    72 -9999    20    21     7 -9999 -9999
1964 09 10 21    72    50 -9999     0     0     1 -9999 -9999
1964 09 11 00    72    72 -9999     0     0     8 -9999 -9999
1964 09 11 09   150   100 -9999   180    21     8 -9999 -9999
1964 09 12 00   100    89 -9999     0     0     8 -9999     3
1964 09 12 06   111    89 -9999   270    31     8 -9999     3
1964 09 12 09   139    89 -9999     0     0     7 -9999 -9999
1964 09 12 21    72    61 -9999   320    41     8 -9999 -9999
1964 09 13 00    50    28 -9999   280    41     8 -9999   150
1964 09 13 06   122    39 -9999   220    21     8 -9999    10
1964 09 13 09   150    50 -9999   140    21     7 -9999 -9999
1964 09 13 21    78    61 -9999     0     0     8 -9999 -9999
1964 09 14 00    78    39 -9999   110    21     8 -9999 -9999
1964 09 14 06    78    39 -9999     0     0     8 -9999    10
1964 09 14 09    89    39 -9999     0     0     8 -9999 -9999
1964 09 14 21    39    28 -9999     0     0     1 -9999 -9999
1964 09 15 09   161    22 -9999   110    10     1 -9999 -9999
1964 09 15 21    11    11 -9999     0     0     1 -9999 -9999
1964 09 16 00    11    11 -9999     0     0     2 -9999 -9999
1964 09 16 06   161    61 -9999     0     0     7 -9999 -9999
1964 09 16 09   122    72 -9999    90    51     8 -9999 -9999
1964 09 17 00    50    28 -9999     0     0     8 -9999    70
1964 09 17 06   111     0 -9999   250    21     6 -9999     6
1964 09 17 09   122    28 -9999   110    21     7 -9999 -9999
1964 09 17 21    22    11 -9999     0     0     2 -9999 -9999
1964 09 18 09   172    22 -9999   110    41     1 -9999 -9999
1964 09 19 09   150    72 -9999    40    62     7 -9999 -9999
1964 09 20 00    50    22 -9999     0     0     6 -9999 -9999
1964 09 20 06   139    28 -9999    90    21     7 -9999 -9999
1964 09 20 09   139    39 -9999   110    51     7 -9999 -9999
1964 09 20 21    61    50 -9999   320    21     8 -9999 -9999
1964 09 21 00    39    28 -9999   270    31     8 -9999   150
1964 09 21 09    89    28 -9999   290    10     8 -9999 -9999
1964 09 21 21    39    28 -9999     0     0     8 -9999 -9999
1964 09 22 00    39    28 -9999     0     0     7 -9999     3
1964 09 22 06   150    78 -9999   140    31     7 -9999 -9999
1964 09 22 09   161    78 -9999   270    41     7 -9999 -9999
1964 09 22 21   139    61 -9999     0     0     7 -9999 -9999
1964 09 23 00    78    61 -9999   220    21     7 -9999 -9999
1964 09 23 06   150    72 -9999   320    41     7 -9999    50
1964 09 23 09   161    78 -9999   310    82     2 -9999 -9999
1964 09 23 21   161    50 -9999     0     0     6 -9999 -9999
1964 09 24 00    61    61 -9999     0     0     7 -9999    10
1964 09 24 06   200    89 -9999    90    31     3 -9999     6
1964 09 24 09   222    72 -9999   210    31     2 -9999 -9999
1964 09 24 21    61    50 -9999     0     0     1 -9999 -9999
1964 09 25 00    61    50 -9999     0     0     1 -9999 -9999
1964 09 25 06   200    78 -9999   110    10     2 -9999 -9999
1964 09 26 00    72    61 -9999     0     0     7 -9999 -9999
1964 09 26 06   178   111 -9999   180    21     2 -9999 -9999
1964 09 26 09   178   111 -9999   320    41     8 -9999 -9999
1964 09 26 21    89    89 -9999     0     0     8 -9999 -9999
1964 09 27 00   100    72 -9999    90    31     8 -9999     6
1964 09 27 06   172    89 -9999    90    21     7 -9999     6
1964 09 27 09   122    78 -9999    20    21     8 -9999 -9999
1964 09 27 21    89    61 -9999    90    10     8 -9999 -9999
1964 09 28 00    89    72 -9999     0     0     8 -9999     3
1964 09 28 06   161    78 -9999     0     0     7 -9999 -9999
1964 09 28 09   111    89 -9999     0     0 -9999 -9999 -9999
1964 09 28 21    89    78 -9999     0     0     8 -9999 -9999
1964 09 29 00    89    78 -9999     0     0     7 -9999 -9999
1964 09 29 09   150    72 -9999     0     0 -9999 -9999 -9999
1964 09 29 21    89    78 -9999     0     0     8 -9999 -9999
1964 09 30 00    78    61 -9999   200    21     7 -9999 -9999
1964 09 30 06   178    78 -9999   290    21     6 -9999 -9999
1964 09 30 09   211    61 -9999   180    31     6 -9999 -9999
1964 10 01 00    61    39 -9999     0     0     1 -9999 -9999
1964 10 01 09   128    39 -9999   320    31     7 -9999 -9999
1964 10 02 00    61    39 -9999   140    21     7 -9999     6
1964 10 02 09   111    50 -9999   110    31     6 -9999 -9999
1964 10 02 21    39    28 -9999    90    21     3 -9999 -9999
1964 10 03 00    50    39 -9999     0     0     8 -9999    10
1964 10 04 00    28    22 -9999    90    21     8 -9999    80
1964 10 04 06    61    11 -9999     0     0     8 -9999     6
1964 10 04 09    78    22 -9999   320    21     7 -9999 -9999
1964 10 05 00    22    11 -9999     0     0     7 -9999 -9999
1964 10 05 06   122    11 -9999   110    10     3 -9999 -9999
1964 10 05 09   122     0 -9999   140    21     3 -9999 -9999
1964 10 05 21    11     0 -9999     0     0     5 -9999 -9999
1964 10 06 00    11     0 -9999     0     0     7 -9999 -9999
1964 10 06 06   122    28 -9999   140    31     7 -9999 -9999
1964 10 06 09    89   -11 -9999    90    21     7 -9999 -9999
1964 10 07 00     0   -11 -9999     0     0     2 -9999 -9999
1964 10 07 09   139   -61 -9999   290    31     2 -9999 -9999
1964 10 07 21   -28   -39 -9999     0     0     0 -9999 -9999
1964 10 09 00   -11   -28 -9999     0     0     0 -9999 -9999
1964 10 09 06   161    39 -9999     0     0     1 -9999 -9999
1964 10 09 09   172     0 -9999   110    31     3 -9999 -9999
1964 10 09 21    22    11 -9999     0     0     2 -9999 -9999
1964 10 10 00    50    28 -9999     0     0     7 -9999 -9999
1964 10 12 00    50    50 -9999     0     0     7 -9999 -9999
1964 10 12 06   139    28 -9999   110    10     2 -9999 -9999
1964 10 13 00    50    50 -9999     0     0     7 -9999    10
1964 10 13 06   189    61 -9999   290    21     2 -9999 -9999
1964 10 13 09   189    50 -9999     0     0     1 -9999 -9999
1964 10 14 00   222    11 -9999     0     0     1 -9999 -9999
1964 10 15 00    11     0 -9999     0     0     2 -9999 -9999
1964 10 15 06   178    72 -9999   180    21     1 -9999 -9999
1964 10 16 00    61    50 -9999     0     0     7 -9999 -9999
1964 10 16 06   139    50 -9999    40    62     5 -9999 -9999
1964 10 16 09    78    39 -9999   160    21     8 -9999 -9999
1964 10 16 21    50     0 -9999   140    21     8 -9999 -9999
1964 10 17 00    39   -11 -9999   350    10     8 -9999     6
1964 10 17 06    89     0 -9999   110    10     7 -9999 -9999
1964 10 17 09   111    28 -9999   110    31     6 -9999 -9999
1964 10 17 21    50    28 -9999    90    31     8 -9999 -9999
1964 10 18 00    50    28 -9999   110    31     8 -9999 -9999
1964 10 18 06   139    50 -9999   140    21     1 -9999 -9999
1964 10 18 09   128    50 -9999    40    41     7 -9999 -9999
1964 10 18 21    61    39 -9999     0     0     8 -9999 -9999
1964 10 19 06   228   100 -9999   180    41     7 -9999 -9999
1964 10 19 09    72     0 -9999    20    41     7 -9999 -9999
1964 10 19 21    22     0 -9999     0     0     6 -9999 -9999
1964 10 20 06    72   -11 -9999   110    41     8 -9999     6
1964 10 20 21    28    22 -9999     0     0     8 -9999 -9999
1964 10 21 00    28    22 -9999     0     0     8 -9999     5
1964 10 21 06    72    28 -9999   290    10     8 -9999 -9999
1964 10 21 09    50    22 -9999     0     0     7 -9999 -9999
1964 10 21 21    11    11 -9999     0     0     8 -9999 -9999
1964 10 22 06    39     0 -9999   270    10     8 -9999    10
1964 10 22 09    39     0 -9999     0     0     8 -9999 -9999
1964 10 22 21    22    11 -9999     0     0     8 -9999 -9999
1964 10 24 09   172    61 -9999     0     0     2 -9999 -9999
1964 10 24 21    61    39 -9999     0     0     6 -9999 -9999
1964 10 25 00    50    28 -9999   110    41     1 -9999     3
1964 10 25 06   139    61 -9999   240    10     2 -9999 -9999
1964 10 25 09   172    72 -9999   270    21     2 -9999 -9999
1964 10 26 00    50    28 -9999     0     0     7 -9999 -9999
1964 10 26 06   150    50 -9999     0     0     1 -9999 -9999
1964 10 26 09   178    22 -9999   360    31     7 -9999 -9999
1964 10 27 00   -11   -22 -9999     0     0     1 -9999 -9999
1964 10 27 06   139    39 -9999   140    10     1 -9999 -9999
1964 10 27 09   161    61 -9999   250    10     3 -9999 -9999
1964 10 28 00   -11   -28 -9999     0     0     5 -9999 -9999
1964 10 28 06   150    28 -9999   220    10     2 -9999 -9999
1964 10 29 00   -22   -22 -9999     0     0     0 -9999 -9999
1964 10 29 06   128    22 -9999   270    21     1 -9999 -9999
1964 10 30 06   139     0 -9999   200    10     3 -9999 -9999
1964 10 30 21   -28   -61 -9999    20    10     1 -9999 -9999
1964 10 31 06   111   -89 -9999    70    21     0 -9999 -9999
1964 10 31 09   128   -72 -9999   140    10     1 -9999 -9999
1964 11 01 06   122   -11 -9999   200    21     1 -9999 -9999
1964 11 01 09   200  -100 -9999   200    21     1 -9999 -9999
1964 11 01 21   -22   -39 -9999     0     0     0 -9999 -9999
1964 11 02 00   -28   -39 -9999     0     0     0 -9999 -9999
1964 11 02 09   189   -28 -9999   270    21     5 -9999 -9999
1964 11 03 00   -22   -28 -9999     0     0     7 -9999 -9999
1964 11 03 06   100    11 -9999   200    10     1 -9999 -9999
1964 11 03 09   150    22 -9999   150    21     2 -9999 -9999
1964 11 03 21    22   -22 -9999     0     0     8 -9999 -9999
1964 11 04 00    22   -22 -9999   110    31     8 -9999 -9999
1964 11 04 06    89     0 -9999    90    21     1 -9999 -9999
1964 11 04 09   100    11 -9999    40    62     2 -9999 -9999
1964 11 04 21    28   -28 -9999     0     0     8 -9999 -9999
1964 11 05 00    22   -28 -9999    90    31     8 -9999 -9999
1964 11 05 06    61   -22 -9999   110    41     7 -9999 -9999
1964 11 05 09     0   -11 -9999   110    51     5 -9999 -9999
1964 11 05 21   -22   -28 -9999   270    10     8 -9999 -9999
1964 11 06 06     0     0 -9999     0     0     8 -9999    10
1964 11 06 09    11   -22 -9999     0     0     5 -9999 -9999
1964 11 06 21   -11   -22 -9999     0     0     7 -9999 -9999
1964 11 07 09    39    28 -9999   160    31     8 -9999 -9999
1964 11 07 21   -11   -28 -9999     0     0     6 -9999 -9999
1964 11 09 06    61   -61 -9999    20    10     7 -9999 -9999
1964 11 09 09    72   -89 -9999   140    21     2 -9999 -9999
1964 11 09 21   -22   -61 -9999     0     0     8 -9999 -9999
1964 11 10 00   -28   -39 -9999   270    31     8 -9999    10
1964 11 10 06    22   -22 -9999     0     0     8 -9999     3
1964 11 10 09    22   -22 -9999    20    51     7 -9999 -9999
1964 11 10 21   -78   -89 -9999    20    21     1 -9999 -9999
1964 11 11 09    50   -39 -9999     0     0     6 -9999 -9999
1964 11 12 06    61   -50 -9999    90    10     0 -9999 -9999
1964 11 12 09   100  -122 -9999   250    21     0 -9999 -9999
1964 11 13 00   -89  -100 -9999     0     0     0 -9999 -9999
1964 11 13 21   -39   -78 -9999     0     0     1 -9999 -9999
1964 11 14 06    50  -100 -9999     0     0     1 -9999 -9999
1964 11 14 09    72  -111 -9999   140    51     1 -9999 -9999
1964 11 14 21   -72   -78 -9999     0     0     0 -9999 -9999
1964 11 15 00   -78   -89 -9999     0     0     6 -9999 -9999
1964 11 15 06     0   -50 -9999   180    10     1 -9999 -9999
1964 11 15 09   122   -50 -9999     0     0     6 -9999 -9999
1964 11 15 21   -22   -39 -9999     0     0     1 -9999 -9999
1964 11 16 00   -39   -50 -9999     0     0     3 -9999 -9999
1964 11 16 06    89   -28 -9999   160    21     1 -9999 -9999
1964 11 16 09    89   -28 -9999   110    41     6 -9999 -9999
1964 11 17 00     0   -39 -9999   110    31     8 -9999 -9999
1964 11 18 00     0   -50 -9999   110    10     8 -9999 -9999
1964 11 18 06    50   -61 -9999   140    21     2 -9999 -9999
1964 11 18 09    61   -72 -9999   140    41     6 -9999 -9999
1964 11 19 00   -28   -78 -9999   110    10     8 -9999 -9999
1964 11 19 06    61   -78 -9999     0     0     6 -9999 -9999
1964 11 19 09    78   -61 -9999   270    10     7 -9999 -9999
1964 11 20 00   -22   -89 -9999    70    31     8 -9999 -9999
1964 11 20 06     0   -78 -9999     0     0     8 -9999     6
1964 11 20 09   -22  -111 -9999    20    72     8 -9999 -9999
1964 11 20 21   -61  -111 -9999   110    21     8 -9999 -9999
1964 11 21 00   -89  -122 -9999     0     0     8 -9999 -9999
1964 11 21 06    11  -161 -9999   250    41     7 -9999 -9999
1964 11 21 09    11  -178 -9999   270    62     2 -9999 -9999
1964 11 21 21  -111  -128 -9999     0     0     0 -9999 -9999
1964 11 22 00  -139  -139 -9999     0     0     0 -9999 -9999
1964 11 22 06    22  -139 -9999   140    10     1 -9999 -9999
1964 11 22 09    39  -272 -9999   270    62     1 -9999 -9999
1964 11 23 06    39  -189 -9999     0     0     1 -9999 -9999
1964 11 23 09    50  -250 -9999   290    51     1 -9999 -9999
1964 11 23 21  -122  -161 -9999     0     0     0 -9999 -9999
1964 11 24 00  -128  -139 -9999     0     0     0 -9999 -9999
1964 11 24 06    28  -161 -9999   180    21     1 -9999 -9999
1964 11 24 09    61  -228 -9999   250    41     1 -9999 -9999
1964 11 24 21  -122  -128 -9999     0     0     0 -9999 -9999
1964 11 25 00  -128  -139 -9999     0     0     1 -9999 -9999
1964 11 25 06    50  -139 -9999     0     0     1 -9999 -9999
1964 11 25 09    61  -211 -9999   200    10     5 -9999 -9999
1964 11 26 06    61  -111 -9999   160    10     1 -9999 -9999
1964 11 26 09    72  -122 -9999   140    21     7 -9999 -9999
1964 11 26 21    78  -111 -9999     0     0     1 -9999 -9999
1964 11 27 06    61   -89 -9999     0     0     6 -9999 -9999
1964 11 28 00   -72   -78 -9999     0     0     7 -9999 -9999
1964 11 28 09    61  -150 -9999   220    31     2 -9999 -9999
1964 11 28 21  -111  -128 -9999     0     0     0 -9999 -9999
1964 11 29 00  -128  -139 -9999     0     0     0 -9999 -9999
1964 11 29 06    28  -128 -9999   270    10     1 -9999 -9999
1964 11 29 09    61  -128 -9999   290    21     7 -9999 -9999
1964 11 29 21  -111  -122 -9999     0     0     0 -9999 -9999
1964 11 30 00  -122  -122 -9999     0     0     0 -9999 -9999
1964 11 30 06    61   -89 -9999    40    10     1 -9999 -9999
1964 11 30 09    78   -61 -9999   270    21     6 -9999 -9999
1964 12 01 00  -122  -128 -9999     0     0     0 -9999 -9999
1964 12 01 06    72  -161 -9999   140    21     2 -9999 -9999
1964 12 01 09    72  -228 -9999   270    41     7 -9999 -9999
1964 12 02 00  -100  -139 -9999     0     0     6 -9999 -9999
1964 12 02 06    39  -161 -9999   110    21     1 -9999 -9999
1964 12 02 09    61  -139 -9999   290    87     6 -9999 -9999
1964 12 02 21   -72  -111 -9999     0     0     7 -9999 -9999
1964 12 03 00   -78  -122 -9999   320    10     7 -9999 -9999
1964 12 03 06    78  -189 -9999   270    21     7 -9999 -9999
1964 12 03 09    72  -278 -9999   290    62     7 -9999 -9999
1964 12 03 21   -89  -128 -9999     0     0     3 -9999 -9999
1964 12 04 00  -100  -111 -9999     0     0     3 -9999 -9999
1964 12 04 06    28  -161 -9999   110    10     7 -9999 -9999
1964 12 04 09    28  -172 -9999    70    51     8 -9999 -9999
1964 12 04 21  -111  -128 -9999     0     0     1 -9999 -9999
1964 12 05 00  -111  -122 -9999     0     0     1 -9999 -9999
1964 12 05 09    39  -161 -9999    40    41     7 -9999 -9999
1964 12 06 00  -100  -122 -9999     0     0     3 -9999 -9999
1964 12 06 06    28  -122 -9999   160    10     7 -9999 -9999
1964 12 06 09    72  -128 -9999     0     0     7 -9999 -9999
1964 12 06 21  -100  -111 -9999     0     0     0 -9999 -9999
1964 12 07 00  -128  -128 -9999     0     0     1 -9999 -9999
1964 12 07 06    28  -128 -9999   200    10     1 -9999 -9999
1964 12 07 09    78  -128 -9999   220    10     7 -9999 -9999
1964 12 07 21   -61  -122 -9999    20    21     1 -9999 -9999
1964 12 08 00   -78  -122 -9999     0     0     7 -9999 -9999
1964 12 08 06   100  -178 -9999   250    41     7 -9999 -9999
1964 12 08 09    89  -161 -9999   250    21     7 -9999 -9999
1964 12 08 21   -50   -89 -9999     0     0     2 -9999 -9999
1964 12 09 00   -78  -111 -9999   220    10     6 -9999 -9999
1964 12 09 06    78   -72 -9999   110    10     7 -9999 -9999
1964 12 09 09    72   -61 -9999   250    82     8 -9999 -9999
1964 12 09 21   -50  -122 -9999     0     0     0 -9999 -9999
1964 12 10 00  -111  -122 -9999     0     0     6 -9999 -9999
1964 12 10 06    61  -111 -9999   340    21     6 -9999 -9999
1964 12 10 09    61  -122 -9999   290    10     8 -9999 -9999
1964 12 11 00     0  -111 -9999     0     0     7 -9999 -9999
1964 12 11 06    72  -178 -9999   320    72     7 -9999 -9999
1964 12 11 09    50  -139 -9999   290    41     7 -9999 -9999
1964 12 11 21   -72  -100 -9999     0     0     7 -9999 -9999
1964 12 12 00   -78  -111 -9999     0     0     2 -9999 -9999
1964 12 12 06    28  -122 -9999    20    10     8 -9999 -9999
1964 12 12 09     0   -22 -9999   140    21     8 -9999 -9999
1964 12 12 21   -72   -89 -9999    90    41     8 -9999 -9999
1964 12 13 00   -72   -89 -9999    90    31     8 -9999     5
1964 12 13 06   -50   -72 -9999     0     0     8 -9999    20
1964 12 13 09   -50   -72 -9999   140    21     8 -9999 -9999
1964 12 13 21   -72   -72 -9999     0     0     8 -9999 -9999
1964 12 14 00   -72   -89 -9999   140    31     8 -9999     5
1964 12 14 06   -50   -89 -9999     0     0     8 -9999     5
1964 12 14 09   -72  -128 -9999     0     0     8 -9999 -9999
1964 12 15 00  -189  -200 -9999     0     0     7 -9999     6
1964 12 15 06   -72  -139 -9999     0     0     7 -9999     6
1964 12 16 00  -228  -239 -9999     0     0     8 -9999     6
1964 12 16 09   -50  -239 -9999   270    82     7 -9999 -9999
1964 12 16 21  -172  -250 -9999     0     0     0 -9999 -9999
1964 12 17 00  -189  -239 -9999     0     0     0 -9999 -9999
1964 12 17 06   -72  -211 -9999    90    21     0 -9999 -9999
1964 12 17 09   -50  -239 -9999   250    41     1 -9999 -9999
1964 12 18 00  -228  -239 -9999     0     0     1 -9999 -9999
1964 12 18 06  -100  -189 -9999   140    10     2 -9999 -9999
1964 12 18 09   -61  -139 -9999     0     0     6 -9999 -9999
1964 12 18 21  -128  -139 -9999     0     0     7 -9999 -9999
1964 12 19 00  -161  -172 -9999     0     0     1 -9999 -9999
1964 12 19 06   -39  -228 -9999   270    82     1 -9999 -9999
1964 12 19 09   -22  -239 -9999   270    41     1 -9999 -9999
1964 12 19 21  -200  -211 -9999     0     0     1 -9999 -9999
1964 12 20 00  -100  -139 -9999     0     0     8 -9999 -9999
1964 12 20 06   -72  -178 -9999   200    10     1 -9999 -9999
1964 12 20 09   -28  -139 -9999   200    21     1 -9999 -9999
1964 12 20 21  -150  -150 -9999     0     0     7 -9999 -9999
1964 12 21 00  -128  -139 -9999     0     0     8 -9999 -9999
1964 12 21 06   -61   -89 -9999     0     0     8 -9999     3
1964 12 21 09   -11   -72 -9999     0     0     2 -9999 -9999
1964 12 21 21  -128  -139 -9999     0     0     0 -9999 -9999
1964 12 22 00  -161  -161 -9999     0     0     1 -9999 -9999
1964 12 22 06    22  -122 -9999   110    10     6 -9999 -9999
1964 12 22 09    39  -178 -9999   270    62     7 -9999 -9999
1964 12 22 21  -128  -139 -9999     0     0     3 -9999 -9999
1964 12 23 00  -150  -161 -9999     0     0     2 -9999 -9999
1964 12 23 06    11  -111 -9999   160    21     6 -9999 -9999
1964 12 23 09    50  -111 -9999   110    10     7 -9999 -9999
1964 12 23 21   -89  -100 -9999     0     0     8 -9999 -9999
1964 12 24 00  -100  -111 -9999     0     0     8 -9999 -9999
1964 12 24 06     0  -122 -9999     0     0     7 -9999 -9999
1964 12 24 09    11  -111 -9999   140    31     7 -9999 -9999
1964 12 24 21  -111  -111 -9999     0     0     6 -9999 -9999
1964 12 25 00  -111  -122 -9999     0     0     7 -9999 -9999
1964 12 25 06   -11  -122 -9999     0     0     7 -9999     6
1964 12 25 09    11  -200 -9999   270    41     3 -9999 -9999
1964 12 26 00  -178  -189 -9999     0     0     0 -9999 -9999
1964 12 26 06   -28  -178 -9999   140    21     0 -9999 -9999
1964 12 26 09    11  -200 -9999   160    10     0 -9999 -9999
1964 12 26 21  -172  -178 -9999     0     0     0 -9999 -9999
1964 12 27 00  -189  -200 -9999     0     0     0 -9999 -9999
1964 12 27 06   -22  -172 -9999   160    10     0 -9999 -9999
1964 12 27 09    39  -172 -9999   220    10     2 -9999 -9999
1964 12 27 21  -150  -161 -9999     0     0     2 -9999 -9999
1964 12 28 00  -172  -172 -9999     0     0     4 -9999 -9999
1964 12 28 06     0  -161 -9999   160    10     0 -9999 -9999
1964 12 28 09    61  -172 -9999   250    10     2 -9999 -9999
1964 12 29 00  -161  -161 -9999     0     0     1 -9999 -9999
1964 12 29 06    11  -139 -9999   140    10     6 -9999 -9999
1964 12 29 09    22  -161 -9999   290    31     7 -9999 -9999
1964 12 29 21   -89  -122 -9999     0     0     5 -9999 -9999
1964 12 30 00  -111  -128 -9999     0     0     7 -9999 -9999
1964 12 30 06    11  -239 -9999   270    82     7 -9999 -9999
1964 12 30 09    11  -250 -9999   270    62     5 -9999 -9999
1964 12 30 21  -172  -189 -9999     0     0     0 -9999 -9999
1964 12 31 00  -189  -211 -9999     0     0     1 -9999 -9999
1964 12 31 06   -22  -139 -9999   180    21     1 -9999 -9999
1964 12 31 09     0  -150 -9999     0     0     2 -9999 -9999
1964 12 31 21  -150  -150 -9999     0     0     1 -9999 -9999
