1986 02 10 12 -9999 -9999 -9999     0     0     8 -9999     0
1986 03 18 12    97  -102 -9999     0     0     3 -9999     0
1986 04 07 06   107 -9999 -9999   160    30     2 -9999 -9999
1986 06 21 18    58    54 -9999     0     0     1 -9999    -1
1986 07 19 21   161   156 -9999     0     0     8 -9999 -9999
1986 07 31 06   198   164 -9999   160    10     7 -9999    90
1986 08 08 21   152   144 -9999     0     0     3 -9999 -9999
1986 09 06 06   172    93 -9999     0     0     8 -9999    -1
1986 10 02 06   303   235 10129     0     0     7 -9999     0
1986 10 28 18   -23   -87 -9999     0     0     0 -9999     0
1986 11 02 18    -7 -9999 -9999     0     0     0 -9999     0
1986 11 15 06 -9999 -9999 -9999   320    10     4 -9999     0
1986 11 18 18   109    60 -9999     0     0     2 -9999     0
1986 11 20 12    90   -78 -9999     0     0     2 -9999     0
1986 12 01 12    93  -206 -9999   320    30     1 -9999     0
1986 12 09 21 -9999 -9999 -9999     0     0     0 -9999 -9999
1986 12 10 21   -30 -9999 -9999     0     0     0 -9999 -9999
1986 12 12 00   -58 -9999 -9999     0     0     1 -9999     0
1986 12 18 06    66   -87 -9999   180    10     0 -9999     0
1986 12 22 00   -59  -118 -9999     0     0     1 -9999     0
1986 12 29 00   -97  -125 -9999     0     0     3 -9999     0
1986 12 29 12    -3  -132 -9999     0     0     1 -9999     0
1986 12 31 18   -47 -9999 -9999     0     0     1 -9999     0
