1988 01 03 00   -63  -134 -9999     0     0     2 -9999     0
1988 01 04 06   120   -94 -9999   290    40     2 -9999 -9999
1988 01 07 06    68  -109 -9999   320    20     7 -9999     0
1988 01 22 12    56  -146 -9999     0     0     0 -9999     0
1988 02 26 12    63   -79 -9999     0     0     7 -9999 -9999
1988 02 27 09   165   -59 -9999   290    20     7 -9999 -9999
1988 03 30 12   119   101 -9999    90    20     6 -9999    -1
1988 04 13 09   165   -28 -9999   220    40     7 -9999 -9999
1988 04 18 21    72    57 -9999     0     0     8 -9999 -9999
1988 04 21 21    11     6 -9999     0     0     8 -9999 -9999
1988 04 26 21   116    89 -9999   320    10     1 -9999 -9999
1988 05 08 06 -9999 -9999 -9999   220    20     5 -9999     0
1988 05 11 09   163    60 -9999   270    30     7 -9999 -9999
1988 05 13 12   200   103 -9999   320    30     7 -9999     0
1988 05 14 06   249    83 -9999   220    30     2 -9999     0
1988 05 21 12   139    70 -9999     0     0     7 -9999     0
1988 05 30 09   170    46 -9999   140    20     7 -9999 -9999
1988 06 16 06   201 -9999 -9999     0     0     7 -9999     1
1988 07 22 00    99    88 -9999     0     0     1 -9999     0
1988 08 29 00   110   103 -9999     0     0     7 -9999     0
1988 09 09 00   115   110 -9999     0     0     8 -9999     3
1988 10 13 21    77    70 -9999     0     0     6 -9999 -9999
1988 12 14 03   240   234 -9999   360    50     8 -9999 -9999
1988 12 25 12    45 -9999 -9999 -9999 -9999     0 -9999     0
