1983 01 03 12    12  -109 -9999   250    30     8 -9999    -1
1983 01 31 09   322   238 10098   360    60     8 -9999 -9999
1983 02 20 12    42   -58 -9999   290    30     8 -9999    -1
1983 03 06 09   109   -76 -9999   290    60     7 -9999 -9999
1983 03 12 12 -9999 -9999 -9999   220    40     8 -9999     0
1983 03 22 00    37   -61 -9999     0     0     7 -9999     0
1983 03 30 09   346   231 -9999   360    40     6 -9999 -9999
1983 05 21 21   202   123 -9999    20    20     2 -9999 -9999
1983 07 05 12   234   175 -9999   110    10     7 -9999    -1
1983 07 24 06   196    98 -9999 -9999 -9999     1 -9999    -1
1983 09 03 00    29    18 -9999     0     0     0 -9999     0
1983 10 09 06 -9999 -9999 -9999   300   100     9 -9999     0
1983 10 19 00    43    27 -9999     0     0     1 -9999     0
1983 12 06 06    86  -100 -9999   320    30     0 -9999     0
1983 12 14 18   -42  -167 -9999     0     0     0 -9999     0
1983 12 17 12    23  -114 -9999     0     0     7 -9999 -9999
