1961 01 01 03   -39  -189 -9999     0     0     0 -9999 -9999
1961 01 01 12    22  -139 -9999   320    10     7 -9999 -9999
1961 01 02 03   -28  -200 -9999     0     0     0 -9999 -9999
1961 01 03 03   -39  -172 -9999     0     0     1 -9999 -9999
1961 01 03 12   -11   -72 -9999     0     0     7 -9999 -9999
1961 01 04 03   -39  -122 -9999     0     0     2 -9999 -9999
1961 01 04 12 -9999 -9999 -9999     0     0     7 -9999 -9999
1961 01 06 03  -111  -161 -9999     0     0     0 -9999 -9999
1961 01 07 03   -89  -172 -9999     0     0     1 -9999 -9999
1961 01 07 12 -9999 -9999 -9999   270    41     1 -9999     6
1961 01 08 03  -100  -172 -9999     0     0     1 -9999 -9999
1961 01 08 12     0  -150 -9999     0     0     7 -9999 -9999
1961 01 09 03    11  -122 -9999     0     0     8 -9999 -9999
1961 01 10 03   -78   -89 -9999     0     0     8 -9999 -9999
1961 01 11 03   -89  -128 -9999   320    10     8 -9999 -9999
1961 01 12 03  -122  -139 -9999    90    10     8 -9999 -9999
1961 01 13 03  -122  -139 -9999     0     0     8 -9999 -9999
1961 01 13 12  -172  -200 -9999     0     0     1 -9999 -9999
1961 01 14 03  -239  -250 -9999     0     0     1 -9999 -9999
1961 01 14 12 -9999 -9999 -9999     0     0 -9999 -9999 -9999
1961 01 15 03  -222  -228 -9999   220    10     2 -9999 -9999
1961 01 16 03  -250  -250 -9999     0     0     0 -9999 -9999
1961 01 17 03  -222  -239 -9999     0     0     0 -9999 -9999
1961 01 18 03  -178  -200 -9999     0     0     0 -9999 -9999
1961 01 19 03  -122  -139 -9999     0     0 -9999 -9999 -9999
1961 01 19 12   -61 -9999 -9999     0     0     7 -9999 -9999
1961 01 20 12   -89  -161 -9999     0     0     1 -9999 -9999
1961 01 21 03  -172  -189 -9999     0     0     0 -9999 -9999
1961 01 21 12   -78  -122 -9999     0     0     8 -9999 -9999
1961 01 22 03   -89  -111 -9999     0     0     7 -9999 -9999
1961 01 23 03   -78  -139 -9999     0     0     8 -9999 -9999
1961 01 24 03   -78  -178 -9999     0     0     0 -9999 -9999
1961 01 25 03  -100  -128 -9999     0     0     0 -9999 -9999
1961 01 25 12 -9999 -9999 -9999     0     0     1 -9999 -9999
1961 01 26 03   -72  -111 -9999     0     0     0 -9999 -9999
1961 01 27 03   -61  -128 -9999     0     0     7 -9999 -9999
1961 01 27 12    22   -72 -9999   320    41 -9999 -9999 -9999
1961 01 28 00   139    39 -9999     0     0     0 -9999 -9999
1961 01 28 03   -50  -111 -9999     0     0     7 -9999 -9999
1961 01 29 03   -39  -100 -9999     0     0     0 -9999 -9999
1961 01 30 03   -61  -150 -9999     0     0     0 -9999 -9999
1961 01 31 03   -78  -172 -9999     0     0     8 -9999 -9999
1961 01 31 12   -61  -100 -9999    90    21     8 -9999 -9999
1961 02 01 03   -50  -128 -9999     0     0     1 -9999 -9999
1961 02 02 03   -50  -128 -9999     0     0     7 -9999 -9999
1961 02 03 03 -9999 -9999 -9999     0     0     7 -9999 -9999
1961 02 04 12   -28  -211 -9999     0     0     2 -9999 -9999
1961 02 05 03   -61  -161 -9999     0     0     7 -9999 -9999
1961 02 06 03   -28   -89 -9999     0     0     1 -9999 -9999
1961 02 06 12    22  -172 -9999   290    21     1 -9999 -9999
1961 02 07 03   -39  -139 -9999     0     0     0 -9999 -9999
1961 02 07 12    28  -189 -9999   290    10     5 -9999 -9999
1961 02 08 03   -22  -139 -9999     0     0     2 -9999 -9999
1961 02 09 03   -11   -89 -9999   200    21     1 -9999 -9999
1961 02 09 12    11  -128 -9999   270    10     7 -9999 -9999
1961 02 10 03   -28  -122 -9999     0     0     7 -9999 -9999
1961 02 11 03   -50 -9999 -9999     0     0     7 -9999 -9999
1961 02 11 12   -50  -200 -9999     0     0     2 -9999     6
1961 02 12 03   -72  -111 -9999   110    10     7 -9999 -9999
1961 02 13 03   -50  -128 -9999     0     0     6 -9999 -9999
1961 02 13 12   -28  -128 -9999    40    21     8 -9999 -9999
1961 02 14 12   -72  -128 -9999   140    21     8 -9999     6
1961 02 15 12   -78   -89 -9999    90    21 -9999 -9999    10
1961 02 16 03  -100  -139 -9999     0     0     2 -9999 -9999
1961 02 17 03   -78  -161 -9999     0     0     7 -9999 -9999
1961 02 18 03  -111  -161 -9999     0     0     7 -9999 -9999
1961 02 18 12   -22  -139 -9999     0     0     6 -9999 -9999
1961 02 19 12 -9999 -9999 -9999     0     0     7 -9999 -9999
1961 02 20 03   -11  -111 -9999     0     0     8 -9999 -9999
1961 02 20 12   -11  -100 -9999     0     0     6 -9999     6
1961 02 21 00     0   -61 -9999     0     0     8 -9999 -9999
1961 02 21 03   -28   -72 -9999     0     0     8 -9999 -9999
1961 02 22 03   -72   -78 -9999   240    31     8 -9999 -9999
1961 02 23 03   -61   -89 -9999   250    10     8 -9999 -9999
1961 02 24 03   -78   -89 -9999   290    10     8 -9999 -9999
1961 02 25 03   -72   -89 -9999     0     0     8 -9999 -9999
1961 02 25 12   -11 -9999 -9999    40    21     8 -9999     6
1961 02 26 03   -50  -100 -9999     0     0     7 -9999 -9999
1961 02 26 12   -22   -61 -9999     0     0     1 -9999     6
1961 02 27 03   -39   -89 -9999     0     0     8 -9999 -9999
1961 02 27 12    11   -72 -9999     0     0     8 -9999 -9999
1961 02 28 03   -39  -122 -9999     0     0     7 -9999 -9999
1961 03 01 12    11   -11 -9999   270    72     8 -9999 -9999
1961 03 02 03   -28  -111 -9999   270    10     7 -9999 -9999
1961 03 03 03   -72  -111 -9999     0     0     8 -9999 -9999
1961 03 04 03   -50  -111 -9999     0     0     2 -9999 -9999
1961 03 05 03   -50   -72 -9999     0     0     8 -9999 -9999
1961 03 05 12   -11   -72 -9999   360    10 -9999 -9999     6
1961 03 06 03     0   -72 -9999     0     0     8 -9999 -9999
1961 03 07 03    11   -28 -9999   160    21     8 -9999 -9999
1961 03 07 12     0   -50 -9999    90    10     8 -9999     6
1961 03 08 03   -22   -39 -9999     0     0     8 -9999 -9999
1961 03 08 12    22   -50 -9999   220    10     8 -9999 -9999
1961 03 09 03   -11   -61 -9999   220    21     8 -9999 -9999
1961 03 10 03   -28   -50 -9999     0     0     5 -9999 -9999
1961 03 10 06   -28   -50 -9999     0     0     5 -9999 -9999
1961 03 10 12    11  -122 -9999     0     0     7 -9999 -9999
1961 03 11 03     0  -122 -9999     0     0     7 -9999 -9999
1961 03 11 06    11  -122 -9999     0     0     7 -9999 -9999
1961 03 12 03     0   -89 -9999     0     0     7 -9999 -9999
1961 03 12 12    61   -61 -9999    40    21     8 -9999 -9999
1961 03 13 03    39   -72 -9999   250    21     1 -9999 -9999
1961 03 13 12    22   -39 -9999   340    21     8 -9999     6
1961 03 14 03     0   -22 -9999     0     0     8 -9999 -9999
1961 03 14 12    11   -89 -9999   270    31     1 -9999     6
