1985 01 09 21   -31   -55 -9999     0     0     8 -9999 -9999
1985 01 11 18   -25  -130 -9999     0     0     7 -9999     0
1985 01 14 00   -20   -21 10216     0     0     1 -9999 -9999
1985 01 15 21  -176  -251 10312   160    10     0 -9999 -9999
1985 01 23 12    98     4 -9999     0     0     1 -9999     0
1985 02 16 18   -26 -9999 10261     0     0 -9999 -9999     0
1985 02 28 06   181    13 -9999   180    60     1 -9999     0
1985 03 03 00    70    38 -9999    40    20     1 -9999     0
1985 03 13 21   142 -9999 -9999   210    20     7 -9999 -9999
1985 04 29 06   218   197 -9999   290    40     7 -9999     0
1985 05 08 18 -9999 -9999 -9999 -9999 -9999     2 -9999     0
1985 06 09 18   207   191 -9999     0     0     6 -9999     0
1985 06 11 18    89    81 -9999     0     0     0 -9999    -1
1985 06 21 21   182   171 -9999     0     0     8 -9999 -9999
1985 06 23 00   131   122 -9999     0     0     8 -9999    10
1985 06 25 21   136   133 -9999     0     0     8 -9999 -9999
1985 06 26 00   139   133 -9999     0     0     8 -9999    40
1985 07 03 12   131   106 -9999     0     0     8 -9999    10
1985 07 06 09 -9999 -9999 -9999   290    30     7 -9999 -9999
1985 07 18 12   220   156 -9999   360    20     7 -9999    -1
1985 07 21 21   135   127 -9999     0     0     7 -9999 -9999
1985 08 08 21   142 -9999 -9999     0     0     7 -9999 -9999
1985 08 09 00   112 -9999 -9999     0     0     8 -9999     3
1985 08 18 12 -9999 -9999 -9999     0     0     8 -9999   100
1985 08 18 18   131   128 -9999     0     0 -9999 -9999    -1
1985 08 19 00    91  -176 -9999     0     0     7 -9999     0
1985 09 17 06   141 -9999 -9999     0     0     7 -9999     5
1985 10 04 06   166    -6 -9999   290    20     1 -9999     0
1985 10 15 06   251    50 -9999   270    40     1 -9999 -9999
1985 10 30 18   -27   -57 -9999     0     0     0 -9999     0
1985 11 01 06   155   -64 -9999     0     0     7 -9999     0
1985 11 12 12   115    61 -9999   360    80     3 -9999     0
