1982 02 05 18    -6  -134 10000     0     0     1 -9999 -9999
1982 02 06 00   227   223 10106     0     0     7 -9999 -9999
1982 02 12 00   -72  -141 -9999     0     0     7 -9999     0
1982 03 04 21   -17  -105 -9999   110    10     0 -9999 -9999
1982 03 20 00    14   -61 -9999   250    40     7 -9999     3
1982 04 16 21   -11   -55 -9999    10    20     0 -9999     0
1982 05 03 18   121   -39 -9999     0     0     0 -9999     0
1982 05 03 21    -9   -48 -9999     0     0     0 -9999 -9999
1982 05 04 09   140   -18 -9999     0     0     7 -9999 -9999
1982 05 05 00 -9999 -9999 -9999    10     5     7 -9999     0
1982 05 07 18   109    21 -9999    10     5     7 -9999     0
1982 05 17 18   169    16 -9999   320    36     8 -9999     3
1982 05 19 00    99    59 -9999     0     0     8 -9999    -1
1982 05 27 06   191    28 -9999    40     5     7 -9999    -1
1982 05 27 09   198    12 -9999   160    36     6 -9999 -9999
1982 05 31 21    98    91 -9999    40    10     8 -9999 -9999
1982 06 10 18   140    37 -9999   270     5     7 -9999     1
1982 06 11 00    91     0 -9999     0     0     8 -9999     0
1982 06 16 00    96    90 -9999   140     5     8 -9999     0
1982 06 18 00   113    95 -9999     0     0     7 -9999     0
1982 07 18 12   160    96 -9999   170     5     7 -9999     0
1982 07 28 00   138   132 -9999     0     0     8 -9999 -9999
1982 07 30 00    59    38 -9999     0     0     1 -9999 -9999
1982 08 05 18   200   164 -9999    20     5     6 -9999    -1
1982 08 13 18    60    37 -9999    10     5     1 -9999     0
1982 08 14 21   103    71 -9999     0     0     7 -9999 -9999
1982 08 27 00   149   130 -9999     0     0     8 -9999     0
1982 09 07 06 -9999 -9999 -9999   360    10     8 -9999    70
1982 09 08 21    95    93 -9999     0     0     8 -9999 -9999
1982 09 28 12   130    89 -9999   110    10     6 -9999     3
1982 10 01 00    90    88 -9999   110     5     2 -9999     0
1982 10 19 18   153   114 -9999   360     5     1 -9999 -9999
1982 10 29 21    74    64 -9999     0     0     0 -9999 -9999
1982 10 30 12    69    19 -9999   270    26     8 -9999     3
1982 11 05 18    -4   -29 -9999     0     0     0 -9999     0
1982 11 10 00   -75  -124 -9999     0     0     0 -9999     0
1982 11 12 00   136    64 10112     0     0     8 -9999     0
1982 12 10 00   208  -100 -9999     0     0     7 -9999     0
1982 12 10 18    60 -9999 -9999    40    21     8 -9999     0
1982 12 18 06    55    10 -9999   200    10     8 -9999     0
1982 12 21 18  -102  -183 -9999     0     0     0 -9999     0
