1980 01 07 06    60  -260 -9999   290    40     3 -9999 -9999
1980 01 10 18    70   -30 -9999   290    10     0 -9999 -9999
1980 01 17 06   300   210 -9999   340    60     7 -9999 -9999
1980 01 18 18   -50  -180 -9999     0     0     0 -9999     0
1980 01 25 18    10   -20 -9999    90    10     0 -9999 -9999
1980 01 28 03    10 -9999 -9999   190    20     1 -9999 -9999
1980 02 01 21   -60   -90 -9999     0     0     1 -9999 -9999
1980 02 06 21    40   -10 -9999     0     0     2 -9999 -9999
1980 02 18 21   240   230 -9999   300    30     3 -9999 -9999
1980 02 20 18   -20  -130 -9999   140    20     0 -9999     0
1980 02 25 03    40   -10 -9999   270    20     8 -9999 -9999
1980 02 28 06   150  -140 -9999   270    20     7 -9999     0
1980 03 01 18   250   240 -9999     0     0     7 -9999 -9999
1980 03 06 18   250   230 -9999     0     0     4 -9999 -9999
1980 03 06 21   160    20 -9999   200    40     0 -9999 -9999
1980 03 08 06   310   240 -9999   220    40     7 -9999 -9999
1980 03 09 06   220   -30 -9999   250    60     0 -9999     0
1980 03 20 15   270   250 -9999     0     0     5 -9999 -9999
1980 03 31 06    70  -140 -9999   290    50     8 -9999     0
1980 04 01 06   130   -90 -9999   190    20     6 -9999     0
1980 04 03 18    90   -30 -9999     0     0     7 -9999     0
1980 04 03 21   130   120 -9999   110    30     7 -9999 -9999
1980 04 09 12   270   250 -9999   360    60     8 -9999 -9999
1980 04 23 18   240   240 -9999   270    50     8 -9999 -9999
1980 04 25 21 -9999 -9999 -9999     0     0     1 -9999 -9999
1980 04 26 18    40   -10 -9999     0     0     6 -9999 -9999
1980 05 04 03   180    30 -9999   240    10     1 -9999 -9999
1980 05 08 12   300   250 -9999     0     0     4 -9999 -9999
1980 05 09 18   100    10 -9999     0     0     1 -9999     0
1980 05 13 03   160    30 -9999   340    60     7 -9999 -9999
1980 05 13 09   310    80 -9999   180    60     1 -9999 -9999
1980 05 16 21    50    40 -9999   140    20     8 -9999 -9999
1980 05 23 15    80 -9999 -9999     0     0     7 -9999 -9999
1980 05 24 21    80    20 -9999   290    30     8 -9999 -9999
1980 05 27 12   360   250 -9999   100    70     7 -9999 -9999
1980 06 05 21   190   160 -9999     0     0     8 -9999 -9999
1980 06 10 12   280   250 -9999     0     0     4 -9999 -9999
1980 06 28 00 -9999 -9999 -9999     0     0     8 -9999 -9999
1980 07 03 18   110   100 -9999     0     0     8 -9999 -9999
1980 07 09 03   200 -9999 -9999   170    20     6 -9999 -9999
1980 07 15 00    90    80 -9999   310    20     8 -9999 -9999
1980 07 21 18   240   230 -9999     0     0     7 -9999 -9999
1980 07 25 03   160   120 -9999     0     0     8 -9999 -9999
1980 07 27 09   260   170 -9999   160    20     3 -9999 -9999
1980 07 31 03 -9999 -9999 -9999 -9999 -9999     1 -9999 -9999
1980 07 31 18 -9999 -9999 -9999     0     0     8 -9999 -9999
1980 08 01 12 -9999 -9999 -9999   320    40     8 -9999 -9999
1980 08 03 12   190    70 -9999   280    30     1 -9999 -9999
1980 08 06 06   300   230 -9999 -9999 -9999     7 -9999 -9999
1980 08 08 12   160   120 -9999     0     0     7 -9999    -1
1980 08 10 21   120   100 -9999     0     0     7 -9999 -9999
1980 08 15 12   320   240 -9999 -9999 -9999 -9999 -9999 -9999
1980 08 23 00   140   120 -9999   240    40     8 -9999    70
1980 08 24 21   190   180 -9999   320    20     2 -9999 -9999
1980 09 09 00   280   190 -9999     0     0     7 -9999 -9999
1980 09 10 03   270   240 -9999   120    40     7 -9999 -9999
1980 10 11 00 -9999 -9999 -9999     0     0     1 -9999     0
1980 10 20 00    30     0 -9999     0     0     7 -9999     0
1980 10 25 03    20     0 -9999     0     0     7 -9999 -9999
1980 10 28 12   140   100 -9999   360    10     1 -9999 -9999
1980 11 02 03    70 -9999 -9999 -9999 -9999     0 -9999 -9999
1980 11 03 00    80    50 -9999   140    20     7 -9999     0
1980 11 10 21   -30   -90 -9999     0     0     0 -9999 -9999
1980 11 21 18    70    50 -9999     0     0     0 -9999     0
1980 11 21 21   -40   -90 -9999     0     0     2 -9999 -9999
1980 11 27 00   -70  -100 -9999     0     0     0 -9999 -9999
1980 12 23 00  -100  -140 -9999     0     0     0 -9999 -9999
1980 12 31 06    80  -170 -9999   250    30     3 -9999 -9999
