1989 01 03 12    83    28 -9999     0     0     1 -9999     0
1989 03 17 18    34   -43 -9999     0     0     0 -9999     0
1989 03 20 18    25   -12 -9999     0     0     2 -9999    -1
1989 04 02 00    51    28 -9999   110    30     7 -9999    10
1989 04 02 10    57    35 -9999     0     0     8 -9999     3
1989 05 13 18    67    41 -9999   270    30     7 -9999    -1
1989 05 16 21    43    26 -9999     0     0     5 -9999 -9999
1989 06 05 21   181   167 -9999     0     0     2 -9999 -9999
1989 06 16 00   130   115 -9999     0     0     7 -9999    20
1989 06 28 18   193 -9999 -9999   180    20     8 -9999     1
1989 06 28 21   105    89 -9999   110    30     7 -9999 -9999
1989 07 08 00   138   133 -9999     0     0     8 -9999    60
1989 07 26 12   148   132 -9999    90    20     8 -9999     3
