1960 01 01 12  -100 -9999 -9999   340    41     1 -9999 -9999
1960 01 02 03  -150  -200 -9999     0     0     0 -9999 -9999
1960 01 02 12   -78  -239 -9999     0     0     0 -9999 -9999
1960 01 03 03  -139  -200 -9999     0     0     0 -9999 -9999
1960 01 03 12   -39  -228 -9999   360    31     0 -9999 -9999
1960 01 06 03  -122  -189 -9999     0     0     0 -9999 -9999
1960 01 07 03   -89  -211 -9999     0     0     1 -9999 -9999
1960 01 08 03   -72  -178 -9999     0     0     1 -9999 -9999
1960 01 08 12   -28  -139 -9999   290    41     7 -9999 -9999
1960 01 09 12   -50  -228 -9999   320    21     8 -9999 -9999
1960 01 10 03  -128  -189 -9999     0     0     0 -9999 -9999
1960 01 10 12   -72  -272 -9999     0     0     0 -9999 -9999
1960 01 11 12   -22  -272 -9999   360    10     1 -9999 -9999
1960 01 12 03  -100  -178 -9999     0     0     1 -9999 -9999
1960 01 13 03   -72  -161 -9999     0     0     0 -9999 -9999
1960 01 13 12    11  -200 -9999   320    21     7 -9999 -9999
1960 01 14 03   -50  -178 -9999     0     0     3 -9999 -9999
1960 01 14 12     0  -228 -9999     0     0     1 -9999 -9999
1960 01 15 03   -39  -250 -9999     0     0     7 -9999 -9999
1960 01 15 12   -39  -111 -9999    70    10     2 -9999     6
1960 01 16 03   -89  -200 -9999     0     0     7 -9999 -9999
1960 01 16 12   -78  -189 -9999     0     0     2 -9999 -9999
1960 01 17 03   -61  -161 -9999     0     0     1 -9999 -9999
1960 01 17 12     0  -228 -9999   340    41     2 -9999 -9999
1960 01 18 03   -61   -78 -9999   320    21     8 -9999 -9999
1960 01 19 03  -161  -178 -9999     0     0     1 -9999 -9999
1960 01 19 12   -61  -222 -9999   290    21     1 -9999 -9999
1960 01 20 03  -139  -189 -9999     0     0     1 -9999 -9999
1960 01 20 12   -78  -122 -9999     0     0     0 -9999 -9999
1960 01 21 03  -122  -172 -9999     0     0     0 -9999 -9999
1960 01 22 03   -78  -161 -9999     0     0     1 -9999 -9999
1960 01 22 12    11  -189 -9999     0     0     1 -9999 -9999
1960 01 23 03   -78  -161 -9999    90    10     1 -9999 -9999
1960 01 23 12   -61   -89 -9999     0     0     8 -9999     6
1960 01 23 18  -100  -111 -9999     0     0     1 -9999     6
1960 01 24 03   -89  -139 -9999     0     0     7 -9999 -9999
1960 01 24 12   -72  -211 -9999   320    21     2 -9999 -9999
1960 01 25 03   -89  -211 -9999     0     0     1 -9999 -9999
1960 01 26 03  -139  -222 -9999   340    10     0 -9999 -9999
1960 01 26 12   -61  -250 -9999   160    31     1 -9999 -9999
1960 01 27 03  -122  -200 -9999     0     0     0 -9999 -9999
1960 01 27 12   -89  -300 -9999     0     0     0 -9999 -9999
1960 01 28 03  -128  -222 -9999     0     0     7 -9999 -9999
1960 01 28 12 -9999 -9999 -9999     0     0     7 -9999 -9999
1960 01 29 12   -50  -300 -9999   320    21     1 -9999 -9999
1960 01 30 12   -72  -228 -9999     0     0     7 -9999 -9999
1960 01 31 03   -72  -228 -9999     0     0     3 -9999 -9999
1960 02 02 12    28  -111 -9999     0     0     6 -9999 -9999
1960 02 03 03   -39   -72 -9999    20    10     8 -9999 -9999
1960 02 04 03   -78  -139 -9999     0     0     7 -9999 -9999
1960 02 04 12   -61  -239 -9999   290    21     1 -9999 -9999
1960 02 05 12    22  -189 -9999    40    10     3 -9999 -9999
1960 02 06 12    11  -228 -9999   290    41     8 -9999 -9999
1960 02 07 03   -61  -172 -9999     0     0     1 -9999 -9999
1960 02 07 12   -22  -250 -9999   320    21     6 -9999 -9999
1960 02 08 12    22  -172 -9999   290    21     7 -9999 -9999
1960 02 09 12   -11  -250 -9999     0     0     0 -9999 -9999
1960 02 11 12   -22  -228 -9999   340    21     1 -9999 -9999
1960 02 12 03   -50  -211 -9999     0     0     1 -9999 -9999
1960 02 12 12    39  -178 -9999     0     0     7 -9999 -9999
1960 02 13 03   -39  -211 -9999     0     0     1 -9999 -9999
1960 02 13 12    50  -111 -9999     0     0     8 -9999 -9999
1960 02 14 03    28  -200 -9999   270    41     1 -9999 -9999
1960 02 14 12   -11  -172 -9999     0     0     0 -9999 -9999
1960 02 15 03   -61  -128 -9999     0     0     1 -9999 -9999
1960 02 15 12    28  -122 -9999     0     0     7 -9999 -9999
1960 02 16 03   -39  -172 -9999     0     0     0 -9999 -9999
1960 02 16 12    22 -9999 -9999   110    21     8 -9999 -9999
1960 02 17 00   -11  -161 -9999     0     0     7 -9999 -9999
1960 02 17 03   -11  -122 -9999     0     0     6 -9999 -9999
1960 02 17 12 -9999 -9999 -9999   290    21     8 -9999     6
1960 02 18 12    11   -50 -9999    40    31     8 -9999     6
1960 02 19 03   -39   -72 -9999     0     0     7 -9999 -9999
1960 02 19 12   -22   -28 -9999     0     0     8 -9999     6
1960 02 20 12   -39   -72 -9999    70    21     7 -9999     6
1960 02 21 12   -22   -50 -9999     0     0     8 -9999 -9999
1960 02 22 03 -9999 -9999 -9999     0     0     0 -9999 -9999
1960 02 22 12   -11   -61 -9999   160    21     7 -9999 -9999
1960 02 23 03   -39  -128 -9999     0     0     1 -9999 -9999
1960 02 24 03    11   -50 -9999     0     0     1 -9999 -9999
1960 02 24 12    22  -150 -9999     0     0     3 -9999 -9999
1960 02 25 03   -50  -161 -9999     0     0 -9999 -9999 -9999
1960 02 25 12     0  -111 -9999   230    10     5 -9999 -9999
1960 02 26 03    22  -172 -9999   320    10     2 -9999 -9999
1960 02 26 12    28  -200 -9999   340    41     5 -9999     6
1960 02 27 03   -22  -139 -9999     0     0     7 -9999 -9999
1960 02 27 12    22  -111 -9999    90    31     7 -9999 -9999
1960 02 28 03   -22  -150 -9999   270    31     7 -9999 -9999
1960 02 29 03   -50  -111 -9999   220    10     1 -9999 -9999
1960 02 29 12    22  -128 -9999     0     0     7 -9999 -9999
1960 03 01 03   -11   -78 -9999     0     0     7 -9999 -9999
1960 03 01 12   -11   -61 -9999   320    62     8 -9999     6
1960 03 02 03   -11   -61 -9999     0     0     1 -9999 -9999
1960 03 02 12    11  -122 -9999     0     0     2 -9999 -9999
1960 03 03 03   -11  -122 -9999     0     0     3 -9999 -9999
1960 03 03 12   -11  -222 -9999   290    10     5 -9999 -9999
1960 03 04 03   -39 -9999 -9999   180    10     0 -9999 -9999
1960 03 05 03   -28  -200 -9999     0     0     0 -9999 -9999
1960 03 05 12    39  -200 -9999     0     0     1 -9999 -9999
1960 03 06 03   -22  -172 -9999     0     0     7 -9999 -9999
1960 03 07 03   -22  -100 -9999     0     0     7 -9999 -9999
1960 03 08 12   -11   -11 -9999     0     0     8 -9999    20
1960 03 09 03     0   -78 -9999     0     0     1 -9999 -9999
1960 03 09 12    28   -89 -9999    70    51     7 -9999     6
1960 03 11 03   -11  -150 -9999     0     0     4 -9999 -9999
1960 03 11 12    78 -9999 -9999   340    21     8 -9999 -9999
1960 03 12 03    22   -89 -9999     0     0     7 -9999 -9999
1960 03 12 12    89  -128 -9999   220    41     7 -9999 -9999
1960 03 13 12    28  -111 -9999   140    21     1 -9999 -9999
1960 03 15 03    22   -11 -9999     0     0     7 -9999 -9999
1960 03 15 12    61   -39 -9999   160    21     7 -9999     6
1960 03 16 12 -9999 -9999 -9999   340    21 -9999 -9999 -9999
1960 03 17 03 -9999 -9999 -9999     0     0     7 -9999 -9999
1960 03 18 12    22   -50 -9999   320    21     6 -9999     6
1960 03 19 03   -22 -9999 -9999     0     0     8 -9999 -9999
1960 03 19 12 -9999 -9999 -9999   360    62     8 -9999 -9999
1960 03 20 03     0   -61 -9999   290    10     7 -9999 -9999
1960 03 21 03    39   -28 -9999     0     0     1 -9999 -9999
1960 03 22 03    28   -78 -9999     0     0     1 -9999 -9999
1960 03 22 12    78  -150 -9999   270    21 -9999 -9999 -9999
1960 03 23 03   111  -161 -9999   200    72 -9999 -9999 -9999
1960 03 23 12    39   -61 -9999   320    41     8 -9999 -9999
1960 03 24 03    39   -50 -9999     0     0     1 -9999 -9999
1960 03 24 12     0  -122 -9999   290    41     3 -9999 -9999
1960 03 25 03    11  -278 -9999   280    82     0 -9999 -9999
1960 03 25 12   -11  -250 -9999   290    41     1 -9999 -9999
1960 03 26 03    28  -228 -9999     0     0     0 -9999 -9999
1960 03 26 12    50  -228 -9999   290    21     6 -9999 -9999
1960 03 27 12   111  -189 -9999   290    21     5 -9999 -9999
1960 03 28 03    78  -139 -9999     0     0     7 -9999 -9999
1960 04 01 03    28   -39 -9999     0     0     4 -9999 -9999
1960 04 02 03     0     0 -9999     0     0     8 -9999 -9999
1960 04 02 12 -9999 -9999 -9999 -9999    21 -9999 -9999     6
1960 04 04 12    11   -22 -9999     0     0     8 -9999    10
1960 04 05 12 -9999 -9999 -9999     0     0 -9999 -9999     6
1960 04 06 03    28   -28 -9999     0     0     8 -9999 -9999
1960 04 07 12    61    22 -9999   140    10     7 -9999    10
1960 04 08 03    28   -11 -9999     0     0     7 -9999 -9999
1960 04 08 12 -9999 -9999 -9999   320    31     7 -9999     6
1960 04 09 00   -28   -39 -9999     0     0     1 -9999 -9999
1960 04 09 03    39   -39 -9999     0     0 -9999 -9999 -9999
1960 04 11 12    72   -11 -9999 -9999 -9999     8 -9999 -9999
1960 04 12 12    78   -61 -9999     0     0     8 -9999 -9999
1960 04 13 03    89   -39 -9999     0     0     7 -9999 -9999
1960 04 15 12   100   -61 -9999   270    21     8 -9999 -9999
1960 04 16 03    89 -9999 -9999 -9999    21     1 -9999 -9999
1960 04 18 00   122 -9999 -9999 -9999 -9999 -9999 -9999 -9999
1960 04 18 12    78   -50 -9999     0     0     8 -9999     6
1960 04 19 03    28   -11 -9999     0     0     3 -9999 -9999
1960 04 20 12   100   -28 -9999   290    98     8 -9999 -9999
1960 04 21 03    72   -11 -9999     0     0     8 -9999 -9999
1960 04 21 12   100 -9999 -9999     0     0     8 -9999 -9999
1960 04 22 12    72    22 -9999   320    10     6 -9999     5
1960 04 23 12   111   -39 -9999    90    21     8 -9999 -9999
1960 04 24 03   100    11 -9999     0     0 -9999 -9999 -9999
1960 04 24 12   128   -28 -9999    90    31     7 -9999 -9999
1960 04 25 12   100   -39 -9999   320    62     6 -9999     6
1960 04 26 03    78   -11 -9999     0     0     7 -9999 -9999
1960 04 27 12    28    22 -9999   360    82     8 -9999    20
1960 04 28 03    50    22 -9999     0     0     8 -9999 -9999
1960 04 28 12 -9999 -9999 -9999 -9999 -9999     1 -9999 -9999
1960 04 30 12    78   -11 -9999     0     0     7 -9999     6
1960 05 01 03    72     0 -9999     0     0     7 -9999 -9999
1960 05 01 12   111   -11 -9999   140    21     8 -9999 -9999
1960 05 02 12   111   -22 -9999   340    21     8 -9999     6
1960 05 04 03   111   -28 -9999     0     0 -9999 -9999 -9999
1960 05 04 12   150   -28 -9999    90    10     7 -9999 -9999
1960 05 08 03    89 -9999 -9999   340    31     7 -9999 -9999
1960 05 08 12    50    11 -9999     0     0     7 -9999 -9999
1960 05 13 03    89   -28 -9999     0     0     1 -9999 -9999
1960 05 13 12   111   -39 -9999   270    21     7 -9999 -9999
1960 05 14 12   122   -61 -9999   270    10     5 -9999 -9999
1960 05 15 12   139   -22 -9999     0     0     7 -9999 -9999
1960 05 16 12   172   -50 -9999   180    41     2 -9999 -9999
1960 05 17 03   139    28 -9999     0     0     5 -9999 -9999
1960 05 18 03    61     0 -9999     0     0     8 -9999 -9999
1960 05 18 12    89    11 -9999    70    21     8 -9999     6
1960 05 19 03    22     0 -9999   250    41 -9999 -9999 -9999
1960 05 20 03 -9999 -9999 -9999     0     0     8 -9999 -9999
1960 05 20 12    50     0 -9999    90    41 -9999 -9999     6
1960 05 21 03    61   -22 -9999    70    21     7 -9999 -9999
1960 05 21 12    78    22 -9999    90    10     8 -9999    10
1960 05 22 12 -9999 -9999 -9999     0     0     5 -9999 -9999
1960 05 23 03   139    39 -9999   140    10     1 -9999 -9999
1960 05 24 03   122    61 -9999     0     0     7 -9999 -9999
1960 05 24 18   122   111 -9999     0     0     8 -9999    50
1960 05 25 12   111    22 -9999   290    10     8 -9999     6
1960 05 26 03    78    28 -9999     0     0     7 -9999 -9999
1960 05 26 12    78    39 -9999   250    21     7 -9999     6
1960 05 27 12    78    39 -9999    90    31     7 -9999    10
1960 05 28 12   111    61 -9999   320    41     8 -9999 -9999
1960 05 29 03    72    72 -9999   110    10     8 -9999 -9999
1960 05 29 12   122    89 -9999   220    10     8 -9999     6
1960 05 30 12   111    28 -9999   340    21     7 -9999    30
1960 05 31 12 -9999 -9999 -9999     0     0     7 -9999     6
1960 06 01 03   111    39 -9999   220    31     8 -9999 -9999
1960 06 02 03   128    11 -9999     0     0     6 -9999 -9999
1960 06 02 12   139 -9999 -9999    20    41     7 -9999 -9999
1960 06 03 03    61    28 -9999     0     0     8 -9999 -9999
1960 06 03 12   100    39 -9999     0     0     8 -9999     6
1960 06 04 03   111    50 -9999     0     0     7 -9999 -9999
1960 06 04 12   139     0 -9999     0     0     7 -9999 -9999
1960 06 05 12   111    28 -9999   270    10     8 -9999 -9999
1960 06 06 12 -9999 -9999 -9999     0     0     7 -9999 -9999
1960 06 07 03   100    28 -9999     0     0     7 -9999 -9999
1960 06 07 12    89    61 -9999   110    21     7 -9999     6
1960 06 08 12   111    22 -9999   360    72     7 -9999     3
1960 06 09 03   111    11 -9999     0     0     1 -9999 -9999
1960 06 10 03   128    22 -9999     0     0     1 -9999 -9999
1960 06 10 12   139    61 -9999     0     0     7 -9999    20
1960 06 11 03   100    39 -9999     0     0     8 -9999 -9999
1960 06 11 12   128    50 -9999    90    10     7 -9999 -9999
1960 06 12 03    61    39 -9999   290    21     8 -9999 -9999
1960 06 12 12   100    61 -9999   140    10 -9999 -9999 -9999
1960 06 13 03    89    50 -9999    70    21     8 -9999 -9999
1960 06 13 12   122    89 -9999     0     0     7 -9999    40
1960 06 15 12   150   111 -9999     0     0     6 -9999     3
1960 06 16 12   200   100 -9999    90    62     7 -9999 -9999
1960 06 17 03   139    78 -9999     0     0     7 -9999 -9999
1960 06 17 12   128   100 -9999     0     0     8 -9999 -9999
1960 06 18 12   200   150 -9999    90    10     8 -9999 -9999
1960 06 19 03   139   100 -9999    90    10     7 -9999 -9999
1960 06 20 03   122    61 -9999     0     0     8 -9999 -9999
1960 06 20 12   122    72 -9999     0     0     7 -9999     6
1960 06 21 03   122    61 -9999   340    21     8 -9999 -9999
1960 06 21 12   150    78 -9999   140    21     7 -9999 -9999
1960 06 23 03   139 -9999 -9999     0     0     3 -9999 -9999
1960 06 23 12   178    72 -9999    90    10     1 -9999 -9999
1960 06 24 03   100    61 -9999    90    41     8 -9999 -9999
1960 06 24 12   228    72 -9999    90    21     8 -9999 -9999
1960 06 25 12   161    89 -9999     0     0     7 -9999 -9999
1960 06 26 03 -9999 -9999 -9999     0     0     7 -9999 -9999
1960 06 26 12   150    72 -9999     0     0     7 -9999     6
1960 06 27 03   100    61 -9999     0     0     7 -9999 -9999
1960 06 27 12   128    78 -9999     0     0 -9999 -9999     6
1960 06 28 12   128   100 -9999    90    21     7 -9999     6
1960 06 29 12   111    72 -9999   220    10 -9999 -9999    50
1960 06 30 12   122    78 -9999     0     0     2 -9999    30
1960 07 01 03   128    78 -9999 -9999 -9999     2 -9999 -9999
1960 07 01 12   178    78 -9999     0     0     3 -9999     6
1960 07 02 12   211 -9999 -9999 -9999    41     7 -9999     6
1960 07 03 03   161    78 -9999    90    10     7 -9999 -9999
1960 07 03 12   150    89 -9999     0     0 -9999 -9999     6
1960 07 04 03   139   100 -9999   110    21     7 -9999 -9999
1960 07 04 12   150   122 -9999     0     0     8 -9999    10
1960 07 05 12   128   111 -9999     0     0     8 -9999    50
1960 07 06 03   128    78 -9999   320    31     8 -9999 -9999
1960 07 06 12   139    89 -9999     0     0     7 -9999     6
1960 07 07 03   150    78 -9999    40    10     1 -9999 -9999
1960 07 07 12   139    89 -9999     0     0     8 -9999     6
1960 07 08 03   150    78 -9999     0     0     2 -9999 -9999
1960 07 09 03   111    50 -9999   290    21     7 -9999 -9999
1960 07 09 12   111    61 -9999   220    21     7 -9999     6
1960 07 10 03   122    61 -9999     0     0     3 -9999 -9999
1960 07 10 12   161 -9999 -9999     0     0     1 -9999 -9999
1960 07 11 12   178    50 -9999    90    10     1 -9999     6
1960 07 12 12   128     0 -9999   290    21     7 -9999     6
1960 07 13 03   122    78 -9999     0     0     8 -9999 -9999
1960 07 13 12   122   100 -9999     0     0     8 -9999    30
1960 07 14 03   161    78 -9999     0     0     7 -9999 -9999
1960 07 15 12   178    78 -9999     0     0     1 -9999 -9999
1960 07 16 12   128   111 -9999     0     0     8 -9999    20
1960 07 18 03   139   100 -9999     0     0     2 -9999 -9999
1960 07 18 12   161   111 -9999   320    21     7 -9999     6
1960 07 19 03   161   100 -9999   130    10     7 -9999 -9999
1960 07 19 12   150   100 -9999    90    21     8 -9999    20
1960 07 20 03   178    89 -9999    90    21     7 -9999 -9999
1960 07 20 12   139   122 -9999    90    10 -9999 -9999    10
1960 07 21 12   111   100 -9999   360    21     8 -9999    90
1960 07 23 03   150   111 -9999     0     0     8 -9999 -9999
1960 07 24 12   111   100 -9999     0     0     8 -9999    70
1960 07 26 12   172    78 -9999 -9999 -9999 -9999 -9999 -9999
1960 07 27 03   139    78 -9999     0     0     7 -9999 -9999
1960 07 27 12   139     0 -9999     0     0     5 -9999     6
1960 07 28 03   128    78 -9999     0     0 -9999 -9999 -9999
1960 07 28 12   172 -9999 -9999    90    31     7 -9999     6
1960 07 30 03   139   128 -9999   320    31     8 -9999 -9999
1960 07 30 12   139   100 -9999     0     0     7 -9999     3
1960 08 01 12   172   122 -9999     0     0     7 -9999    20
1960 08 02 03   161   100 -9999     0     0 -9999 -9999 -9999
1960 08 02 12   150   100 -9999   340    41     8 -9999    10
1960 08 04 03   172   122 -9999     0     0     7 -9999 -9999
1960 08 04 12   161   128 -9999   340    21     1 -9999     6
1960 08 05 03   172   122 -9999   140    31     2 -9999 -9999
1960 08 05 12   200   139 -9999     0     0     3 -9999 -9999
1960 08 06 03   161   111 -9999     0     0     1 -9999 -9999
1960 08 06 12   189   111 -9999     0     0     7 -9999 -9999
1960 08 07 03   178   100 -9999     0     0     7 -9999 -9999
1960 08 07 12   172   122 -9999     0     0     2 -9999    10
1960 08 08 12   189    89 -9999    90    21     5 -9999 -9999
1960 08 09 03   172   100 -9999     0     0     5 -9999 -9999
1960 08 09 12   139   111 -9999   290    10     7 -9999    50
1960 08 10 03   139   100 -9999     0     0     7 -9999 -9999
1960 08 12 00    72    61 -9999     0     0     8 -9999    60
1960 08 12 12   111 -9999 -9999    90    51     7 -9999 -9999
1960 08 13 03   100    61 -9999   110    21     8 -9999 -9999
1960 08 13 12 -9999 -9999 -9999   320    62     8 -9999    70
1960 08 14 03    89    39 -9999     0     0     7 -9999 -9999
1960 08 14 12   122    39 -9999    90    21     7 -9999 -9999
1960 08 15 12   139    78 -9999     0     0     1 -9999     6
1960 08 16 12   178    78 -9999     0     0     1 -9999 -9999
1960 08 17 03   139    78 -9999     0     0     1 -9999 -9999
1960 08 17 12   100    89 -9999     0     0     2 -9999 -9999
1960 08 17 15   111    89 -9999     0     0     1 -9999 -9999
1960 08 18 03   100    89 -9999     0     0     6 -9999 -9999
1960 08 18 12   150    89 -9999     0     0     7 -9999     6
1960 08 19 12   100    89 -9999   200    21     7 -9999    50
1960 08 20 12   139    78 -9999 -9999    21     8 -9999    10
1960 08 21 03   122 -9999 -9999     0     0     2 -9999 -9999
1960 08 22 03   100    39 -9999     0     0     1 -9999 -9999
1960 08 22 12   122    78 -9999     0     0     7 -9999     6
1960 08 23 03    72    50 -9999   270    41     8 -9999 -9999
1960 08 23 12    61    22 -9999   340    21     8 -9999 -9999
1960 08 24 03   111    50 -9999     0     0     7 -9999 -9999
1960 08 24 12   122    72 -9999     0     0     1 -9999 -9999
1960 08 25 03   128    78 -9999   290    41     7 -9999 -9999
1960 08 25 12   150    89 -9999    90    21     7 -9999     6
1960 08 26 03   139    61 -9999     0     0     3 -9999 -9999
1960 08 26 12   128    61 -9999   360    10     1 -9999 -9999
1960 08 27 03 -9999 -9999 -9999     0     0     1 -9999 -9999
1960 08 29 03    78    50 -9999   320    10     8 -9999 -9999
1960 08 31 03    89    50 -9999     0     0     7 -9999 -9999
1960 08 31 12   100    50 -9999     0     0     7 -9999     6
1960 09 02 12   122    72 -9999     0     0     8 -9999 -9999
1960 09 04 03   100    78 -9999   250    21     8 -9999 -9999
1960 09 05 12   122    72 -9999     0     0     8 -9999     5
1960 09 06 03   100    61 -9999     0     0     7 -9999 -9999
1960 09 06 12   111     0 -9999   140    10     8 -9999     5
1960 09 07 03 -9999 -9999 -9999     0     0     8 -9999 -9999
1960 09 08 03   128    78 -9999   140    10     8 -9999 -9999
1960 09 09 12 -9999 -9999 -9999     0     0     7 -9999    10
1960 09 10 03   100    72 -9999     0     0     7 -9999 -9999
1960 09 10 12   111 -9999 -9999     0     0 -9999 -9999 -9999
1960 09 12 03    78    61 -9999   290    10     8 -9999 -9999
1960 09 13 12    78 -9999 -9999 -9999    31     7 -9999 -9999
1960 09 14 03    72     0 -9999     0     0     8 -9999 -9999
1960 09 14 12    72    28 -9999     0     0     7 -9999 -9999
1960 09 16 03    72     0 -9999     0     0     2 -9999 -9999
1960 09 18 03    89    11 -9999     0     0     1 -9999 -9999
1960 09 19 03 -9999 -9999 -9999     0     0     3 -9999 -9999
1960 09 22 03   122    50 -9999     0     0     1 -9999 -9999
1960 09 22 12   161   100 -9999   200    10     7 -9999 -9999
1960 09 23 03 -9999 -9999 -9999     0     0     1 -9999 -9999
1960 09 25 00    89    72 -9999     0     0     7 -9999 -9999
1960 09 27 03   111    61 -9999     0     0     1 -9999 -9999
1960 09 28 03   150    78 -9999     0     0     1 -9999 -9999
1960 09 29 03   150    72 -9999     0     0     1 -9999 -9999
1960 09 30 03    72    28 -9999   360    51     8 -9999 -9999
1960 10 01 12    39    11 -9999     0     0     8 -9999    70
1960 10 02 03    39    22 -9999     0     0     8 -9999 -9999
1960 10 02 12    89    50 -9999   250    31     7 -9999 -9999
1960 10 03 03    72    28 -9999   270    10     8 -9999 -9999
1960 10 03 12    72    50 -9999     0     0     8 -9999    40
1960 10 04 03    11     0 -9999   320    31     8 -9999 -9999
1960 10 04 12    61    39 -9999     0     0     7 -9999     6
1960 10 05 12   100    28 -9999    20    51     8 -9999     6
1960 10 06 12    89    50 -9999   360    21     8 -9999    30
1960 10 07 03    61    11 -9999     0     0     8 -9999 -9999
1960 10 07 12    39 -9999 -9999     0     0     8 -9999    10
1960 10 08 03    61    11 -9999   290    10     7 -9999 -9999
1960 10 08 12    50    11 -9999     0     0     5 -9999 -9999
1960 10 09 03    28    11 -9999     0     0     7 -9999 -9999
1960 10 10 03    39    11 -9999     0     0     7 -9999 -9999
1960 10 10 12    72    22 -9999    90    10     0 -9999     6
1960 10 11 03    39    11 -9999   140    31     7 -9999 -9999
1960 10 11 12    89    22 -9999 -9999    21     8 -9999     6
1960 10 12 03    72    28 -9999   240    21     8 -9999 -9999
1960 10 12 12    50    28 -9999    90    31     7 -9999    10
1960 10 13 03    61    22 -9999   290    10     8 -9999 -9999
1960 10 15 03    39   -22 -9999   250    31     7 -9999 -9999
1960 10 16 03    39    11 -9999     0     0     8 -9999 -9999
1960 10 17 03    50     0 -9999     0     0     6 -9999 -9999
1960 10 18 03    50     0 -9999   160    10     7 -9999 -9999
1960 10 19 03 -9999 -9999 -9999     0     0     1 -9999 -9999
1960 10 20 03    39   -61 -9999     0     0     0 -9999 -9999
1960 10 21 03    22   -50 -9999     0     0     1 -9999 -9999
1960 10 23 03    72    11 -9999   340    10     7 -9999 -9999
1960 10 24 03    61   -11 -9999     0     0     7 -9999 -9999
1960 10 24 12    28   -22 -9999   140 -9999     7 -9999     6
1960 10 25 03    22  -150 -9999   110    10     1 -9999 -9999
1960 10 25 12   -11 -9999 -9999 -9999    31     3 -9999 -9999
1960 10 26 03   -22  -128 -9999     0     0     7 -9999 -9999
1960 10 28 03    11   -50 -9999     0     0     7 -9999 -9999
1960 10 29 03   -22   -50 -9999     0     0     8 -9999 -9999
1960 10 30 03    28   -61 -9999     0     0     2 -9999 -9999
1960 10 31 03     0   -39 -9999   270    10     7 -9999 -9999
1960 11 01 03    28   -11 -9999     0     0     8 -9999 -9999
1960 11 02 12    39   -22 -9999    90    31     8 -9999 -9999
1960 11 03 03   -11   -39 -9999    90    21     8 -9999 -9999
1960 11 04 03   -28  -111 -9999     0     0     1 -9999 -9999
1960 11 05 03   -22   -61 -9999     0     0     7 -9999 -9999
1960 11 06 03    28   -39 -9999     0     0     1 -9999 -9999
1960 11 06 18    39    22 -9999   110    10     8 -9999    10
1960 11 07 03    11   -11 -9999   290    21     7 -9999 -9999
1960 11 07 12    22   -11 -9999     0     0 -9999 -9999 -9999
1960 11 08 03   -28   -50 -9999     0     0     8 -9999 -9999
1960 11 09 03    11  -100 -9999     0     0     3 -9999 -9999
1960 11 10 03    28   -39 -9999   220    10     1 -9999 -9999
1960 11 12 03   -28  -122 -9999     0     0     1 -9999 -9999
1960 11 13 03     0  -111 -9999     0     0     0 -9999 -9999
1960 11 13 12    11    11 -9999     0     0     6 -9999 -9999
1960 11 15 12    11   -61 -9999     0     0     1 -9999 -9999
1960 11 16 03    22   -61 -9999     0     0     1 -9999 -9999
1960 11 16 12    11   -39 -9999   250    21     2 -9999 -9999
1960 11 17 03   -11   -78 -9999   290    21     0 -9999 -9999
1960 11 18 03   -11   -89 -9999     0     0     6 -9999 -9999
1960 11 19 03   -11   -89 -9999     0     0     2 -9999 -9999
1960 11 19 12    28   -22 -9999     0     0     7 -9999 -9999
1960 11 20 03    39  -111 -9999     0     0     1 -9999 -9999
1960 11 20 12   -11  -111 -9999     0     0     0 -9999 -9999
1960 11 21 03   -11  -128 -9999     0     0 -9999 -9999 -9999
1960 11 21 12    39  -122 -9999     0     0     1 -9999 -9999
1960 11 23 03    11  -100 -9999     0     0     1 -9999 -9999
1960 11 23 12    22    11 -9999     0     0     4 -9999 -9999
1960 11 24 03    22   -61 -9999    90    21     2 -9999 -9999
1960 11 24 12     0   -50 -9999   270    21     7 -9999 -9999
1960 11 25 03    11   -72 -9999     0     0     1 -9999 -9999
1960 11 26 03   -50  -150 -9999     0     0     0 -9999 -9999
1960 11 26 12     0 -9999 -9999   320    21     0 -9999 -9999
1960 11 27 03   -39  -139 -9999     0     0     6 -9999 -9999
1960 11 28 03   -11  -100 -9999     0     0     1 -9999 -9999
1960 11 29 03   -39  -139 -9999     0     0     7 -9999 -9999
1960 11 30 03   -61  -100 -9999     0     0     8 -9999 -9999
1960 11 30 12   -50   -78 -9999   320    10     3 -9999     6
1960 12 01 03   -78  -100 -9999     0     0     1 -9999 -9999
1960 12 01 12   -28  -161 -9999   310    10     0 -9999 -9999
1960 12 02 03   -61  -128 -9999     0     0     7 -9999 -9999
1960 12 02 12     0   -89 -9999   290    31     8 -9999 -9999
1960 12 03 03   -39  -100 -9999     0     0     0 -9999 -9999
1960 12 03 12   -11  -200 -9999   290    10     1 -9999 -9999
1960 12 04 03   -50  -139 -9999   250    10     0 -9999 -9999
1960 12 05 03   -50  -139 -9999     0     0     0 -9999 -9999
1960 12 05 12   -39 -9999 -9999     0     0     1 -9999 -9999
1960 12 07 03   -28  -111 -9999   220    10     1 -9999 -9999
1960 12 07 12 -9999 -9999 -9999   250    31     7 -9999 -9999
1960 12 08 03   -50  -178 -9999   340    31     7 -9999 -9999
1960 12 08 12   -61 -9999 -9999   340    10     0 -9999 -9999
1960 12 09 12   -61  -172 -9999     0     0     0 -9999 -9999
1960 12 10 03   -78  -189 -9999     0     0     2 -9999 -9999
1960 12 11 12   -72 -9999 -9999   320    21     1 -9999 -9999
1960 12 12 03  -100  -222 -9999   140    10     0 -9999 -9999
1960 12 12 12   -28  -150 -9999   270 -9999     1 -9999 -9999
1960 12 14 03   -50  -178 -9999     0     0     1 -9999 -9999
1960 12 14 12    22  -161 -9999   110    31     7 -9999 -9999
1960 12 15 03   -39  -139 -9999     0     0     5 -9999 -9999
1960 12 15 12   -39  -189 -9999     0     0     1 -9999 -9999
1960 12 16 03   -50  -161 -9999     0     0     1 -9999 -9999
1960 12 16 12    11  -122 -9999    90    62     7 -9999 -9999
1960 12 18 03   -50  -139 -9999     0     0     1 -9999 -9999
1960 12 19 03   -78  -178 -9999     0     0     0 -9999 -9999
1960 12 20 12   -61  -100 -9999     0     0     2 -9999 -9999
1960 12 22 18   -28  -150 -9999     0     0     7 -9999 -9999
1960 12 24 03   -50 -9999 -9999   250    10     0 -9999 -9999
1960 12 27 03   -22  -161 -9999     0     0     6 -9999 -9999
1960 12 28 03   -50  -139 -9999     0     0 -9999 -9999 -9999
1960 12 28 12 -9999 -9999 -9999   270    21     2 -9999 -9999
1960 12 29 03   -61  -189 -9999     0     0     2 -9999 -9999
1960 12 30 03   -78  -172 -9999     0     0     7 -9999 -9999
