1984 01 13 03   250   227 -9999     0     0     8 -9999 -9999
1984 01 15 03 -9999 -9999 10130     0     0     7 -9999 -9999
1984 01 16 00   238   233 10125     0     0     8 -9999 -9999
1984 02 08 12    76  -119 -9999     0     0     8 -9999     0
1984 02 17 21   -15  -114 -9999     0     0     0 -9999 -9999
1984 03 07 12    43    18 -9999   140    10     7 -9999     3
1984 03 23 12    85  -147 10131     0     0     1 -9999    -1
1984 03 25 00    12   -42 -9999     0     0     1 -9999     0
1984 03 28 12    89   -15 -9999 -9999 -9999     2 -9999     0
1984 03 29 00   -31   -43 -9999     0     0     7 -9999     0
1984 04 15 06   134  -141 -9999   190    80     1 -9999     0
1984 04 16 00    66   -15 -9999     0     0     7 -9999     0
1984 04 21 06   188    16 -9999   110    30     7 -9999    -1
1984 04 22 00    51    37 -9999     0     0     7 -9999     0
1984 04 27 06   107   -55 -9999   110    30     7 -9999     0
1984 04 28 09   224  -154 -9999 -9999 -9999     8 -9999 -9999
1984 04 28 18   111   -18 -9999    90    30     1 -9999     0
1984 05 03 06   104    41 -9999   190    50     7 -9999     1
1984 05 13 21   156   144 -9999     0     0     7 -9999 -9999
1984 05 26 21    54    46 -9999     0     0     7 -9999 -9999
1984 05 29 06   124   110 -9999   190    30     7 -9999     0
1984 05 31 21    51    48 -9999     0     0     0 -9999 -9999
1984 06 24 18    92    86 -9999     0     0     8 -9999    20
1984 07 03 12   213   107 10011   140    20     8 -9999    -1
1984 07 03 21   141    88 -9999   110    30     7 -9999 -9999
1984 07 04 00   121    99 -9999     0     0     8 -9999 -9999
1984 07 04 18   137   134 -9999     0     0     8 -9999 -9999
1984 07 09 06   204   121 -9999   270    10     8 -9999 -9999
1984 07 10 18   176   116 10017     0     0     8 -9999 -9999
1984 07 14 21   110   103 -9999     0     0     8 -9999 -9999
1984 07 21 12   236   188 -9999   180    40     7 -9999     0
1984 09 04 12   142   108 -9999     0     0     8 -9999     1
1984 09 18 12   114    59 -9999 -9999 -9999     8 -9999     0
1984 09 20 12 -9999 -9999  9732 -9999 -9999     0 -9999    -1
1984 10 04 11     3     1 -9999   360    20     8 -9999    30
1984 10 07 12   136 -9999 -9999    90    30     1 -9999    10
1984 10 31 06   180   -13 -9999   270    40     1 -9999     0
1984 11 10 06   314   223 10109     0     0     7 -9999     0
1984 11 15 12    51   -72 -9999   140    20     7 -9999     0
1984 11 18 09   145  -114 -9999   270    40     1 -9999 -9999
1984 12 15 18   -67   -73 -9999   270    40     8 -9999 -9999
1984 12 20 21    21    -8 -9999     0     0     0 -9999 -9999
