1981 01 08 06   -50   -80 -9999   230   120     8 -9999 -9999
1981 01 20 18   -50 -9999 -9999     0     0     0 -9999 -9999
1981 02 01 18    30   -20 -9999   250    30     8 -9999    -1
1981 02 02 03    10   -20 -9999   170    20     8 -9999 -9999
1981 02 03 12    50  -160 -9999     0     0     7 -9999 -9999
1981 02 04 06   330   230 -9999     0     0     6 -9999 -9999
1981 02 10 06   300   220 -9999   360    60     7 -9999 -9999
1981 02 12 00   250   240 -9999     0     0     7 -9999 -9999
1981 02 15 12    70  -100 -9999     0     0     5 -9999 -9999
1981 02 23 21   250   230 -9999     0     0     7 -9999 -9999
1981 02 24 06   230   -50 -9999   160    60     0 -9999     0
1981 02 24 12   110   -90 -9999     0     0     7 -9999 -9999
1981 03 01 09   130   -90 -9999   140    20     8 -9999 -9999
1981 03 14 18    80    50 -9999     0     0     7 -9999     0
1981 03 23 12   200   -30 -9999 -9999 -9999     2 -9999 -9999
1981 03 31 00 -9999 -9999 -9999   220    30     1 -9999 -9999
1981 04 02 12   140    80 -9999     0     0     7 -9999     5
1981 04 19 21   120    80 -9999     0     0     7 -9999 -9999
1981 04 22 00    10   -60 -9999     0     0     0 -9999     0
1981 05 02 03   150 -9999 -9999   290    20     8 -9999 -9999
1981 05 09 18   120    40 -9999     0     0     4 -9999 -9999
1981 06 05 18   120    90 -9999    70    10     8 -9999     3
1981 06 07 06   250    90 -9999   170    30     7 -9999 -9999
1981 06 21 00   130   130 -9999 -9999 -9999     7 -9999 -9999
1981 07 11 12   160   140 -9999     0     0     8 -9999 -9999
1981 07 19 18 -9999 -9999 -9999   200    10     7 -9999    -1
1981 07 27 15   290   120 -9999     0     0     6 -9999 -9999
1981 07 30 18   170   100 -9999    90    10     0 -9999     0
1981 08 12 06   160   110 -9999   290    10     8 -9999     3
1981 08 14 18   270   220 -9999   230    20     1 -9999 -9999
1981 08 23 15   110    80 -9999 -9999 -9999 -9999 -9999 -9999
1981 09 06 12 -9999 -9999 -9999     0     0     8 -9999 -9999
1981 09 22 18 -9999 -9999 -9999     0     0     7 -9999 -9999
1981 09 24 21    30    10 -9999     0     0     0 -9999 -9999
1981 09 26 12   140    90 -9999     0     0     0 -9999 -9999
1981 10 05 06   310   220 -9999   160    60     7 -9999 -9999
1981 11 15 21   -60  -110 -9999     0     0     0 -9999 -9999
1981 11 24 00   -20   -70 -9999     0     0     2 -9999 -9999
1981 11 27 09   180     0 -9999   200    30     0 -9999 -9999
1981 12 14 00    10   -40 -9999 -9999 -9999     7 -9999 -9999
