1957 07 01 09   178    89 -9999    90    21     6 -9999 -9999
1957 07 01 21   100    89 -9999   270    10     8 -9999 -9999
1957 07 02 00    89    61 -9999   320    31     8 -9999    50
1957 07 02 03   122 -9999 -9999   360    21     8 -9999 -9999
1957 07 02 09   139    72 -9999    70    10     7 -9999 -9999
1957 07 02 12   128    61 -9999    70    10     7 -9999 -9999
1957 07 02 21    39    39 -9999     0     0     1 -9999 -9999
1957 07 03 00    78    50 -9999     0     0     2 -9999 -9999
1957 07 03 06   178    72 -9999   180    10     2 -9999 -9999
1957 07 03 09   200    78 -9999    90    21     2 -9999 -9999
1957 07 03 12   172   100 -9999   290    21     7 -9999 -9999
1957 07 03 21    72    61 -9999     0     0     3 -9999 -9999
1957 07 04 12   161   100 -9999    90    21     7 -9999 -9999
1957 07 04 18   122   122 -9999     0     0     8 -9999    40
1957 07 04 21   111 -9999 -9999   270    21     8 -9999 -9999
1957 07 05 03   128   111 -9999   140    10     8 -9999 -9999
1957 07 05 09   128   111 -9999   270    31     7 -9999 -9999
1957 07 05 12   128   122 -9999     0     0     8 -9999    70
1957 07 05 18   111   100 -9999   320    10     8 -9999 -9999
1957 07 06 00   111 -9999 -9999   320    21     8 -9999 -9999
1957 07 06 03   122    61 -9999     0     0     8 -9999 -9999
1957 07 06 09   139    72 -9999    90    10     8 -9999 -9999
1957 07 06 18    89    78 -9999     0     0     7 -9999     6
1957 07 06 21    78    72 -9999     0     0     7 -9999 -9999
1957 07 07 03   128    50 -9999     0     0     7 -9999 -9999
1957 07 07 09   178    72 -9999    40    10     5 -9999 -9999
1957 07 07 12   139    61 -9999    90    41     2 -9999 -9999
1957 07 07 18 -9999 -9999 -9999     0     0     0 -9999 -9999
1957 07 07 21    39    39 -9999     0     0     0 -9999 -9999
1957 07 08 03   111 -9999 -9999 -9999 -9999 -9999 -9999 -9999
1957 07 08 09   222    39 -9999   140    21     5 -9999 -9999
1957 07 08 12   161   100 -9999   290    31     1 -9999     6
1957 07 08 18 -9999 -9999 -9999     0     0     1 -9999 -9999
1957 07 08 21    50    39 -9999     0     0     1 -9999 -9999
1957 07 09 03   111    61 -9999     0     0     7 -9999 -9999
1957 07 09 09   172    89 -9999   180    21     7 -9999 -9999
1957 07 09 12   139   100 -9999   320    21     7 -9999    10
1957 07 09 18    78 -9999 -9999     0     0     6 -9999 -9999
1957 07 09 21    39    39 -9999     0     0     0 -9999 -9999
1957 07 10 09   172    50 -9999   340    41     7 -9999 -9999
1957 07 10 12   111    89 -9999   290    10     7 -9999     3
1957 07 10 18    72    72 -9999   270    21     8 -9999 -9999
1957 07 10 21    72    61 -9999     0     0     8 -9999 -9999
1957 07 11 03   128    78 -9999   270    10     7 -9999 -9999
1957 07 11 09 -9999 -9999 -9999   140    41     7 -9999 -9999
1957 07 11 12    78    61 -9999    90    31     6 -9999     6
1957 07 11 18    72    72 -9999     0     0     1 -9999 -9999
1957 07 11 21    72    72 -9999     0     0     7 -9999 -9999
1957 07 12 03   128    78 -9999     0     0     8 -9999 -9999
1957 07 12 09   128   100 -9999   360    51     8 -9999 -9999
1957 07 12 12   111    78 -9999 -9999 -9999     8 -9999     5
1957 07 12 18   100    89 -9999     0     0 -9999 -9999    10
1957 07 13 00    78    61 -9999   290    31     7 -9999     6
1957 07 13 03   139    78 -9999   220    10     7 -9999 -9999
1957 07 13 09   211    78 -9999   140    41     2 -9999 -9999
1957 07 13 12   178    61 -9999    90    10     1 -9999 -9999
1957 07 13 18    89    78 -9999     0     0     7 -9999 -9999
1957 07 13 21   100    89 -9999     0     0     8 -9999 -9999
1957 07 14 00   111    89 -9999     0     0     7 -9999    20
1957 07 14 03   172   111 -9999     0     0     7 -9999 -9999
1957 07 14 09   161   100 -9999     0     0     7 -9999 -9999
1957 07 14 12   161   111 -9999     0     0     7 -9999 -9999
1957 07 14 18    72    72 -9999     0     0     0 -9999 -9999
1957 07 14 21    50    50 -9999     0     0     2 -9999 -9999
1957 07 15 00    78    61 -9999     0     0     3 -9999 -9999
1957 07 15 03   128    89 -9999   290    10     1 -9999 -9999
1957 07 15 09   128   100 -9999   270    62     7 -9999 -9999
1957 07 15 21    50 -9999 -9999     0     0     0 -9999 -9999
1957 07 16 00    72    50 -9999     0     0     1 -9999 -9999
1957 07 16 09   211    50 -9999   140    41     5 -9999 -9999
1957 07 16 12   178 -9999 -9999    40    41     2 -9999 -9999
1957 07 16 18   100    72 -9999     0     0     7 -9999 -9999
1957 07 16 21   100    89 -9999     0     0     7 -9999 -9999
1957 07 17 03   178   100 -9999   110    21     7 -9999 -9999
1957 07 17 06   122    72 -9999   320   340 -9999 -9999 -9999
1957 07 17 18    72 -9999 -9999    90    21     7 -9999 -9999
1957 07 17 21    72    61 -9999     0     0     7 -9999 -9999
1957 07 18 03   111    50 -9999   200    10     7 -9999 -9999
1957 07 18 06   139    50 -9999   200    10     2 -9999 -9999
1957 07 18 09   150    72 -9999   340    41     7 -9999 -9999
1957 07 18 12   128    78 -9999     0     0     7 -9999    30
1957 07 18 18    61    50 -9999     0     0     2 -9999     6
1957 07 18 21    28    28 -9999     0     0     1 -9999 -9999
1957 07 19 00    61    39 -9999     0     0     1 -9999 -9999
1957 07 19 03   122    61 -9999     0     0     1 -9999 -9999
1957 07 19 06   172    22 -9999   180    21     1 -9999 -9999
1957 07 19 09   200    22 -9999   140    21     1 -9999 -9999
1957 07 19 12   139    61 -9999   320    41     2 -9999 -9999
1957 07 19 18    50    28 -9999     0     0     0 -9999 -9999
1957 07 19 21    28    28 -9999     0     0     0 -9999 -9999
1957 07 20 00    50    28 -9999     0     0     1 -9999 -9999
1957 07 20 03   122    39 -9999   180    10     1 -9999 -9999
1957 07 20 06   189    78 -9999   220    21     1 -9999 -9999
1957 07 20 09   222    22 -9999    90    41     1 -9999 -9999
1957 07 20 12   189    50 -9999    90    10     1 -9999 -9999
1957 07 20 18    61    39 -9999   320    21     0 -9999 -9999
1957 07 21 03   139    50 -9999     0     0     0 -9999 -9999
1957 07 21 06   211   100 -9999    90    21     1 -9999 -9999
1957 07 21 09   250    50 -9999    90    31     2 -9999 -9999
1957 07 21 12   200    78 -9999   140    21     6 -9999 -9999
1957 07 21 15   111    72 -9999   270    21     1 -9999 -9999
1957 07 21 18    78    72 -9999     0     0     1 -9999 -9999
1957 07 21 21    72    61 -9999     0     0     2 -9999 -9999
1957 07 22 00    89    72 -9999     0     0     7 -9999 -9999
1957 07 22 03   172    89 -9999     0     0     7 -9999 -9999
1957 07 22 06   211   128 -9999     0     0     6 -9999 -9999
1957 07 22 09   272    89 -9999    40    21     5 -9999 -9999
1957 07 22 18   111   100 -9999     0     0     8 -9999 -9999
1957 07 22 21   122   111 -9999   270    10     8 -9999 -9999
1957 07 23 03   172   122 -9999     0     0     8 -9999 -9999
1957 07 23 06   200   100 -9999 -9999    10     6 -9999     6
1957 07 23 09   211   122 -9999    90    21     7 -9999 -9999
1957 07 23 12   111    89 -9999    90    10     8 -9999    40
1957 07 23 15   111   100 -9999     0     0     8 -9999 -9999
1957 07 23 18   111   100 -9999     0     0     8 -9999    10
1957 07 23 21   111    89 -9999    90    10     7 -9999 -9999
1957 07 24 00   122   100 -9999     0     0     7 -9999 -9999
1957 07 24 03 -9999 -9999 -9999   310    10 -9999 -9999 -9999
1957 07 24 06   211   128 -9999    90    21     5 -9999 -9999
1957 07 24 09   239   111 -9999   140    51     6 -9999 -9999
1957 07 24 12   200   111 -9999   140    21     7 -9999 -9999
1957 07 24 15   139   100 -9999   320    21     5 -9999 -9999
1957 07 24 18   128   111 -9999   270    21     8 -9999 -9999
1957 07 24 21   122   111 -9999     0     0     7 -9999 -9999
1957 07 25 03   200   122 -9999     0     0     7 -9999 -9999
1957 07 25 06   228   122 -9999   140    10     7 -9999     6
1957 07 25 09   150   100 -9999   320    51     8 -9999 -9999
1957 07 25 12   139   122 -9999     0     0     8 -9999    10
1957 07 25 15   128   128 -9999     0     0     8 -9999 -9999
1957 07 25 18   122   122 -9999     0     0     8 -9999    70
1957 07 26 00   128   122 -9999     0     0     7 -9999    10
1957 07 26 03   150   122 -9999     0     0     8 -9999 -9999
1957 07 26 06   150   122 -9999   110    10     8 -9999    10
1957 07 26 09   178   128 -9999   320    21     7 -9999 -9999
1957 07 26 12   128   122 -9999   270    10     8 -9999   130
1957 07 26 15   128   128 -9999   360    10     8 -9999 -9999
1957 07 26 21   111   100 -9999   270    21     8 -9999 -9999
1957 07 27 06   150   128 -9999   290    10     7 -9999     6
1957 07 27 09   172 -9999 -9999    70    31     7 -9999 -9999
1957 07 27 12   128   122 -9999   270    10     8 -9999    80
1957 07 27 15   122   111 -9999   270    21     8 -9999 -9999
1957 07 27 18   100    89 -9999   270    31     8 -9999    90
1957 07 27 21   100    78 -9999   290    21     8 -9999 -9999
1957 07 28 00    89    78 -9999   290    21     8 -9999    60
1957 07 28 03   100    72 -9999     0     0     8 -9999 -9999
1957 07 28 06   111    78 -9999     0     0     8 -9999    60
1957 07 28 09   128    78 -9999   140    21     8 -9999 -9999
1957 07 28 12   122    61 -9999    90    41     7 -9999     5
1957 07 28 15   100    78 -9999   140    10     6 -9999 -9999
1957 07 28 18   100    78 -9999     0     0     8 -9999     6
1957 07 28 21    89    78 -9999     0     0     7 -9999 -9999
1957 07 29 00    89    78 -9999     0     0     8 -9999     6
1957 07 29 03    89    39 -9999    70    21     8 -9999 -9999
1957 07 29 06   122    50 -9999   220    10     8 -9999    20
1957 07 29 09   100    61 -9999    70    31     8 -9999 -9999
1957 07 29 12    89    61 -9999     0     0     8 -9999    10
1957 07 29 15    78    61 -9999     0     0     7 -9999 -9999
1957 07 29 18    61    50 -9999     0     0     1 -9999 -9999
1957 07 29 21    39    28 -9999   320    10     7 -9999 -9999
1957 07 30 00    61    39 -9999     0     0     7 -9999 -9999
1957 07 30 03   122    72 -9999     0     0     7 -9999 -9999
1957 07 30 06   150    50 -9999    90    21     7 -9999 -9999
1957 07 30 09   161    78 -9999   180    31     5 -9999 -9999
1957 07 30 15   111    72 -9999   320    31     7 -9999 -9999
1957 07 30 18   100    78 -9999   320    10     8 -9999     6
1957 07 30 21   100    78 -9999     0     0     8 -9999 -9999
1957 07 31 00   100    89 -9999   270    10     8 -9999     6
1957 07 31 06   122    89 -9999     0     0     8 -9999    20
1957 07 31 09   139    78 -9999   140    21     8 -9999 -9999
1957 07 31 12   122    78 -9999    90    21     8 -9999     3
1957 07 31 15   111   100 -9999     0     0     8 -9999 -9999
1957 07 31 18   100    89 -9999     0     0     8 -9999     3
1957 07 31 21   100    89 -9999   360    10     8 -9999 -9999
1957 08 01 00   100    89 -9999   290    21     8 -9999 -9999
1957 08 01 03   128    89 -9999     0     0     8 -9999 -9999
1957 08 01 06   139    89 -9999   180    10     8 -9999     5
1957 08 01 09   150    78 -9999    40    51     7 -9999 -9999
1957 08 01 12   139    72 -9999    70    10     7 -9999     6
1957 08 01 15   122    89 -9999     0     0     7 -9999 -9999
1957 08 01 18   100    89 -9999     0     0     7 -9999 -9999
1957 08 01 21   100    78 -9999     0     0     7 -9999 -9999
1957 08 02 03   150    72 -9999   110    21     7 -9999 -9999
1957 08 02 06 -9999 -9999 -9999    70    10     7 -9999 -9999
1957 08 02 09   178    89 -9999    90    31     7 -9999 -9999
1957 08 02 12   139    89 -9999   160    31     7 -9999 -9999
1957 08 02 18   122    89 -9999     0     0     8 -9999     6
1957 08 02 21   100   100 -9999     0     0     8 -9999 -9999
1957 08 03 00   100    89 -9999     0     0     8 -9999    40
1957 08 03 03   100    89 -9999   270    10     8 -9999 -9999
1957 08 03 09   122    61 -9999   220    21     8 -9999 -9999
1957 08 03 12   111    72 -9999     0     0     7 -9999    10
1957 08 03 15   100    61 -9999   140    31     8 -9999 -9999
1957 08 03 18    89    61 -9999     0     0     7 -9999     6
1957 08 03 21    72    50 -9999     0     0     4 -9999 -9999
1957 08 04 03   111    72 -9999   160    10     7 -9999 -9999
1957 08 04 06   139    50 -9999   200    10     7 -9999     5
1957 08 04 12   128    50 -9999     0     0     7 -9999     6
1957 08 04 15    89    39 -9999   360    10     7 -9999 -9999
1957 08 04 18    72    39 -9999   320    21     5 -9999 -9999
1957 08 04 21    50    28 -9999     0     0     5 -9999 -9999
1957 08 05 00    50    11 -9999     0     0     7 -9999 -9999
1957 08 05 03   111    39 -9999     0     0     4 -9999 -9999
1957 08 05 06   161    28 -9999     0     0     7 -9999 -9999
1957 08 05 12   128    78 -9999     0     0     7 -9999 -9999
1957 08 06 03   122    50 -9999    90    10     7 -9999 -9999
1957 08 06 06   172    61 -9999   140    21     7 -9999 -9999
1957 08 06 09   178    50 -9999    90    31     8 -9999 -9999
1957 08 06 12   139    89 -9999     0     0     7 -9999 -9999
1957 08 06 18   100    89 -9999     0     0     8 -9999 -9999
1957 08 07 03   111    72 -9999   180    10     8 -9999 -9999
1957 08 07 06   139    89 -9999 -9999 -9999 -9999 -9999     3
1957 08 07 09   150    78 -9999   320    10     7 -9999 -9999
1957 08 07 12   111   100 -9999   290    21     8 -9999    50
1957 08 07 15   111   100 -9999     0     0     8 -9999 -9999
1957 08 07 18   100    61 -9999   320    51     8 -9999    50
1957 08 07 21    89    61 -9999   320    51     8 -9999 -9999
1957 08 08 00   100    61 -9999   270    10     8 -9999 -9999
1957 08 08 06   161     0 -9999    90    10     7 -9999 -9999
1957 08 08 12   139    28 -9999    40    21     7 -9999 -9999
1957 08 08 15   111    78 -9999     0     0     7 -9999 -9999
1957 08 08 18    89    61 -9999     0     0     7 -9999 -9999
1957 08 08 21    78    61 -9999     0     0     7 -9999 -9999
1957 08 09 03 -9999 -9999 -9999   290    31     8 -9999 -9999
1957 08 09 06   100    22 -9999     0     0     8 -9999     6
1957 08 09 12   100    61 -9999     0     0     7 -9999     6
1957 08 09 18    11     0 -9999     0     0     0 -9999 -9999
1957 08 09 21     0   -11 -9999     0     0     0 -9999 -9999
1957 08 10 00     0     0 -9999     0     0     9 -9999 -9999
1957 08 10 03    78    39 -9999    90    10     5 -9999 -9999
1957 08 10 06   139    50 -9999     0     0     1 -9999 -9999
1957 08 10 09   178    50 -9999     0     0     1 -9999 -9999
1957 08 10 12   128    72 -9999   160    21     1 -9999 -9999
1957 08 10 21    11 -9999 -9999     0     0     0 -9999 -9999
1957 08 11 03   100    28 -9999    40    10     1 -9999 -9999
1957 08 11 06   178    61 -9999   180    31     2 -9999 -9999
1957 08 11 09   200    50 -9999     0     0     2 -9999 -9999
1957 08 11 15    61    28 -9999     0     0     1 -9999 -9999
1957 08 11 18    39    22 -9999     0     0     0 -9999 -9999
1957 08 11 21    22 -9999 -9999     0     0     0 -9999 -9999
1957 08 12 00    50    22 -9999     0     0     1 -9999 -9999
1957 08 12 03   111    28 -9999   140    10     1 -9999 -9999
1957 08 12 06   189    78 -9999    40    10     2 -9999 -9999
1957 08 12 12   172    50 -9999    90    21     6 -9999 -9999
1957 08 12 18    72    50 -9999   320    10     7 -9999 -9999
1957 08 12 21    78    50 -9999   320    51     7 -9999 -9999
1957 08 13 00    78    72 -9999     0     0     8 -9999    40
1957 08 13 03   111    61 -9999    40    21     7 -9999 -9999
1957 08 13 06   161    50 -9999    40    10     7 -9999    20
1957 08 13 09   172    39 -9999   360    41     7 -9999 -9999
1957 08 13 12   122    61 -9999    20    62     7 -9999     3
1957 08 13 15    89    72 -9999   320    10     6 -9999 -9999
1957 08 13 18    61    50 -9999     0     0     4 -9999     6
1957 08 13 21    39    39 -9999     0     0     1 -9999 -9999
1957 08 14 00    61    61 -9999     0     0     9 -9999 -9999
1957 08 14 03   111    72 -9999    40    10     7 -9999 -9999
1957 08 14 06   172    78 -9999   140    31     7 -9999 -9999
1957 08 14 09   178    50 -9999   160    10     7 -9999 -9999
1957 08 14 15   111    89 -9999     0     0     8 -9999 -9999
1957 08 14 18   100    89 -9999     0     0     8 -9999    20
1957 08 14 21 -9999 -9999 -9999     0     0 -9999 -9999 -9999
1957 08 15 00    78    61 -9999   320    41     8 -9999   120
1957 08 15 03   100    50 -9999   320    10     8 -9999 -9999
1957 08 15 09   111    61 -9999     0     0     8 -9999 -9999
1957 08 15 12   111    61 -9999     0     0     8 -9999     6
1957 08 15 15    78    72 -9999     0     0     2 -9999 -9999
1957 08 15 18    89    72 -9999     0     0     8 -9999 -9999
1957 08 16 00    72    39 -9999   340    10     2 -9999 -9999
1957 08 16 03   139    28 -9999   140    10     2 -9999 -9999
1957 08 16 06   172    72 -9999   140    31     6 -9999 -9999
1957 08 16 09   128    61 -9999    40    72     7 -9999 -9999
1957 08 16 12   111    78 -9999     0     0     7 -9999     6
1957 08 16 15    89 -9999 -9999   320    51     8 -9999 -9999
1957 08 16 18    78    61 -9999     0     0     8 -9999     5
1957 08 16 21    61    50 -9999     0     0     7 -9999 -9999
1957 08 17 00    72    50 -9999     0     0     7 -9999     5
1957 08 17 03   128    28 -9999   220    21     5 -9999 -9999
1957 08 17 06   150    22 -9999    90    31     6 -9999     6
1957 08 17 09   161   -22 -9999    40    31     3 -9999 -9999
1957 08 17 12   100    39 -9999   320    31     2 -9999     3
1957 08 17 18    22    11 -9999     0     0     0 -9999 -9999
1957 08 18 00   100    11 -9999     0     0     9 -9999 -9999
1957 08 18 03   100    39 -9999    90    10     1 -9999 -9999
1957 08 18 06   161   -28 -9999   220    10     1 -9999 -9999
1957 08 18 09   178    22 -9999   180    10     1 -9999 -9999
1957 08 18 18    22    22 -9999     0     0     0 -9999 -9999
1957 08 18 21    11     0 -9999     0     0     0 -9999 -9999
1957 08 19 00    22    11 -9999     0     0     1 -9999 -9999
1957 08 19 03    89    11 -9999   180    10     0 -9999 -9999
1957 08 19 06   178    72 -9999   160    10     5 -9999 -9999
1957 08 19 09   172     0 -9999   320    41     7 -9999 -9999
1957 08 19 12   122    61 -9999     0     0     2 -9999     6
1957 08 19 18    39 -9999 -9999     0     0     2 -9999 -9999
1957 08 20 00    39    28 -9999     0     0     1 -9999 -9999
1957 08 20 03   128    39 -9999     0     0     1 -9999 -9999
1957 08 20 06   189    72 -9999   110    21     4 -9999 -9999
1957 08 20 09   200    39 -9999     0     0     7 -9999 -9999
1957 08 20 12   128    78 -9999   290    31     6 -9999    10
1957 08 20 18    89    72 -9999   320    10     3 -9999 -9999
1957 08 20 21 -9999 -9999 -9999     0     0     0 -9999 -9999
1957 08 21 00    72    39 -9999     0     0     1 -9999 -9999
1957 08 21 03   139    72 -9999   140    21     2 -9999 -9999
1957 08 21 06   200    72 -9999   140    31     6 -9999 -9999
1957 08 21 09   211    61 -9999   160    41     5 -9999 -9999
1957 08 21 12   150    78 -9999   360    10     1 -9999 -9999
1957 08 21 18    61    50 -9999     0     0     0 -9999 -9999
1957 08 21 21    39    39 -9999     0     0     0 -9999 -9999
1957 08 22 00    72    39 -9999     0     0     1 -9999 -9999
1957 08 22 03   150    72 -9999   140    10     3 -9999 -9999
1957 08 22 06   211    78 -9999   110    31     2 -9999 -9999
1957 08 22 09   200   122 -9999     0     0     7 -9999 -9999
1957 08 22 12   111   100 -9999     0     0     8 -9999    40
1957 08 22 18   100   100 -9999   320    21     8 -9999    30
1957 08 22 21   100    89 -9999     0     0     8 -9999 -9999
1957 08 23 00   100    89 -9999     0     0     8 -9999    20
1957 08 23 03   128    72 -9999   180    10     8 -9999 -9999
1957 08 23 06   161    72 -9999     0     0     7 -9999     6
1957 08 23 09   150    72 -9999    90    21     7 -9999 -9999
1957 08 23 12   122   100 -9999     0     0     6 -9999     3
1957 08 23 18    61    61 -9999     0     0     1 -9999 -9999
1957 08 23 21    61    61 -9999     0     0     7 -9999 -9999
1957 08 24 00    78    72 -9999     0     0     7 -9999 -9999
1957 08 24 03   111    78 -9999   140    10     7 -9999 -9999
1957 08 24 09   200    89 -9999    70    51     7 -9999 -9999
1957 08 24 12   150   100 -9999     0     0     5 -9999 -9999
1957 08 24 15   100    78 -9999     0     0     1 -9999 -9999
1957 08 24 18    72    61 -9999     0     0     1 -9999 -9999
1957 08 24 21    78    72 -9999     0     0     8 -9999 -9999
1957 08 25 00    78    78 -9999     0     0     9 -9999 -9999
1957 08 25 03   122   100 -9999     0     0     7 -9999 -9999
1957 08 25 06   178   100 -9999     0     0     7 -9999 -9999
1957 08 25 09   122   111 -9999     0     0 -9999 -9999 -9999
1957 08 25 12   122   111 -9999     0     0     8 -9999    50
1957 08 25 18    89    89 -9999     0     0     7 -9999     3
1957 08 25 21   100   100 -9999     0     0     7 -9999 -9999
1957 08 26 00   111   100 -9999     0     0     7 -9999 -9999
1957 08 26 03   161    89 -9999   360    10     2 -9999 -9999
1957 08 26 06   200   100 -9999   180    10     3 -9999 -9999
1957 08 26 09   222    89 -9999   140    31     6 -9999 -9999
1957 08 26 12   172   100 -9999    90    10     2 -9999 -9999
1957 08 26 18    89    78 -9999     0     0     1 -9999 -9999
1957 08 26 21    61    61 -9999     0     0     1 -9999 -9999
1957 08 27 06   228   100 -9999   270    10     3 -9999     6
1957 08 27 09   239   100 -9999   180    31     2 -9999 -9999
1957 08 27 12   178   100 -9999     0     0     2 -9999 -9999
1957 08 27 21    78    78 -9999     0     0     3 -9999 -9999
1957 08 28 00    78    72 -9999     0     0     7 -9999 -9999
1957 08 28 03   172   100 -9999   140    10     7 -9999 -9999
1957 08 28 06   228   100 -9999    90    10     7 -9999 -9999
1957 08 28 09   228   100 -9999    90    31     4 -9999 -9999
1957 08 28 12   189   100 -9999    90    21     2 -9999 -9999
1957 08 28 15   111    78 -9999   290    10     1 -9999 -9999
1957 08 28 18    78    72 -9999     0     0     1 -9999 -9999
1957 08 28 21    61    50 -9999     0     0     0 -9999 -9999
1957 08 29 00    72    72 -9999     0     0     1 -9999 -9999
1957 08 29 03   161    89 -9999   250    10     1 -9999 -9999
1957 08 29 06   228   122 -9999     0     0     2 -9999 -9999
1957 08 29 09   261    78 -9999   160    21     6 -9999 -9999
1957 08 29 12   189   111 -9999   180    10     5 -9999 -9999
1957 08 29 15   111    89 -9999     0     0     0 -9999 -9999
1957 08 29 18    78    72 -9999     0     0     0 -9999 -9999
1957 08 29 21    61    39 -9999     0     0     0 -9999 -9999
1957 08 30 00    78    72 -9999     0     0     1 -9999 -9999
1957 08 30 03   161    89 -9999     0     0     1 -9999 -9999
1957 08 30 06   239   100 -9999   220    21     4 -9999 -9999
1957 08 30 12   189    78 -9999    90    31     1 -9999 -9999
1957 08 30 15   100    78 -9999     0     0     0 -9999 -9999
1957 08 30 18    72    61 -9999     0     0     0 -9999 -9999
1957 08 31 00    72    61 -9999     0     0     1 -9999 -9999
1957 08 31 03   172    89 -9999    90    10     1 -9999 -9999
1957 08 31 06   222    78 -9999   320    31     3 -9999 -9999
1957 08 31 09   239    50 -9999    90    72     3 -9999 -9999
1957 08 31 12   178    61 -9999    90    31     1 -9999     6
1957 08 31 18    61    39 -9999     0     0     1 -9999 -9999
1957 08 31 21    39    39 -9999     0     0     1 -9999 -9999
1957 09 01 00    61    50 -9999     0     0     2 -9999 -9999
1957 09 01 03   161    72 -9999   220    10     2 -9999 -9999
1957 09 01 06   222    72 -9999   220    10     4 -9999 -9999
1957 09 01 09   228    72 -9999   180    51     2 -9999 -9999
1957 09 01 15   111    89 -9999     0     0     7 -9999 -9999
1957 09 01 18    61    50 -9999   320    10     1 -9999 -9999
1957 09 01 21    39    28 -9999   320    10     1 -9999 -9999
1957 09 02 00    72    39 -9999     0     0     1 -9999 -9999
1957 09 02 03   161    78 -9999   270    10     1 -9999 -9999
1957 09 02 06   222    72 -9999   140    31     6 -9999 -9999
1957 09 02 09   128    61 -9999   190    21     6 -9999 -9999
1957 09 02 12   189    61 -9999    90    31     7 -9999 -9999
1957 09 02 15   128    61 -9999   290    51     7 -9999 -9999
1957 09 02 18   122    78 -9999     0     0     7 -9999 -9999
1957 09 02 21    61    50 -9999     0     0     1 -9999 -9999
1957 09 03 00    78    72 -9999     0     0     7 -9999 -9999
1957 09 03 03   161    78 -9999    40    10     6 -9999 -9999
1957 09 03 06   189   100 -9999   270    21     7 -9999     6
1957 09 03 12   122   100 -9999     0     0     8 -9999   180
1957 09 03 15   122   100 -9999     0     0     8 -9999 -9999
1957 09 03 18   100    89 -9999     0     0     7 -9999     3
1957 09 03 21    61    61 -9999     0     0     1 -9999 -9999
1957 09 04 00    78    72 -9999     0     0 -9999 -9999 -9999
1957 09 04 03   128    78 -9999     0     0     7 -9999 -9999
1957 09 04 06   178   100 -9999     0     0     7 -9999     6
1957 09 04 09   150    78 -9999     0     0     7 -9999 -9999
1957 09 04 12   100    78 -9999   140    31     8 -9999    40
1957 09 04 15    89    78 -9999     0     0     8 -9999 -9999
1957 09 04 18    89    72 -9999     0     0     8 -9999     5
1957 09 04 21    78    72 -9999    90    21     8 -9999 -9999
1957 09 05 03   111    61 -9999     0     0     8 -9999 -9999
1957 09 05 06   139    78 -9999   140    41     8 -9999     6
1957 09 05 09   150    78 -9999   140    31     8 -9999 -9999
1957 09 05 12   111    89 -9999     0     0     8 -9999    10
1957 09 05 15   100   100 -9999     0     0     8 -9999 -9999
1957 09 05 18   100    89 -9999     0     0     8 -9999    10
1957 09 05 21   100    89 -9999     0     0     8 -9999 -9999
1957 09 06 00   100    89 -9999     0     0     8 -9999    10
1957 09 06 03   128   100 -9999   220    10     7 -9999 -9999
1957 09 06 06   178   100 -9999   320    31     7 -9999     6
1957 09 06 09   100    78 -9999   270    31     7 -9999 -9999
1957 09 06 12   100    50 -9999    40    21     8 -9999    30
1957 09 06 15    78    28 -9999    70    51     8 -9999 -9999
1957 09 06 18    72    39 -9999   180    10     8 -9999 -9999
1957 09 07 03    78    28 -9999     0     0     8 -9999 -9999
1957 09 07 09   139    50 -9999   140    21     7 -9999 -9999
1957 09 07 12   122    72 -9999   140    21     7 -9999 -9999
1957 09 07 15   100    78 -9999     0     0     7 -9999 -9999
1957 09 07 18   100    78 -9999     0     0     8 -9999 -9999
1957 09 07 21    89    72 -9999     0     0     8 -9999 -9999
1957 09 08 00    89 -9999 -9999    90    10     7 -9999    30
1957 09 08 03   128    78 -9999     0     0     7 -9999 -9999
1957 09 08 06   128    61 -9999   360    51     7 -9999     6
1957 09 08 12   111    72 -9999   140    21     7 -9999     6
1957 09 08 18    89    61 -9999   140    10     7 -9999 -9999
1957 09 09 00    72    50 -9999     0     0     7 -9999 -9999
1957 09 09 03   100    50 -9999   200    10     7 -9999 -9999
1957 09 09 06   139    72 -9999   290    10     7 -9999     3
1957 09 09 09   161    78 -9999     0     0     5 -9999 -9999
1957 09 09 12   122    72 -9999   140    21     2 -9999     6
1957 09 09 18    50    50 -9999     0     0     6 -9999 -9999
1957 09 09 21    39    28 -9999     0     0     7 -9999 -9999
1957 09 10 00    72    61 -9999     0     0     8 -9999 -9999
1957 09 10 03   111    72 -9999   140    10     8 -9999 -9999
1957 09 10 06   161 -9999 -9999    90    31     7 -9999     6
1957 09 10 09   172    89 -9999   270    10     7 -9999 -9999
1957 09 10 12    89    78 -9999   250    10     8 -9999    60
1957 09 10 15    89    78 -9999     0     0     7 -9999 -9999
1957 09 10 18    89    78 -9999     0     0     8 -9999    10
1957 09 10 21    89    78 -9999     0     0     8 -9999 -9999
1957 09 11 00    89    78 -9999     0     0     8 -9999    20
1957 09 11 03   122    78 -9999   270    10     7 -9999 -9999
1957 09 11 06   139    78 -9999   160    10     8 -9999     5
1957 09 11 09   122    89 -9999   220    31     7 -9999 -9999
1957 09 11 12   122    89 -9999     0     0     7 -9999    10
1957 09 11 15   100    72 -9999   360    10     8 -9999 -9999
1957 09 11 18    89    78 -9999     0     0     8 -9999     5
1957 09 11 21    89    72 -9999     0     0     8 -9999 -9999
1957 09 12 00    89    78 -9999     0     0     7 -9999     6
1957 09 12 03   128    78 -9999   140    21     7 -9999 -9999
1957 09 12 06   172    72 -9999   140    21 -9999 -9999 -9999
1957 09 12 09   161    78 -9999   180    21 -9999 -9999 -9999
1957 09 12 12   100    72 -9999     0     0     1 -9999     5
1957 09 12 18    50    39 -9999     0     0     1 -9999 -9999
1957 09 12 21    61    50 -9999     0     0     8 -9999 -9999
1957 09 13 00    72    61 -9999     0     0     8 -9999    10
1957 09 13 03    89    72 -9999     0     0     8 -9999 -9999
1957 09 13 09   150    61 -9999   140    21     7 -9999 -9999
1957 09 13 12   111    61 -9999    90    51     8 -9999 -9999
1957 09 13 18   100    78 -9999     0     0     7 -9999     6
1957 09 14 03   139    89 -9999     0     0     7 -9999 -9999
1957 09 14 06   189    72 -9999     0     0     3 -9999 -9999
1957 09 14 09   178    78 -9999    90    41     4 -9999 -9999
1957 09 14 12   100    78 -9999    20    98     8 -9999    30
1957 09 14 15   100    89 -9999     0     0     7 -9999 -9999
1957 09 14 18   100    72 -9999    40    10     8 -9999    30
1957 09 14 21    89    89 -9999   220    21     7 -9999 -9999
1957 09 15 03   128    78 -9999   140    31     3 -9999 -9999
1957 09 15 06   178   111 -9999   140    31     5 -9999 -9999
1957 09 15 09   150    78 -9999   360    72     8 -9999 -9999
1957 09 15 12   128   100 -9999     0     0     7 -9999     6
1957 09 15 15   122    89 -9999   110    10     7 -9999 -9999
1957 09 15 18   111    89 -9999     0     0     7 -9999 -9999
1957 09 15 21    78    72 -9999     0     0     8 -9999 -9999
1957 09 16 00    78    78 -9999     0     0     8 -9999   170
1957 09 16 03   100    39 -9999   220    10     7 -9999 -9999
1957 09 16 09   150    78 -9999    90    21     7 -9999 -9999
1957 09 16 12   128    89 -9999   140    21     7 -9999 -9999
1957 09 16 15    78    50 -9999   320    51     8 -9999 -9999
1957 09 16 18    61    39 -9999   320    51     8 -9999    50
1957 09 16 21    61    28 -9999   320    21     8 -9999 -9999
1957 09 17 00    72    39 -9999   220    21     8 -9999     5
1957 09 17 03 -9999 -9999 -9999   360    21     7 -9999 -9999
1957 09 17 06   128    39 -9999     0     0     7 -9999 -9999
1957 09 17 09   150    50 -9999   180    10     6 -9999 -9999
1957 09 17 12   122    72 -9999   140    10     7 -9999 -9999
1957 09 17 21    89    72 -9999     0     0     7 -9999 -9999
1957 09 18 00    78    72 -9999    90    10     8 -9999    20
1957 09 18 03   100    72 -9999    40    10     8 -9999 -9999
1957 09 18 06   111    61 -9999   220    21     7 -9999    20
1957 09 18 12   111    50 -9999    90    21     7 -9999     6
1957 09 18 15    89    72 -9999     0     0     6 -9999 -9999
1957 09 18 18    78    72 -9999     0     0     7 -9999 -9999
1957 09 18 21    78    72 -9999     0     0     8 -9999 -9999
1957 09 19 00    61    50 -9999   320    21     8 -9999    30
1957 09 19 03    50    39 -9999   290    41     8 -9999 -9999
1957 09 19 06    89    22 -9999   270    21     7 -9999    70
1957 09 19 09    89    22 -9999   320    21     7 -9999 -9999
1957 09 19 12    78    22 -9999    90    21     7 -9999     6
1957 09 19 15    61    22 -9999    70    21     5 -9999 -9999
1957 09 19 18    50    39 -9999     0     0     8 -9999 -9999
1957 09 19 21    50    39 -9999     0     0     7 -9999 -9999
1957 09 20 00    50    39 -9999     0     0     7 -9999     6
1957 09 20 03    72    28 -9999   140    10     8 -9999 -9999
1957 09 20 06   111    39 -9999   140    31     7 -9999     3
1957 09 20 12    72    39 -9999   140    10     7 -9999     6
1957 09 20 15    72    39 -9999     0     0     7 -9999 -9999
1957 09 20 18    61 -9999 -9999     0     0     7 -9999 -9999
1957 09 20 21    50    39 -9999     0     0     8 -9999 -9999
1957 09 21 00    61    28 -9999     0     0     7 -9999 -9999
1957 09 21 03    78    11 -9999   110    21     7 -9999 -9999
1957 09 21 06   189    28 -9999   140    10     8 -9999     6
1957 09 21 09   111    39 -9999    70    10     7 -9999 -9999
1957 09 21 12    78    61 -9999     0     0     7 -9999     3
1957 09 21 15    61    50 -9999     0     0     7 -9999 -9999
1957 09 21 21    39    39 -9999     0     0     7 -9999 -9999
1957 09 22 00    39    39 -9999     0     0     7 -9999 -9999
1957 09 22 03    89    50 -9999   140    31     3 -9999 -9999
1957 09 22 06   150    61 -9999   200    21     5 -9999 -9999
1957 09 22 12    78    50 -9999    90    21     8 -9999    10
1957 09 22 15    72    61 -9999   270    10     8 -9999 -9999
1957 09 22 18    50    39 -9999     0     0     8 -9999    40
1957 09 23 00    50    39 -9999   290    10     8 -9999    20
1957 09 23 03    78    39 -9999    90    10     7 -9999 -9999
1957 09 23 06    89    50 -9999   320    82     7 -9999     5
1957 09 23 09   100    22 -9999    20    51     7 -9999 -9999
1957 09 23 12    72    11 -9999     0     0     8 -9999     5
1957 09 23 18    50     0 -9999    90    21     6 -9999 -9999
1957 09 23 21    28    22 -9999     0     0     6 -9999 -9999
1957 09 24 00    22    11 -9999     0     0     6 -9999 -9999
1957 09 24 03    89    28 -9999     0     0     2 -9999 -9999
1957 09 24 06   128     0 -9999     0     0     6 -9999 -9999
1957 09 24 09   128     0 -9999    20    10     7 -9999 -9999
1957 09 24 12    89    28 -9999   140    10     7 -9999     6
1957 09 24 15    78    28 -9999     0     0 -9999 -9999 -9999
1957 09 24 18    72    22 -9999   200    31     8 -9999     6
1957 09 24 21    50    28 -9999   270    10     8 -9999 -9999
1957 09 25 00    28    22 -9999     0     0     8 -9999    30
1957 09 25 03    39    22 -9999   180    10     8 -9999 -9999
1957 09 25 06    89    28 -9999    90    10     7 -9999    20
1957 09 25 09   111    22 -9999    90    31     7 -9999 -9999
1957 09 25 12    78    39 -9999     0     0     8 -9999     6
1957 09 25 18    61    39 -9999     0     0     7 -9999     6
1957 09 25 21    39    28 -9999   290    21     8 -9999 -9999
1957 09 26 00    50    28 -9999     0     0     7 -9999     5
1957 09 26 03    78 -9999 -9999   200    10     7 -9999 -9999
1957 09 26 06   122    22 -9999   110    31     6 -9999     6
1957 09 26 09   111    39 -9999   160    31     5 -9999 -9999
1957 09 26 12    78    39 -9999   270    10     7 -9999     6
1957 09 26 18    72    39 -9999     0     0     8 -9999     6
1957 09 26 21    50    28 -9999   320    31     8 -9999 -9999
1957 09 27 00    39    22 -9999   220    21     8 -9999    40
1957 09 27 03    61    28 -9999    40    10     8 -9999 -9999
1957 09 27 06   100    28 -9999   180    10     7 -9999    10
1957 09 27 09   111    39 -9999   180    10     7 -9999 -9999
1957 09 27 12    89    28 -9999     0     0     8 -9999     6
1957 09 27 15    50    28 -9999   270    21     8 -9999 -9999
1957 09 27 18    39    11 -9999   270    51     8 -9999    30
1957 09 27 21    39     0 -9999     0     0     8 -9999 -9999
1957 09 28 00    28    11 -9999   180    10     7 -9999     6
1957 09 28 03    50    11 -9999     0     0     8 -9999 -9999
1957 09 28 06    50    22 -9999   290    10     8 -9999     5
1957 09 28 09    39    22 -9999   270    21     8 -9999 -9999
1957 09 28 12    39    22 -9999     0     0     8 -9999    20
1957 09 28 15 -9999 -9999 -9999     0     0     8 -9999 -9999
1957 09 28 18    28    22 -9999     0     0     8 -9999     6
1957 09 28 21    28    22 -9999     0     0     7 -9999 -9999
1957 09 29 00    28    22 -9999    90    10     7 -9999     6
1957 09 29 03    61    22 -9999    40    10     7 -9999 -9999
1957 09 29 06   100    11 -9999    90    10     7 -9999 -9999
1957 09 29 09    61    28 -9999   160    21     7 -9999 -9999
1957 09 29 12    50    11 -9999   320    31     8 -9999    10
1957 09 29 18    11     0 -9999   140    10     7 -9999 -9999
1957 09 29 21    28    11 -9999     0     0     8 -9999 -9999
1957 09 30 03    61     0 -9999     0     0     8 -9999 -9999
1957 09 30 06    89    11 -9999   140    31     7 -9999 -9999
1957 09 30 12    61    39 -9999     0     0     8 -9999     3
1957 09 30 15    39    22 -9999     0     0     7 -9999 -9999
1957 09 30 18    39    22 -9999     0     0     2 -9999     6
1957 09 30 21    28    22 -9999     0     0     8 -9999 -9999
1957 10 01 00    39    28 -9999     0     0     7 -9999 -9999
1957 10 01 03    78    28 -9999    40    10     8 -9999 -9999
1957 10 01 06   100    22 -9999   160    10     7 -9999 -9999
1957 10 01 09    50    28 -9999   320    31     8 -9999 -9999
1957 10 01 12    50    22 -9999     0     0     8 -9999    10
1957 10 01 15    50    28 -9999   110    21     7 -9999 -9999
1957 10 01 18    39    22 -9999     0     0     8 -9999 -9999
1957 10 01 21    39    22 -9999     0     0     8 -9999 -9999
1957 10 02 03    61    22 -9999   360    10     7 -9999 -9999
1957 10 02 06    78    28 -9999   220    21     7 -9999     3
1957 10 02 12    72    39 -9999     0     0     7 -9999     6
1957 10 02 18    50    22 -9999     0     0     6 -9999     6
1957 10 02 21    28    22 -9999     0     0     7 -9999 -9999
1957 10 03 00    39    11 -9999    90    10     7 -9999 -9999
1957 10 03 03    61    11 -9999     0     0     8 -9999 -9999
1957 10 03 06    72     0 -9999   180    21     8 -9999     6
1957 10 03 09    78     0 -9999   160    10     8 -9999 -9999
1957 10 03 12    50    22 -9999   180    31     8 -9999     6
1957 10 03 15    50    28 -9999     0     0     8 -9999 -9999
1957 10 03 18    22    11 -9999   360    10     6 -9999     6
1957 10 03 21    22     0 -9999     0     0     8 -9999 -9999
1957 10 04 00    22    11 -9999   140    10     8 -9999 -9999
1957 10 04 03    50    11 -9999    70    10     8 -9999 -9999
1957 10 04 06    78    11 -9999    90    21     8 -9999     6
1957 10 04 09    72     0 -9999     0     0     7 -9999 -9999
1957 10 04 12    22     0 -9999   220    10     8 -9999    40
1957 10 04 15    22    11 -9999   220    10     8 -9999 -9999
1957 10 04 18    11     0 -9999   110    31     7 -9999    10
1957 10 04 21    11     0 -9999     0     0     8 -9999 -9999
1957 10 05 00    22     0 -9999     0     0     8 -9999     6
1957 10 05 03    50     0 -9999   180    31     7 -9999 -9999
1957 10 05 06    78   -11 -9999   140    41     7 -9999 -9999
1957 10 05 15    22    11 -9999     0     0     2 -9999 -9999
1957 10 05 18     0   -11 -9999     0     0     2 -9999 -9999
1957 10 05 21   -28   -28 -9999     0     0     1 -9999 -9999
1957 10 06 00   -11   -22 -9999     0     0     7 -9999 -9999
1957 10 06 06    78    22 -9999   160    10     6 -9999 -9999
1957 10 06 09   122    28 -9999   320    10     2 -9999 -9999
1957 10 06 12    78    22 -9999    90    31     7 -9999 -9999
1957 10 06 15    50    28 -9999     0     0     7 -9999 -9999
1957 10 06 18    28    22 -9999     0     0     7 -9999     6
1957 10 06 21    22    11 -9999     0     0     7 -9999 -9999
1957 10 07 00    11     0 -9999   200    21     7 -9999 -9999
1957 10 07 03    61     0 -9999     0     0     7 -9999 -9999
1957 10 07 06   100 -9999 -9999    90    10     8 -9999 -9999
1957 10 07 09   111   -11 -9999    90    31     6 -9999 -9999
1957 10 07 12    78    11 -9999     0     0     7 -9999 -9999
1957 10 07 15    50    11 -9999   220    21     8 -9999 -9999
1957 10 07 18    50     0 -9999   320    21     8 -9999     6
1957 10 07 21    22    11 -9999   340    10     7 -9999 -9999
1957 10 08 00    28    11 -9999     0     0     7 -9999     6
1957 10 08 03    72    11 -9999     0     0     7 -9999 -9999
1957 10 08 06 -9999 -9999 -9999     0     0     8 -9999     6
1957 10 08 12    61    22 -9999    90    41     8 -9999     3
1957 10 08 15    28    22 -9999   270    21     8 -9999 -9999
1957 10 08 18    22    22 -9999   100    10     8 -9999    50
1957 10 09 00    22     0 -9999     0     0     7 -9999 -9999
1957 10 09 03    50   -11 -9999     0     0     8 -9999 -9999
1957 10 09 06    61   -11 -9999     0     0 -9999 -9999 -9999
1957 10 09 12    50     0 -9999    90    31     7 -9999 -9999
1957 10 09 15    28   -11 -9999     0     0     8 -9999 -9999
1957 10 09 18     0   -11 -9999     0     0     8 -9999 -9999
1957 10 09 21   -28   -39 -9999     0     0     6 -9999 -9999
1957 10 10 00 -9999 -9999 -9999     0     0     5 -9999 -9999
1957 10 10 06   100   -39 -9999   180    21     7 -9999 -9999
1957 10 10 12    39   -22 -9999     0     0     1 -9999     6
1957 10 10 15   -11   -28 -9999     0     0     1 -9999 -9999
1957 10 10 18   -28   -50 -9999     0     0     1 -9999 -9999
1957 10 10 21   -39   -61 -9999     0     0     1 -9999 -9999
1957 10 11 00   -39   -50 -9999     0     0     1 -9999 -9999
1957 10 11 03    28   -39 -9999    90    10     1 -9999 -9999
1957 10 11 06   100   -39 -9999   140    10     2 -9999 -9999
1957 10 11 12    39   -39 -9999     0     0     1 -9999 -9999
1957 10 11 15   -22   -39 -9999     0     0     0 -9999 -9999
1957 10 11 21   -61   -72 -9999     0     0     0 -9999 -9999
1957 10 12 00   -50   -61 -9999     0     0     1 -9999 -9999
1957 10 12 06   100   -50 -9999    90    10     1 -9999 -9999
1957 10 12 09   122   -78 -9999    90    10     5 -9999 -9999
1957 10 12 12    61   -39 -9999   160    10     1 -9999 -9999
1957 10 12 15   -11   -28 -9999     0     0     1 -9999 -9999
1957 10 12 18   -28   -39 -9999     0     0     0 -9999 -9999
1957 10 12 21   -50   -50 -9999     0     0     1 -9999 -9999
1957 10 13 00   -28   -39 -9999     0     0     1 -9999 -9999
1957 10 13 03    39   -28 -9999     0     0     1 -9999 -9999
1957 10 13 06   111     0 -9999   320    31     7 -9999 -9999
1957 10 13 09    89   -11 -9999   110    41     6 -9999 -9999
1957 10 13 12    61   -11 -9999    90    51     1 -9999     6
1957 10 13 15   -22   -28 -9999     0     0     1 -9999 -9999
1957 10 13 18   -39   -50 -9999     0     0     0 -9999 -9999
1957 10 13 21   -50   -61 -9999     0     0     0 -9999 -9999
1957 10 14 00   -50   -61 -9999     0     0     9 -9999 -9999
1957 10 14 03   -11   -11 -9999    90    10     7 -9999 -9999
1957 10 14 06    89    22 -9999   180    10     1 -9999 -9999
1957 10 14 12    89   -39 -9999   320    21     6 -9999 -9999
1957 10 14 15    11   -28 -9999   360    10     0 -9999 -9999
1957 10 14 18   -28   -50 -9999     0     0     0 -9999 -9999
1957 10 14 21   -50   -61 -9999     0     0     0 -9999 -9999
1957 10 15 00   -39   -61 -9999     0     0     1 -9999 -9999
1957 10 15 03    50   -22 -9999   200    10     0 -9999 -9999
1957 10 15 09   161   -61 -9999   220    51     7 -9999 -9999
1957 10 15 12    89     0 -9999   270    10     7 -9999     6
1957 10 15 15    72     0 -9999   270    10     6 -9999 -9999
1957 10 15 18    11     0 -9999   160    21     8 -9999    40
1957 10 16 00    11   -11 -9999   110    21     8 -9999     3
1957 10 16 06    11   -22 -9999   110    21     8 -9999    10
1957 10 16 09    22   -22 -9999   140    10     8 -9999 -9999
1957 10 16 12     0   -11 -9999   140    21     8 -9999     5
1957 10 16 15     0   -11 -9999     0     0     8 -9999 -9999
1957 10 16 18     0   -11 -9999   140    10     8 -9999    10
1957 10 16 21     0   -22 -9999    90    21     8 -9999 -9999
1957 10 17 03    39   -22 -9999   140    10     3 -9999 -9999
1957 10 17 09    50    28 -9999   320    82     8 -9999 -9999
1957 10 17 12    50    28 -9999   320    10     7 -9999    10
1957 10 17 15    11     0 -9999     0     0     8 -9999 -9999
1957 10 17 18     0     0 -9999   290    21     8 -9999   120
1957 10 17 21     0     0 -9999   320    10     8 -9999 -9999
1957 10 18 00     0     0 -9999     0     0     7 -9999    40
1957 10 18 03    22    11 -9999     0     0     8 -9999 -9999
1957 10 18 06    61    22 -9999    90    10     7 -9999 -9999
1957 10 18 09    61    28 -9999   270    10     7 -9999 -9999
1957 10 18 12    39    11 -9999 -9999 -9999     8 -9999     5
1957 10 18 15    22    22 -9999     0     0     7 -9999 -9999
1957 10 18 18    11     0 -9999     0     0     7 -9999    20
1957 10 18 21    11     0 -9999     0     0     8 -9999 -9999
1957 10 19 03    39     0 -9999   110    10     7 -9999 -9999
1957 10 19 06    89     0 -9999   270    62     6 -9999     6
1957 10 19 15   -22   -50 -9999   320    10     1 -9999 -9999
1957 10 19 18   -39   -39 -9999     0     0     1 -9999 -9999
1957 10 19 21   -61   -72 -9999     0     0     0 -9999 -9999
1957 10 20 03   -11   -28 -9999   140    21     6 -9999 -9999
1957 10 20 06    89   -39 -9999   140    21     4 -9999     6
1957 10 20 12    28   -61 -9999     0     0     0 -9999 -9999
1957 10 20 15   -28   -39 -9999     0     0     0 -9999 -9999
1957 10 20 18   -50   -72 -9999     0     0     0 -9999 -9999
1957 10 20 21   -72   -78 -9999     0     0     0 -9999 -9999
1957 10 21 00   -78   -89 -9999     0     0     1 -9999 -9999
1957 10 21 03    11   -61 -9999    90    10     2 -9999 -9999
1957 10 21 06    89   -22 -9999    90    21     7 -9999 -9999
1957 10 21 12    50   -11 -9999     0     0     6 -9999 -9999
1957 10 21 15    11   -11 -9999     0     0     7 -9999 -9999
1957 10 21 18   -11   -39 -9999     0     0     3 -9999 -9999
1957 10 21 21   -28   -39 -9999     0     0     1 -9999 -9999
1957 10 22 00   -39   -39 -9999     0     0     1 -9999 -9999
1957 10 22 03    50   -28 -9999   160    10     1 -9999 -9999
1957 10 22 06   128   -11 -9999   180    10     5 -9999 -9999
1957 10 22 09   150   -89 -9999   220    31     7 -9999 -9999
1957 10 22 15    61   -22 -9999   290    31     8 -9999 -9999
1957 10 22 18    28     0 -9999   320    10     3 -9999     6
1957 10 22 21    22     0 -9999     0     0     7 -9999 -9999
1957 10 23 00    22     0 -9999     0     0     8 -9999 -9999
1957 10 23 03    61     0 -9999   180    10     7 -9999 -9999
1957 10 23 06   111   -11 -9999   180    10     7 -9999 -9999
1957 10 23 12    39    22 -9999     0     0     6 -9999    30
1957 10 23 15    39    28 -9999     0     0     8 -9999 -9999
1957 10 23 18    39    22 -9999     0     0     8 -9999     5
1957 10 23 21    22    11 -9999   320    10     8 -9999 -9999
1957 10 24 00    22     0 -9999   270    10     8 -9999     5
1957 10 24 03    61     0 -9999   130    10     7 -9999 -9999
1957 10 24 09    78    22 -9999    90    10     7 -9999 -9999
1957 10 24 12    39     0 -9999    90    41     7 -9999     3
1957 10 24 15    11     0 -9999   180    10     6 -9999 -9999
1957 10 24 18    11   -11 -9999     0     0     7 -9999 -9999
1957 10 25 00   -28   -39 -9999     0     0     1 -9999     6
1957 10 25 03    61     0 -9999     0     0     1 -9999 -9999
1957 10 25 06    89    11 -9999     0     0     7 -9999     6
1957 10 25 09    78   -22 -9999   360    10     7 -9999 -9999
1957 10 25 12    61   -39 -9999   110    31     1 -9999     6
1957 10 25 15    28   -22 -9999    70    31     8 -9999 -9999
1957 10 25 18     0   -22 -9999     0     0     3 -9999 -9999
1957 10 25 21   -28   -39 -9999     0     0     3 -9999 -9999
1957 10 26 00   -22   -28 -9999   140    10     6 -9999 -9999
1957 10 26 03    11   -11 -9999     0     0     8 -9999 -9999
1957 10 26 06    11     0 -9999     0     0     8 -9999     5
1957 10 26 15   -28   -50 -9999   270    21     8 -9999 -9999
1957 10 26 18   -28   -39 -9999     0     0     8 -9999     6
1957 10 27 00   -61   -89 -9999     0     0     6 -9999    10
1957 10 27 03   -28  -100 -9999    40    10     1 -9999 -9999
1957 10 27 06     0   -89 -9999   270    98     6 -9999 -9999
1957 10 27 09   -11  -139 -9999   290    98     1 -9999 -9999
1957 10 27 12   -61  -128 -9999   290    10     0 -9999 -9999
1957 10 27 15   -78  -122 -9999     0     0     0 -9999 -9999
1957 10 27 18  -100  -139 -9999     0     0     0 -9999 -9999
1957 10 27 21  -122  -139 -9999     0     0     0 -9999 -9999
1957 10 28 03   -72  -122 -9999   180    10     0 -9999 -9999
1957 10 28 06   -11  -111 -9999   140    10     0 -9999 -9999
1957 10 28 09    28   -39 -9999   140    10     0 -9999 -9999
1957 10 28 12   -22   -89 -9999     0     0     1 -9999 -9999
1957 10 28 15   -50   -78 -9999     0     0     1 -9999 -9999
1957 10 28 18   -72   -89 -9999     0     0     1 -9999 -9999
1957 10 28 21   -72  -100 -9999     0     0     1 -9999 -9999
1957 10 29 00   -78   -89 -9999     0     0     2 -9999 -9999
1957 10 29 03   -39  -111 -9999   140    10     6 -9999 -9999
1957 10 29 06    28   -89 -9999   180    10     2 -9999 -9999
1957 10 29 12   -11   -39 -9999     0     0     7 -9999 -9999
1957 10 29 15   -28   -72 -9999   320    10     2 -9999 -9999
1957 10 29 18   -50   -61 -9999     0     0     1 -9999 -9999
1957 10 30 00   -72   -78 -9999     0     0     1 -9999 -9999
1957 10 30 03   -11 -9999 -9999     0     0 -9999 -9999 -9999
1957 10 30 09    61   -89 -9999   110    21     3 -9999 -9999
1957 10 30 12    22   -89 -9999    40    31     7 -9999 -9999
1957 10 30 15   -11   -50 -9999     0     0     7 -9999 -9999
1957 10 30 18   -22 -9999 -9999     0     0     7 -9999 -9999
1957 10 30 21   -39   -72 -9999     0     0     2 -9999 -9999
1957 10 31 00   -50   -72 -9999     0     0 -9999 -9999 -9999
1957 10 31 06    28   -50 -9999    90    51     6 -9999     3
1957 10 31 09    22   -22 -9999   220    51     7 -9999 -9999
1957 10 31 12     0     0 -9999   180    10     7 -9999 -9999
1957 10 31 18   -61   -61 -9999   320    10     0 -9999 -9999
1957 10 31 21   -61   -72 -9999   270    10     8 -9999 -9999
1957 11 01 00   -50   -72 -9999     0     0     8 -9999     6
1957 11 01 06    11   -39 -9999   140    21     1 -9999     6
1957 11 01 12    11   -39 -9999   320    21     3 -9999     6
1957 11 01 15   -22   -50 -9999     0     0     7 -9999 -9999
1957 11 02 00   -39   -39 -9999     0     0     8 -9999    30
1957 11 02 03   -22   -39 -9999     0     0     7 -9999 -9999
1957 11 02 06    11   -11 -9999   320    10     1 -9999     6
1957 11 02 09    22   -28 -9999   360    41     8 -9999 -9999
1957 11 02 12     0   -28 -9999     0     0     7 -9999     6
1957 11 02 15   -28   -39 -9999   220    10     2 -9999 -9999
1957 11 02 18   -39   -50 -9999     0     0     7 -9999 -9999
1957 11 02 21   -28   -50 -9999     0     0     2 -9999 -9999
1957 11 03 00   -50   -61 -9999     0     0     6 -9999 -9999
1957 11 03 03   -22   -72 -9999     0     0     8 -9999 -9999
1957 11 03 06    28   -39 -9999   160    10     4 -9999     6
1957 11 03 09    39   -39 -9999   270    21     7 -9999 -9999
1957 11 03 12     0   -11 -9999   360    72     8 -9999     6
1957 11 03 15     0   -11 -9999     0     0     8 -9999 -9999
1957 11 03 18   -11   -22 -9999   270    21     8 -9999     3
1957 11 03 21   -11   -22 -9999     0     0     8 -9999 -9999
1957 11 04 00   -22   -28 -9999   320    21     7 -9999     6
1957 11 04 03    22   -28 -9999   270    10     7 -9999 -9999
1957 11 04 06    28   -28 -9999   220    10     7 -9999 -9999
1957 11 04 12    22   -22 -9999    40    51     7 -9999 -9999
1957 11 04 15   -11   -28 -9999     0     0     7 -9999 -9999
1957 11 04 18   -22   -50 -9999   250    21     7 -9999 -9999
1957 11 04 21   -50   -61 -9999   290    10     1 -9999 -9999
1957 11 05 00   -50   -78 -9999     0     0     7 -9999 -9999
1957 11 05 03    11   -61 -9999     0     0     3 -9999 -9999
1957 11 05 09    50  -100 -9999   270    51     7 -9999 -9999
1957 11 05 12    11  -122 -9999    90    41     7 -9999 -9999
1957 11 05 15   -22   -78 -9999   320    10     7 -9999 -9999
1957 11 05 18   -50   -89 -9999   320    10     5 -9999 -9999
1957 11 05 21   -61   -78 -9999   270    21     3 -9999 -9999
1957 11 06 00   -78   -89 -9999     0     0     1 -9999 -9999
1957 11 06 03     0   -61 -9999     0     0     1 -9999 -9999
1957 11 06 06    50   -89 -9999   270    21     4 -9999 -9999
1957 11 06 09    39  -122 -9999   270    62     7 -9999 -9999
1957 11 06 12    22  -161 -9999 -9999 -9999     4 -9999 -9999
1957 11 06 15   -39   -78 -9999     0     0     2 -9999 -9999
1957 11 06 18   -61   -72 -9999     0     0     1 -9999 -9999
1957 11 07 00   -78   -89 -9999     0     0     2 -9999 -9999
1957 11 07 03   -11  -139 -9999     0     0     1 -9999 -9999
1957 11 07 06    50   -72 -9999     0     0     7 -9999 -9999
1957 11 07 12   -11   -78 -9999     0     0     1 -9999 -9999
1957 11 07 15   -39   -72 -9999   140    10     5 -9999 -9999
1957 11 07 21 -9999 -9999 -9999     0     0     0 -9999 -9999
1957 11 08 00   -89   -89 -9999     0     0     0 -9999 -9999
1957 11 08 03   -11   -89 -9999     0     0     1 -9999 -9999
1957 11 08 06    72  -100 -9999   160    10     6 -9999 -9999
1957 11 08 09   122  -122 -9999    90    10     2 -9999 -9999
1957 11 08 12    28  -100 -9999     0     0     1 -9999 -9999
1957 11 08 15   -11   -61 -9999   320    10     7 -9999 -9999
1957 11 08 18   -50   -72 -9999     0     0     2 -9999 -9999
1957 11 09 00   -72   -72 -9999     0     0     3 -9999 -9999
1957 11 09 03    11   -78 -9999   180    10     7 -9999 -9999
1957 11 09 06    72   -50 -9999     0     0     7 -9999 -9999
1957 11 09 09    50   -50 -9999   340    31     7 -9999 -9999
1957 11 09 15   -22   -39 -9999   320    21     2 -9999 -9999
1957 11 09 18   -28   -50 -9999     0     0     3 -9999 -9999
1957 11 09 21   -11   -39 -9999     0     0     8 -9999 -9999
1957 11 10 00   -22   -50 -9999   320    51     8 -9999     6
1957 11 10 03   -11   -50 -9999    40    31     3 -9999 -9999
1957 11 10 12   -39  -100 -9999   270    10     0 -9999 -9999
1957 11 10 15   -61   -89 -9999     0     0     0 -9999 -9999
1957 11 10 18   -78  -100 -9999   360    10     6 -9999 -9999
1957 11 10 21   -78  -100 -9999   180    10     2 -9999 -9999
1957 11 11 00  -100  -111 -9999     0     0     7 -9999 -9999
1957 11 11 03   -50  -128 -9999     0     0     7 -9999 -9999
1957 11 11 06     0  -139 -9999   220    10     7 -9999 -9999
1957 11 11 09    22   -61 -9999     0     0     8 -9999 -9999
1957 11 11 12     0   -72 -9999   270    41     6 -9999 -9999
1957 11 11 15   -39   -78 -9999   360    10     1 -9999 -9999
1957 11 11 18   -72   -78 -9999     0     0     0 -9999 -9999
1957 11 11 21   -89  -100 -9999     0     0     0 -9999 -9999
1957 11 12 03   -28  -122 -9999     0     0     0 -9999 -9999
1957 11 12 06    50  -139 -9999   250    31     1 -9999 -9999
1957 11 12 09    50  -111 -9999   320    51     1 -9999 -9999
1957 11 12 12   -28  -111 -9999     0     0     0 -9999 -9999
1957 11 12 15   -72   -78 -9999     0     0     2 -9999 -9999
1957 11 12 18   -78   -89 -9999     0     0     6 -9999 -9999
1957 11 12 21  -100  -111 -9999   320    10     0 -9999 -9999
1957 11 13 00  -111  -111 -9999     0     0     2 -9999 -9999
1957 11 13 03   -28  -122 -9999   140    10     1 -9999 -9999
1957 11 13 06    50   -72 -9999   320    10     1 -9999 -9999
1957 11 13 12   -22   -39 -9999     0     0     2 -9999 -9999
1957 11 13 15   -22   -72 -9999     0     0     5 -9999 -9999
1957 11 13 18   -39   -72 -9999     0     0     6 -9999 -9999
1957 11 13 21   -72   -78 -9999     0     0     1 -9999 -9999
1957 11 14 00   -78   -89 -9999     0     0     1 -9999 -9999
1957 11 14 03    11   -89 -9999   180    10     3 -9999 -9999
1957 11 14 06    78  -111 -9999   180    21     1 -9999 -9999
1957 11 14 09    78  -161 -9999   320    51     6 -9999 -9999
1957 11 14 12     0  -100 -9999   320    21 -9999 -9999 -9999
1957 11 14 15   -50   -78 -9999   340    10     1 -9999 -9999
1957 11 14 18   -61   -89 -9999     0     0     1 -9999 -9999
1957 11 15 00  -100  -100 -9999     0     0     1 -9999 -9999
1957 11 15 03   -11  -111 -9999     0     0     0 -9999 -9999
1957 11 15 06   100  -239 -9999   320    82     2 -9999 -9999
1957 11 15 09    72  -250 -9999   290    82     2 -9999 -9999
1957 11 15 12   -11  -111 -9999     0     0     1 -9999 -9999
1957 11 15 15   -72   -78 -9999     0     0     0 -9999 -9999
1957 11 15 18   -78   -89 -9999     0     0     1 -9999 -9999
1957 11 15 21   -89  -100 -9999     0     0     1 -9999 -9999
1957 11 16 00  -100  -100 -9999     0     0     1 -9999 -9999
1957 11 16 03   -28  -122 -9999     0     0     0 -9999 -9999
1957 11 16 06    61  -111 -9999   270    10     1 -9999 -9999
1957 11 16 12     0  -111 -9999   360    10     1 -9999 -9999
1957 11 16 15   -61   -78 -9999   320    10     0 -9999 -9999
1957 11 17 00  -111  -111 -9999     0     0     0 -9999 -9999
1957 11 17 03   -22  -128 -9999   180    10     0 -9999 -9999
1957 11 17 06    61  -100 -9999     0     0     0 -9999 -9999
1957 11 17 15   -61   -78 -9999     0     0     0 -9999 -9999
1957 11 17 18   -72   -78 -9999     0     0     0 -9999 -9999
1957 11 17 21   -89   -89 -9999     0     0     0 -9999 -9999
1957 11 18 09   111  -128 -9999   140    21     2 -9999 -9999
1957 11 18 12    11   -89 -9999   320    10     6 -9999 -9999
1957 11 18 15   -28   -72 -9999   360    10     1 -9999 -9999
1957 11 18 18   -39   -72 -9999    90    10     1 -9999 -9999
1957 11 18 21   -72   -89 -9999     0     0     0 -9999 -9999
1957 11 19 00  -100  -100 -9999     0     0     2 -9999 -9999
1957 11 19 03     0  -111 -9999 -9999    10     1 -9999 -9999
1957 11 19 06    61  -111 -9999   250    21     1 -9999 -9999
1957 11 19 09   100  -100 -9999     0     0     1 -9999 -9999
1957 11 19 15   -50   -61 -9999     0     0     1 -9999 -9999
1957 11 19 18   -61   -72 -9999     0     0     2 -9999 -9999
1957 11 20 00   -78   -78 -9999     0     0     1 -9999 -9999
1957 11 20 03   -11  -100 -9999     0     0     1 -9999 -9999
1957 11 20 06    72   -78 -9999   110    10     2 -9999 -9999
1957 11 20 09   100   -89 -9999    90    10     5 -9999 -9999
1957 11 20 12    50   -72 -9999   140    31     3 -9999 -9999
1957 11 20 15   -22   -72 -9999   140    31     1 -9999 -9999
1957 11 20 18   -39   -72 -9999     0     0     0 -9999 -9999
1957 11 20 21   -78   -78 -9999   270    21     0 -9999 -9999
1957 11 21 00   -89   -89 -9999     0     0     0 -9999 -9999
1957 11 21 06    72   -61 -9999    90    10     1 -9999 -9999
1957 11 21 09   139  -100 -9999     0     0     1 -9999 -9999
1957 11 21 12     0  -100 -9999     0     0     0 -9999 -9999
1957 11 21 15   -50   -89 -9999     0     0     1 -9999 -9999
1957 11 22 00   -89   -89 -9999     0     0     6 -9999 -9999
1957 11 22 03   -22   -89 -9999   140    21     7 -9999 -9999
1957 11 22 06    50  -100 -9999   180    10     7 -9999 -9999
1957 11 22 12    39   -89 -9999    90    51     8 -9999 -9999
1957 11 22 15   -22   -22 -9999   180    10     8 -9999 -9999
1957 11 22 18   -28   -39 -9999    40    10     4 -9999 -9999
1957 11 23 00   -39   -50 -9999     0     0     8 -9999 -9999
1957 11 23 06    22   -28 -9999     0     0     1 -9999 -9999
1957 11 23 09    61   -72 -9999     0     0     2 -9999 -9999
1957 11 23 12 -9999 -9999 -9999   360    21     1 -9999 -9999
1957 11 23 15   -50   -61 -9999     0     0     0 -9999 -9999
1957 11 23 21   -78   -78 -9999     0     0     1 -9999 -9999
1957 11 24 00   -89   -89 -9999     0     0     1 -9999 -9999
1957 11 24 03   -22   -78 -9999   160    10     0 -9999 -9999
1957 11 24 06    50   -78 -9999   140    10     2 -9999 -9999
1957 11 24 09    50   -39 -9999     0     0     7 -9999 -9999
1957 11 24 15   -11   -39 -9999   270    21     8 -9999 -9999
1957 11 24 18   -28   -61 -9999   270    21     3 -9999 -9999
1957 11 24 21   -61   -61 -9999   140    21     3 -9999 -9999
1957 11 25 00   -72   -78 -9999   290    21     1 -9999 -9999
1957 11 25 03     0   -72 -9999   180    10     0 -9999 -9999
1957 11 25 06    89  -111 -9999   270    51     1 -9999 -9999
1957 11 25 12    11  -100 -9999   360    10     7 -9999 -9999
1957 11 25 18   -61   -72 -9999     0     0     2 -9999 -9999
1957 11 26 03     0   -89 -9999     0     0     0 -9999 -9999
1957 11 26 06    78  -111 -9999   180    31     7 -9999 -9999
1957 11 26 09    78  -100 -9999   220    31     7 -9999 -9999
1957 11 26 12    11   -72 -9999   270    21     7 -9999 -9999
1957 11 26 15   -11   -78 -9999   340    10     2 -9999 -9999
1957 11 26 18   -39   -61 -9999     0     0     3 -9999 -9999
1957 11 26 21   -39   -61 -9999     0     0     7 -9999 -9999
1957 11 27 00   -28   -61 -9999   250    10     7 -9999 -9999
1957 11 27 03    11   -89 -9999   320    21     7 -9999 -9999
1957 11 27 06    78   -78 -9999   270    10     6 -9999 -9999
1957 11 27 12   -11   -72 -9999   250    10     7 -9999 -9999
1957 11 27 15   -22   -39 -9999     0     0     7 -9999 -9999
1957 11 27 18   -50   -72 -9999     0     0     8 -9999 -9999
1957 11 27 21   -50   -50 -9999     0     0     7 -9999 -9999
1957 11 28 00   -72   -72 -9999   270    10     7 -9999 -9999
1957 11 28 03   -11   -72 -9999   220    10     3 -9999 -9999
1957 11 28 06    22  -100 -9999   220    10     7 -9999 -9999
1957 11 28 12   -11   -50 -9999     0     0     7 -9999 -9999
1957 11 28 15   -50   -78 -9999   270    21     5 -9999 -9999
1957 11 28 18   -61   -89 -9999   140    21     3 -9999 -9999
1957 11 28 21   -78   -89 -9999     0     0     2 -9999 -9999
1957 11 29 00   -89  -100 -9999     0     0     3 -9999 -9999
1957 11 29 03   -28   -89 -9999   200    10     6 -9999 -9999
1957 11 29 06    28   -61 -9999   270    10     1 -9999 -9999
1957 11 29 09    39   -61 -9999   340    10     7 -9999 -9999
1957 11 29 12   -22  -111 -9999   270    31     7 -9999 -9999
1957 11 29 15   -28   -89 -9999     0     0     7 -9999 -9999
1957 11 29 18   -28   -50 -9999     0     0     7 -9999 -9999
1957 11 29 21   -28  -100 -9999   360    21     8 -9999 -9999
1957 11 30 00   -61   -89 -9999   320    31     8 -9999    20
1957 11 30 03   -39   -89 -9999     0     0     7 -9999 -9999
1957 11 30 06   -22  -111 -9999   140    10     7 -9999    10
1957 11 30 09   -11  -100 -9999    90    21     7 -9999 -9999
1957 11 30 12   -28   -89 -9999   140    21     8 -9999 -9999
1957 11 30 15   -28   -89 -9999     0     0     8 -9999 -9999
1957 11 30 18   -39   -72 -9999   270    41     8 -9999     6
1957 11 30 21   -50   -61 -9999   270    51     8 -9999 -9999
1957 12 01 00   -61   -78 -9999   270    10     8 -9999    20
1957 12 01 06   -22  -100 -9999   140    21     7 -9999     6
1957 12 01 12   -72   -78 -9999     0     0     1 -9999     6
1957 12 01 15   -89  -111 -9999     0     0     2 -9999 -9999
1957 12 01 18  -122  -122 -9999     0     0     1 -9999 -9999
1957 12 01 21  -128  -128 -9999   140    10     0 -9999 -9999
1957 12 02 00  -150  -150 -9999     0     0     1 -9999 -9999
1957 12 02 03  -100  -139 -9999   140    31 -9999 -9999 -9999
1957 12 02 06   -50  -128 -9999   160    21     7 -9999 -9999
1957 12 02 09   -22   -78 -9999    90    41     8 -9999 -9999
1957 12 02 12   -61   -89 -9999     0     0     1 -9999 -9999
1957 12 02 15   -61  -100 -9999     0     0     7 -9999 -9999
1957 12 02 18   -39  -111 -9999     0     0     7 -9999 -9999
1957 12 02 21   -89  -111 -9999     0     0     3 -9999 -9999
1957 12 03 00  -122  -122 -9999     0     0     1 -9999 -9999
1957 12 03 03   -72  -111 -9999   180    21     1 -9999 -9999
1957 12 03 09    28  -128 -9999   270    62     3 -9999 -9999
1957 12 03 12   -11  -100 -9999   360    51     7 -9999 -9999
1957 12 03 15   -50  -100 -9999   320    10     1 -9999 -9999
1957 12 03 18  -100  -111 -9999     0     0     0 -9999 -9999
1957 12 03 21 -9999  -111 -9999     0     0     0 -9999 -9999
1957 12 04 00  -128  -128 -9999     0     0     0 -9999 -9999
1957 12 04 03   -72  -122 -9999     0     0     0 -9999 -9999
1957 12 04 06     0  -100 -9999   180    10     0 -9999 -9999
1957 12 04 12   -39   -89 -9999     0     0     7 -9999 -9999
1957 12 04 15   -11   -61 -9999   280    41     7 -9999 -9999
1957 12 05 00   -50   -61 -9999   320    10     7 -9999     6
1957 12 05 03   -11   -39 -9999   220    10     6 -9999 -9999
1957 12 05 06    28   -50 -9999   180    21     3 -9999 -9999
1957 12 05 09    61   -61 -9999   140    10     7 -9999 -9999
1957 12 05 12   -22   -89 -9999   320    21     1 -9999 -9999
1957 12 05 15   -61   -89 -9999     0     0     6 -9999 -9999
1957 12 05 18   -72   -89 -9999     0     0     2 -9999 -9999
1957 12 05 21   -72  -111 -9999     0     0     1 -9999 -9999
1957 12 06 00  -100  -122 -9999     0     0     1 -9999 -9999
1957 12 06 03   -50  -100 -9999     0     0     5 -9999 -9999
1957 12 06 06    39   -78 -9999     0     0     7 -9999 -9999
1957 12 06 09    50   -61 -9999     0     0     7 -9999 -9999
1957 12 06 12    11   -78 -9999   360    21     8 -9999 -9999
1957 12 06 15   -22   -22 -9999    40    21     8 -9999 -9999
1957 12 06 18   -39   -39 -9999     0     0     8 -9999    20
1957 12 06 21   -39   -39 -9999   140    21     8 -9999 -9999
1957 12 07 00   -50   -61 -9999    40    10     6 -9999     6
1957 12 07 03   -22   -61 -9999     0     0     7 -9999 -9999
1957 12 07 06   -11   -50 -9999   160    31     7 -9999 -9999
1957 12 07 12   -28  -139 -9999   320    31     1 -9999 -9999
1957 12 07 15   -78  -111 -9999     0     0     0 -9999 -9999
1957 12 07 18  -111  -128 -9999     0     0     1 -9999 -9999
1957 12 07 21  -122  -128 -9999     0     0     1 -9999 -9999
1957 12 08 00  -128  -139 -9999     0     0     0 -9999 -9999
1957 12 08 03   -72  -128 -9999   180    21     0 -9999 -9999
1957 12 08 06    11  -111 -9999   180    21     1 -9999 -9999
1957 12 08 09    50   -89 -9999   140    31     2 -9999 -9999
1957 12 08 12   -28   -89 -9999   320    21     6 -9999 -9999
1957 12 08 15   -61  -100 -9999     0     0     2 -9999 -9999
1957 12 08 18   -89  -128 -9999     0     0     2 -9999 -9999
1957 12 09 00  -111  -122 -9999     0     0     1 -9999 -9999
1957 12 09 06    50  -150 -9999   270    62     1 -9999 -9999
1957 12 09 09    50  -139 -9999   250    31     1 -9999 -9999
1957 12 09 12   -39  -178 -9999   320    21     0 -9999 -9999
1957 12 09 15  -100 -9999 -9999     0     0     0 -9999 -9999
1957 12 09 18  -111  -139 -9999     0     0     0 -9999 -9999
1957 12 10 00  -139  -161 -9999     0     0     2 -9999 -9999
1957 12 10 03   -61  -161 -9999   140    10     7 -9999 -9999
1957 12 10 06     0  -150 -9999   200    10     1 -9999 -9999
1957 12 10 12    11  -111 -9999   320    62     6 -9999 -9999
1957 12 10 15   -39   -89 -9999     0     0     6 -9999 -9999
1957 12 10 18   -39   -72 -9999   340    21     8 -9999 -9999
1957 12 10 21   -61   -89 -9999   320    10     7 -9999 -9999
1957 12 11 00  -100  -111 -9999     0     0     6 -9999 -9999
1957 12 11 03   -28   -89 -9999   140    21     2 -9999 -9999
1957 12 11 06    11  -161 -9999   290    72     7 -9999 -9999
1957 12 11 09   -11  -161 -9999   250    62     7 -9999 -9999
1957 12 11 12   -78  -128 -9999     0     0     1 -9999     6
1957 12 11 18  -139  -150 -9999     0     0     0 -9999 -9999
1957 12 11 21  -150  -161 -9999     0     0     1 -9999 -9999
1957 12 12 03   -78  -161 -9999     0     0     6 -9999 -9999
1957 12 12 06   -11  -139 -9999   220    10     2 -9999 -9999
1957 12 12 09    39   -61 -9999   220    10     2 -9999 -9999
1957 12 12 12   -28  -128 -9999     0     0     2 -9999 -9999
1957 12 12 15   -72  -111 -9999     0     0     2 -9999 -9999
1957 12 12 18   -78  -111 -9999     0     0     1 -9999 -9999
1957 12 12 21   -72  -128 -9999    20    10     7 -9999 -9999
1957 12 13 00   -61  -122 -9999   340    51     8 -9999     6
1957 12 13 03   -39  -139 -9999   360    51     5 -9999 -9999
1957 12 13 06   -28  -139 -9999    40    21     7 -9999     6
1957 12 13 12   -72 -9999 -9999   360    31     7 -9999     6
1957 12 13 15   -78  -122 -9999   270    21     7 -9999 -9999
1957 12 13 21  -139  -161 -9999   270    10     1 -9999 -9999
1957 12 14 00  -161  -172 -9999     0     0     1 -9999     6
1957 12 14 03   -78  -150 -9999    90    21     1 -9999 -9999
1957 12 14 06   -22  -200 -9999   200    51     1 -9999 -9999
1957 12 14 09   -11  -228 -9999   290    51     0 -9999 -9999
1957 12 14 12  -100  -200 -9999     0     0     0 -9999 -9999
1957 12 14 15  -128  -172 -9999     0     0     0 -9999 -9999
1957 12 14 18  -161  -189 -9999     0     0     0 -9999 -9999
1957 12 15 00  -189  -200 -9999     0     0     0 -9999 -9999
1957 12 15 03  -111  -150 -9999     0     0     0 -9999 -9999
1957 12 15 06   -11  -172 -9999   140    10     1 -9999 -9999
1957 12 15 09    22  -189 -9999   270    62     1 -9999 -9999
1957 12 15 12   -72  -116 -9999     0     0     0 -9999 -9999
1957 12 15 15  -100  -172 -9999     0     0     0 -9999 -9999
1957 12 15 18  -139  -172 -9999     0     0     0 -9999 -9999
1957 12 15 21  -161  -178 -9999     0     0     0 -9999 -9999
1957 12 16 00  -172  -178 -9999     0     0     1 -9999 -9999
1957 12 16 03   -89  -178 -9999     0     0     1 -9999 -9999
1957 12 16 12   -72  -250 -9999   270    41     0 -9999 -9999
1957 12 16 15   -89 -9999 -9999   340 -9999     0 -9999 -9999
1957 12 16 18  -139  -250 -9999   250    21     0 -9999 -9999
1957 12 17 00  -189  -211 -9999     0     0     1 -9999 -9999
1957 12 17 03  -122  -172 -9999    90    10     7 -9999 -9999
1957 12 17 06   -28  -211 -9999   220    21     1 -9999 -9999
1957 12 17 12   -89  -211 -9999   290    10     1 -9999 -9999
1957 12 17 15  -128  -172 -9999     0     0     1 -9999 -9999
1957 12 17 18  -139  -161 -9999     0     0     1 -9999 -9999
1957 12 17 21  -111  -139 -9999   180    21     8 -9999 -9999
1957 12 18 00  -111  -128 -9999     0     0     8 -9999 -9999
1957 12 18 03   -72  -161 -9999     0     0     7 -9999 -9999
1957 12 18 09    22  -200 -9999   360    72     7 -9999 -9999
1957 12 18 15  -111  -189 -9999   320    10     0 -9999 -9999
1957 12 18 18  -128  -178 -9999   340    10     0 -9999 -9999
1957 12 19 00  -178  -189 -9999     0     0     0 -9999 -9999
1957 12 19 03   -89  -172 -9999     0     0     0 -9999 -9999
1957 12 19 12   -61  -200 -9999     0     0     1 -9999 -9999
1957 12 19 15  -122  -172 -9999     0     0     0 -9999 -9999
1957 12 19 18  -150  -189 -9999     0     0     0 -9999 -9999
1957 12 20 00  -178  -189 -9999     0     0     0 -9999 -9999
1957 12 20 03   -89  -189 -9999   180    10     0 -9999 -9999
1957 12 20 06     0  -189 -9999   180    10     1 -9999 -9999
1957 12 20 09    28  -161 -9999   320    10     7 -9999 -9999
1957 12 20 12     0  -211 -9999   320    31     3 -9999 -9999
1957 12 20 15   -61  -161 -9999   250    10     3 -9999 -9999
1957 12 20 18   -78  -161 -9999   340    21     2 -9999 -9999
1957 12 20 21  -139  -178 -9999   360    21     1 -9999 -9999
1957 12 21 00  -161  -172 -9999     0     0     0 -9999 -9999
1957 12 21 03   -39  -189 -9999    70    21     1 -9999 -9999
1957 12 21 06    11  -200 -9999   270    82     1 -9999 -9999
1957 12 21 09    11  -228 -9999   270    62     1 -9999 -9999
1957 12 21 12   -72  -172 -9999   320    21     0 -9999 -9999
1957 12 21 15  -150  -228 -9999     0     0     0 -9999 -9999
1957 12 21 18  -161  -189 -9999     0     0     0 -9999 -9999
1957 12 22 00  -200  -211 -9999     0     0     0 -9999 -9999
1957 12 22 03  -111  -150 -9999    90    10     0 -9999 -9999
1957 12 22 06   -28  -211 -9999   140    31     0 -9999 -9999
1957 12 22 12   -61  -228 -9999   150    21     0 -9999 -9999
1957 12 22 15  -139  -211 -9999     0     0     0 -9999 -9999
1957 12 22 18  -161  -189 -9999     0     0     0 -9999 -9999
1957 12 22 21 -9999 -9999 -9999     0     0     0 -9999 -9999
1957 12 23 00  -189  -200 -9999     0     0     1 -9999 -9999
1957 12 23 03   -89  -200 -9999   160    10     7 -9999 -9999
1957 12 23 06   -28  -222 -9999     0     0     7 -9999 -9999
1957 12 23 09    50  -139 -9999   160    10     6 -9999 -9999
1957 12 23 12   -11  -122 -9999   290    10     1 -9999 -9999
1957 12 23 15   -50  -128 -9999     0     0     6 -9999 -9999
1957 12 23 18   -78  -139 -9999   320    10     2 -9999 -9999
1957 12 23 21  -128  -139 -9999     0     0     0 -9999 -9999
1957 12 24 00  -128  -128 -9999     0     0 -9999 -9999 -9999
1957 12 24 03   -39  -139 -9999     0     0     5 -9999 -9999
1957 12 24 06    28  -128 -9999   110    10     1 -9999 -9999
1957 12 24 09    39  -122 -9999     0     0     7 -9999 -9999
1957 12 24 15   -22  -128 -9999   360    21     7 -9999 -9999
1957 12 24 21  -100  -139 -9999     0     0     1 -9999 -9999
1957 12 25 00  -122  -128 -9999     0     0     1 -9999 -9999
1957 12 25 03   -39  -122 -9999     0     0     5 -9999 -9999
1957 12 25 06    28   -50 -9999   140    10     2 -9999 -9999
1957 12 25 12   -11   -72 -9999     0     0     2 -9999 -9999
1957 12 25 15    11   -72 -9999     0     0     1 -9999 -9999
1957 12 25 18  -100  -122 -9999     0     0     0 -9999 -9999
1957 12 25 21  -122  -128 -9999     0     0     0 -9999 -9999
1957 12 26 00  -139  -139 -9999     0     0     2 -9999 -9999
1957 12 26 03   -61  -122 -9999     0     0     0 -9999 -9999
1957 12 26 06    22  -122 -9999   200    31     0 -9999 -9999
1957 12 26 09    39   -89 -9999     0     0     7 -9999 -9999
1957 12 26 12   -11  -122 -9999    20    31     7 -9999 -9999
1957 12 26 15   -39  -128 -9999     0     0     8 -9999 -9999
1957 12 26 18   -72  -122 -9999     0     0     8 -9999 -9999
1957 12 27 00  -100  -111 -9999     0     0     8 -9999 -9999
1957 12 27 06    28  -161 -9999   140    10     2 -9999 -9999
1957 12 27 09    50  -172 -9999   290    51     7 -9999 -9999
1957 12 27 12   -28  -222 -9999   290    31     2 -9999 -9999
1957 12 27 15   -61  -178 -9999     0     0     7 -9999 -9999
1957 12 27 18   -72  -150 -9999     0     0     7 -9999 -9999
1957 12 28 00   -89  -139 -9999   140    21     7 -9999 -9999
1957 12 28 03   -50  -172 -9999   140    31     7 -9999 -9999
1957 12 28 06    22  -139 -9999   140    31     7 -9999 -9999
1957 12 28 12   -11  -111 -9999   360    21     8 -9999 -9999
1957 12 28 15   -39  -111 -9999 -9999 -9999     8 -9999 -9999
1957 12 28 18   -61  -111 -9999     0     0     5 -9999 -9999
1957 12 29 00  -111  -128 -9999     0     0     7 -9999 -9999
1957 12 29 03   -39  -139 -9999   140    10     7 -9999 -9999
1957 12 29 06    39  -122 -9999   270    98     6 -9999 -9999
1957 12 29 09    39  -189 -9999   270    72     6 -9999 -9999
1957 12 29 15   -72  -161 -9999     0     0     7 -9999 -9999
1957 12 29 18  -100  -161 -9999     0     0     1 -9999 -9999
1957 12 29 21  -100  -128 -9999     0     0     3 -9999 -9999
1957 12 30 00  -122  -150 -9999     0     0     7 -9999 -9999
1957 12 30 03   -61  -161 -9999     0     0     8 -9999 -9999
1957 12 30 06     0  -189 -9999    90    10     7 -9999 -9999
1957 12 30 09    22  -150 -9999   140    10     7 -9999 -9999
1957 12 30 12   -61  -189 -9999     0     0     1 -9999 -9999
1957 12 30 15   -89  -172 -9999     0     0     7 -9999 -9999
1957 12 30 18  -122  -172 -9999   270    10     0 -9999 -9999
1957 12 31 00  -150  -161 -9999     0     0     1 -9999 -9999
1957 12 31 03   -72  -139 -9999     0     0     0 -9999 -9999
1957 12 31 06    22  -139 -9999    70    10     7 -9999 -9999
1957 12 31 15   -50  -178 -9999   360    21     7 -9999 -9999
1957 12 31 18   -78  -128 -9999     0     0     7 -9999 -9999
