1973 01 01 00   -60  -130 -9999    90    30     8 -9999 -9999
1973 01 01 06   -10  -140 -9999   110    60     6 -9999 -9999
1973 01 02 00  -190  -240 -9999     0     0     0 -9999 -9999
1973 01 02 21  -130  -170 -9999     0     0     7 -9999 -9999
1973 01 03 00  -140  -170 -9999   180    40     7 -9999 -9999
1973 01 03 06   -30  -150 -9999     0     0     8 -9999 -9999
1973 01 03 21   -70  -110 -9999   120    10     8 -9999 -9999
1973 01 04 00   -90  -130 -9999   270    10     7 -9999 -9999
1973 01 04 03     0  -130 -9999     0     0     7 -9999 -9999
1973 01 04 21 -9999 -9999 -9999    10    20     8 -9999 -9999
1973 01 05 06    30  -100 -9999     0     0     2 -9999 -9999
1973 01 06 00  -190  -280 -9999     0     0     1 -9999 -9999
1973 01 06 06     0  -210 -9999     0     0     8 -9999 -9999
1973 01 07 21  -140  -170 -9999     0     0     0 -9999 -9999
1973 01 08 00  -160  -170 -9999     0     0     1 -9999 -9999
1973 01 08 21  -140  -190 -9999     0     0     1 -9999 -9999
1973 01 09 06    10  -270 -9999     0     0     7 -9999 -9999
1973 01 09 12    10  -100 -9999     0     0     7 -9999 -9999
1973 01 26 18   -20   -80 -9999     0     0     0 -9999 -9999
1973 03 14 09   260    20 -9999   140    30     0 -9999 -9999
1973 03 27 15   110    70 -9999     0     0     0 -9999 -9999
1973 04 14 06   230   -40 -9999   360    20     2 -9999 -9999
1973 05 15 00   240   240 -9999     0     0     7 -9999 -9999
1973 05 25 06   240   -10 -9999   320    20     6 -9999 -9999
