1987 01 02 12    28  -150 -9999     0     0     0 -9999     0
1987 02 07 18   -36 -9999 -9999     0     0     1 -9999     0
1987 04 29 12   156   -45 -9999     0     0     2 -9999     0
1987 06 17 12   298   259 10055     0     0     7 -9999    -1
1987 06 27 18 -9999 -9999 -9999     0     0     8 -9999 -9999
1987 08 17 12   172    93 -9999     0     0     7 -9999     0
1987 08 18 18   103   102 -9999   320    30     8 -9999    20
1987 09 02 18   128   126 -9999     0     0     8 -9999   100
1987 09 06 21   138   131 -9999    90    10     7 -9999 -9999
1987 09 08 12   131    58 -9999   320    40     1 -9999    -1
1987 09 20 06   192    23 -9999   320    30     1 -9999     0
1987 09 22 06   195    78 -9999   190    40     7 -9999     0
1987 09 25 18    40    24 -9999 -9999 -9999     8 -9999    90
1987 10 02 09   244   235 10110   160   170     8 -9999 -9999
1987 10 20 18   155   114 -9999     0     0     1 -9999     0
1987 10 23 18   -22   -33 -9999     0     0     8 -9999    -1
1987 10 27 09   176   -21 -9999   290    20     7 -9999 -9999
1987 11 04 00   -48   -84 -9999     0     0     6 -9999     0
1987 11 13 06   207    69 -9999   160    50     7 -9999     0
1987 11 19 12    58   -44 -9999    90    20     0 -9999     0
