1959 12 04 00   -89  -128 -9999     0     0     7 -9999 -9999
1959 12 09 12     0  -150 -9999   270    41     7 -9999 -9999
1959 12 10 12    28  -178 -9999     0     0     1 -9999 -9999
1959 12 11 12    28  -272 -9999   340    31     1 -9999 -9999
1959 12 12 12    50  -211 -9999   320    10     7 -9999 -9999
1959 12 13 03   -28  -178 -9999     0     0     1 -9999 -9999
1959 12 14 03   -39  -211 -9999     0     0     0 -9999 -9999
1959 12 14 12   -22  -228 -9999     0     0     0 -9999 -9999
1959 12 15 03   -61  -189 -9999     0     0     3 -9999 -9999
1959 12 15 12 -9999 -9999 -9999    90    21     0 -9999 -9999
1959 12 17 03   -61  -200 -9999     0     0     0 -9999 -9999
1959 12 18 12    78  -161 -9999   270    10     8 -9999 -9999
1959 12 19 03     0  -128 -9999     0     0     0 -9999 -9999
1959 12 19 12   -50 -9999 -9999   290    31     0 -9999 -9999
1959 12 20 03   -11  -128 -9999     0     0     0 -9999 -9999
1959 12 20 12   -72  -222 -9999     0     0     0 -9999 -9999
1959 12 21 03   -50  -100 -9999     0     0     1 -9999 -9999
1959 12 21 12    50  -161 -9999   340    31     2 -9999 -9999
1959 12 22 03   -39  -250 -9999     0     0     0 -9999 -9999
1959 12 22 12   -22  -250 -9999     0     0     0 -9999 -9999
1959 12 23 03   -72  -161 -9999   220    10     1 -9999 -9999
1959 12 23 12     0  -228 -9999     0     0     7 -9999 -9999
1959 12 24 03   -78  -172 -9999     0     0     6 -9999 -9999
1959 12 25 03   -89  -161 -9999     0     0     1 -9999 -9999
1959 12 25 12   -89  -250 -9999   250    10     1 -9999 -9999
1959 12 26 03    28  -161 -9999     0     0     7 -9999 -9999
1959 12 26 12   -72  -211 -9999   290    31     1 -9999 -9999
1959 12 27 03  -100  -161 -9999     0     0     1 -9999 -9999
1959 12 28 03   -61  -222 -9999     0     0     0 -9999 -9999
1959 12 28 12   -28  -200 -9999     0     0     5 -9999 -9999
1959 12 29 12   -72  -172 -9999   340    41     8 -9999 -9999
1959 12 30 12  -128  -222 -9999   320    21     0 -9999 -9999
1959 12 31 03  -189  -222 -9999   140    21     1 -9999 -9999
1959 12 31 12  -122  -228 -9999     0     0     0 -9999 -9999
