1974 04 21 09   230   120 -9999    80    31     8 -9999 -9999
1974 04 28 09   240    60 -9999   220     5     8 -9999 -9999
1974 05 02 06   230   150 -9999    80    10     8 -9999 -9999
1974 05 04 00   230   200 -9999     0     0     8 -9999 -9999
1974 05 05 09   180   150 -9999    80    41     8 -9999 -9999
1974 05 14 21   180   180 -9999     0     0     8 -9999 -9999
1974 05 16 09   290   210 -9999   280    10     8 -9999 -9999
1974 05 17 00   220   210 -9999     0     0     8 -9999 -9999
1974 05 19 06   330   200 -9999   200    15     8 -9999 -9999
1974 05 19 09   320   200 -9999   250    15     8 -9999 -9999
1974 05 21 21 -9999 -9999 -9999     0     0     3 -9999 -9999
1974 05 24 00   220   180 -9999    80     5     8 -9999 -9999
1974 05 26 09   300   220 -9999     0     0     5 -9999 -9999
1974 05 28 21   190   180 -9999     0     0     8 -9999 -9999
1974 05 30 06   290   230 -9999    80    10     8 -9999     0
1974 05 30 09   310   230 -9999     0     0     6 -9999 -9999
1974 06 01 00   290   170 -9999     0     0     7 -9999 -9999
1974 06 02 06   410   180 -9999 -9999 -9999     6 -9999 -9999
1974 06 02 09   310   190 -9999   200     5     8 -9999 -9999
1974 06 04 21   180   150 -9999   220    10     5 -9999 -9999
1974 06 06 06   280   180 -9999    80     5     8 -9999 -9999
1974 06 06 09   290   180 -9999    80    10     8 -9999 -9999
1974 06 07 00   200   180 -9999     0     0     5 -9999 -9999
1974 06 09 09   320   250 -9999   110    15     6 -9999 -9999
1974 06 13 06   290   240 -9999    80     5     7 -9999 -9999
1974 06 15 18 -9999 -9999 -9999   320    36     8 -9999 -9999
1974 06 17 09   200   200 -9999   280    10     8 -9999 -9999
1974 06 25 09   200   200 -9999     0     0     8 -9999 -9999
1974 06 26 00   210   210 -9999     0     0     7 -9999    20
1974 07 02 06   280   240 -9999   200    10     8 -9999    30
1974 07 02 09   280   240 -9999   110     5     8 -9999 -9999
1974 07 03 00   250   230 -9999     0     0     8 -9999 -9999
1974 07 08 06   280   240 -9999   220    10     8 -9999     0
1974 07 10 21   240   230 -9999   200     5     8 -9999 -9999
1974 07 21 00   240   230 -9999   110     5     2 -9999 -9999
1974 07 22 06   250   230 -9999   200    15     4 -9999 -9999
1974 08 25 09   280   210 -9999    80    10     8 -9999 -9999
1974 08 28 21   180   160 -9999     0     0     1 -9999 -9999
1974 08 31 06   220   190 -9999   280    15     8 -9999 -9999
1974 09 04 21   220   200 -9999     0     0     6 -9999 -9999
1974 09 09 06   200   150 -9999   110    10     0 -9999 -9999
