1981 01 01 21    20   -40 10378 -9999 -9999     0 -9999 -9999
1981 01 09 09    80    70 10228     0     0     7 -9999 -9999
1981 01 10 06    90    20 10272    70    10     6 -9999    -1
1981 01 10 09   100    30 10275   250    20     4 -9999 -9999
1981 01 13 00   -30   -30 10321    40    10     9 -9999     0
1981 01 15 09   150 -9999 10321    20    50     0 -9999 -9999
1981 01 18 09   160    50 10195     0     0     0 -9999 -9999
1981 01 20 21    30    30 10212     0     0     9 -9999 -9999
1981 01 26 00    30     0 10356    70    40     7 -9999 -9999
1981 01 26 06    30   -10 10336    80    60     7 -9999    -1
1981 01 31 09    90    90 10223    40    10     7 -9999 -9999
1981 02 10 00    10     0 10287     0     0     1 -9999     0
1981 02 10 06   170   -10 10225   200    10     6 -9999     0
1981 02 15 00   110   100 10178     0     0     9 -9999    -1
1981 02 17 21    60    50 10216     0     0     7 -9999 -9999
1981 02 20 06   120    80 10212   110    10     8 -9999     0
1981 02 21 06   100    60 10191    60    20     7 -9999     0
1981 02 21 09   100    80 10183    80    20     7 -9999 -9999
1981 02 23 09   230   170 10090   220    10     7 -9999 -9999
1981 02 25 06    50   -20 10294   220    20     8 -9999    -1
1981 03 13 06   240   190 10160     0     0     2 -9999    80
1981 03 15 09   160    60 10227    80    30     7 -9999 -9999
1981 03 23 09   140   140 10100     0     0     7 -9999 -9999
1981 03 24 00   160   150 10089    40    10     7 -9999    -1
1981 03 24 06   240   170 10035   250    30     7 -9999     0
1981 03 25 09   200   120 10145 -9999 -9999     4 -9999 -9999
1981 03 27 21   160   150 10152     0     0     8 -9999 -9999
1981 04 07 00   130   100 10171    90    40     7 -9999    20
1981 04 09 00   280   250 10260     0     0     8 -9999 -9999
1981 04 10 06   180   180 10136     0     0     8 -9999    20
1981 04 12 09   240   190 10105   220    10     7 -9999 -9999
1981 04 14 21   150   140 10135     0     0     7 -9999 -9999
1981 04 20 06   210    50 10173    80    20     7 -9999     0
1981 04 20 09   220    60 10154    80    10     7 -9999 -9999
1981 04 25 09   200    90 10196    40    30     7 -9999 -9999
1981 04 28 21   190   190 10106     0     0     7 -9999 -9999
1981 05 05 00   140   110 10194     0     0     7 -9999    -1
1981 05 07 06   210   130 10083   200    30     0 -9999     0
1981 05 07 09   220   150 10066   220    20     1 -9999 -9999
1981 05 08 21   170   160 10086   220    10     1 -9999 -9999
1981 05 10 00   230   200 10081    80    10     8 -9999    -1
1981 05 10 09   240   210 10057   270    30     7 -9999 -9999
1981 05 10 21   210   200 10071     0     0     8 -9999 -9999
1981 05 16 09   220   120 10087    20    30     6 -9999 -9999
1981 05 17 09   260   120 10099    70    30     2 -9999 -9999
1981 05 18 09   300   120 10109   250    10     7 -9999 -9999
1981 05 21 09   190   150 10141    20    20     8 -9999 -9999
1981 05 27 09   240   230 10032 -9999 -9999     8 -9999 -9999
1981 05 29 21   380   160 10008    80    10     8 -9999 -9999
1981 06 05 06   230   190 10102    80    40     8 -9999    -1
1981 06 06 06   260   200 10094    40    20     7 -9999     0
1981 06 06 09   260   220 10089    40    30     7 -9999 -9999
1981 06 07 09   270   160 10101    70    50     1 -9999 -9999
1981 06 09 21   190   170 10083     0     0     6 -9999 -9999
1981 06 10 09   230   230 10015 -9999 -9999     6 -9999 -9999
1981 06 15 09   260   210 10052    70    30     6 -9999 -9999
1981 06 17 03   320   220 10078     0     0     2 -9999 -9999
1981 06 22 21   230   230 10084     0     0     7 -9999 -9999
1981 06 27 06   330   210 10039   220    60     7 -9999     0
1981 06 27 09   330   220 10030   220    50     7 -9999 -9999
1981 06 30 00   250   240 10081   360    10     7 -9999     3
1981 07 01 18 -9999 -9999 10023   230    20     7 -9999 -9999
1981 07 03 00   250   240 10125   320    10     6 -9999 -9999
1981 07 05 00   240   230 10123     0     0     7 -9999 -9999
1981 07 05 09   330   240 10086    70    30     6 -9999 -9999
1981 07 07 21   250   240 10086   340    10     7 -9999 -9999
1981 07 10 00   270   240 10065     0     0     8 -9999 -9999
1981 07 10 21   240   240 10038     0     0     7 -9999 -9999
1981 07 14 00   240   220 10107     0     0     7 -9999 -9999
1981 07 18 09   320   220 10052    20    40     3 -9999 -9999
1981 07 22 12   270 -9999 10038   320    20     8 -9999 -9999
1981 07 28 00   280   250 10061     0     0     7 -9999 -9999
1981 07 31 00 -9999 -9999 10048     0     0     8 -9999 -9999
1981 07 31 06   320   230 10006    80    40     6 -9999     0
1981 08 02 06   310   230 10085    40    40     4 -9999     0
1981 08 02 09 -9999 -9999 -9999 -9999 -9999     2 -9999 -9999
1981 08 04 21   240   230 10017   340    10     2 -9999 -9999
1981 08 08 09   330   270 10005   320    10     7 -9999 -9999
1981 08 09 06   360 -9999  9993    40    10     4 -9999     0
1981 08 10 09   340   260 10015   270    20     7 -9999 -9999
1981 08 14 21   260   250 10037     0     0     6 -9999 -9999
1981 08 17 21   250   240 10042   320    10     5 -9999 -9999
1981 08 24 06   350   240  9995   250    30     5 -9999    10
1981 08 25 00   270   250 10036    40    20     7 -9999 -9999
1981 08 29 09   330   250 10006    40    30     2 -9999 -9999
1981 08 30 06   320   250 10011    70    10     3 -9999     0
1981 08 30 09   310   240 10007    70    40     2 -9999 -9999
1981 09 07 09   300   220 10104   320    20     7 -9999 -9999
1981 09 10 09   230   210 10128    80    40     8 -9999 -9999
1981 09 11 21   210   190 10126    80    20     6 -9999 -9999
1981 09 13 09   190   170 10182 -9999 -9999     7 -9999 -9999
1981 09 17 00   210   180 10182    90    10     7 -9999 -9999
1981 09 19 09   260   200 10122    70    50     3 -9999 -9999
1981 09 27 09   300   220 10087   360    10     3 -9999 -9999
1981 10 11 09   160   140 10194    80    10     7 -9999 -9999
1981 10 12 12   330   200 10179     0     0     1 -9999 -9999
1981 10 17 06   220   210 10216     0     0     8 -9999    30
1981 10 20 00   200   160 10170    80    30     7 -9999 -9999
1981 10 21 22   190   180 10129     0     0     7 -9999 -9999
1981 10 22 09   160   110 10214 -9999 -9999     8 -9999 -9999
1981 10 25 06   210    30 10251    70    20     1 -9999     0
1981 10 25 09   190    40 10249    40    40     1 -9999 -9999
1981 10 27 09    40 -9999 10200     0     0     5 -9999 -9999
1981 10 27 21   150   140 10206     0     0     7 -9999 -9999
1981 10 28 09   190   130 10232    20    40     8 -9999 -9999
1981 10 31 09   200   150 10186    80    50     7 -9999 -9999
1981 11 04 09   140   110 10183    40    30     8 -9999 -9999
1981 11 06 09 -9999 -9999 10284    40    30     8 -9999 -9999
1981 11 17 00   110   100 10270    80    10     7 -9999 -9999
1981 11 21 09   140   110 10213    90    30     7 -9999 -9999
1981 11 30 09   130    50 10317    80    50     7 -9999 -9999
1981 12 12 09   140     0 10246    40    50     0 -9999 -9999
1981 12 18 06   100    60 10208    80    20     8 -9999     0
1981 12 20 00   -20   -30 10342    20    10     3 -9999     0
1981 12 20 06   120   -50 10386     0     0     1 -9999     0
1981 12 20 09    90   -10 10276   320    10     0 -9999 -9999
1981 12 20 18    50   -30 10391   280    20     0 -9999 -9999
1981 12 20 21   -20 -9999 10208     0     0     0 -9999 -9999
1981 12 22 21     0   -10 10267     0     0     0 -9999 -9999
1981 12 24 21   -10   -10 10268 -9999 -9999     9 -9999 -9999
1981 12 28 09   190   130 10137     0     0     2 -9999 -9999
1981 12 30 00 -9999 -9999 10236    90    20     8 -9999 -9999
1981 12 31 09    80    20 10260    80    50     6 -9999 -9999
