1980 07 06 06   330   240 -9999   220    15     7 -9999 -9999
1980 07 06 09   280   260 -9999   220    15     7 -9999 -9999
1980 07 15 21   230   230 -9999     0     0     5 -9999 -9999
1980 07 18 06   250   200 -9999   250    26     8 -9999 -9999
1980 07 20 00 -9999 -9999 -9999   160    10     7 -9999 -9999
1980 07 21 09   320   240 -9999    20    26     6 -9999 -9999
1980 07 29 06   320   230 -9999   220    26     8 -9999 -9999
1980 08 02 00   260   240 -9999     0     0     7 -9999 -9999
1980 08 03 00   260   230 -9999     0     0     7 -9999 -9999
1980 08 03 06   260   240 -9999    20     5     7 -9999 -9999
1980 08 03 09   260   230 -9999   220     5     7 -9999 -9999
1980 08 06 21   220   210 -9999     0     0     7 -9999 -9999
1980 08 12 00   240   230 -9999   270     5     7 -9999 -9999
1980 08 18 06   330   250 -9999   290     5     5 -9999 -9999
1980 08 18 09   230   210 -9999   360    10     7 -9999 -9999
1980 08 20 06   310   250 -9999   220    15     5 -9999 -9999
1980 08 21 09   250   240 -9999 -9999 -9999     8 -9999 -9999
1980 09 04 21   260   260 10102   260    10     8 -9999 -9999
1980 09 14 06   290   170 10106     0     0     0 -9999     0
1980 09 14 09   290   200 10096    70    10     0 -9999 -9999
1980 09 15 09   270   210 10125    20    20     2 -9999 -9999
1980 09 18 21   200   180 10102 -9999 -9999     8 -9999 -9999
1980 09 23 21   180   170 10217    80    20     7 -9999 -9999
1980 09 24 06   190   160 10208    80    50     8 -9999    -1
1980 09 24 09   190   160 10202    80    20     7 -9999 -9999
1980 09 25 06   210   180 10182    20    10     8 -9999    -1
1980 09 28 06   250   150 10146    70    50     5 -9999     0
1980 09 28 09   230   160 10143    70    20     4 -9999 -9999
1980 10 07 00   190   190 10172     0     0     9 -9999 -9999
1980 10 22 09   160   150 10195     0     0     8 -9999 -9999
1980 10 24 00   160   150 10142 -9999 -9999     7 -9999    20
1980 10 26 09   190    80 10215   340    20     0 -9999 -9999
1980 10 28 21    90    90 10231     0     0     9 -9999 -9999
1980 11 01 00   100   100 10240    70    10     9 -9999 -9999
1980 11 04 00    80    80 10237    20    10     9 -9999 -9999
1980 11 09 09   190   120 10226   320    10     2 -9999 -9999
1980 11 10 06   220   100 10222    70    10     1 -9999     0
1980 11 14 00    40    20 10292     0     0     2 -9999 -9999
1980 11 18 00   110   100 10245     0     0     9 -9999 -9999
1980 11 21 06   210   160 10184    80    20     7 -9999     0
1980 11 21 21   140   110 10206    20    10     1 -9999 -9999
1980 12 02 00   140   140 10219     0     0     4 -9999    70
1980 12 02 06   220   110 10190     0     0     4 -9999     0
1980 12 04 00   100 -9999 10239    20    20     6 -9999 -9999
1980 12 04 06   170    80 10198   200    10     8 -9999     0
1980 12 04 09   160   100 10189    20    10     8 -9999 -9999
1980 12 06 00   120   110 10198     0     0     8 -9999 -9999
1980 12 08 06   200    10 10170   110    10     1 -9999     0
1980 12 08 09   160    30 10195    40    30     2 -9999 -9999
1980 12 14 21    80 -9999 10258     0     0     8 -9999 -9999
1980 12 17 06   130    80 10224     0     0     8 -9999     0
1980 12 19 00    90    50 10255    80    40     8 -9999    -1
1980 12 19 21 -9999 -9999 10389    20    30     8 -9999 -9999
1980 12 21 09   120    40 10228     0     0     0 -9999 -9999
1980 12 24 21    50    20 10217     0     0     7 -9999 -9999
1980 12 30 00   -40   -40 10334     0     0     1 -9999     0
1980 12 30 06   120   -70 10270    20    10     1 -9999     0
